Point;Valeur
-3.9199480523911268 0.8814475301138751;-0.05337417269895
-5.252628142536691 2.2141266279748093;-0.09628086101423
-5.733711491168278 2.9961088548248864;-0.016777731413212
-5.255945506204485 2.1803520701852057;-0.09199474471856
-5.788188147520391 2.8579057852290113;-0.02301084223381
-5.2722536165464415 2.14238776013103;-0.09229938896524
-5.77948193231773 2.7088694948644743;-0.06108329619049
-5.2355353424961235 2.0432103302126823;-0.050422497832825
-5.890619794723693 2.7075300898761983;-0.011452897271667
-5.5355791060025945 2.2901102060810206;-0.003383751778786
-5.30422952867747 2.0460046983466045;-0.08958666405487
-5.813857251597031 2.5491358473671597;-0.07725664922536
-5.397241504267235 2.086846579053175;-0.10392299682043
-5.138807418544919 1.833459257830525;-0.007260802491718
-4.753112127466484 1.4829280081387723;-0.00011921452104071
-4.811293012760727 1.5298454467756544;-0.025327146996700
-5.4953846407401 2.1119875098322862;-0.053740312241606
-4.859779805255139 1.4627960008066807;-0.043587041848300
-5.5477890835965855 2.041765905027445;-0.03849229822946
-5.010157239938996 1.4914318965740045;-0.12735307659173
-5.045023011275426 1.5198575021036396;-0.12106298294399
-4.719721885131756 1.2443360673187325;-0.04045176883288
-4.014749070956506 0.6862478319609846;-0.11462905320347
-4.845197814524425 1.1907836752671859;-0.0011469183284513
-4.962619511432343 1.2938645459255138;-0.0843153453457
-5.51491056036327 1.8123327487645442;-0.09839774301307
-5.238262825004064 1.4873617409493265;-0.01139048899971
-4.900466724834404 1.1455310798824838;-0.01606539349373
-5.323508758826745 1.5041536976454972;-0.0047831740669932
-5.553083859212891 1.7394076973226236;-0.09272569308418
-5.178668154016026 1.3192029994821106;-0.07804928849284
-4.581548890338222 0.7651136021293723;-0.13218876143884
-5.092441521672694 1.091102807456577;-0.1249350680350
-5.271616217123556 1.237969338577061;-0.027244865577463
-4.767359196271421 0.7777536722410543;-0.0844582145249
-4.085278586049892 0.306599150706976;-0.13951301169715
-4.76808595419969 0.5547513808896376;-0.11047960568830
-4.222171676827779 0.22769519664778592;-0.17274051255901
-3.8329884868207658 0.11500516412896081;-0.05912288411474
-3.1141534366956027 -0.021634328862695645;-0.2842035355656
-3.3919442257502914 -0.034075646959579445;-0.0011790931957145
-3.2510169493587044 -0.024908480655166865;-0.1721039803018
-2.3648206699951384 0.034131716931957407;-0.0011804927436017
-2.5122817857172923 0.05291992449217432;-0.2528606472290
-3.420352465029686 0.2788221695447043;-0.007243253044992
-3.647419532116651 0.49793439517691906;-0.2257899358735
-3.479466078700431 0.22976786705353103;-0.05729409717873
-4.040565796526791 0.6787048618408357;-0.13990661731395
-4.480703975520982 1.4512704087855666;-0.1527366603790
-4.468344471734945 1.4083602139136253;-0.15003095474513
-4.587915174055053 1.7864525270017464;-0.012725529225769
-4.343478958666742 1.000664633180555;-0.00026806052551638
-4.3874384683021015 1.0850047134452572;-0.026512432212772
-4.784321279018198 1.8011073217441764;-0.07196064761462
-5.19971246979478 2.692808414335377;-0.07346117516689
-4.885628312442904 1.916664537114995;-0.12613823969512
-4.796610831724002 1.7503782939129897;-0.06724137832099
-5.25259823714781 2.460985584905176;-0.09996569404929
-5.05565487772788 2.0787761632467756;-0.004151457764565
-4.887971587304612 1.7982774360986462;-0.12498778851376
-5.031576815810597 2.011535494655898;-0.024990741342599
-4.627191501201177 1.4013800905235572;-0.08053654116186
-4.027719666315499 0.7361545696705564;-0.1372230541875
-4.661118166707176 1.189356167446433;-0.10196964721499
-4.138589060952014 0.6670378077663026;-0.1853494326857
-4.0631092707180665 0.6190272566532287;-0.15176054724132
-4.619121707573516 0.971250868775535;-0.15188124557497
-4.526547807570967 0.8898517111331801;-0.10847774124842
-5.071582494665787 1.3485730581233808;-0.12618673350934
-4.971037145525027 1.2337530715801128;-0.07936932692222
-5.470469244430146 1.7593575621114286;-0.10737306445648
-5.518155557438919 1.8239082747590907;-0.09583967338750
-5.2316870906460435 1.4308552909395753;-0.0220640087700
-4.819373915959161 0.9697219454062884;-0.016636482345081
-4.404799545971147 0.6232174031658875;-2.2317713635118775e
-4.385701388018556 0.612304939739935;-0.00302887635523
-4.158886276204072 0.4796841331958749;-0.1857816906471
-4.122963319211546 0.46196439663625155;-0.1779016715298
-4.53035590529205 0.6607559543176422;-0.07704878507224
-5.26678041990413 1.1786353855459;-0.03899352834738
-4.7427618395428714 0.6204085501700203;-0.12355302765130
-4.208055917465347 0.2694380023314644;-0.17855961002536
-3.875142964813228 0.15923521958624876;-0.017345523916503
-3.346494361270731 0.03768771256037344;-0.029284561760723
-2.657565652531119 -0.013050930358481289;-0.3415366641359
-1.9479833024821898 0.0137734780675033;-0.20924183133295
-3.0392925094091314 0.1176285720968106;-0.2055795387406
-3.6095059856232314 0.4356286713671593;-0.22511207672592
-3.755072346241878 0.685220991158066;-0.0808604803663
-3.282541427986173 -0.25002232984639683;-0.10344854000974
-2.7058145155158817 0.24116975584662648;-0.24228479928052
-2.0328807300655765 -0.4304640674419765;-0.476227390595
-2.144062117092096 -0.6888172024558781;-0.15103981446837
-1.3975943414582002 0.5408275377449883;-0.5275552352690
-2.0847998993548096 1.5623674565270458;-0.36864342305347
-2.122527621902493 1.6694998236772374;-0.27439329917984
-1.6848471665959557 0.7049540109501152;-0.0007576441786719
-1.6147134722405958 0.6236713903252582;-0.1874900992698
-0.80818163626661 -0.22238891583807008;-0.08261816026003
-1.4924365866144762 -0.7666792935306673;-0.37631366773746
-0.8083206396200746 0.11819697107996929;-0.030285770756292
-1.214823900577658 0.27459273513346993;-0.09971083761018
-0.6068927276500333 -0.11306907005070149;-0.6534051731838
0.2404027559967914 0.4165781937399023;-0.8848191813794
0.4664487158753502 1.3590780886117135;-0.31790362728750
0.6930737372505518 2.3864694047038615;-0.1917819946084
0.8153905014469847 2.976548131982534;-0.26428363718311
0.8681608442270536 3.2411129704296147;-0.021166876435127
0.8194584096886746 2.9955228381279535;-0.2796844076862
0.8564607940317387 3.176517318413086;-0.10685635504585
0.7531363908635829 2.6962518865288048;-0.07260950094260
0.6356410620108042 2.2044812576267017;-0.05687530710128
0.5019869505179188 1.700374062422121;-0.068762720447
0.32154632492986857 1.1011514292641724;-0.5128058986876
-0.03899021152020371 0.18632226834536925;-0.17120646611571
0.238933892187139 -0.6170160064500828;-0.41197431055317
-0.3344664345429399 0.178465489331338;-0.40424987014546
-1.3364266473812605 0.5926805460931027;-0.4111237843327
-1.9549585682502433 0.8286861489622156;-0.45607386884705
-1.7389573958575641 0.7488411768011212;-0.06700629593111
-2.12125301637166 0.8976362809606893;-0.04177048446386
-1.8250806414626293 0.7821180381690575;-0.317833232747
-2.339426033543698 0.999572879799462;-0.311543083381
-2.6522543705439876 1.1344677577909794;-0.0002808217402472
-2.67534438422332 1.1445782416926846;-0.010356767449128
-2.8201850584374255 1.2076018365180927;-0.2435807842002
-3.1034297981868173 1.3329291355108177;-0.00618205291404
-2.9911082372831372 1.2830232525088858;-0.16614145199576
-2.591945634151074 1.098680949687344;-0.04792596937914
-2.243430968382285 0.9352928210140469;-0.07523401393403
-2.693463119929006 1.1530986533131342;-0.027886127279714
-2.9616250770116763 1.2885199688749716;-0.206541744453
-2.5695169553868205 1.080696862108266;-0.09393056656194
-2.0960045965569956 0.8261324412479205;-0.1486008502022
-1.4777563569296783 0.4861150351922345;-0.6179199136292
-1.5757393098165404 0.5308663510365408;-0.4288121180761
-0.8154223501593443 0.11612381759902268;-0.04425045543991
-1.3332870003306265 0.24528556999432535;-0.052325749002128
-1.8191750719295727 0.4120087260238873;-0.02026595763791
-2.1000325339964205 0.5329383197248713;-0.37899464242306
-1.5848082942250339 0.2690587869381075;-0.5785641527187
-1.1630416202733294 0.11758720113043905;-0.4134169220547
-0.2977362359291349 -0.12157445884829673;-0.12020526790121
-0.9214322088888999 -0.7995484238851704;-0.18893102603758
-0.4111040664140577 0.12211069679153541;-0.6789801733
-1.1500864614788473 0.6297342998417393;-0.00012298705881520
-1.1655069624625927 0.649872234584609;-0.016005601124351
-1.348687333548931 0.8852004191404738;-0.5673834336033
-1.0492631135080785 0.4469567569597888;-0.5418489334855
-0.40600864747710597 -0.17072677727936153;-0.7353860303743
-1.0520245608726522 -0.7901057605628121;-0.0011227653827465
-1.094503831223269 -0.8629153989576476;-0.15959243260268
-1.5174039402974437 -1.5496093685313577;-0.3738480173697
-1.24578072720702 -1.0150809342501395;-0.5795021823953
-1.0018645783657805 -0.6411139418072443;-0.319255456388
-0.3811491095946007 0.07217653217772246;-0.454267947423
-1.1618294492027632 0.39049994089451356;-0.1669621300115
-0.6728344357229001 0.025054329340248815;-0.34862966483801
0.00156437472172255 -0.03975327105911956;-0.943720903568
-0.01346371844609089 0.7350206835022005;-0.0776975791034
-0.0056591922238603916 -0.008316591031277576;-0.996336298967
0.05511827464802155 0.14662017773691013;-0.3458914243141
-0.2553148757561278 -0.8399641114767971;-0.23286278445748
-0.4631465896876408 -1.5431039691672743;-0.5716630910651
-0.3662859244574721 -1.2204246704532637;-0.030546045899221
-0.27561263391505364 -0.9247262161034356;-0.6290600459789
-0.48193644615609066 -1.534257848056109;-0.5772991983877
-0.3703951759579561 -1.2291469369770085;-0.01613680772629
-0.29248432195453855 -1.0092264162378022;-0.7833291111938
-0.2598825664285187 -0.9142250688114711;-0.5703854200567
-0.5314516210469593 -1.6171120006785031;-0.2881994993894
-0.2584595765232718 -1.0518224348979923;-0.7378737672816
-0.12200755803390362 -0.6867298333839635;-0.22589976155582
0.09784196865696462 0.015326168365222714;-0.6848834806036
-0.9147837763850449 -0.12267004563653064;-0.44519016237738
-1.6705352427783837 -0.22900610364606117;-0.34643999598286
-1.11719377785963 -0.1416772893153042;-0.6012899587992
-0.5387426748498111 -0.048152846635756474;-0.9218499706384
-0.3264990512983199 -0.02363031264598326;-0.14305491095911
-0.925699232007345 -0.08615460823429921;-0.4769939330221
-1.5611962758863192 -0.182995014197664;-0.6181332301523
-1.511566067712209 -0.1734060652449272;-0.5795626957563
-1.7854315646530659 -0.2259351533132991;-0.021286539735968
-1.585030257526165 -0.18308078634356917;-0.5976743333648
-1.363142163521514 -0.1390693125443423;-0.08777030507676
-1.8026567092741237 -0.22041179044508152;-0.005363343974713
-1.6905719932119554 -0.19554273980633508;-0.2894992582116
-1.098626205763909 -0.057261427928600145;-0.6928825877604
-0.6091212517892101 -0.00190405681886225;-0.6945648378797
0.10164421386534717 0.003648063793775011;-0.6698482394251
-0.6275398422813389 -0.07749576652502094;-0.5741900455681
0.017041860040139856 0.19472887531718114;-0.14876317025036
-0.03018819685155097 -0.8848716102438534;-0.2665229517264
-0.05112266954895903 -1.7902146123516522;-0.03394502153070
-0.04457190178822027 -1.4619855056013638;-0.4136670427883
-0.06096342686763878 -2.1279123957276567;-0.4491581101700
-0.05477134912058036 -1.865853951295846;-0.022013502616604
-0.06105389708852191 -2.120536068525673;-0.4583064473644
-0.055220850135513 -1.8833302168584942;-0.049077301684676
-0.06536965233590383 -2.271300156845064;-0.1017077989024
-0.05221748659740153 -1.7927240779187206;-0.029967382741091
-0.04275633625041441 -1.462813585517277;-0.41642138564211
-0.06629438696448292 -2.159617667241142;-0.3923175616485
-0.05027889632108388 -1.7324501900094949;-0.18021941143298
-0.026090409759892873 -1.1244927140200045;-0.6065880010580
-0.0015955118339114546 -0.4574946275742824;-0.8084742532493
-0.005356154764937326 -1.0790635980086125;-0.7465387671976
-0.002301146547912966 -0.7439440608823265;-0.053224169520769
0.00016439541205629784 -0.32566098711636643;-0.13616284592538
0.001069716475505256 -0.9486460775089767;-0.562665077575
0.0029113404203778065 -1.5735348528033126;-0.6174962072864
0.002607015890763261 -1.5092057219853003;-0.5540562597052
0.0042581425513565675 -1.8705063804148003;-0.02713306649757
0.005639532738074501 -2.0977303357031065;-0.4759703617048
0.0052034279427975085 -2.0370996339584018;-0.43506740501134
0.0072636230761338235 -2.3325301897485655;-0.00847638165520
0.006112174194876998 -2.197261704279924;-0.3013123106640
0.001971152385815948 -1.694660793407262;-0.3155785363836
-0.0005273733708193078 -1.065856244219542;-0.769088190639
-0.00015622422574086925 -0.8218121784386566;-0.04019407861114
-0.0003368336926761605 -1.2152556285592915;-0.20768480962426
0.00031849405840951215 -0.5401392094700235;-0.9228710705958
-0.00034402700393337956 -0.30825401852668244;-0.07394213492667
-0.002616270089656939 -0.8320810337880444;-0.06515878273762
-0.009409283300772417 -1.2872928883588735;-0.011885455078937
-0.002504538815094403 -1.0924993088335517;-0.7146632166073
0.003047677620565301 -0.6200099063200684;-0.639567450349
-0.022202822760824477 0.162687516964654;-0.3034524270237
0.6430188546315625 -0.5676043315253335;-0.14923003273885
1.8388228460600098 -0.912714706585112;-0.4573611550159
2.2762658574271084 -0.9879398751396201;-0.18348787817872
3.035328150990377 -1.1258071048139215;-0.19459631874215
2.503380339506476 -1.0359853241223351;-0.2570857742094
1.8861438235438182 -0.905414427591541;-0.477397436555
1.8337615823674975 -0.8927263645005673;-0.43896789038859
2.3271224909093413 -1.0245446070355952;-0.3093298525949
2.84062473212851 -1.1582578538695059;-0.24336561275995
3.245872841450158 -1.260545877959842;-0.05126979970484
3.6302449011620666 -1.3566776781960335;-0.019466553287236
3.3792887292365252 -1.2951432895242;-0.21642641841375
3.608041289311487 -1.3534972683811703;-0.03859543418187
3.247119313688112 -1.2601856788243426;-0.05249543856674
3.678288554254145 -1.381416091543397;-3.411883469859836e
3.6907769438729057 -1.3847161940993749;-0.0016532185343047
3.780218762228343 -1.4089896299916924;-0.07105125952369
4.230398384800353 -1.5378567161443408;-0.014771021206276
4.46833847472848 -1.605225997399946;-0.1439519142281
4.278194238735626 -1.5515370247755909;-0.05184323368972
4.678285659592752 -1.6707579316030126;-0.00021295565272846
4.647198904436236 -1.6615409379059178;-0.007541638447970
4.45496112135972 -1.6044046378820067;-0.1486118610694
4.297723330077651 -1.557207716409592;-0.07038499893002
4.782565902386555 -1.7136489977312823;-0.047434652429639
5.180271127003548 -1.8459329823789759;-1.0065595760562983e
5.187772737832806 -1.8483155765100256;-0.0003712938212317
5.234654262926057 -1.8637289428149675;-0.013670416466183
5.506532217254918 -1.9552903169418168;-0.08051769397766
5.1564556179546255 -1.8338818549666638;-0.0026165191109299
5.0179198831257175 -1.7853883275551161;-0.09085442536426
4.565192814736385 -1.6186242283881314;-0.0725163571715
3.9949327758242443 -1.390359663141275;-0.17178488330554
3.616111311183016 -1.2363463560815748;-0.07507433257076
2.8910082283700107 -0.9017371170544188;-0.18382762846564
3.7126928695415553 -1.3189892700619152;-0.0012510727794571
3.809586614811926 -1.3748488304514135;-0.08885172520222
4.362334437739139 -1.7201045337903;-0.1509559861885
4.463336201638144 -1.7893846840857484;-0.10349956237775
4.032418557843746 -1.481560383993748;-0.11406842241275
3.4977582311659443 -1.1142011158020333;-0.22861688624940
3.3951229019330706 -1.0532608132175487;-0.1494320335533
4.055870059597008 -1.4731620223018367;-0.09325901359128
3.535517726821933 -1.0721942941303235;-0.2196891337279
3.254060516398682 -0.8889977527790158;-0.008380962772002
2.964425143476008 -0.7158562886989082;-0.21811128908548
3.6771786484601456 -1.137968006124201;-0.04300717966425
3.199106207021127 -0.7647471588819411;-0.10801511532858
2.50728060879331 -0.3065724426520822;-0.2792941341611
3.2433684720594727 -0.5984591514940215;-0.093738049074
2.6717513705125473 -0.2342426257502554;-0.30719730598666
2.0972188150224844 -0.04363292909645042;-0.4759932781055
1.9665700432703688 -0.03335251953475572;-0.2644155903646
2.8362608933492623 -0.10720662631933682;-0.020156204057396
2.540588293602337 -0.04974705056746919;-0.3066658730246
3.0483161921720523 -0.10491863722942626;-0.21884638161632
3.5014649356416956 -0.19677050163861345;-0.08322031904012
3.9134345627255116 -0.33926430146111924;-9.329775937388957e
3.919003779720626 -0.34209958006473845;-0.0003534518664453
3.9539194861753004 -0.3607240103622637;-0.013385859281468
4.16678808360258 -0.48124548900184805;-0.1850227146432
4.111036581565004 -0.4414198893422438;-0.17031152914855
4.354197015781198 -0.6053859692417656;-0.01769817851947
4.097573291795024 -0.3803367328254991;-0.15616613693488
4.441927076711723 -0.5864474229515635;-0.005284439803614
4.594584838425451 -0.7163479227218181;-0.13529486903508
4.8608944681348705 -0.9845778537732921;-0.0010680650955100
4.791377420541375 -0.8934112916874168;-0.04613166235648
4.393797566879412 -0.4244481111191004;-0.00796893744717
4.171833500705206 -0.28746793036629636;-0.18582628755481
4.183553861813078 -0.2927902109751772;-0.18512292500175
4.103539367756453 -0.2571977665972903;-0.15314190042243
4.589964819860184 -0.4639718329738739;-0.10862145439170
5.0615622878910225 -0.7985333104957597;-0.08110042044141
5.479116331083705 -1.255784032541642;-0.05113178809393
5.848315743026233 -1.8113050977079412;-0.03128295874665
6.151804184571149 -2.3835214694774542;-0.008057583409321
6.324370754005047 -2.7755427614017822;-0.05277509236560
6.05810553969703 -2.155978874032077;-0.03556986655894
5.724838664439484 -1.571934794695809;-0.024111534716431
5.377330124624367 -1.1146376334414692;-0.00015929167287228
5.34083214808353 -1.0780468127012537;-0.010065995802969
5.047173733278404 -0.7933708039037823;-0.06967370967236
5.59900082066354 -1.2258301514587528;-0.10551622983081
5.734028848593511 -1.3734227875195586;-0.04804714201847
5.268441042569834 -0.8317949192215409;-0.08553945736744
4.749851803480415 -0.42124732049227104;-0.1332748758617
4.302936692326704 -0.21299290382833005;-0.10082902222967
3.583970442974943 0.0061857208162854616;-0.18539864704419
4.249455800762491 0.014422454332160392;-0.15833830920888
3.778010884464391 0.002224491628227956;-0.13300851826165
3.0608374700141567 -0.0016691316752505039;-0.23428964456853
3.7337921410147574 -0.005390510388821703;-0.18725999072178
3.2247098159501166 0.00283797974092417;-0.21425047159559
2.562998592444639 -0.0048781907556076825;-0.33873848242681
3.0908384049960533 -0.018995104707189046;-0.2686498126017
3.4785987280143704 -0.05425554577589725;-0.047731898748719
3.9741931525852836 -0.17697123353226724;-0.018407601299129
4.279735833114581 -0.39591885591042875;-0.11188887421527
3.809406080499389 0.25701752757285545;-0.07959462407132
3.2663343737321475 -0.2919736521299332;-0.12439930389709
2.6108935548326357 0.5118403706200414;-0.33797572937209
2.1431951049013733 -0.43400887276628286;-0.3295000304765
1.3153130041889587 0.7068806887471969;-0.5127582848882
2.03743205168365 1.933898830651731;-0.05696245002380
1.7066613786618607 1.1216764696310917;-0.4431956714061
2.083311528447406 1.718725880563491;-0.27373846613199
1.6395273729269326 0.9526841494643467;-0.07309140179920
2.18114565610064 1.5865494880835007;-0.2806209087148
1.7411382485488351 0.9787300308859302;-0.3492993621898
2.358202769276758 1.6279261518479604;-0.0023931039540104
2.2783093636679714 1.5247490298177682;-0.18916904655285
1.7674695986162288 0.9107160178317472;-0.3252274096658
2.406231640400989 1.5119143925162284;-0.01691565033473
2.199743980850552 1.275759057386418;-0.30973329097446
2.5980087168212678 1.6939782003146928;-0.2770203903625
2.767663559611687 1.8936746647681009;-0.022816592767479
2.5404222430280843 1.6151588947282394;-0.15256443444075
2.9965264231732256 2.125705031232166;-0.2279718034676
2.933121120193125 2.0466294813469155;-0.17697948258564
3.2537809590925137 2.434679537332408;-0.10443931644313
3.5633611170001958 2.8291866241800947;-0.05102839133797
3.811105366362385 3.159467324976772;-0.002832054415029
3.7418821338235473 3.063200673964435;-0.07959455931803
3.467950176220365 2.6939678286261173;-0.020790357436268
3.24743170996721 2.4142997430794466;-0.08485682920375
3.6270524471869807 2.8664116049732926;-0.1164627027702
3.8951377473760007 3.201761408483593;-0.02138496476257
4.100898652425552 3.467255465323606;-0.05847009670986
3.831303149172538 3.1148729916886753;-0.006632138901735
3.6925303633968793 2.94096835023201;-0.1518142244151
3.632960951415366 2.8679313056954303;-0.12076596936003
3.952932047139283 3.251771357483745;-0.07688803187779
4.278656742463843 3.6522525857120036;-0.05393857925974
4.565845531935165 4.013417080855058;-0.011220523656052
4.734374682213058 4.230480233825566;-0.07686622309619
4.541475534314665 3.9797778361993106;-0.0010401674387548
4.602661221859015 4.057694600730647;-0.03864354706005
4.891701294826533 4.422614361500724;-0.00723617836372
5.044644085021185 4.6197514538404025;-0.07560145207438
4.927212963871206 4.466854095401414;-0.029068550114231
5.204642370037689 4.819445989099991;-0.0016119500040597
5.28500871428996 4.923634227858648;-0.04556871106770
5.54228703050819 5.254938164638825;-0.0046276310812784
5.676169074947635 5.429760584222301;-0.06087937127949
5.662461387538549 5.4117084044952515;-0.06020952581961
5.721747671070384 5.489691771208479;-0.04838366507040
5.490556329216894 5.18779289166996;-0.003419014347257
5.34394535882706 4.999983003546875;-0.06913128075929
5.381698484334025 5.047872156275414;-0.06287236062117
5.158437911406193 4.766474601305275;-0.005368760684856
4.930766136807793 4.48596948976095;-0.03643538569037
5.40075094344456 5.0400592852594;-0.06066721232298
5.127258499156864 4.7125070367879625;-0.026290442894957
4.682973499324581 4.1994639785924655;-0.0916559370820
4.604846065597386 4.111512182764383;-0.05932414111595
5.160383020375779 4.720949483254722;-0.014131322679317
4.786709879745078 4.30520772008122;-0.031567717538582
4.258085194061119 3.735733795088811;-0.07853636715942
4.83290661534607 4.334005442832937;-0.00860100605974
4.516168358916985 3.9982767960112193;-0.00038245359220040
4.595654210995629 4.081399916080432;-0.04447671276984
5.170972685886178 4.679552598591926;-0.021942022810399
4.742497564187765 4.228447439201981;-0.0749027244057
4.3025312284737085 3.773982115908953;-0.10371699486932
4.565334636652087 4.040921104065296;-0.01858398410963
5.046423789813221 4.532333401757725;-0.07836215673158
5.1732097938249195 4.663726509542605;-0.025786255063215
4.6908959251003495 4.164750504576553;-0.09192402801136
4.739031928455484 4.213824926185557;-0.07983364069297
4.302260508850124 3.76917027392418;-0.10285214508617
4.627284980218312 4.0951871074294655;-0.062453313883601
5.223673788261265 4.697826914034587;-0.004919609401452
4.959398199402745 4.4267331193868245;-0.027719651616649
5.491393126088648 4.966750423552646;-0.05547110151402
5.107586469055617 4.572928400934691;-0.07189699982799
4.772813988040604 4.23324115051772;-0.06270374331440
4.188907922310949 3.646867587451212;-0.01255770206116
4.674716163490908 4.126620499281188;-0.08586188783177
4.998203561768023 4.450559126541136;-0.049110261422166
5.527373345704957 4.984186752415756;-0.04111519809826
5.074648270947306 4.523004312729659;-0.07943299224481
5.110303820682714 4.5589336402405;-0.0738128681795
4.808449356820179 4.254865737911076;-0.04072972194144
4.183473656405499 3.6302552120905247;-0.006900598923659
4.569511117241135 4.009193767055558;-0.01120847479807
5.00628085910682 4.443049411839494;-0.0496003817042
5.5387708676748915 4.977711166938572;-0.03943491890916
5.07911116356881 4.51129289112646;-0.07924233250777
5.145528055251871 4.577927643576324;-0.06101693367264
4.670256337173753 4.100793054362216;-0.07903887001492
5.130384801656876 4.557223515090344;-0.0699669440407
4.758885487646774 4.184564121484;-0.08146433222194
4.333014670785827 3.7613758804706086;-0.10650203521308
4.5052995330307075 3.9304977957284977;-0.006416668937259
4.119630445512463 3.549650972779183;-0.014706058464071
3.529913733189098 2.971746325437379;-0.10939594192964
4.383651415426842 3.803496839426164;-0.09888288564335
4.02137848936919 3.4398989809287457;-0.11142867109419
3.5113716023302954 2.934472386879767;-0.07502490725518
4.317000653745985 3.7235961543753797;-0.09660159913214
4.661367387213489 4.071510165105854;-0.06751137839212
5.0906850250921 4.509658318979566;-0.07949913622460
5.101719786309116 4.52110285645373;-0.07897591060942
5.0257732413398655 4.442500122823822;-0.05606297329122
5.4541155568600015 4.883334481581881;-0.06922264714012
5.48491533895965 4.915460765368382;-0.06572192278576
5.286755609631713 4.708930189589069;-0.0003352331450230
5.355028384144517 4.779626832991902;-0.026764926638620
5.821183323186837 5.261223201408547;-0.060881851745562
5.843113668691751 5.284185265857639;-0.059286852301594
5.694513430600211 5.128745757804945;-0.011023056942845
6.063022945306634 5.511425550922929;-0.011409532572226
6.414764288478374 5.878833228830237;-0.006581595498688
6.687885543115253 6.16579225180974;-0.006971872267710
6.408829660158329 5.871578358912986;-0.004824051918464
6.666563991945986 6.141099589341155;-0.014536259403568
6.2808288559597125 5.737275958038171;-0.026727173318012
5.810421474028311 5.251289540646774;-0.060142683985
5.938249609082771 5.381947734680593;-0.019195867271208
5.4284415456746915 4.861385296136411;-0.06542087989471
5.731995431170172 5.167535005249567;-0.029345512701606
6.292362428075639 5.734884434251128;-0.02451946449266
5.816427443669172 5.249210531209437;-0.06037438821890
5.925564684434716 5.359507267261844;-0.027749368900924
5.375628077361989 4.803826941800367;-0.039933885363363
5.979183369082831 5.406583979545938;-0.006014979601157
5.661651650223948 5.08588736433346;-0.0007818498461490
5.794997738241637 5.219640778807243;-0.05526079391121
6.137889888399513 5.56445644995588;-0.03967591541488
6.597028109293727 6.028484836259584;-0.0455706458247
6.383953895465562 5.811546416820769;-7.42610470051671e
6.34294184599274 5.7699252991226295;-0.007395030769193
5.951501175627093 5.37362564279897;-0.01779059366558
5.386601133605497 4.806472042123472;-0.044016254144571
6.035920320281192 5.451916060197867;-0.0006504692605435
6.158416244595828 5.575142044093598;-0.04556657967752
6.5593910871217345 5.979203725339682;-0.04719463422478
6.697745657301671 6.119579171101815;-0.012384622945769
6.253579729107039 5.668777728711807;-0.04593482017903
5.839828786576688 5.252454193482702;-0.06088991394667
5.807873817875864 5.220581221567257;-0.05724140873298
6.151461999417486 5.5634962119627;-0.04229398592394
6.665646194517855 6.079488752628334;-0.026331962865137
6.13653819129145 5.545062972089631;-0.035480994219930
6.693475823305082 6.10232801163111;-0.016223377501353
6.216036775171547 5.620933851194855;-0.05386628253459
6.170950736989909 5.575870760372428;-0.04773655986163
6.566656609275503 5.9713414183803035;-0.047200769656670
6.721077766030157 6.126659375129702;-0.007371344293902
6.308835055803737 5.711382064518657;-0.025671565793408
5.698932334589119 5.101282554629759;-0.00705492967957
6.155184888207619 5.553107146722928;-0.04114860605680
6.670561940324956 6.067687434394546;-0.027555338749399
6.157781984907541 5.552005657364556;-0.04147714324012
6.650084488103098 6.042968780481966;-0.03609171507138
6.2070288647463405 5.5979207886389375;-0.05344434056910
6.323705799747537 5.7142720408420296;-0.021560041179921
5.755842143475775 5.146902654011047;-0.030809561911405
6.3851708880103715 5.7706868670132465;-0.0019724629628718
6.174849243963283 5.55997796479155;-0.046040432492365
6.586560536884611 5.970973728525265;-0.047962790357341
6.638829030474048 6.023525672531976;-0.04095456620119
6.247989510719935 5.630611885591974;-0.05142281722776
5.976282680019604 5.359305597531565;-0.014971349341770
5.387878887703531 4.7738711133777425;-0.035427695708850
6.105888847721702 5.483169921061782;-0.01504057618892
6.598239728345118 5.976028199628629;-0.048046326205821
6.573482118881885 5.951053954637145;-0.046416677281743
6.768431260138564 6.147775856614973;-0.0006096984115095
6.645792033284837 6.0236178336687045;-0.039858098318936
6.221902586042471 5.595912204488427;-0.05386284405417
6.272360899387634 5.646464029243429;-0.046167146500070
5.804347359266014 5.177578494218537;-0.050005901411531
6.36694730858083 5.736855644310487;-0.008382732333672
5.911249274605752 5.279490351721565;-0.04946266370790
5.365541597130262 4.736162246925567;-0.01848085255832
6.029696979396963 5.392296117920044;-0.0014600069940933
5.828454947402198 5.190844527640416;-0.056417880089408
6.19092616939783 5.552258715752502;-0.04753787015023
6.591179298499122 5.9539813131547685;-0.04763184699574
6.7015221601788495 6.06554051406429;-0.02143704483156
6.152645109598568 5.5108541336004535;-0.032038072761945
6.744956246859162 6.103204114397754;-0.006985839026475
6.3713846970046335 5.72608022028748;-0.009303028787877
5.921697640635936 5.275333645779533;-0.0480013257007
5.381047974639781 4.73762170389759;-0.023362026512176
6.050757285837098 5.398739746184874;-9.115683744774035e
6.002578665815782 5.350510834645413;-0.010941426222054
5.521418113328366 4.869560975361555;-0.06628995872188
5.214520366873905 4.56591148305652;-0.04151179208007
4.46523734623736 3.8257051238779307;-0.05835684360398
3.6254965483650285 3.0032003907056652;-0.15276953754693
3.6184187986357177 2.9965956654155996;-0.1522998267922
3.7700608299798612 3.1403621760079576;-0.022141810575525
2.9741214722000064 2.3691129878941;-0.10018403106281
1.8962554262991624 1.3207014246761046;-0.03092315201189
1.002630688482654 0.5083818541425449;-0.6090967840519
-0.21432850101462964 -0.596355533325093;-0.5666105909191
0.3936740370949037 0.6446275132151589;-0.028176340956203
0.06464230304445051 0.2548915596737663;-4.772618642481521e
0.07198628544309968 0.27647951547997196;-0.020011109268424
0.23043926003650966 0.6976705451751983;-0.07891585528424
-0.13756853499087146 0.01110048880835035;-0.45518842239615
1.0315473794395553 -0.11012863386532279;-0.7852734727469
1.0791086580186722 -0.11671449768949739;-0.7326000667929
0.5972678498393305 -0.04536804598911909;-0.7423810220144
-0.194351560021509 0.05666072889118749;-0.12033111073314
0.4212548076580852 -0.27630706258798055;-0.9271105621780
0.5814785190782682 -0.4713784737765939;-0.042198797716889
0.26767841369499934 -0.015844061104527296;-0.0014241774152778
0.3528085106388743 -0.024767663458432027;-0.2660109507362
1.166433425212279 -0.1530535527050998;-0.378894013238
0.4999000550174836 0.07101481319009006;-0.928323420154
0.6560532657218132 0.1284014588774442;-0.37453836684815
-0.06967962767358526 -0.2866840168685432;-0.038395417449716
-0.14697874045796877 -1.0494408230887073;-0.7764295075169
-0.12538573830625366 -0.6936171304877337;-0.19204274650323
0.0021407715630441804 0.3406572631619047;-0.201830439757
0.0072982755948335564 1.2221805944086483;-0.18024163468945
0.00310784912326413 0.5584039170885822;-0.8877902000685
0.0004084459353510773 0.1275268428333235;-0.5181210754963
-0.003980362287689371 -0.7211470459769115;-0.12508805637907
0.00041266622056470095 -0.20435121644743215;-0.11299784585492
-0.0015470130961582188 0.30800379101507536;-0.0731822774607
-0.00516650762449994 0.726602206812716;-0.10539055554073
0.0011061226743860732 0.25856927973436583;-0.0003688473929402
0.0008280464911808744 0.226382121647755;-0.04391570512115
-0.001910065360646879 -0.13066190506407932;-0.49921181177817
0.024227998354281195 0.6320158476258093;-0.5732492699491
-0.04322483902466213 -0.00851173706179642;-0.9312902130513
0.7686970566886001 0.06456058588913015;-0.006123222392555
0.522468684171933 0.054858221721099894;-0.9353552330651
0.41807814750965505 0.0497602055299584;-0.6384312604643
1.4588445163582773 0.14260602514599746;-0.4247613467315
2.102278427004567 0.19636180810901624;-0.46799491334708
1.945796722751896 0.1838105070318776;-0.22807910289492
2.493256838714526 0.23257662121023853;-0.23415452068749
2.9020969185242227 0.2703500901292419;-0.013808573898127
3.055572708737756 0.28458533329704855;-0.24477088627205
3.3147132527617775 0.309121448786364;-0.049300313386
3.0455578304281885 0.28307420355298546;-0.2313034652777
3.3542788944851236 0.3136743345388393;-0.010994068882643
3.2073887480902217 0.29892465815809677;-0.21931428850803
2.8597710167362456 0.26295954450394743;-0.0007440314841132
2.812936662432188 0.25814686842627266;-0.03510639618955
2.49064251983602 0.22426187777465537;-0.22680159511763
3.040440240358354 0.2864188874069652;-0.2244547436319
3.41216013009209 0.33218413983961687;-0.00562526218971
3.5321724901346703 0.3474827221162774;-0.14198031910933
3.904417664282322 0.3974786003176102;-4.2504020056766e
3.8943404315811803 0.3960514584013703;-0.0011739952948840
3.8372085339904527 0.3880844857976457;-0.03543266284931
3.532445955919522 0.3448253443264315;-0.14199801302681
3.9647989098494416 0.4073549767052004;-0.023920972263041
4.219745114778396 0.44684587976815354;-0.16298389826373
3.9698221782522927 0.40624432477003364;-0.0278117909525
4.261901357143571 0.4532160132553932;-0.12464567710090
3.8880407452838672 0.38817942924178017;-0.0028637934513804
3.776832557193928 0.3699095594846612;-0.11023609840960
3.2709657937908383 0.2821747546648759;-0.11812576462711
2.6784516422470013 0.18140269970832326;-0.3029059594038
2.104694369471697 0.09673374264800497;-0.4713142942161
1.868420037562332 0.07273602427595793;-0.026199094161330
2.3518208184944673 0.11739839652088177;-3.1515535299312315e
2.336102358888912 0.11547094428118607;-0.004503069846097
2.1323112241012847 0.09119296546778699;-0.441315143628
1.5647877237908032 0.02684304238286768;-0.6194789319382
1.5468627465158002 0.026065748509437568;-0.6130583199755
1.8565390220215685 0.0403638965810662;-0.011411459301956
2.2417271795628984 0.0641990882672803;-0.1757100530137
1.3560125460750059 -0.032322836782122805;-0.05392539477788
2.0197199716866967 -0.10141682182778335;-0.40749075539905
2.610491598785655 -0.2454799474985241;-0.36760523015286
2.524109798895137 -0.20617773665458777;-0.29163204139927
3.0622886605923054 -0.43643495152466993;-0.27067724380595
3.319447838282323 -0.6301741863756427;-0.00563753469836
3.1745749020788216 -0.48463047608393045;-0.23330114088942
2.741286106974931 -0.12893831315262327;-0.1829622289951
2.091700959671692 0.05742457969471351;-0.47734939045161
2.036173442581368 0.04819586602772609;-0.43446687958379
2.552175007941224 0.12909750791684654;-0.32881071910333
2.9859624095047246 0.28168303809964246;-0.13277883931145
3.5188408049707403 0.6480190221867439;-0.17865589834853
3.8717516623885846 1.1089776902858857;-0.06356965329871
4.2026779979366795 1.7242921959031465;-0.04470261024969
4.463621564407848 2.350011468033567;-0.02274461934101
4.648029533086825 2.87633661526279;-0.004235013224822
4.565526609994072 2.604659300604134;-0.12460697513353
4.489802407041733 2.3780327272785136;-0.04771930640114
4.75854539344524 3.040097855468531;-0.06772758881880
4.982722764443605 3.6428749518375625;-0.058843734804362
5.173976123302926 4.185906065573781;-0.031245883633654
5.344820647744516 4.687354535426678;-0.004236600246158
5.420346332891993 4.924187592749696;-0.0692784797287
5.427504480959554 4.947459991720036;-0.06857902342448
5.3927320161247465 4.8345176443884865;-0.052921071699181
5.546797605540339 5.299011799031416;-0.013249541193167
5.682821612224342 5.716222183964624;-0.0061765917202853
5.584155795093623 5.405509057428466;-0.048222242343539
5.730698716942198 5.829157695521451;-0.0066923895572668
5.840699422246491 6.154327677710324;-0.03373942969001
5.678500866082029 5.685861760667459;-0.012427413992167
5.515267985707901 5.258317906784235;-0.0018094838115676
5.593179742838302 5.45090620909023;-0.05735437242860
5.703108023127354 5.723731962469502;-0.0026188858316577
5.606814110146847 5.48110498786855;-0.0607097685545
5.637432155138051 5.556157277469127;-0.05225713315728
5.447630836567338 5.109691849511635;-0.030368021553868
5.127103158857169 4.4632384287423275;-0.07942863858137
5.1535969312597425 4.5128502292600245;-0.0733334151648
4.924931264992338 4.097795626169825;-0.04828321181144
4.432621811158554 3.3441502717144904;-0.011983747049732
4.829530169424263 3.8736784694765136;-0.06846896357796
5.2800636687566165 4.478777620348149;-0.044908871729107
4.854684556533252 3.9036855169104374;-0.08408009309570
5.154239350054768 4.281563854560852;-0.05285290649811
5.5864371916871445 4.825132724672044;-0.062095325520370
5.340027639638145 4.506776614126782;-0.01650371462850
4.960895271266297 4.039199177850099;-0.05341761757379
4.429819716037189 3.4272287868529263;-0.03798847485236
5.02875339888422 4.070234462881843;-0.016679356910315
4.634421395761712 3.6322834887570705;-0.053113083774767
4.0521402491103125 3.015260164603983;-0.026745417601164
4.622389129947501 3.5882871392351143;-0.07577524930200
4.118283122803235 3.06351043183418;-0.08740280330918
4.71483873867716 3.658944052812865;-0.00999302574711
4.407197128722612 3.3392911003787824;-0.004112361565483
4.634851595040509 3.570043552398605;-0.07653247158564
4.1316529484386795 3.0537003125350393;-0.09087391007547
4.717707284069595 3.6324993240154972;-0.015627897973834
4.344681365203996 3.249564439546536;-0.021134675856207
3.8774112921513493 2.7834459916348457;-0.13043508692034
3.343307197660291 2.2687326172651545;-0.07790250644694
4.14735320393781 3.0250461872414194;-0.08782821400651
4.639774293044813 3.5221898872941115;-0.08991805452841
4.308168121133974 3.174922900243544;-0.07239558707488
3.7941522820289455 2.653616472836919;-0.12188458626964
4.304074761354112 3.1471367330039466;-0.08678763683646
3.832023167028672 2.670274653618138;-0.1454238009672
4.109886268595009 2.9382976406656396;-0.027578937971539
4.560520231463093 3.3846267062787985;-0.08663021964704
4.9235552273430745 3.7571629265656434;-0.06955732614339
5.264899869001708 4.115984082986543;-0.04453305661412
5.611519141419384 4.4872483325382575;-0.02974724895044
5.920085687070071 4.823500411437994;-0.0044000711769531
6.069835477534019 4.989506165174177;-0.06082257036256
6.045754948550688 4.962598740078348;-0.05909218556983
6.1535273538114765 5.082903187676737;-0.030795973988889
5.833372960991928 4.726030929708634;-0.015660894539616
5.5192355693320625 4.384412010183474;-0.0010490141564921
5.416003299904368 4.2743433503648545;-0.055901183500741
4.98986790067228 3.825918705811193;-0.09180663222285
4.9293880062110835 3.7641530275214876;-0.07366241579837
5.3963847839417936 4.238608895957444;-0.07001992869746
5.067907566349811 3.896362428554353;-0.055944315742923
4.514816144035408 3.334177761544694;-0.045471965710044
5.151028408457924 3.958675398029507;-0.007128802347129
4.863637852186403 3.6653510439966284;-0.015646451249688
5.2928289374584185 4.094767642329738;-0.04881740428285
5.759526587231484 4.572562689246606;-0.06750289315451
5.621970336129874 4.428170564270372;-0.018349661484671
6.015589357207535 4.836676133098697;-0.029861894378315
6.407338398525632 5.249533777256272;-0.03923511284038
6.721757620828418 5.58577344281048;-0.015962816615071
7.027677095231941 5.9160402187325625;-0.0008789787667910
7.11521932383261 6.011718657990077;-0.027530566281226
7.416966332339198 6.341092976845612;-0.006982590553857
7.644630797951504 6.591731487963067;-0.015540293557132
7.352911696954411 6.269594162774822;-0.0008182037774676
7.258393953861422 6.16641033808242;-0.02892406947407
6.918699716464496 5.799189794885113;-0.024626269398008
6.51083020079198 5.366935056047324;-0.04656704218366
6.1836443158986665 5.026839999663475;-0.03520336414633
5.66486511683151 4.497043339264344;-0.04935782444835
6.204000840047509 5.034975220398729;-0.02766008409157
5.706280431876653 4.52872447926853;-0.06501495809459
5.996853204407871 4.817867299495265;-0.020288760345725
6.491618984814397 5.315659546659635;-0.0534521701946
6.400582984307137 5.222353882514952;-0.03234626221313
6.872437350415802 5.703137568964027;-0.04628179808479
6.704348282833145 5.5290800814100844;-0.004528198118975
6.979532760232696 5.811930521933853;-0.009963043173323
6.606050047247674 5.425423545463686;-0.013988665739343
6.15177817416614 4.9628875633241165;-0.05489629571643
5.788612292220612 4.5997217614263795;-0.05883226241523
5.297802098892098 4.11529540966664;-0.05632955514357
5.967440029068336 4.767177456694443;-0.004692678874149
6.278773629686689 5.078788426703645;-0.0032766354012806
6.018812742959654 4.815386550846682;-0.025880963398599
6.587820688656117 5.385321292783225;-0.026051508405690
6.10123915138574 4.888900088241959;-0.058652950085162
6.323317707478207 5.111036345787922;-0.0004513031748016
6.425759220193994 5.214318361149112;-0.03686488278203
6.92774486596643 5.721766509953261;-0.03621340608459
6.518132580644691 5.301516741871166;-0.05249011156287
6.335046808393569 5.116609136528186;-0.001531274867820
6.53786336197884 5.319997987195796;-0.04840822290824
6.172145376621015 4.950737772317803;-0.05298746540875
5.713858121160524 4.4943553374263665;-0.06141896499142
6.206635375830136 4.977204187982922;-0.03987949816299
5.605731937869663 4.376868143906279;-0.004871828867894
5.995022417339537 4.756363044541664;-0.008056723581167
6.442938605087607 5.200554243454882;-0.03827260135481
6.953115321562167 5.71466999910996;-0.03231618928515
6.495225000141505 5.246321339394367;-0.052724536861466
6.668423346895135 5.420461492730182;-0.0037865700040741
6.367930671437218 5.116639737699886;-0.005547898757528
6.748320185923958 5.496742092404652;-0.007101421231000
7.145739906233959 5.898861369778721;-0.014941416934490
7.614787260744073 6.378344982254953;-0.03863785231268
7.683677345370926 6.449831607310353;-0.02940156259634
7.2853596523515645 6.037315257705008;-0.04069326976717
7.036763738063665 5.783374940476582;-0.004753928487768
6.674461264686975 5.416593980311619;-0.0034306555374411
6.333191963682164 5.075429766193639;-9.075610372314153e
6.335605615006748 5.07773798987317;-2.5756799335218853e
6.372298342889229 5.113880314690045;-0.005888887404127
6.876038992368267 5.61256539934126;-0.047213355881279
7.070895536519577 5.808820395682264;-0.00023689439942326
6.9655087831823455 5.701974578334133;-0.031903401422964
6.298218373353743 5.029878719537587;-0.006209114212369
5.772847968362527 4.512186566866775;-0.06931360029640
5.769868287535252 4.509420641744144;-0.06927650283408
5.822258149606784 4.56005139640634;-0.0582798346160
5.0875767834077665 3.842916553701915;-0.06462974254256
4.155089357892345 2.9395331106010802;-0.054642490138431
5.16747681476041 3.9088967290459204;-0.012798732408863
4.6929297554567775 3.4244723148873155;-0.09672645610607
4.200016021327388 2.938194730833752;-0.08226404598452
5.00498757675418 3.714726254757921;-0.08510913631129
5.3258791799218494 4.042743171978704;-0.04625777547930
5.833080327204229 4.569376757991666;-0.05364540840709
5.462597422205824 4.174679775116187;-0.06560771893455
5.067928362858046 3.7659279083659825;-0.08811242534981
4.8110713406968335 3.5073771216024796;-0.015766558549270
4.304797078462607 3.006340771405065;-0.12572656507485
4.093265412029293 2.8056914187038746;-0.0006823268745677
3.944016585392324 2.6663855030554093;-0.13772312649645
3.297382031599204 2.060747576112568;-0.011035166963698
2.6572032969351556 1.489446390179001;-0.21281907117691
3.750529732487804 2.494379451712242;-0.016498537824799
4.151069308044191 2.9273733088496843;-0.046794723951036
4.646008897267359 3.4828869610047097;-0.09785928684060
4.397448139113941 3.188522217266037;-0.017767646340429
4.039947551887502 2.7834266105771106;-0.02256489854812
3.59456399153313 2.3080840115404317;-0.13877313053563
2.952903315529392 1.6691827849119534;-0.001198848408891
2.7996379184695743 1.534394490228541;-0.25631209408493
2.085489872474667 0.9010461483210154;-0.10266919558355
1.047061153216489 0.026540578869462372;-0.7847678452964
0.871010526999342 0.017823458540797452;-0.20373446470274
2.030931166244855 0.11257773091917421;-0.4298842266783
2.500821453448436 0.22317200011911065;-0.24848481555281
3.0514015780668835 0.44877506958593955;-0.2623157584541
3.321955024002116 0.6336359626014259;-0.004306584440386
3.2097611010175062 0.5340333343555512;-0.16746298372081
2.7389649775625484 0.16064716307197846;-0.1843582234914
2.153797577379068 -0.019827882869302288;-0.4064705331421
1.621687034720595 0.008165256883608064;-0.5487570518724
1.0343391189027722 -0.01082021575795981;-0.7843129477059
1.1405112896927534 -0.017952364144538612;-0.5411596774090
0.24523282637555754 0.10303994683579552;-0.0006242582363308
0.306107694345822 0.31933312614633286;-0.7441963191621
0.9518254549682663 1.62525809702094;-0.04785476880601
1.146283522577949 2.2101035396739337;-0.2021990569976
1.3778485399292333 2.894931279123266;-0.2402165314980
1.24800056032597 2.493847779260786;-0.09177509984462
1.0434637999444547 1.940814481714166;-0.2841443798847
0.712497452444001 1.2181808157322251;-0.22128687005883
1.1781871621218862 2.0167859707954587;-0.006357008905858
1.0949738132403102 1.874583155851021;-0.36884392940016
0.7676608322668488 1.3445628009335253;-0.6139292014722
0.8684466312837176 1.5104905471339634;-0.15102264019218
0.42402529941254 0.8428077259505252;-0.5399612420184
0.979405790158905 1.667044300132666;-0.16730921912356
1.3810085239403405 2.1638507685925825;-0.3434498583251
1.5613759798565325 2.3686185940389897;-0.021465617249981
1.3922852971839572 2.183070848500981;-0.36268422274267
1.494961230757255 2.2993836654576763;-0.18659350493573
1.10242847783216 1.867305099071832;-0.3747224484430
0.7043466268932443 1.3944986497975131;-0.6194288478776
0.7169594104936261 1.4117846863843215;-0.6111962535038
0.571650517862895 1.2120430706317786;-0.023737878417462
0.8217954934173719 1.5746152280227008;-0.0616799003514
0.4308853988085996 1.078088384242351;-0.45013647422645
-0.19956975599781251 0.191586277677658;-0.0077663552018867
-0.48690964888638616 0.35000911399186807;-0.7393460454478
0.5101261706283176 -0.21042916070728035;-0.9028618864474
0.000913288460233197 -0.0347486566476638;-0.956839117447
-0.018054911245724184 0.49150233923758724;-0.9091333431151
-0.038614136767569585 0.9020357422187966;-0.3486761486471
-0.10282731865342629 1.7512798455010365;-0.11582700130049
-0.048381056099144774 1.263058518706316;-0.05086637901829
-0.01836461058780261 0.8688491689591569;-0.19466930255265
-0.05130207024795848 1.5462622868738793;-0.6130815907554
-0.061212126404025485 1.6748437253299469;-0.38300871569124
-0.006960718715005518 1.0968577452103347;-0.7024529430243
0.0011181087153955046 0.6293839929434291;-0.5899835760725
-0.0035863261267971465 -0.12970591179912838;-0.5047405373255
0.07798692615538894 0.614737440528383;-0.6413985588778
-0.25586309126105805 0.01181571075176202;-0.0011356853135128
-0.0397182828414116 0.009508675965643922;-0.9407535446464
0.974984175423022 -0.07790020408841827;-0.6760236397586
1.8989654328755297 -0.11451592350860373;-0.08686646100421
2.5066714038136086 -0.13491618670648314;-0.24751091157770
3.049195200805422 -0.1527255796782256;-0.22315876775
3.4317955092077788 -0.16492931464458838;-0.009424371307292
3.5883191315340994 -0.16974397747259992;-0.19420717896920
3.873468452878611 -0.1786007038767396;-0.01793134777833
3.66247788977789 -0.17212913997382953;-0.22929886853850
3.6250184915553714 -0.1709671351211526;-0.2221792746450
3.787972052290199 -0.17612376666251423;-0.1140714819949
3.3415981810915163 -0.16136973529168439;-0.030517580586560
2.9953678070788987 -0.14905242282706282;-0.1325218473575
3.5675426247905606 -0.17225338476073376;-0.17114725609873
3.9659688855764275 -0.18868690192622536;-0.013454556086051
4.171773581768956 -0.19714077986840445;-0.18552063656189
4.205376420724616 -0.19852407672115022;-0.181140645039
4.071353308872493 -0.19303642761212497;-0.11786165997121
4.491629882217365 -0.21128525920600102;-0.012268380617293
4.699731887625537 -0.22035074510142616;-0.15273617212675
4.711252220568009 -0.22086217744489417;-0.1523224351304
4.666124266140142 -0.21891104920255355;-0.1456693688907
4.8503258688771185 -0.22701553465884214;-0.061817622154734
4.428227533742571 -0.20750837755415005;-0.001858258332820
4.321256874995358 -0.20252877348980278;-0.0813890804515
3.788672454441144 -0.17556210608659098;-0.11316130542999
3.1666690046904327 -0.14036936289903776;-0.27668178510923
2.8389662177157984 -0.12210028937770247;-0.017102293003505
2.4172233878583307 -0.09799169991432075;-0.05532201073005
3.1215603423831095 -0.1425806716202584;-0.2876683448724
3.2197609435034935 -0.14964473803927772;-0.2164461200192
2.592481407971925 -0.09791958997021219;-0.36530318019325
2.791541626219582 -0.11145305588632952;-0.08253725813546
2.081662717609705 -0.05138893824008496;-0.47732475636769
2.155967068370104 -0.05531765874396451;-0.40074501481908
1.3921850884452673 -0.004667267876502262;-0.1543603534847
2.3194318085721806 -0.015745224663165528;-0.02035521055047
2.0037386711740695 -0.007811361283345341;-0.36544550525699
2.6580474831806686 -0.01860555352131249;-0.34093813711
2.339037685941074 -0.008850140667394151;-0.004450940118830
2.1900973299646296 -0.00637039468914238;-0.3205390385269
1.4998027353791745 0.0039030642513146543;-0.5307955233331
2.1383296821177735 0.013799104195036379;-0.4348582919629
1.7390938199865178 -0.0021123581693287957;-0.16118702403627
1.0403426553894826 0.003882869047286802;-0.7857130942991
1.0551423606257317 0.004305709262758859;-0.7804868140455
0.8650866973186314 -0.0014070752586746527;-0.17834870490112
1.6950862630771166 -0.013563337550220132;-0.3138385405657
1.0176805368025756 0.04495037752328042;-0.770982100264
1.2666726666126902 0.16612977086833172;-0.025032007970249
0.953400405786939 -0.2729586706402949;-0.7169106155969
1.4598273833884048 -1.3155768976150963;-0.25946276325464
1.8870534557061884 -2.5279786165285305;-0.28495559835059
1.8375026158866066 -2.3220599433951903;-0.0688952599776
2.044149214107405 -3.0219783861293905;-0.22873373285825
2.0675374593482987 -3.1150732537714028;-0.1818728642471
1.918312210191947 -2.564189412347007;-0.24494618866480
1.7295940996000718 -1.9988917226126137;-0.35573194351749
1.5840907841340433 -1.6346904406441969;-0.09266651969539
1.171244284436582 -0.8487961459167084;-0.3541433370658
1.9033144791879586 -1.728267873528864;-0.34770807104323
2.097903755701649 -2.017719734829795;-0.010928928759978
2.230947326024875 -2.2250450106698763;-0.2863042564657
2.166811237874843 -2.121836711652906;-0.19110200677861
2.510473793753994 -2.6417709012224297;-0.22786856062569
2.562403304126384 -2.726460864719276;-0.17871293946867
2.315490114649747 -2.332684688382543;-0.11205980175524
1.9398938591908346 -1.7920117400307376;-0.357624183177
1.7485237528858015 -1.5419189666089586;-0.009406335973700
1.5476083551253361 -1.2916193404747625;-0.39364713471990
2.124863640541725 -1.947581718664022;-7.833652355655979e
2.1411626434041846 -1.967360819409938;-0.008960116977346
2.3171422423613746 -2.1857725675881503;-0.26366491719664
2.0400072552510293 -1.8369419907925164;-0.1811043739244
1.4419309278446935 -1.1478081734913474;-0.0021024369818307
1.5660550648544764 -1.273383824400915;-0.39941324841731
2.18132158109486 -1.9083130155442365;-0.003937610779551
2.3056055891094394 -2.0455551843281596;-0.260263054690
2.6185148989340536 -2.3951275011806894;-0.14126376669799
3.02612660144251 -2.857208997691769;-0.1827523264045
3.115071312189401 -2.9615166346814714;-0.11171885759130
2.773142023993848 -2.564124504128147;-0.13448014020637
2.341793175841003 -2.0834880848044284;-0.2888049082747
2.34751159815729 -2.090168993743004;-0.2881660549488
2.286887536585563 -2.025697483506131;-0.22611944651398
2.808684093940828 -2.5771022827965475;-0.08764922396460
2.346995463185022 -2.0777926868102505;-0.2888066792758
2.3523597034089154 -2.0839715217443406;-0.28824381415514
2.290296522401297 -2.0197974129359473;-0.22414991821285
2.8565471848876127 -2.6042961327872756;-0.027449217703095
2.519181171909256 -2.245746386924532;-0.007545430225143
2.30182603124222 -2.0197936333540474;-0.23634562035109
2.8457366203017624 -2.5733994617153346;-0.05675990432088
2.3888461716875926 -2.09703763163364;-0.2697745863929
2.0384090706436027 -1.7432991324157552;-0.3068678859507
1.4044403614068404 -1.1171581095053222;-0.028334607045552
0.8401181139697522 -0.5902445088507039;-0.779554389664
1.1819340740779418 -0.8759341576620898;-0.4432369592733
2.163994200878808 -1.7973596056175243;-0.05099579177232
1.7552693810930196 -1.3695099255718728;-0.22053731295196
1.0429908262676393 -0.6661765411168055;-0.12482159535988
0.26155274824006414 0.007197855960465072;-7.712656722926107e
0.25951579516244316 0.007083879531385628;-0.00016931280132015
0.21227445227220249 0.005292143368907778;-0.08455488423489
-0.636137729266343 -0.03207583941093433;-0.548869374373
0.35497833721229377 0.09783084289918895;-0.3435415995517
1.1628444487323117 0.7374120788196896;-0.10665756885317
1.544179035051358 1.3740237072726966;-0.4705737520450
1.6299589337772828 1.5731839076121923;-0.11782174259314
1.3386397499234737 0.9184595936226955;-0.5446691311151
0.994644446956291 0.3953392497738595;-0.7624797925949
0.726997921943568 0.15863600111422643;-0.05282785553964
0.2833446156338098 -0.06694871460861793;-0.0300492603999
0.6456173644737709 -0.2709888595567861;-0.21327607712060
-0.05953648340727091 0.43596150133016165;-0.7333543511853
-0.16982027043146913 1.5336167472200715;-0.6095913821419
-0.18890620363917365 1.7637880338398073;-0.06664899657236
-0.14280536804996907 1.234948590969672;-0.10676510601425
-0.06842021844679853 0.5542825672163465;-0.8875986613767
-0.0013925891441350091 0.025019190623109644;-0.9774120063037
0.02092446125343301 -0.362797560145063;-0.3173309725298
0.09767177114346362 -1.269562196304543;-0.03212214648832
0.06186499941806989 -0.9598853360460065;-0.6172666882396
0.13160810643644388 -1.5933907203385944;-0.5930253121522
0.09550650502246097 -1.3423675608620285;-0.032952884983577
0.13402345291642317 -1.6452649510463826;-0.4682096810667
0.05000996502926219 -1.114349619729866;-0.6417451626556
-0.0064110141487691286 -0.5321171808598473;-0.9314238660184
-0.002862255317763873 -0.3957130719271107;-0.4986214091792
-0.01861294998192523 -1.2070250211033147;-0.24121195723669
0.008369332014871056 -0.6282553379644998;-0.5957538491787
-0.023154670828310395 0.042270398208716586;-0.9181467184848
0.6208009284231653 -0.3267413209300206;-0.20704625605821
-0.43887949585344943 -0.04533343504626702;-0.73896220478
-1.3605374712705265 -0.11162821286306303;-0.07444707830866
-1.8549816019355125 -0.14209276456462305;-0.014799184499248
-2.0698817648017536 -0.15463050592381947;-0.47538029027065
-2.158756719050584 -0.15967122811962906;-0.38342202113379
-1.6745840284350844 -0.13036986097399572;-0.3698641545872
-0.9795292026724779 -0.07853785697747495;-0.6907105772260
-1.556416337330057 -0.12760476795555808;-0.6193682424328
-1.578166766263153 -0.12946332087034873;-0.6111411167623
-1.401708102716488 -0.11392032474585871;-0.20342127913314
-2.079972879757201 -0.1824416875694596;-0.4777801589980
-2.0768895350128354 -0.18207142589927502;-0.4776673836760
-2.096274244062788 -0.18414779786012067;-0.4729027869060
-1.9681088498568706 -0.170050082346065;-0.2892458236640
-2.5721965509703217 -0.2430570046901876;-0.3590154704735
-2.7337527242440847 -0.26453682435869064;-0.17818929972990
-2.2584202005336906 -0.19524725442152063;-0.11419894465701
-1.7490992260374203 -0.1235982220535967;-0.11817091997068
-1.1689000498927762 -0.04962580999471061;-0.40887250160691
-0.36333001533125286 0.027691221509177688;-0.32264823450249
-1.1620271935297306 0.19869000002243803;-0.36753614277613
-0.5335020766867425 -0.13233904448670702;-0.9072026562760
-0.2626066573196558 0.0765790113352165;-0.004866869892963
-0.3823057490019137 0.18572211846586784;-0.6593756696052
-1.034636148243175 1.0473969883281833;-0.44702998744534
-1.3762080109186765 1.8329469604193003;-0.06086925261108
-1.2100153526590824 1.3594376526520373;-0.00314454408728
-1.1569992461122947 1.2330848164752657;-0.3292482963
-0.7556996892631089 0.45585166312474423;-0.25358709319740
-1.349052955632092 1.0938312348707442;-0.16854801701959
-0.9619162777619998 0.5587412718822045;-0.6526225580273
-0.4940193280185396 0.09439794858883555;-0.9261675200221
-0.6797833288260651 0.15535602473951188;-0.22672268502483
0.0009458823463205368 -0.14806862066752696;-0.3955279147553
-0.005230558547402905 0.9212138921306068;-0.43687763775762
-0.009683545381080707 1.6793402562426216;-0.3708763659526
-0.006077783701816863 1.1307783807327683;-0.5825815095439
-0.0020223952152072138 0.5364025680760557;-0.9273960305370
PointOptimal;ValeurOptimale
[-0.0020224   0.53640257];-0.9273960305370589
Temps;Nb iteration
0.09361505508422852;1000