Point;Valeur
-2.4893111594492945 -2.388401760933535;10.025291932772
0.7172934055412821 0.8182030661190947;4.459266873801
3.3079465868667177 2.600574872879095;11.128755630004
0.7776413417971315 2.6988567644807735;8.343365970014
2.5332722347429177 3.882711311557064;11.448104238833
2.365996952326821 4.669798489235039;12.616195171079
1.034328311736265 5.092713765025956;10.6531524922
-0.2095855497685788 2.1833532760863834;6.662698506259
1.9288284135870541 -0.07124736378180474;5.032415270896
2.501906477206169 1.1247628661457143;8.284877621690
1.6962094484267256 0.21145514545253608;6.057869668138
1.9923546862696255 -0.8179700863358673;5.942734907218
1.23961852473454 -2.2720369343143103;7.8843706287610
-0.364183678803766 -1.0000871016681803;4.326246857886
0.986259181475738 -0.38952930066092784;4.38292345589
0.270509377215409 0.4305104054449874;3.509791460162
-0.8532480528008606 -0.3406723747496212;4.122221445303
-0.9505089205905108 0.5632298163106767;4.596291539619
-0.5650300891642178 0.5635990218949093;4.454081872366
-0.11455120853705913 0.23835477890449913;1.9418039646117
1.2567482205223173 -1.3448110272943403;6.562424555810
0.11285749965074343 -0.5850986053421106;3.384107886517
-0.6072711713017397 -0.36054488561254494;4.128004250758
-0.240421518206266 0.17927641580895903;2.271158100219
1.3613421519588966 -0.9004468785636492;5.753789586361
0.2593469333639693 -1.0585015761227305;4.026492643484
-0.9831554385582273 -0.22815792270196722;3.6180756036302
-0.5703230669643564 0.9229020246679625;4.572504455770
-0.5829002312085879 0.8044427871695702;4.573208746551
-0.5258405331867938 0.8585160324587354;4.5357181451107
-0.3242605319255043 0.8484437567198958;4.0620149465919
0.5618539821250563 0.929152841905456;4.576637116053
0.5440157847193767 0.7815213169676188;4.5560305252253
0.35206683232945923 0.7960695426150751;4.1795575420400
-0.3705666711496519 0.8546803332923146;4.224140120107
0.3452976477377011 0.8790779310014634;4.13488199625
-0.47054423566909986 0.8877147652681526;4.472283330552
-0.10345754180905786 0.8154326572076709;3.0949184568748
0.7078200261594739 1.3851582292056168;6.064975893109
0.8801288219618884 0.7131675704355119;4.394722412150
1.0737752628457669 1.2070987927616137;5.016652750727
0.2216256105192872 -0.12709774900325432;1.8791193502195
-1.163823988838527 0.7569510004003467;4.9611183739198
-0.1429287331910003 1.281458869163583;4.814224041311
0.46381247901367095 0.21562584371328963;3.4300188412057
-0.0613039569675653 -0.3368382874507846;2.437421314893
0.29282286295191484 0.6470699577110455;3.981777372497
-0.25807521244688936 0.529193156976437;3.719801070400
0.28918740881131577 0.1943806935861075;2.629377193412
-0.6628832013991041 -0.5628195164760577;4.546732069579
-0.5561954903448824 -0.39162936947020555;4.128488490572
-0.2646884841667092 -0.006279340156665758;1.8794381332727
0.9970269486398189 0.036947162396407905;2.668360019973
0.616672940220619 -0.30537010546137167;3.991355507632
0.43719923515077697 0.1750385528709344;3.2160890987504
-0.1279618392089913 -0.36029164170277705;2.7431102016559
0.403502107144613 0.45848988606664176;3.9642370988720
-0.0006564455701321692 0.08508885545398231;0.42243581821326
0.007728939545786427 -0.9840642330760829;2.6068292584150
-0.06558637414632784 -0.731727475636051;3.1988007618650
0.2900771984215379 -1.065915971169973;4.215605110129
-0.5156717086255304 -0.4268282137517089;4.1363568832902
-0.20663173337489688 -0.08511765201549532;1.581479430030
1.0109887226259304 0.5141290441985571;4.6814639038504
0.6432903785018689 0.3868357242263014;4.230796188001
0.49526974589426453 0.019227584712070422;3.075584922459
0.06747167473086824 -0.05704284738860402;0.4473660667384
-0.7577048522568578 0.6574504642250298;4.585150324362
-0.848630425336935 0.7261199841654051;4.399765711639
-1.0568805946928763 1.0872782051531222;4.130819521256
-0.3988932518397744 0.21956285909607876;3.2302104739967
0.16581080700693918 -0.32277976580796197;2.6866929895413
-0.4442967063212957 0.4700395679082692;4.083939461141
-0.11182848669763323 0.1543523043223492;1.3070785469425
0.7132012652827328 -0.8881905367206988;4.387935675420
1.083449712354081 -1.000361944271339;3.941331965268
0.25770491984950217 -0.7709697447534514;3.8479063011560
-0.3289071395192209 -0.896705092248411;4.071201545352
0.25716611801604816 -0.883354667644168;3.740523180750
-0.4666296561973198 -0.972743671479964;4.544768113659
-0.22472383062774268 -0.7236327496805903;3.7539900283003
0.3174223121992801 -0.8242457954584327;4.04723788444
-0.2181723612751233 -0.9058883818087369;3.5148388352529
0.569049014780036 -0.9865736556216084;4.648046026608
0.5938410517938448 -0.7045573261392417;4.588569128412
0.5101069922088207 -0.6776591977160085;4.491555161221
0.31106570621864904 -0.5777303605980402;3.95737647761
-0.0811890408771902 -0.3402289443184963;2.5008185126308
0.26466610113548483 0.5526598531662168;3.78328893772
-0.1587121001190085 0.28237895349183467;2.428151450048
0.4671985581171689 -0.6251006089448305;4.377617686644
0.21351504432673307 -0.46165427295308836;3.417008562728
-0.241028558374976 -0.01862085456523327;1.7004500005376
0.8382352081564302 0.10872651994743365;3.0541886749643
1.1933931559297468 -0.5195631544439484;5.356158009844
0.6183401553030626 -0.418043120349764;4.273905445215
0.46217809726201 -0.0910820751931794;3.070759021746
0.017905619660957606 0.23503129511290055;1.651455465075
-0.09356990972858513 -0.9456179307624106;2.8050072899730
0.5110830476683413 -0.9599386738400721;4.583813496669
0.38514122783030563 -0.7573582302912256;4.27960585431
0.02991555238969823 -0.7529528455509493;3.090501356515
-0.1179087474311912 -1.148220820348603;3.7814240531672
0.4812931995464238 -0.10438907363841565;3.159268233101
0.08212592527826673 0.2245731752018298;1.7106056057334
-0.4015807682711757 -0.8362306366017553;4.316189113192
-0.038680836263673135 -0.8475108596262775;2.813634071499
0.2032032489017995 -1.2705957726771266;4.962098581242
-0.29733854816357563 -0.4979662365303861;3.7693693363800
0.10446739214210976 -0.1905433852751881;1.5400622217642
-0.5427356962929752 0.8050370845925063;4.552673387799
-0.43674553351566814 0.820579099429055;4.400471701334
-0.14356139076412106 0.8243757198423323;3.242494969747
0.49258539247989347 1.1340930713578872;5.080317865800
0.34475530172790025 0.5801181519986032;4.051194030400
-0.01334905344877535 0.38288734304147987;2.6369671025785
0.04139618869401066 -0.2885998623992019;2.0883674983948
-0.17709161152547578 0.618131856553711;3.5937330131444
0.26621760089404956 0.5341160106995384;3.753887515360
-0.15476905030633387 0.2819291703282719;2.407955142820
0.46265794709702796 -0.4915983005185055;4.166146411032
0.17650882247516364 -0.24312649902239536;2.273472696625
-0.5410543188720971 0.5369924299028093;4.383158214232
-0.33202950418796173 0.34502044102610163;3.4377369907679
0.14772443005828562 -0.09086414270914767;1.1477053866311
-0.8561523634345876 0.528838971609057;4.538131144782
-0.8520656784233778 0.4252976894394527;4.37485890214
-0.8469103575008883 0.12833427038012163;3.118584606870
-1.1710526706265054 -0.45890935630027846;5.194979188178
-0.5789206253267112 -0.2686954547195387;3.8368990936780
-0.38256640972449574 0.11261096590961167;2.8049584247698
0.25315769264693033 -0.24872039833970105;2.7031855253639
-0.4199080141919984 0.3867532287802975;3.8276132866114
-0.07295800619055687 0.046174888265252956;0.43287211070127
0.6983830952831822 -0.43318818036319706;4.3726064622
0.6279862016288252 -0.1747795114889205;3.591985021913
0.5643314450488423 0.23200540229140681;3.7036005661149
0.3521956264506714 -0.16247056016632244;2.8231811690769
-0.2946611342679728 0.3118535802464713;3.1753078821684
0.23671267105825122 -0.20293995542035786;2.3749150144095
-0.5224170139134604 0.4761540753534413;4.249103626044
-0.2958369547192121 0.23521258850912322;2.8504119556958
0.332126892779685 -0.3337771811470214;3.3989237528828
-0.12546418424089828 0.11103527935820579;1.0996562297686
0.7230112483008022 -0.637292964794644;4.602753788779
0.7491255297107902 -0.631261480465999;4.595468147731
0.7940027583202257 -0.637728388850878;4.572064693650
0.871427919504635 -0.6948297547684803;4.442735091474
0.9785975168593984 -0.9531905014850879;3.583306850435
0.9048419850876608 -1.0551069408765046;3.867842186774
1.2718581969313556 -0.4966509934251332;5.663746909780
0.7514630574774369 -0.38164351734548857;4.270246193621
0.7442683805810826 -0.04075698413808021;3.1261126198685
1.0742969538234741 0.1438058047663366;3.431004609055
0.35921933915808024 -0.57693553478366;4.083182006287
0.02851898057933594 -0.38184475291842235;2.640982432296
-0.08310411202630243 0.2715178640674215;2.0635818590363
0.32580860042322146 -0.6135276720517596;4.044887880971
-0.04002678627354578 -0.46929635647814905;3.013505511112
0.09555117934091092 -0.06104444141054527;0.6345896886460
-0.774940848356394 0.48120412573038657;4.480814088338
-0.7655995184320074 0.28454167985901346;3.9570608833399
-0.8442069932711245 -0.19169183731596667;3.441842466402
-1.0715139728716698 0.4567093330589636;4.786519433299
-0.5953706065738464 0.23558090287977135;3.7573463600244
-0.4353249953527634 -0.15729266515139212;3.1537990083305
0.04353641306767453 0.23204593641104349;1.6629790350461
-0.22427765779961456 -0.7438569799905113;3.736283025502
0.32335705194510317 -0.8554714619786832;4.055733397348
-0.21022047375781056 -0.9015815833373496;3.471802756105
0.5518419128682872 -0.9867783069071805;4.648681285146
0.5323693780996218 -0.7558766214279333;4.54529445850
0.3928011757017126 -0.7470447446108821;4.2982988395670
0.056027903178427096 -0.7320707437770595;3.1792286582873
-0.19445613030064612 -1.0126338929711673;3.4790287012102
0.6352352421539424 -0.6394962348739504;4.589923714622
0.5649588563038423 -0.5733661826434546;4.466349725000
0.3930667102445756 -0.41094941215931047;3.821131389832
0.030004307757575788 -0.06422552838217438;0.3295400800354
-0.34010782697133307 0.6789504433538354;4.138531582100
0.039024689711492866 0.6102471532916937;3.26968816557
-0.10028510502860308 0.5613473130639237;3.325435979441
0.20509407898100881 0.3675235810203051;3.053062106962
-0.31640500304544517 -0.19328772946737333;2.7677677491759
0.37575553327404143 0.3678415028693834;3.6512955737259
-0.0308971980309104 -0.027522143859192105;0.16211009949378
0.47427537108541384 0.40936910154578604;4.013411714438
0.17877997765822595 0.0951474502712425;1.4060582316185
-0.8349123534549547 -0.5111161274498836;4.5209199488766
-0.8372882838142847 -0.3633102358810941;4.204003618451
-0.8678946664199505 0.06347194906345827;2.8126819414629
-1.2236797675913125 -0.32143572465224907;5.120893759841
-0.5627097963783185 0.08807961050821012;3.3017420989317
-0.373890433266569 -0.17943926744824906;2.9852297159818
0.20307054568510796 0.3058346213757168;2.756320981365
-0.37720222261696223 -0.3685020057611288;3.657575754383
0.014023935595122383 0.026258512711703097;0.10764799584785
-0.2614367527187495 -0.48493136545784765;3.6308951380071
0.14731658137349674 -0.15693388546594467;1.5378186766265
-0.6748297217543255 0.7010996296667826;4.604894604350
-0.7017597556833919 0.7368693600831611;4.572303864176
-0.8058463880128147 0.8437540761340354;4.192683217408
-1.1984347857089572 1.1549458174987315;5.3595779023616
-0.39261804476377204 0.43060529380393786;3.870263897944
-0.05534799507918958 0.10565297965872517;0.6804450885286
0.4400488505462835 -0.7857448232394266;4.407799277238
0.17598581386122808 -0.782898556684384;3.4772707531933
-0.3993192542799749 -1.0139875932059523;4.475410590436
-0.01915763173966878 -0.684092836825414;3.219837894803
0.05638985947956551 -0.8526213691154446;2.8362110501927
-0.27488456351227497 -1.233197903856742;5.015680158616
0.1901366549575349 -0.544737466370951;3.54212998452
-0.20858656192878117 -0.3099198171762617;2.8011782018612
0.36264085588969636 0.3292400242938168;3.487744026868
-0.07036057548920388 -0.09927633405497849;0.7016065782686
0.5480091299946885 0.725017085736415;4.556756509719
0.4220641781805359 0.6993138545946235;4.350104086573
0.14415875943711792 0.6335750267586515;3.4993345665372
-0.24869690690173624 0.6032407957205435;3.80710585523
0.16027270426732432 0.459957929722541;3.2447039570957
-0.2369669650186793 0.054296561223089734;1.725445070965
0.7630418756023954 -0.25471915328973105;3.842467866495
0.867909213278513 0.2685711612624112;3.807583820336
0.9567455318804183 -0.35741090903703865;4.2236854450772
0.7881379639604322 0.12633253296217428;3.2543700917276
1.1000522583261958 -0.3839229853004429;4.724455513501
0.5570997034237924 -0.004684817084229687;3.2014522218667
0.36371700862309325 0.010381857959049653;2.53455240491
-0.346611360925223 -0.031682447954786086;2.4514811863496
0.39531997767884636 0.10121517780870212;2.8332280031087
-0.17411150194196584 -0.23583409622465604;2.215348401308
0.48365794717677674 0.5798397967201848;4.351596272237
0.2636158665394327 0.40241548386470516;3.3971286235601
-0.1681088259265408 -0.03636581728954713;1.1174325878551
0.8409160226445713 0.23449874479970145;3.665460604735
0.9897873842983494 -0.41143129334767503;4.454193036517
0.7421270653925973 -0.05668725679705083;3.157676008278
1.0310540650333149 0.19259441776763486;3.5271092022577
0.5908200257313524 -0.5999876466834247;4.525523050080
0.4647334228384052 -0.473012441466496;4.133504351491
0.20750315162774796 -0.20771738182029753;2.2306253915646
-0.5112880226007066 0.5422710227285277;4.344161786070
-0.30576188734169774 0.3434459738676228;3.338980622519
0.1447430766487851 -0.12628130746872213;1.3237591592380
-0.68209561421208 0.6470495100997612;4.6067476663125
-0.672777273814981 0.6221265036362547;4.596534627544
-0.637288887794268 0.5602741575488309;4.526002284840
-0.5379718142611771 0.4139400838872758;4.148210298348
-0.32079343643594616 0.12522074102944203;2.521077541461
0.38810659821949256 -0.3351051115325824;3.587970914953
0.010194034049508915 0.07576828797079838;0.364711953775
-0.10099505177139988 -0.7480561962176473;3.2565952416547
0.28644180709112615 -1.0233333566533083;4.045040770693
-0.3470367200063596 -0.6365930288721944;4.125757950675
-0.02268143195007083 -0.513059438364864;3.122736459797
0.04732791101394465 -0.20447250841168035;1.4458517392152
-0.2458694237705181 0.8246738859984568;3.7399434701415
0.34144605297261554 0.9700636035225653;4.180026869285
-0.16815923759246632 0.7707542069325056;3.4649062225235
0.36118910088382206 0.9973709837607145;4.309115230213
-0.09735402718593666 0.712071323873829;3.3129932644545
0.24561767619550556 0.9126580532797183;3.6673193311196
-0.43153990507604123 0.9328311664439661;4.422294754781
-0.14290388559096678 0.8103957126671081;3.2719312828232
0.40608288871841103 1.116398669585953;4.853638019540
0.09897907932528116 0.5574046302809177;3.3166938310454
-0.17126953126973665 0.3553475092322788;2.871007280606
0.2921591643231696 -0.26333062049367856;2.959020774948
-0.2669651485844762 0.3128457919595215;3.066065717654
0.2458708680204693 -0.2435534207202929;2.6397978412506
-0.3814909880343622 0.41408316814225626;3.7981427722849
-0.04817395414772352 0.07391250940817112;0.4461340241405
0.42510899513604294 -0.6688912254745687;4.337100056109
0.17103069295295859 -0.5723577497718709;3.5288524762023
-0.1958962776853045 -0.39598964698900363;3.135303356425
0.23878937512348736 0.10310849212171613;1.8973518899160
-0.6385993790108992 -0.4081758725344322;4.274505447383
-0.5184271951193138 -0.12776979038125852;3.311575949112
-0.2472301152625036 0.2038002089481396;2.440347842018
0.4399807090852592 -0.4609090440665636;4.054933389845
0.17125123490887045 -0.18372170879203187;1.8639904846440
-0.5572050491756126 0.6238040239738254;4.510924247044
-0.41513740721251535 0.5093575763946296;4.09844502715
-0.14378776331441007 0.26482485149005935;2.2519417349271
0.39452946717841425 -0.5362979171839417;4.101192863326
0.11482437890913622 -0.31365986225217607;2.442981266491
-0.29631763328384986 0.42399027876745327;3.573415598
0.08733970561811877 0.0594293194326575;0.5745417081800
-0.6598633312531946 -0.47657155993853517;4.4266307635683
-0.5632627884522933 -0.2674493263817628;3.809311600471
-0.3687526078612926 0.10155229109029928;2.7071696359130
0.23356047616702302 -0.23512303703875537;2.530816913758
-0.39925648227204025 0.42499920464552854;3.8734229521365
-0.09262648660028344 0.11488849154441888;0.9214117859429
0.5599924897877431 -0.699500428494731;4.561205997149
0.4490730365397505 -0.6578914508407405;4.375730791879
0.22309965960856903 -0.5542217479805466;3.659694636162
-0.14504676974472247 -0.3436815783517395;2.716890103718
0.286145298411581 0.28937505671716024;3.0462906241110
-0.2270805240760897 -0.2366179430050026;2.5042248707783
0.4058010868184938 0.42190240180624705;3.882440504786
0.10287864544432801 0.11799297125119534;1.0009606916126
-0.5880927829034538 -0.6724238814889231;4.574764033161
-0.4949839476361488 -0.6195286374929977;4.419041782998
-0.3019302497218117 -0.4897913956071738;3.7639928836532
0.04580847294944468 -0.2072358034696395;1.4652352609501
-0.22364860952761145 0.7602029205570562;3.717312920105
0.27883394929234595 0.8888811197468643;3.8466884769418
-0.30286350371096005 0.9294543470000842;3.9659964912491
0.25700726545205754 0.8638997437875044;3.753761971519
-0.32747298052073825 0.9649931636208076;4.113256653852
0.1843124305984294 0.789183871400678;3.5035632069337
-0.34612756044631854 1.0049867784638609;4.2687852023721
0.12028753220462474 0.7045260738972914;3.3912633279258
-0.24489904617811692 0.8604890780975583;3.6960004764633
0.34405299109542725 0.9841626453699034;4.215252439484
-0.1254551985294166 0.7408617724090454;3.352122623546
0.28113544177392563 0.974657456159869;3.904532802335
-0.3240222107653021 0.7666305462138727;4.097207948448
0.061563642882231095 0.80755648359156;2.9862983612670
-0.2215536763517617 1.2057940805894494;4.648352296872
0.27651255875448566 0.4244765581731119;3.5110448428628
-0.10212553536336216 0.03433217948385603;0.5881153339842
0.7146340450873827 -0.2900772552328674;3.9942336857689
0.7230634558377708 0.14150269319978004;3.4376564529436
0.8845150215025706 -0.3158050331541659;4.016834537269
0.9014872237859735 0.22754214680572432;3.570355300493
0.9641056281507061 -0.479409121171158;4.551630102478
0.7889005839799405 -0.2912537699934925;3.9679804429710
0.8690984860608604 0.20015047806635528;3.4489234877354
1.0310835767304118 -0.4810162626141729;4.696746600325
0.6934932518165773 -0.3060868584731212;4.044177739311
0.6640764273062213 0.08615912187736857;3.3383228091737
0.744054058948535 -0.1995379755584497;3.635583736590
0.8873369995929 0.31598114117752524;4.017223163609
0.9010284485200143 -0.22054637313696607;3.531104823014
0.9773377828374299 0.4821710596278472;4.576855784986
0.756408928580615 0.3045737345146091;4.0341901027133
0.8040647802960003 -0.13164880803447565;3.2378678498952
1.117665056462432 0.39552703635033526;4.831852356330
0.5617561251627428 0.06277303738628709;3.2560419924266
0.37912960441019417 -0.12566280067024552;2.827151269202
-0.22296411066901478 0.2589100314459656;2.6035495810798
0.4182993470885167 -0.4091122041392322;3.8818218484449
0.09635555665681511 -0.09085002334478809;0.7917837727625
-0.6722924849538161 0.6240879576957884;4.597325481868
-0.6364221048463067 0.5661838274950961;4.531862888981
-0.5354804163988109 0.42977483008692174;4.178293912802
-0.3127861276850955 0.16083956038693825;2.6124704840764
0.38653839185698935 -0.354344246077107;3.642715115883
0.008573564206970585 0.028079259127372413;0.10583946405174
-0.1561959419447427 -0.4972811675224037;3.3386154814388
0.21383338694936108 -0.17550960561902806;2.0831837687406
-0.5896466839097106 0.5275753411375431;4.4351022745789
-0.435899292825325 0.3435355170084061;3.7495903917271
-0.09960595401989969 -0.017049042619795396;0.5366380391791
0.7985607391184882 0.14702645031295442;3.3171342735935
1.0748237229152329 -0.40678665045716816;4.688875365468
0.6144805021961333 -0.07275624172652662;3.3188242411394
0.5710838757183282 0.15593919791229435;3.482832536033
0.39872037675733896 -0.21232512907928905;3.2039025918608
-0.07309425262070657 0.2404286514043921;1.8033339150854
0.3106192181845386 -0.7048899068045819;4.060504312323
-0.08512664734664699 -0.6869906914305198;3.3155735022301
0.21305398920843688 -0.8286765306624173;3.575400438672
-0.41309416646177266 -1.019214067281235;4.527505983430
-0.07694431748965597 -0.682871685802624;3.301781818680
0.1951369747463907 -0.8218884052214214;3.497497094280
-0.42659238292501545 -1.0439754313288299;4.632882704629
-0.12787330784282525 -0.6410506126668859;3.452846790265
0.2324855959729925 -0.638505558274151;3.7854131427169
-0.18332305792457076 -0.5625409987464427;3.5514305129738
0.20198354730449591 -0.3574747412104594;2.9977855209766
-0.28892408725349183 0.22308547740396234;2.760779309428
0.348535034229862 -0.3813774687648098;3.609376999729
-0.04234982211445698 0.01722012047765553;0.18410288321121
0.5581821360048487 -0.24191617877592358;3.72399466612
0.3491518591238185 0.16047763361743478;2.800920467019
-0.2654961970237346 -0.3281159634204567;3.124605882910
0.2363303326740399 0.21646077868598546;2.445590620993
-0.4538396462728682 -0.47895220430118335;4.122828443039
-0.1929396873549487 -0.2156334231902809;2.1936299104056
0.5027976958445597 0.5600117008520974;4.356548691329
0.2969581936122042 0.3738624185803653;3.4154161376503
-0.12957932746656542 -0.06639374431704992;0.8995512432000
0.7689992392286101 0.4569045768286395;4.439231936039
0.757279604705878 0.2222622698632386;3.714686177003
0.8875630766493263 -0.3112571306327633;3.996840740038
0.9041111614284749 0.2429942745055267;3.6550715449430
0.9478356356277512 -0.44622154604332454;4.470687406480
0.7989997742199302 -0.18293259000487727;3.4796840776221
1.0272676777236767 0.4011788349315638;4.516653170294
0.6698405813880723 0.0397253354137278;3.253624588664
0.7895313884047075 -0.10544624123400895;3.1717640919050
1.1215671202981312 0.34818390631612894;4.7042472020828
0.5361405530761963 -0.09130901148558457;3.263890864529
0.2914374135507646 0.16836317089652603;2.5242217874306
-0.42915675008945764 -0.39348885288350016;3.8689076552485
-0.11385803910327352 -0.062100314523401756;0.7657737192876
0.767896980033131 0.4579725647924658;4.441062860939
0.7552103789470532 0.22627962620726086;3.7335039054379
0.8816212732290467 -0.29951906785903604;3.946120084231
0.9179384291431053 0.270817999421747;3.802624800634
0.9016305382180367 -0.3806617609021665;4.260946618909
0.8539639307212616 0.019282991864638332;2.7680417717625
1.2453943141221149 -0.09506208514549033;4.422585148974
0.3510503904575192 0.2715084681323552;3.2399959023131
-0.12872452798040634 -0.2082126207011401;1.7908583945145
0.4979854414222008 0.6768924621818779;4.473369196057
0.31094346035379017 0.5957473026423952;3.982150663047
-0.036635912887640676 0.43280313588237485;2.8786450555682
0.08428303426953342 -0.06332310552188913;0.573123149271
-0.6685354749025693 0.511911695374997;4.4880851885077
-0.5824363619020195 0.33522562489510427;4.029704845108
-0.40062072620307476 0.004240328117683989;2.7212191403006
0.18375269272102945 -0.011168032721568438;1.2166188630277
-0.8348620550908258 0.06661097031790594;2.916215679511
-1.1942596545774418 -0.2926581293853592;4.870596901868
-0.5576561227152523 0.18329542679272764;3.5436229826142
-0.36452869114678316 -0.20388225314717062;3.035711689108
0.14542238644816746 0.28273782105026735;2.372231000212
-0.3626575588563346 -0.49182148749853793;3.9355976665363
-0.054494577165296765 -0.21926148152662134;1.5843403386676
0.24706733405722137 0.7628141892772018;3.8116652319847
-0.2402770325758511 0.8715499719308978;3.661712142281
0.3789572405314121 0.9834478911567243;4.343131119934
-0.01883036015708084 0.7469196392803241;3.096596357072
0.060870851958521 1.0677601678724895;3.0182328258955
-0.3089620952987441 0.3681163002758916;3.43729475040
0.10477669274585227 -0.051090784752152396;0.6584591315886
-0.7262613529672417 0.39038487534739236;4.288501629204
-0.6958583127735023 0.08674681373181209;3.308656965785
-0.8511167739073161 -0.2160305829712914;3.5581567079463
-1.0149126606688423 0.4253106990166413;4.547428456338
-0.7075955860501018 0.124339276978843;3.4002227326040
-0.8626945188114232 -0.27364428969221627;3.8355661017381
-0.9483776174844539 0.310862943302835;4.018076748046
-0.8244154411680116 -0.25789596719780333;3.7960835859842
-0.9544838609888568 0.2995068932188201;3.9703993480063
-0.8138744757505272 -0.2896602100943609;3.9436821093794
-0.9094668153199463 0.2054932692665618;3.439617420696
-0.9794268676726193 -0.48646022244612747;4.586441868049
-0.7506062890275134 -0.32543702990965634;4.105956888186
-0.7759206318207488 0.06231282848172559;3.081551940148
-1.1448675689345045 -0.21144919439376864;4.222209637779
-0.3537991710916978 0.3996989378739363;3.679575805420
0.028480125589347816 0.05436013137217577;0.2712153130172
-0.3293858628062341 -0.56915636492457;3.994166842347
0.016935202012730632 -0.3810410297544626;2.629164226897
-0.04857966193957941 0.22630010999764943;1.6272325495184
0.24230049443387952 -0.7001194415870293;3.829596901999
-0.229239712286036 -0.7252404601723415;3.7702991727601
0.27420715102874693 -0.8004716952757628;3.890407237584
-0.2703886564692338 -0.9020314935753732;3.8009621208106
0.3877062678624985 -0.9245755782230369;4.295750593100
-0.014991607887231528 -0.836260589751139;2.820297956627
0.07251742606159864 -1.2243842531012734;4.205791797067
-0.2530193860845906 -0.33108529484156335;3.0866228155432
0.27552195620045894 0.16450063668219833;2.4131420547633
-0.4929465854479961 -0.37026592610920367;3.957519067207
-0.21896886458629977 -0.07349572422677325;1.6372749257932
0.7578852571015786 0.31058855945473063;4.054512569731
0.8003491227723342 -0.09236465426178003;3.0972100312531
1.1497847371491483 0.30055517435286505;4.664061314705
0.5026435264758676 -0.17223874557757896;3.399027403522
0.19897780136164656 0.17830709046512705;2.0045302165362
-0.5769471661440654 -0.5104731945519971;4.392688306260
-0.41347676750213663 -0.3232242927306527;3.6268657076454
-0.05379591895672997 0.03910899159881598;0.30245534358073
0.5541840983785077 -0.3884486225231341;4.11776709044
0.3500922433399233 -0.11220033180384059;2.6409797134526
-0.2984165465016525 0.24792443013981869;2.9195216750464
0.26514780169016816 -0.27536991838690605;2.889965548217
-0.2899287805325369 0.27221428184146224;2.9881657254658
0.2439959326691158 -0.24192193223484393;2.6216747516543
-0.37252114191977437 0.35893444678197395;3.6144844891411
-0.008836287513370622 0.0006570831440410041;0.02715109355789
0.38343088005671166 -0.03029180967442778;2.6505210913808
-0.21260634909110887 0.07400790446031899;1.5885137235314
0.698732448554348 -0.327337739634626;4.110019750334
0.6661113239320866 0.02492993170107305;3.2432463332570
0.769857421755808 -0.061997901616231935;3.097680984409
1.091279707234919 0.2066422579422304;3.884321872643
0.4705768403569386 -0.47640019526962735;4.152288348998
0.23397108794773017 -0.23539017937377832;2.534444578498
-0.38504811556638874 0.4022698530043109;3.776213303190
-0.06425563377009802 0.07775404977469641;0.5387292912112
0.49268073834808557 -0.604237666469007;4.398020546370
0.2991615374408024 -0.4635850066633994;3.691652627635
-0.051715645281148914 -0.1558011433269425;1.054330110601
0.3002971291254689 0.7853469237411054;4.004733015656
-0.14019163042526045 0.8532870390495723;3.1607319026470
0.4328482849322805 1.1093327153652384;4.885212572271
0.1899248528143683 0.6312536298181435;3.6422057425001
-0.19198740038330356 0.5732451397173811;3.5935448857471
0.1701643043919485 0.4069696052836149;3.089670159635
-0.22446691766757068 -0.0575220712861349;1.6340190804124
0.6931899132020822 0.25313057976201686;3.8688426938491
0.6995071978468878 -0.16404363766891017;3.544218188409
0.7946632690001879 0.2628374811982203;3.847760894372
0.905884414338372 -0.24379315642559202;3.658864823456
0.9429378579709411 0.40464437492008115;4.362914103065
0.8129736266195997 0.06843124747286056;2.9875085789694
1.1769254773434608 -0.25481326479511507;4.620694951770
0.48976150786673733 0.2631525577977906;3.6479921337770
0.2011105004985349 -0.10119890691899674;1.6057569880860
-0.6848388064914301 0.42910533130161427;4.356420464971
-0.6107583955608225 0.1850577541033675;3.61343253166
-0.5163605564709561 -0.19119336143782717;3.4880950926386
-0.2530744279855493 0.1738708447417563;2.3214655355871
0.46461058608371014 -0.42258004415030603;4.0233745355613
0.20762096332993868 -0.14466534188538083;1.8704329723753
-0.5895873298773175 0.49529371764198793;4.384359301938
-0.4417234246338888 0.2961811165941748;3.623946466677
-0.1169502846760182 -0.07447919116168261;0.842435428572
0.6911621018434552 0.48435109651045677;4.460952818359
0.6258913858019962 0.29285076424318957;3.9643391899637
0.5162336078582073 -0.06243330070209174;3.1710358833979
0.24832697728517256 0.11635502584387392;2.020478704294
-0.5541519911935959 -0.39337158372959113;4.129155592605
-0.36436322507554 -0.11238077276427194;2.7155682051441
0.21157700954231207 0.24574528553049746;2.4726206766928
-0.38199222872829597 -0.4326615982804911;3.847503144427
-0.08000392264216089 -0.12768683086854754;0.9460584600412
0.4618375190916713 0.7317136204016776;4.440838554235
0.2601557487400916 0.6957230053584723;3.8931259235806
-0.13520787342675594 0.700723206419885;3.443657816787
0.2430223483117126 0.8296245677929649;3.7206505874779
-0.3018073693070666 0.9736040095286994;4.007678981306
0.2512472158106715 0.7747188588755516;3.8179670329693
-0.21939648444468596 0.8917607655297404;3.531115925735
0.40805714401255244 0.9911802936162248;4.447751628579
0.09461029171992058 0.731475566853153;3.2714867401782
-0.22668023411169053 0.976283634079643;3.5975689307370
0.44744489508473034 0.775500010362675;4.421998656674
0.2301057811062484 0.7670717428411837;3.736997529915
-0.24444785050618678 0.9088422900352653;3.6616376216505
0.36850977403015894 0.9411056637528695;4.24625448287
-0.02371590410304536 0.8093376942957757;2.9150147316792
0.08761801795640162 1.2385433345920345;4.351730954832
-0.22644495309185453 0.2982766640635619;2.8227837803156
0.2811654835617363 -0.3253480000293928;3.1759362132868
-0.16579647605789993 0.18475697049749917;1.837348246696
0.5108648141090747 -0.6254518009666539;4.450009341422
0.34216734866920884 -0.5003728578277987;3.9000443365629
0.04029120476107273 -0.2320588683166005;1.6569554748728
-0.16649387693291892 0.7396400272404867;3.5081698051033
0.280725675250192 0.9123765637315441;3.8527179064464
-0.2851992632375411 0.9029969661551863;3.874851382936
0.26306937491908744 0.91147307622769;3.7617581413429
-0.32516566546986814 0.9186046930759437;4.061071554289
0.14979410470633892 0.8642869800748462;3.1863459506445
-0.42086500416359884 1.1123763231212151;4.8718263821988
-0.16952930176335618 0.5856348171118627;3.5411699569816
0.16562220025595215 0.4378753437103594;3.1885854843051
-0.1857717489298759 -0.002267160816670888;1.23061250360
0.7407688666764365 0.01330157765413616;3.108955620838
1.009864588333378 -0.04748401852950483;2.726408231257
0.6848567285748461 0.28799742020556496;3.9848635096808
0.657440636528248 -0.1320549160279364;3.462898629016
0.6880496467779682 0.25803162195180296;3.885807682644
0.6833261081666465 -0.1911251931231806;3.6501533643689
0.7223118301809252 0.27420416807731873;3.938201723191
0.7522385114053635 -0.1889882092248048;3.581866396272
0.9093242571204819 0.35209642055331664;4.165034367398
0.8643732926167124 -0.13293783895894296;3.1011594269337
1.1145175535994856 0.4983609304843626;5.0062967286907
0.6441300593002053 0.3686700053716919;4.187872835795
0.5354301419246348 0.04636963186740556;3.190739636255
0.30575187329490106 -0.10114441853318962;2.349135977975
-0.4314226398542368 0.3195465094118644;3.66676820191
-0.1036046469121164 -0.078977616310838;0.7729333464055
0.6597779148627949 0.5897923969522465;4.56997453193
0.5976697101440496 0.48192066360879127;4.371778093339
0.4513510751082047 0.2522023054838043;3.5120160177828
0.1114389895181166 -0.17392117675594854;1.4492752938122
-0.4995342634049469 0.7780643780698064;4.507594232926
-0.34043798229474864 0.7728704432704508;4.149030868049
0.0367107952376472 0.8060832703294977;2.941698194477
-0.14294637266168245 1.2203433087745912;4.410314428570
0.32865260199082014 0.3372192742390525;3.398803941838
-0.09218077718145284 -0.10834325974138231;0.8754208107405
0.5732352239216836 0.6995009049668961;4.572801169567
0.4763992745839847 0.6629536013323215;4.428799539196
0.2741199956111827 0.564263748680262;3.8306843032566
-0.08040750393120044 0.3607887601973577;2.6128984898632
0.19671841882683944 -0.30640344685824084;2.7312818729659
-0.3320661980584764 0.3352511139214909;3.4038999106456
0.09177291053875786 -0.10024486030489094;0.8212220874447
-0.5948033834528414 0.6604005036105014;4.574304053019
-0.5015586602955147 0.5980803225683742;4.405196001985
-0.3063007443160516 0.4486349865185948;3.6738103063542
0.05979871117261781 0.11518008427028492;0.7660936216347
-0.4185609865818869 -0.7634045390345796;4.360782520450
-0.14578073399000407 -0.7534428353231984;3.404518461500
0.3280301176830379 -0.9758572020075318;4.1327293114449
-0.2008690143456875 -0.7655835023118631;3.613858901341
0.3179055843379237 -0.9369201132738179;4.040143096856
-0.2196943300454488 -0.8409056317864239;3.591046002586
0.3846323876155521 -1.0167348011283681;4.437437609592
0.0012267064751971257 -0.6807020442871767;3.218617053214
-0.0034081588343628172 -0.8389973977608453;2.806683231683
0.015145184192166147 -1.2517626019747488;4.327426050668
-0.04854833219541048 -0.31958382072308034;2.308281302481
0.15367115336578924 0.4566236982582459;3.2144566295978
-0.21424121800264945 0.06692092777736158;1.5786931665161
0.7446351870102239 -0.3096344890561717;4.055133744715
0.7737673490399205 0.10188360818473635;3.1996135772624
1.0755062973705032 -0.30859026101363035;4.342102306201
0.5684114934854619 0.23825567096699335;3.729112241393
0.3821202714606198 -0.13637833777284813;2.8743128826023
-0.16936814347808504 0.2524630069800356;2.295181169286
0.42998595581382815 -0.4957539067606744;4.105015320793
0.1631572809195791 -0.25604652503960573;2.286971754507
-0.42210738715879853 0.490310970871955;4.076509489089
-0.1488855201725549 0.24731705604845622;2.1615094530868
0.43077275494647177 -0.5252294414896364;4.1623595749867
0.17204594140835616 -0.31320961504826095;2.661197067211
-0.33193416085614413 0.31586609331789217;3.333800077352
0.10986373512238651 -0.1131795917949171;1.0118971835920
-0.6265975162529398 0.6213839222011545;4.573883382234
-0.5463847496806636 0.541044572696937;4.397103326925
-0.37082928801654974 0.36798365023317203;3.6369455925336
-0.00641993252387707 0.013109623657477809;0.04695225466233
0.18522090495173288 -0.36839157987746;2.98237979905
-0.265572039462994 0.1469810574446732;2.2711782768640
0.4975946989092822 -0.3832756085739944;3.999813846883
0.2490214391931637 -0.09439623492315313;1.939087983277
-0.6059977434877201 0.3323101151934044;4.053500367722
-0.46143945553739074 0.01671369355186214;2.9706380361450
-0.05865985161186554 -0.03459970012666864;0.3122151417067
0.5668527382673494 0.3454076163781655;4.032590072049
0.3799199112205407 0.03567256714584771;2.6378894139836
-0.21634065931191115 -0.09055383341382803;1.678280675788
0.6604035898436558 0.3836654208664432;4.238188373133
0.5695839475053035 0.0938965102059835;3.32297664444
0.4205474063252722 -0.1642306769556064;3.122056665482
-0.01000040882944353 0.2297645768410999;1.603401826605
0.044026200733129205 -0.7388263388106009;3.143947306446
-0.1316623532949222 -1.0180387923185248;3.115435509853
0.5245666859078708 -0.6320338909705749;4.476262265970
0.36070076167528176 -0.5204230412515899;3.9893335490100
0.06145554519569596 -0.28481940395884736;2.099956634726
-0.20663763597390494 0.5439511930582794;3.591031604824
0.15787839764722844 0.32666554046510554;2.675838648183
-0.3069462031183541 -0.299418526035347;3.174613248129
0.17064065090777347 0.17223433653944686;1.7863086668706
-0.5699581282848852 -0.5662388628352449;4.463735885420
-0.422679354849646 -0.4185748112615787;3.916419856433
-0.13226598639722148 -0.12952046906181158;1.260382380371
0.6269983308798279 0.6106606100572266;4.566281669352
0.5440097182953537 0.5205540070965904;4.361962685337
0.36545110807946984 0.3327560903346132;3.5086719630864
-0.02059988644300731 -0.05435453619330005;0.2521290752577
0.22406384270231966 0.5711824418973155;3.689585195015
-0.14461577445180251 0.39855466194394185;2.972332332897
0.23382226408236234 -0.09246072207720024;1.8190363846033
-0.6415946361875209 0.34640246568250344;4.12874255018
-0.535406570627405 0.03770900795719678;3.1818512804311
-0.3081285611703204 -0.07144315968520999;2.280775054393
0.4438959592764581 0.21427203175295906;3.365841618902
0.07953044424698102 -0.1781630643839313;1.3336691850457
-0.3882460812833399 0.7413771394869901;4.286190139404
-0.09461249628153667 0.7249129744587482;3.283765503520
0.23267995505606565 0.9377036385030861;3.5963418261223
-0.44204268447392736 0.8918166182164841;4.419765177256
-0.19422249311663217 0.8468189628491588;3.4506863943597
0.40911083266364645 1.0439567606638447;4.588761024099
0.09750127312317197 0.6621586381660178;3.366263869624
-0.19067599067289998 0.7297547765117792;3.6158132363837
0.2686671904388856 0.858988825737449;3.814574648800
-0.2859200541873392 0.9548318426743457;3.9027624795532
0.304724327749299 0.8190475541347204;4.000895898081
-0.15029200669781045 0.8986052003662458;3.1322706976899
0.47737609575671874 1.063268754287855;4.790883026298
0.3151905398219313 0.6339144532900389;4.036454897694
-0.011484141280017013 0.5160648209433426;3.1250327629381
0.0216025774906332 0.21700541385832622;1.5066323419969
-0.10148816405717834 -0.8127138993844278;3.0950249671916
0.33318181941055824 -1.1546902953573277;4.811526125465
-0.0755936842792202 -0.5424631346319072;3.245904270225
0.13125730996053256 -0.3197634060939929;2.536823720736
-0.3010946476156515 0.37952028922079295;3.4488419718454
0.10440088369145678 -0.030330015602365534;0.5951649961953
-0.743713909536178 0.2427401910574981;3.8099570216068
-0.8302567747064153 -0.2404775424485346;3.707692396210
-0.972140547222045 0.34617604844891936;4.202511300738
-0.7788950662285069 -0.14092507168568008;3.334415922977
-1.036004556275929 0.3570182343924085;4.397219736038
-0.6611175372255136 -0.09410879904913316;3.358584653634
-0.727277207611204 0.19824881178158726;3.6480442022679
-0.842470888788905 -0.2793132707037419;3.8768812562368
-0.9391612027919423 0.265223667203794;3.780393775650
-0.8654453698701666 -0.3829829746166483;4.2620755231465
-0.8652454216773441 -0.019006578599909008;2.734294978273
-1.2282051409503985 0.09122446893307354;4.285628889244
-0.3209802555892214 -0.26814504427369124;3.1055220379168
0.18991629880120175 0.22776251411691578;2.2506207999219
-0.47056406452254884 -0.4994144346508039;4.196870102160
-0.23185858995041997 -0.2743150134122926;2.7278517839256
0.3440614512568372 0.3333234283416051;3.438897796349
-0.06889831456115353 -0.07741352198522872;0.5597575828980
0.536338751616739 0.5913907202842943;4.449809511489
0.366946586330969 0.45092318840821227;3.8527086035950
0.04356768287162438 0.1589383482525591;1.0575573045547
-0.2639142675393926 -0.7935211293419597;3.853389081384
0.24660838769785132 -0.9015634066570669;3.6757224536924
-0.4018294217308894 -0.9458484182498966;4.35807577559
-0.054626409306891166 -0.8117288686575845;2.9572750992946
0.21251599656853182 -1.1810550343030073;4.453880383289
-0.34643720375991227 -0.44585206912985587;3.783697652495
-0.007246079137719796 -0.14626129786301517;0.8964494451676
0.04786349252627785 0.7975323012825122;2.9874665328528
-0.18379843195481504 1.148026931217577;4.100387500006
0.437597154541014 0.4193300485714887;3.954216247949
0.14935556289208773 0.14788812451801403;1.491427788926
-0.6325255032191328 -0.5700121475546691;4.5328836310294
-0.5352131098918913 -0.45055229149636344;4.220917599384
-0.32904531534164905 -0.22406068610967542;2.9585294806496
0.2231517010073707 0.2420117581775462;2.512834021853
-0.40866951342891844 -0.36781311346348144;3.7454683362301
-0.07898607741462627 -0.05063783988257797;0.48616674175912
0.6395522923201719 0.3913555063529899;4.23769335686
0.522779164433864 0.13229938495533328;3.33290743193
0.26396192978750227 -0.1644675971887813;2.3425421107220
-0.4634738662728582 0.3719474801863248;3.895945894612
-0.185910153570518 0.07661633807661411;1.3841922113198
0.7343696930940513 -0.3540916903358547;4.193844756057
0.7258186849324165 -0.030496268874660504;3.156360384946
0.9771084089491043 0.08554960871562982;2.7885484886426
0.8218164506182487 -0.40321694221812754;4.321811391059
0.8338752839644857 -0.10680883771349486;3.057935117496
1.1528947751504994 0.3569028987005661;4.88078514291
0.5850179283520699 -0.0010427453606041137;3.234235339185
0.4788030549780544 0.0019181661100739988;3.0233173562405
0.11150502111040872 -0.003946603672595632;0.615486417459
-0.7816508997506018 0.029647643712087633;3.0085101085671
-1.1348849887683923 -0.10775332791372602;3.64040821888
-0.3104624737189706 0.40211109569176484;3.5525323353119
0.057455328381083026 0.0329634460041166;0.3006650629361
-0.5456038985885527 -0.33684741791585127;3.974559574806
-0.34302968810949047 -0.01851159613888198;2.4197278067947
0.3285285430034223 0.05430612067217866;2.3741807520228
-0.35611255590875285 -0.16278734154363705;2.8432240775731
0.1736815767593723 0.28660878006810064;2.520292637647
-0.32646822891185673 -0.4073809519222015;3.6190074506578
0.016986855033153336 -0.04939171742586135;0.21888467344433
-0.1844349411375627 0.5739012112288528;3.57137799051
0.1567448500316323 0.40771051058444385;3.0485452276210
-0.2060493954860665 -0.07262824980793153;1.5314893531577
0.6691876956224502 0.3381818844572577;4.1276403628947
0.6013691557879958 0.003156684826493561;3.246018199337
0.5417047020956629 -0.007105655735602562;3.176649981158
0.34082817435540624 0.014651702512591557;2.404469657784
-0.32503267017456816 -0.045366548449787124;2.3377678933222
0.3608956560889276 0.14479105348060856;2.802248470627
-0.1677734846613017 -0.28919141972191265;2.5086536791773
0.3152911717695615 0.42860507859139263;3.645932301778
-0.018163292298252143 0.07707627930298294;0.3829420645195
0.15250015871729874 -0.7106268580517143;3.492408026746
-0.24046191464470226 -0.8453656794026302;3.689830106042
0.3039893884663807 -0.9868866104200302;4.0421354130167
-0.22502803611597566 -0.7405621540727882;3.742220867216
0.21102541652873558 -0.8495559524320528;3.534252466906
-0.35454407083331113 -1.0307676662271947;4.371835186267
0.05652133833949802 -0.6468395403498501;3.2913198952148
-0.10960011497249975 -0.69665179962552;3.368659724366
0.20826658711260018 -0.8485575631870423;3.5213138370275
-0.3616620996873575 -1.0398732443775935;4.426501063715
0.034525965521102375 -0.6216383713543352;3.2681487950570
-0.06638923673260572 -0.6060868920462017;3.3042965677056
0.11619005798112927 -0.5382677904965603;3.323584590224
-0.15552425565613406 -0.28490233186847613;2.429222625602
0.33473280936693706 0.5034053566683129;3.886482834712
0.029939425121560004 0.22237521577574548;1.5613328198619
-0.1304117692028895 -0.8146752513277731;3.206636823986
0.35957963984018726 -1.126423951948334;4.764791853167
-0.007216303163725235 -0.5485067791453806;3.1883868361293
0.013265004302809406 -0.33893054335709905;2.3923835875840
-0.037295630994358675 0.4144717204947881;2.8029000858031
0.08050567469672364 -0.12480217321194309;0.9275298024559
-0.4832661261800144 0.7438580554032183;4.479677138598
-0.30135534748229675 0.7172541456971341;4.031526182670
0.08262691671898265 0.7214412066143354;3.258404929003
-0.21092482062913076 0.9473334570469243;3.4713559724106
0.4919608647665926 0.877676563074599;4.501478293889
0.33555867348868057 0.8472462293005303;4.105287905385
-0.09727616047046966 0.8906631846502131;2.8816711170867
0.4007074281247931 1.1385628881210794;4.936991839353
0.10972152905814497 0.5718446865975029;3.3613118568466
-0.1696044218742374 0.40886270708595784;3.0951749705235
0.22294204862610645 -0.08678189298598643;1.714850495063
-0.6627254665957895 0.38667204645073355;4.247143337898
-0.5726564482769858 0.08367508440040422;3.30619160500
-0.4303978396713998 -0.16541679328115028;3.161734759719
-0.013435784817811602 0.24433767968145564;1.7232576276483
0.056426175517675384 -0.7473583308001244;3.1446344620558
-0.1721148799528724 -1.0520057093828046;3.4859994647108
0.5335127185646689 -0.5000699425741022;4.311216055316
0.34270848259831677 -0.2820348026539662;3.247785029801
-0.11194607153201186 0.1928034537750944;1.5932962177447
0.4647884552377112 -0.7143468349596349;4.4397688080654
0.2586907953174668 -0.6632141138082208;3.882952043501
-0.12990308291312308 -0.6180339013097736;3.4529458516728
0.19820668287327647 -0.560187026357292;3.593043399065
-0.16678787165397635 -0.360039853542994;2.876483617905
0.2700128440859567 0.22295137173209995;2.662468496665
-0.35125202464885763 -0.37899312645391486;3.610527002818
0.01527453273194146 -0.001877630030313493;0.049822490975774
-0.41379498525077474 0.052214270384446385;2.817910855130
0.09889497628354149 -0.12326740717928865;1.0136386642921
-0.5614841220534561 0.7196126180506435;4.567910906003
-0.46111662797180075 0.6955660218861338;4.424161505068
-0.2493570211177045 0.6263272912944056;3.8312711755240
0.12752279506799405 0.5244757992466819;3.324140731707
-0.17962681244114723 0.25423464127775885;2.3574476797410
0.4171216217341239 -0.4989502464742913;4.082575993716
0.14642738835540509 -0.24978348444849;2.165983949015
-0.41798531289609725 0.5583592525281159;4.191050047324
-0.15970391625542718 0.3616118566913737;2.8581747823667
0.2690008873941712 -0.21689992428166954;2.6275009855434
-0.363836175936935 0.37911455407848765;3.649283444760
-0.00720455542236309 0.015802770489312223;0.05713725322513
0.17761540246429144 -0.4012042004663376;3.0921895569542
-0.2313712206055157 0.07986008236481196;1.7553583926979
0.6634042523949132 -0.3321801411150196;4.107320920385
0.5866165714652097 0.00941265007162384;3.2367510682298
0.48556757914842674 -0.020577207139897035;3.048847644643
0.13901809014875743 0.04369065652062033;0.8954264103816
-0.7808380131788015 -0.2989031616189835;4.002120065282
-0.846949431154003 0.16847374893885347;3.316606865680
-1.0718178452471712 -0.4690270166744004;4.807929803111
-0.6617125394414971 -0.2761207164265924;3.938679438617
-0.6065274816584282 0.12153654515348783;3.4240382127233
-0.528910529124478 -0.20708830138166245;3.5633545073896
-0.2851178927417074 0.17906713170074817;2.5363185978140
0.3882576131839812 -0.39455691884389765;3.7639877411375
0.05945154577621803 -0.04884522807864561;0.3692237453153
-0.5420479993209039 0.4772155567039224;4.283843952875
-0.3510748639120581 0.24356846180035083;3.1325613469122
0.13549383453686037 -0.24615178826288928;2.09026043585
-0.41108078944579507 0.5868284257020536;4.218706231530
-0.1527697070477111 0.41431089041745406;3.0618312460027
0.2219813258447909 -0.06509585061701956;1.6350942839294
-0.694945824753841 0.2967150808434412;4.014933991133
-0.6740875204828832 -0.09901293746173656;3.362053098155
-0.7665187223934662 0.219274212592022;3.6916071820213
-0.9075370395075364 -0.3098387497476635;3.990653914244
-0.8888118125821189 0.24394749969972146;3.667812286489
-0.9643291818244601 -0.40779820347788004;4.399341036154
-0.7824067437593529 -0.0660393677463979;3.0719082583972
-1.1307267506572583 0.2322268045126868;4.244293869746
-0.4370273094302577 -0.39169151301555566;3.88376296065
-0.14020378541955097 -0.07569661920150139;1.0197961982217
0.7535611850199433 0.45971111616262605;4.442225209386
0.733028075073592 0.24010582065477623;3.8071154083973
0.8101319130619632 -0.2323184417269136;3.6943599789590
0.9664635861040557 0.3351451365939232;4.148331169913
0.7864365401096585 -0.1764608099263012;3.472987994446
1.0090387605158073 0.365579763419947;4.352719125895
0.7022860506547719 -0.06963284834118244;3.261056889114
0.8913250399208545 0.180513231217667;3.3110791714993
1.0375685023760046 -0.5005274070910268;4.73879233363
0.6754740617333242 -0.37530314632330564;4.228755689914
0.5937524071072953 -0.07442977593398492;3.310116912296
0.4944558194024926 0.14396823782288626;3.296721837836
0.15943353175100977 -0.1975769625693271;1.8846108259758
-0.5696730547452291 0.6076636084735139;4.510188030570
-0.42399164435545555 0.4879479694368199;4.075953587390
-0.13573989104007028 0.2388015726575963;2.0411482926642
0.4660054751186033 -0.5804661434721406;4.32057344891
0.2290495097267905 -0.41430596572788436;3.3182879344732
-0.21050316625742393 -0.0010043036461264143;1.440759782086
0.817341460232716 0.004772573150004676;2.877495584059
1.2180772913662432 -0.02067386874636088;4.069765139826
0.278347990569613 0.07543829074814115;2.0895409665416
-0.5325636244182794 -0.26738537016781205;3.7543486919976
-0.3057912943836602 0.10377123521562465;2.3578615802348
0.40914482367025357 -0.30279328878343315;3.549447024392
0.05802368306066363 0.1000224595568221;0.6519398192415
-0.40893867052804955 -0.7315955165804285;4.333784795401
-0.14607697116554047 -0.6997846244420317;3.481153457524
0.24849607235112597 -0.8191554336611155;3.758527848
-0.2829963544482243 -0.9613751524320779;3.8952822811894
0.31025927961595295 -0.8039618515452287;4.031365984052
-0.11961917279769368 -0.8768934537160822;3.0104855143450
0.42066629360963986 -1.1399144079459393;4.9892125151848
0.17418292340378075 -0.581526880259222;3.550257313385
-0.1719558526119079 -0.4227606462189498;3.15519206013
0.2023501410092873 0.04577504022516948;1.4246926830769
-0.7209652893948721 -0.24812338714629534;3.843979755209
-0.7700031940524875 0.23037976231202678;3.734936527054
-0.8957782494413218 -0.3150308162373007;4.012666237572
-0.8957637341572806 0.23784329249047337;3.630651239428
-0.960274304294758 -0.4505760803505892;4.495833000374
-0.7948648280487042 -0.19704050935163525;3.552332685019
-0.9870913402284578 0.3840705784236847;4.367097088255
-0.7531295617529205 -0.025224328463046508;3.0854004856992
-1.0684223180539938 0.08953352507256335;3.1273554603297
-0.41479902296027593 -0.44567786503305823;3.962209426720
-0.12926752186478446 -0.14996752540355596;1.3779718155564
0.5807729595879265 0.7024706137499344;4.579431905032
0.49486660620893297 0.6722973444004663;4.465522841611
0.3130031871739468 0.5850257248114743;3.9733125990425
-0.015781382392171306 0.40560673052737595;2.7475758623690
0.037000672625488396 -0.17168226326453506;1.1487495074797
-0.21336753056191743 0.8435024178961331;3.555063491735
0.4007838977791465 1.0191506761665494;4.493169001468
0.05358002092176273 0.6926577515906623;3.2458107222854
-0.13918287259263318 0.8648853959794462;3.131092797250
0.4626902252966507 1.119882347444304;4.98240960576
0.2746722548826772 0.611747545891954;3.895857464368
-0.09090849033030213 0.47890927708005643;3.1228259877919
0.16137858598799115 0.10608887538654338;1.3277165379132
-0.7207220153933204 -0.5450944320028557;4.55292945372
-0.6918290705988148 -0.4194748484736425;4.340534076078
-0.6226660887671481 -0.1518081719116265;3.5183758158433
-0.5655245377732707 0.22631664467941426;3.687965667139
-0.37469426731583044 -0.1624865785159743;2.9282289760053
0.17284214089492111 0.28004628807280146;2.478429386250
-0.387495589696199 -0.445355405004666;3.8932167094241
-0.07269086329685542 -0.1440310761583496;1.036282805919
0.43808521532704553 0.7886267734826293;4.403838356856
0.18653536782749558 0.7872809032375957;3.5169455410602
-0.36509851276840055 0.9972879582342171;4.323258430781
0.0765793797078792 0.7230582257774567;3.2407489305554
-0.21144066085316632 0.9586702224336483;3.4829025290612
0.5233491673689281 0.8419983131382243;4.533293475301
0.4105300360433619 0.844581004326824;4.338891070738
0.10139271287612756 0.8481899170873756;2.998069190176
-0.38918844033724476 1.1849131376098432;5.121017647753
-0.09351111307729165 0.5933007715488191;3.347321290452
0.17061585678394736 0.4869622561572332;3.354023268532
-0.19979980359567517 0.1416231367860698;1.7993206675165
0.6433190199862567 -0.5552540136965542;4.525023510782
0.5497317609679843 -0.4079705615801685;4.15496916514
0.3458202165976989 -0.12037549236308354;2.64377700523
-0.3005282740730829 0.29478454141299515;3.1296302298994
0.1973165829152922 -0.23350077729540863;2.32559958554
-0.45058917937695586 0.5155755183487452;4.186481213676
-0.20405935616832507 0.28486272614659625;2.650979774959
0.35512046942168696 -0.38695377882863746;3.6462998389608
-0.007261382200727029 -0.013998346742399193;0.05121347339414
0.19533878603478913 0.3949811955363821;3.1293923215
-0.2318433293392451 -0.09691603030667201;1.8212700705564
0.6475643980247744 0.3940349365622949;4.251437418977
0.5394154334222696 0.10541743749567939;3.3004608896119
0.3172360106151272 -0.18189412545626638;2.7238077173082
-0.29719764493319734 0.3481446342493849;3.3248753158097
0.13596274326953273 -0.11499058932284845;1.1949244920700
-0.660741917977274 0.6251650544782409;4.594057901141
-0.6170401743889803 0.5612270727319484;4.509425523361
-0.5058200459558381 0.41258808557352045;4.08580100028
-0.2742683986310783 0.12365029559214324;2.2274600895852
0.49083753085092263 -0.38568699588486943;3.991617736036
0.24384907892572055 -0.07317179819826869;1.8297244165066
-0.6230266092739856 0.3095425993054584;4.009902464098
-0.5061409839248535 -0.05347242195700602;3.1344516829488
-0.2176206704199325 0.11169108218469961;1.777590503879
0.6167559593026517 -0.46814310045021335;4.370123851699
0.48852216929288605 -0.23682504497341622;3.5634118086156
0.20326421267646366 0.16602539995924154;1.960436870995
-0.5346188255024072 -0.5640678935783772;4.4125349061447
-0.36721147381738695 -0.38992417971277193;3.6909840847908
-0.03460547760437993 -0.02034512614258127;0.1559716450823
0.4452562847180168 0.30047029419352517;3.6469204893362
0.1333808539331503 -0.09444685344733861;1.0604233730453
-0.6676741921057998 0.581677291787069;4.567238356501
-0.6111955688194607 0.47124097113486896;4.3692855191354
-0.4789921105448003 0.24049942762508686;3.550609668137
-0.18228924931091034 -0.16691570054099253;1.8280416752031
0.5490426940715243 0.6120680450234106;4.489591152546
0.4047598548218152 0.48262362776996953;4.02035289401
0.13479498234066456 0.20963860753885305;1.8322750616152
-0.4513115284074112 -0.6771288960292805;4.394730456285
-0.2387838035535068 -0.5894093149505745;3.7600340896587
0.11452258864282494 -0.4290319324189619;3.0079481451922
-0.184405139599649 0.05627084612098915;1.303245765448
0.7315098459282251 -0.3165897855524365;4.080139341260
0.7410052702212078 0.09310751070525669;3.247986166902
0.9781125095141967 -0.27461973705756154;3.875602802775
0.7841927231491341 0.4037881500798504;4.326477982674
0.7891742830504509 0.09217630098981933;3.127410857900
1.1028267570867827 -0.3197268916597362;4.510250479567
0.5755666526802056 0.19872707467971762;3.6174913226825
0.41647142899046286 -0.19212357512375777;3.1993402942647
-0.003902969157696945 0.2370861384854639;1.6611822688510
0.01657782183429851 -0.7503833252275348;3.0861765336492
-0.053795924725721894 -1.071851343169017;3.021278294794
0.27108809208896345 -0.3647497809773741;3.290320620602
-0.16539583822774334 0.0829337926418518;1.246901450959
0.7368608140138841 -0.43849116927121373;4.398370512677
0.7064446691305437 -0.19730009326428796;3.6611005681276
0.7830537659341603 0.25417789704463545;3.822262254832
0.897650352827865 -0.25292832888603467;3.711184169150
0.945172966846595 0.38044223646391895;4.291153676310
0.813432993162874 -0.012946347320674123;2.893382299561
1.2074445649870855 0.05310490483840309;4.030172722402
0.28280290950475806 -0.18827841933586054;2.5658749215578
-0.3628320732842647 0.37430768368264256;3.631830144658
-0.010905512175668208 0.009117917634363482;0.04557960503523
PointOptimal;ValeurOptimale
[-0.01090551  0.00911792];0.04557960503523262
Temps;Nb iteration
0.09660458564758301;1000