Point;Valeur
7.178911469280585 3.450924705851733;214.20119087192
7.024750433347377 3.2967636699185245;196.23184869106
6.818022388449502 3.090086988250091;173.4805258061
6.577818273982346 2.850102526084405;148.98382279744
6.314661719938093 2.5875348049466127;124.54187980887
6.035636734613188 2.3097784918248507;101.36457701397
5.746064331458322 2.0226125937106083;80.29211584551
5.45027401868312 1.7310247665140113;61.897884827353
5.152037398941629 1.4397157587827158;46.54263919789
4.854848372386521 1.1534679959755787;34.40287495770
4.562121165268721 0.8774401386280183;25.483314551870
4.277332088482746 0.6173853528897186;19.61983537440
4.004106253458092 0.3797354339139356;16.47977854221
3.746233604481354 0.17144259618063418;15.569644828833
3.5075892407918583 -0.0005376328526391083;16.263222355641
3.291937863621719 -0.13013782090987697;17.8610586221
3.1026288750065554 -0.2132281781433161;19.67960675933
2.94223350423418 -0.24839328604862526;21.148543428333
2.8122144704035055 -0.23706215385616233;21.883456358829
2.7127203054326263 -0.1829767981663275;21.711368760008
2.6425513667705713 -0.09132751637420997;20.650090132613
2.599279525355967 0.03206485082137632;18.859206916438
2.5794575799564807 0.18131228218963857;16.58245203567
2.5788467514670455 0.3507462745760437;14.094386725873
2.592613507806423 0.5349979018566385;11.656900539298
2.6154819042331345 0.728956494450341;9.486464439486
2.641860611306451 0.9276771096113618;7.731419523838
2.6659882886002615 1.1262911944997063;6.458892918127
2.6821515218121865 1.3199673574979573;5.652161380805
2.6850158568488673 1.5039658873430173;5.220252902616
2.6700617205354695 1.6738199889104455;5.020878092577
2.634041804785042 1.8256459094770559;4.894451328287
2.5753207219596463 1.9565320853988735;4.701930300618
2.493979654396564 2.0649071968175603;4.355791808154
2.391671356025198 2.1507770127956802;3.834929776522
2.271319663509998 2.2157673365466257;3.1802895397509
2.13679469801764 2.2629848530276204;2.4747882700435
1.9926531834352081 2.296755521453493;1.8149427330516
1.84395915127791 2.3222936851427405;1.2821129206947
1.696135144988494 2.345311099259448;0.9200928614900
1.554755021984355 2.3715363218315195;0.724451593179
1.4251886227991064 2.406124535799255;0.647294433785
1.3120654161456085 2.453011944611134;0.6173353424082
1.2186393748279798 2.514362070621904;0.5688002872032
1.1462479028957278 2.59026653243874;0.46696853468
1.0940612950496738 2.6787555094925453;0.31849436710144
1.0591948371528348 2.7760346632855124;0.16226177089837
1.0371173051900824 2.876830681525273;0.046168171319464
1.0222563528147037 2.9748226722261535;0.0011633714532920
1.0087587193168794 3.063264737916305;0.02482865579497
0.9913929000221937 3.135921551819619;0.08338462901020
0.9664974145980415 3.1882405141277133;0.1323322207330
0.9327435416009356 3.2183764103533945;0.1435606473099
0.891474362517839 3.227616540800787;0.12031767665001
0.8465421391024509 3.220076367544938;0.08973502433473
0.8036931381042534 3.201876218620791;0.07941446260930
0.7695130453785534 3.180013520295257;0.09571937403048
0.7499404701595425 3.160990702668526;0.12018079870
0.7486357538988537 3.149329137577657;0.127127829033
0.7658437608813824 3.146391278714809;0.10707030390066
0.7982416315532227 3.1500048675172536;0.07392159895102
0.8397013401784607 3.155069617578858;0.04985161816773
0.8826671647409483 3.155046554857267;0.04349572698676
0.9200126741055538 3.1441069950486833;0.043610126215500
0.9471072615526862 3.119354178411402;0.03471155369311
0.9633023510738061 3.08215446770802;0.016361363496153
0.97202203640118 3.0380031988764014;0.0026290309414596
0.9793160624968542 2.995046582573754;0.0030814574859350
0.9912772829130319 2.961492263443546;0.010481794573534
1.011145871232081 2.9424489360800923;0.012050123037412
1.037439450234603 2.9377378110437;0.007742966038081
1.0641672837448222 2.9421169163610017;0.007625856358627
1.0832409896386639 2.947865024401569;0.01351745447455
1.0884167970692202 2.9487211726992753;0.015963963327420
1.0788278890438332 2.943409960554596;0.011394356474588
1.0596744234238207 2.9365095950535056;0.007650315191160
1.0395522413953306 2.9357630050876002;0.00812811953956
1.0256515869526717 2.9469300229504785;0.0064814988392392
1.0193777319638182 2.9693187488360384;0.001827913854279
1.015743498741445 2.9954507340951952;0.0007697969680981
1.0075181048843003 3.0154256943877993;0.00240014564855
0.9915901194229095 3.023700864763667;0.0015677138714431
0.9725183594392737 3.023110853174526;0.0013657672318649
0.959710491284023 3.0220002971751767;0.0034452386235074
0.959638636743303 3.026315329948523;0.0031107004410160
0.9697499577774096 3.033436218332242;0.002073652623636
0.9807306376973075 3.0344362228233206;0.002477296398098
0.9856770304641436 3.0237243601731216;0.0011215373056068
0.9871978624221583 3.0062495109344436;0.00037469877719280
0.9936100746618869 2.993256402171523;0.0007762649805683
1.0073944994267015 2.990021542006802;0.00018095561318698
1.0201340881154706 2.990129091053881;0.000924147734312
1.0221825616941274 2.9852652345107087;0.0009310580305732
1.0156543150916448 2.978362141083553;0.0008564657062898
1.0111604257024016 2.980120529178143;0.0008238354531962
1.0113080344593603 2.9917306568370576;0.00023318825886030
1.0069975081391778 3.001330159769884;0.0003281346563857
0.9951415203886786 3.0027900371818403;4.8502947945992906e
0.987198129295356 3.0052256609228096;0.00042079124425207
0.9894669276939985 3.013041672612526;0.00030620313872733
0.9915570485466102 3.014463291738388;0.00042544822574270
0.9895695009250385 3.0059773808889476;0.00022384543955877
0.9949508678447181 3.0014464185759926;7.950404275605311e
1.0049462805344471 3.0009392693510564;0.00016390670785828
1.0057377466975232 2.9932117783908234;8.341567994028315e
1.005912925296296 2.9896185147684515;0.00022261003275221
1.009759778157056 2.995538222001296;0.00022743595529623
1.002859371903322 2.9950052031900656;5.136416098115626e
0.9985745645311284 2.999336673461027;1.9923575274889163e
0.9982443098862336 3.0065611009835287;0.00013849838840055
0.9910821649580505 3.002576682203038;0.0002470079503166
0.9985389415901447 3.008525017016843;0.00027440865161941
0.993634003801063 2.9974445204311984;0.00036542730292883
1.0079785391256755 3.005179531307709;0.0007830239012670
0.9923898487250059 2.9841135339159033;0.0025186583163475
1.0262580556280338 3.018565041289175;0.009070586312431
0.9671854101889559 2.9609290759185307;0.023273442843409
1.0308273842477629 3.0289987904758746;0.016107942196875
1.0010066367292836 3.0026388760148843;6.113603679823996e
0.9694363643499914 2.9736362212459486;0.014592106697265
1.018014487117328 3.0236020079558337;0.00780930717434
1.0068125844073446 3.011590726909275;0.001535483726258
0.9731700260559448 2.975783069645629;0.011729452971437
1.0107174696414465 3.01104461136942;0.0021312002755109
1.0152276496733157 3.0133325225961465;0.003672371233595
0.9805787272343367 2.9771532708866304;0.008045494798401
1.0066751736565298 3.003142479682482;0.0004399783902396
1.0157673293538778 3.0132110099324403;0.0037821160495606
0.9824505105474216 2.981411698783936;0.005877269179787
1.0045539486673227 3.0052663263886825;0.0004342238507991
1.0098872834747499 3.0118951492393724;0.00213715044971
0.9818641578078563 2.9842897667907557;0.005157947479812
1.0094007948652208 3.0114668197147703;0.0019616922515052
1.00144930774728 3.00240993254348;6.748321029774191e
0.9881124042546071 2.987725749213887;0.0026271514762144
1.016572996795086 3.015214280741689;0.004547862614056
0.9878524458901985 2.986083828017256;0.003058494184812
1.0061657978170475 3.004766982566623;0.0005388439331814
1.0030198199773517 3.0024761820504673;0.0001360749434018
0.9899195870112159 2.990348899967264;0.001752088882340
1.0155241924581593 3.0166731807370333;0.004665678870049
0.9780031937220135 2.9792453726863317;0.00822535433792
1.021136737428117 3.022051493856437;0.00839392333635
0.9866170889555445 2.986883012542123;0.003160136150529
0.9998221051865116 2.9994469877969414;2.474369328747009e
1.0127358774202913 3.011929258365756;0.002737985472198
0.980932987736862 2.980030939475566;0.00685757424957
1.0194523047856192 3.0188237677474383;0.00659295730790
0.989609879715009 2.9894201995834857;0.0019788370732995
0.9979221981047255 2.998200177886629;6.770049216548097e
1.0120390642666748 3.012631302992496;0.002738996966514
0.9809462974918316 2.9815758713285856;0.006320843416271
1.0187329915829495 3.0191763801007867;0.006467140373239
0.9880255001791522 2.9881366099402995;0.002557108645496
1.00090391340229 3.0006892081227536;1.1444212049539326e
1.0095163938163443 3.0090929853653843;0.0015584801082402
0.9833932544835391 2.9829461912014663;0.005098748058356
1.0205613187911438 3.0202720151169142;0.0075031670595191
0.9825908405493968 2.982531009284309;0.005474185905491
1.007562931829051 3.0077255977507487;0.001051839345306
1.0037224352960261 3.0040175242777134;0.0002696249226675
0.9865239304578048 2.9868212553547795;0.003197200238192
1.019251051855478 3.0194398135861644;0.006736441624300
0.9800684983858913 2.9800927548319462;0.007142066147467
1.0128021626950214 3.0126837761601744;0.0029229058646743
0.9989351819824955 2.998735604308752;2.4433479878617242e
0.9904215527910158 2.990226671624722;0.0016852294715208
1.0173537208961552 3.0172396234761423;0.005385154145982
0.9795717767014067 2.979566273855738;0.007513645120357
1.016144684459069 3.0162331883741786;0.004717473837898
0.9941638616441171 2.9942982290846043;0.000599064103889
0.9941934233871018 2.9943173230167415;0.0005940209424447
PointOptimal;ValeurOptimale
[0.99419342 2.99431732];0.0005940209424447312
Temps;Nb iteration
0.01055002212524414;171