Point;Valeur
-7.418835875469412 -9.93503557423016;4.594383773937
-7.510851765931832 -9.772915295113453;4.266518890718
-7.59017539068968 -9.623770503429132;3.997076603095
-7.658102399171483 -9.486304405530436;3.7748874908648
-7.715797524743849 -9.359351128468536;3.590924127372
-7.764307807450635 -9.241862497195942;3.4378902496035
-7.8045744812663 -9.132896147349047;3.309888725098
-7.837443660723878 -9.031604838534026;3.202153202350
-7.8636759482359935 -8.937226847091939;3.1108312304891
-7.883955070976157 -8.849077329045205;3.0328089762567
-7.898895645559179 -8.766540555560713;2.9655695601988
-7.909050158382385 -8.689062932479434;2.907078563709
-7.914915241035388 -8.616146724949704;2.855691495740
-7.9169373118040625 -8.54734441584431;2.8100790072798
-7.915517647476705 -8.482253634004568;2.7691664496041
-7.911016942813987 -8.42051259469142;2.7320850251646
-7.903759409561502 -8.361796000605192;2.698132307695
-7.8940364614761975 -8.30581135683045;2.666740334473
-7.8821100271015325 -8.25229565802496;2.637449818457
-7.868215527982237 -8.201012410183399;2.60988930648
-7.852564556091195 -8.151748953196122;2.583758334903
-7.835347280853682 -8.104314053850043;2.5588138158945
-7.816734612992924 -8.058535741911303;2.5348590348995
-7.796880149887684 -8.014259364778457;2.5117347582890
-7.775921924416245 -7.971345838606194;2.4893120465625
-7.753983977205124 -7.929670076053032;2.4674864459549
-7.73117777001201 -7.889119572880443;2.4461732940770
-7.707603456422312 -7.849593137198891;2.4253039258875
-7.683351024183558 -7.8109997471980215;2.404822607387
-7.65850132214198 -7.773257524131136;2.384684057369
-7.633126983471755 -7.736292809057243;2.3648514444820
-7.607293255681753 -7.700039332884547;2.3452947684789
-7.581058746750749 -7.664437470152709;2.325989551875
-7.554476095927505 -7.629433568257877;2.3069157825659
-7.527592576752589 -7.594979344380636;2.2880570592113
-7.500450639237968 -7.56103134333512;2.2693999005409
-7.473088397193173 -7.527550450174669;2.250933187095
-7.44554006639256 -7.494501452028157;2.232647710042
-7.4178363584959754 -7.461852644182915;2.214535806515
-7.390004835139948 -7.429575475972012;2.196591064878
-7.362070226268472 -7.397644232382465;2.178808086486
-7.3340547163705665 -7.366035747864334;2.1611822931607
-7.30597820172126 -7.334729149035912;2.143709771548
-7.2778585217118845 -7.30370562334625;2.1263871473301
-7.249711666770693 -7.272948211140193;2.109211483543
-7.221551965306617 -7.242441618696677;2.0921801983855
-7.1933922517645215 -7.212172050159122;2.075290998775
-7.1652440176937375 -7.182127056452547;2.0585418266419
-7.13711754758809 -7.152295399429189;2.0419308155004
-7.109022040954265 -7.1226669297606655;2.025456255339
-7.080965722122741 -7.0932324771593365;2.0091165642450
-7.052955938884942 -7.063983751669387;1.9929102654311
-7.024999251251963 -7.03491325495116;1.97683596868
-6.997101511174513 -7.006014200500214;1.9608923553532
-6.969267934250325 -6.977280441950679;1.9450781661670
-6.941503164176133 -6.948706408594571;1.9293921914374
-6.91381133067982 -6.92028704741735;1.913833263075
-6.886196101650384 -6.892017770993075;1.8984002481615
-6.858660729932183 -6.863894410672213;1.8830920437228
-6.831208095425765 -6.835913174416223;1.867907572487
-6.803840742950989 -6.808070608959557;1.8528457794643
-6.776560916256365 -6.780363565796723;1.8379056291567
-6.749370588605224 -6.752789170545885;1.8230861032920
-6.72227149028317 -6.725344795445;1.8083861989829
-6.6952651332959405 -6.698028034636014;1.7938049272276
-6.6683528336165026 -6.6708366819213545;1.7793413116899
-6.641535731135669 -6.64376871076308;1.764994387688
-6.614814807632008 -6.616822256316556;1.7507632013831
-6.588190902918932 -6.589995599286961;1.7366468091014
-6.561664729348358 -6.563287151382557;1.722644276778
-6.535236884861149 -6.536695442271434;1.7087546794987
-6.50890786470989 -6.510219107819257;1.6949771011079
-6.4826780719975545 -6.483856879557781;1.6813106338958
-6.4565478271755765 -6.457607575172421;1.6677543783263
-6.4305173765372174 -6.431470089987361;1.6543074428060
-6.404586899885636 -6.405443389275948;1.6409689434858
-6.378756517412548 -6.379526501374865;1.6277380040936
-6.353026295905877 -6.353718511487234;1.6146137557927
-6.327396254279243 -6.32801855608496;1.6015953370387
-6.301866368602667 -6.302425817928256;1.5886818934803
-6.276436576577112 -6.276939521519342;1.5758725778410
-6.251106781578429 -6.251558929083611;1.5631665498349
-6.225876856295834 -6.226283336902451;1.550562976077
-6.200746645972089 -6.201112072040768;1.5380610299995
-6.175715971374565 -6.1760444894118045;1.525659891787
-6.150784631400306 -6.151079969114665;1.5133587483001
-6.125952405462208 -6.126217914069667;1.5011567930118
-6.101219055598904 -6.101457747840275;1.4890532259354
-6.076584328416004 -6.076798912738514;1.477047253575
-6.052047956779745 -6.0522408680882585;1.4651380888619
-6.027609661374285 -6.027783088639229;1.4533249510900
-6.003269152093942 -6.003425063203462;1.441607065873
-5.979026129284726 -5.979166293377897;1.4299836650857
-5.954880284874633 -5.955006292396138;1.4184539868040
-5.93083130336759 -5.930944584130923;1.40701727526
-5.906878862751277 -5.906980702154005;1.3956727807858
-5.883022635326014 -5.883114188946738;1.3844197597705
-5.859262288397289 -5.85934459510349;1.3732574745939
-5.835597484979054 -5.835671478710875;1.3621851935966
-5.812027884357079 -5.8120944047198115;1.3512021910203
-5.788553142612834 -5.788612944418052;1.3403077469610
-5.765172913107904 -5.765226674931416;1.3295011473211
-5.741886846910987 -5.74193517878782;1.318781683763
-5.718694593181837 -5.718738043538718;1.3081486536671
-5.695595799501383 -5.695634861373364;1.2976013600739
-5.672590112187493 -5.672625228813814;1.2871391116452
-5.649677176587414 -5.649708746436836;1.2767612226235
-5.6268566373020406 -5.626885018597616;1.266467012778
-5.604128138411973 -5.604153653198313;1.2562558073641
-5.581491323692809 -5.5815142614853315;1.2461269370787
-5.558945836774825 -5.5589664578465765;1.236079738015
-5.53649132129906 -5.536509859644607;1.2261135516177
-5.514127421100319 -5.514144087074897;1.2162277246497
-5.49185378028432 -5.491868762995395;1.2064216091336
-5.469670043373014 -5.4696835128296435;1.1966945623213
-5.4475758553996805 -5.447587964439393;1.1870459466479
-5.4255708619932435 -5.42558174801875;1.177475129687
-5.4036547094679825 -5.40366449600268;1.1679814841132
-5.381827044891708 -5.38183584298806;1.1585643876585
-5.3600875161647 -5.3600954256529505;1.1492232230760
-5.338435772052009 -5.338442882679441;1.1399573780912
-5.316871462255211 -5.316877854710597;1.130766245370
-5.295394237455476 -5.29539998427331;1.1216492224782
-5.274003749340473 -5.274008915729855;1.1126057118315
-5.2526996506599914 -5.252704295243806;1.1036351206715
-5.231481595242087 -5.231485770724415;1.094736861017
-5.21034923802717 -5.210352991783555;1.085910349627
-5.189302235087741 -5.1893056097159835;1.0771550079650
-5.168340243658889 -5.1683432774509015;1.0684702621581
-5.1474629221526484 -5.147465649532219;1.0598555429627
-5.126669930170554 -5.126672382084465;1.0513102857242
-5.105960928521583 -5.105963132793054;1.0428339303417
-5.08533557923651 -5.08533756087558;1.034425921230
-5.0647935455696995 -5.064795327060285;1.026085707285
-5.0443344920134585 -5.044336093573502;1.0178127418455
-5.023958084307008 -5.02395952411095;1.0096064826560
-5.003663989447247 -5.003665283832348;1.0014663918388
-4.983451875679783 -4.983453039332712;0.9933919358493
-4.963321412515079 -4.963322458638768;0.9853825854474
-4.943272270726656 -4.943273211191006;0.9774378156604
-4.92330412234751 -4.923304967822155;0.9695571057462
-4.903416640680874 -4.90341740076077;0.9617399391639
-4.883609500302011 -4.883610183615083;0.9539858035390
-4.863882377045659 -4.863882991346095;0.9462941906249
-4.844234948023967 -4.8442355002819255;0.9386645962770
-4.824666891610352 -4.8246673880909015;0.9310965204142
-4.80517788743591 -4.805178333772588;0.9235894669852
-4.785767616409149 -4.785768017666758;0.9161429439438
-4.766435760690875 -4.766436121422892;0.9087564632079
-4.747182003704953 -4.747182328005561;0.9014295406325
-4.728006030131134 -4.728006321676485;0.8941616959754
-4.708907525901463 -4.708907788003504;0.8869524528682
-4.689886178203871 -4.68988641383546;0.8798013387837
-4.670941675466025 -4.670941887298607;0.8727078850025
-4.652073707366096 -4.652073897805586;0.8656716265882
-4.6332819648201955 -4.633282136024921;0.858692102350
-4.6145661399841735 -4.614566293895372;0.8517688548208
-4.59592592623747 -4.595926064604409;0.8449014302154
-4.577361018202851 -4.577361142595386;0.8380893784141
-4.558871111721288 -4.558871223549598;0.8313322529239
-4.5404559038501695 -4.540456004382698;0.8246296108508
-4.522115092872266 -4.5221151832518665;0.8179810128756
-4.503848378277791 -4.503848459528907;0.811386023218
-4.48565546076799 -4.4856555338128;0.8048442096148
-4.46753604224617 -4.46753610791535;0.7983551432859
-4.449489825819491 -4.449489884855808;0.7919183989101
-4.431516515786409 -4.431516568860864;0.7855335545955
-4.4136158176384725 -4.413615865350302;0.7792001918516
-4.395787438045964 -4.395787480942374;0.7729178955618
-4.378031084877641 -4.378031123439456;0.7666862539591
-4.360346467163055 -4.3603465018316285;0.7605048585947
-4.342733295117672 -4.342733326284122;0.7543733043148
-4.325191280115959 -4.325191308135523;0.7482911892312
-4.307720134696769 -4.307720159890593;0.7422581146959
-4.290319572574102 -4.290319595223863;0.7362736852794
-4.272989308601225 -4.272989328961689;0.7303375087368
-4.255729058783231 -4.255729077087633;0.7244491959868
-4.238538540269861 -4.238538556724524;0.7186083610838
-4.2214174713680634 -4.221417486157783;0.7128146212002
-4.20436557150073 -4.204365584795948;0.7070675965887
-4.187382561238991 -4.187382573190412;0.7013669105685
-4.17046816227171 -4.170468173017483;0.6957121894934
-4.153622097418051 -4.15362210707838;0.6901030627313
-4.136844090614911 -4.136844099299239;0.6845391626392
-4.120133866907956 -4.120133874716753;0.6790201245366
-4.103491152464176 -4.103491159483561;0.6735455866862
-4.086915674550358 -4.086915680861065;0.6681151902670
-4.070407161529495 -4.070407167203289;0.6627285793490
-4.053965342871553 -4.053965347973023;0.6573854008753
-4.037589949132839 -4.037589953717601;0.6520853046339
-4.021280711958688 -4.021280716083259;0.6468279432382
-4.005037364083471 -4.005037367790909;0.6416129721021
-3.9888596393117464 -3.988859642644213;0.636440049416
-3.972747272531725 -3.9727472755286914;0.6313088361325
-3.9566999996955303 -3.95670000238929;0.6262189959299
-3.9407175578272717 -3.9407175602492224;0.6211701952044
-3.9247996850122817 -3.924799687189335;0.6161621030406
-3.9089461203917324 -3.908946122348109;0.6111943911909
-3.8931566041608416 -3.893156605919865;0.606266734054
-3.877430877566182 -3.877430879145793;0.6013788086571
-3.8617686828967095 -3.861768684317541;0.5965302946275
-3.846169763486456 -3.846169764764655;0.5917208741789
-3.8306338637037634 -3.8306338648527856;0.5869502320862
-3.815160728950387 -3.815160729982791;0.582218055666
-3.7997501056552156 -3.799750106583561;0.5775240347581
-3.784401741274273 -3.784401742108427;0.5728678617006
-3.769115384279951 -3.7691153850288845;0.5682492313135
-3.753890784162806 -3.7538907848372833;0.5636678408781
-3.738727691427968 -3.738727692033372;0.5591233901165
-3.723625857584379 -3.7236258581278854;0.5546155811717
-3.7085850351456866 -3.7085850356344725;0.5501441185887
-3.6936049776275564 -3.693604978066107;0.5457087092949
-3.6786854395395956 -3.678685439933293;0.5413090625811
-3.6638261763817663 -3.663826176735096;0.5369448900813
-3.649026944646179 -3.6490269449645236;0.5326159057566
-3.6342875018036374 -3.6342875020896876;0.5283218258722
-3.6196076063099163 -3.6196076065681577;0.5240623689836
-3.6049870175941017 -3.6049870178254313;0.5198372559142
-3.5904254960550013 -3.5904254962630073;0.5156462097387
-3.575922803062042 -3.5759228032476216;0.5114889557649
-3.5614787009454023 -3.5614787011130407;0.5073652215153
-3.5470929530004973 -3.5470929531519886;0.5032747367105
-3.5327653234781113 -3.5327653236143526;0.49921723325002
-3.5184955775763243 -3.5184955777000066;0.4951924451943
-3.504283481449482 -3.5042834815606057;0.49120010874996
-3.490128802189359 -3.4901288022897177;0.48723996224888
-3.47603130783323 -3.476031307923721;0.4833117461340
-3.4619907673540045 -3.461990767434628;0.47941520294
-3.4480069506566373 -3.4480069507300843;0.4755500772811
-3.434079628579923 -3.4340796286461934;0.471716115826
-3.4202085728839364 -3.4202085729430305;0.46791306728923
-3.406393556251828 -3.406393556304643;0.4641406824101
-3.392634352287132 -3.3926343523354614;0.4603987139393
-3.3789307355065894 -3.3789307355504334;0.4566869166199
-3.3652824813365605 -3.3652824813759192;0.4530050471729
-3.3516893661130247 -3.351689366148795;0.4493528642814
-3.338151167075301 -3.3381511671083803;0.4457301285742
-3.3246676623615627 -3.324667662391951;0.44213660261014
-3.3112386310070434 -3.3112386310347404;0.4385720508626
-3.2978638529386544 -3.297863852964557;0.4350362397041
-3.284543108974985 -3.2845431089972994;0.4315289373915
-3.271276180815537 -3.2712761808360575;0.4280499140495
-3.258062851046109 -3.2580628510639382;0.42459894165699
-3.244902903128926 -3.244902903144961;0.42117579403146
-3.2317961214017448 -3.2317961214150888;0.4177802468140
-3.21874229107247 -3.218742291084917;0.4144120774551
-3.2057411982164634 -3.2057411982271162;0.4110710651990
-3.1927926297765445 -3.1927926297854032;0.40775699107134
-3.179896373554019 -3.1798963735619807;0.40446963786269
-3.1670522182059884 -3.1670522182103618;0.40120879011429
-3.154259953244452 -3.1542599532488254;0.39797423410621
-3.1415193690336167 -3.14151936903799;0.3947657578410
-3.1288302567836173 -3.1288302567870936;0.39158315103102
-3.1161924085451336 -3.11619240854861;0.3884262050834
-3.1036056172147735 -3.1036056172173527;0.3852947130886
-3.0910696765216166 -3.091069676524196;0.3821884698047
-3.0785843810290086 -3.078584381031588;0.37910727164494
-3.066149526130973 -3.066149526133552;0.37605091666404
-3.053764908045931 -3.0537649080485103;0.37301920454482
-3.0414303238184974 -3.0414303238201796;0.3700119365859
-3.029145571310508 -3.029145571311293;0.36702891568769
-3.0169104492010206 -3.016910449202703;0.3640699463401
-3.004724756985418 -3.0047247569871;0.3611348346098
-2.9925882949673337 -2.992588294969016;0.35822338812722
-2.980500864255962 -2.9805008642576443;0.3553354160734
-2.968462266764263 -2.968462266765945;0.35247072916832
-2.9564723052053736 -2.956472305206159;0.3496291396579
-2.944530783093507 -2.944530783093395;0.34681046130339
-2.9326375047295965 -2.9326375047294846;0.3440145093658
-2.9207922752111664 -2.9207922752101574;0.3412411005972
-2.9089949004197706 -2.9089949004187616;0.33849005322661
-2.897245187021891 -2.897245187020882;0.33576118694874
-2.8855429424662464 -2.8855429424643404;0.33305432291245
-2.8738879749797546 -2.8738879749774;0.33036928370905
-2.8622800935599084 -2.8622800935580024;0.3277058933593
-2.8507191079815035 -2.8507191079795975;0.32506397730421
-2.839204828784079 -2.8392048287826217;0.32244336239146
-2.827737067276404 -2.8277370672749464;0.3198438768657
-2.8163156355257106 -2.8163156355229075;0.3172653503559
-2.8049403463576965 -2.804940346356239;0.31470761386484
-2.7936110133583174 -2.79361101335686;0.3121704997581
-2.78232745086392 -2.7823274508624625;0.30965384175307
-2.7710894739625873 -2.77108947396113;0.3071574749080
-2.7598968984878596 -2.759896898486402;0.30468123561115
-2.7487495410182854 -2.7487495410163794;0.3022249615697
-2.737647218872488 -2.737647218871479;0.2997884917999
-2.7265897501082685 -2.726589750106811;0.29737166661566
-2.71557695351812 -2.715576953516214;0.29497432761894
-2.7046086486260883 -2.7046086486241823;0.29259631768871
-2.6936846556850806 -2.693684655683623;0.29023748097077
-2.682804795676417 -2.6828047956749597;0.2878976628680
-2.6719688903017573 -2.6719688903003;0.28557671002946
-2.6611767619844455 -2.661176761982988;0.2832744703408
-2.650428233865923 -2.6504282338644654;0.28099079291479
-2.6397231298016903 -2.6397231298006814;0.27872552808029
-2.629061274357272 -2.6290612743567117;0.276478527372
-2.6184424928100096 -2.6184424928090007;0.27424964352601
-2.607866611139194 -2.607866611138185;0.27203873045967
-2.597333456030551 -2.597333456029542;0.2698456432725
-2.586842854868168 -2.5868428548667106;0.2676702382311
-2.5763946357349425 -2.5763946357330365;0.2655123727615
-2.5659886274067505 -2.5659886274048445;0.263371905439
-2.5556246593519987 -2.555624659350541;0.2612486959793
-2.5453025617284846 -2.5453025617265785;0.2591426052294
-2.535022165378014 -2.5350221653765566;0.257053495158
-2.524783301829541 -2.524783301828532;0.2549812288477
-2.5145858032901973 -2.514585803289637;0.25292567048428
-2.5044295026443946 -2.504429502644731;0.25088668534
-2.4943142334538253 -2.494314233454162;0.24886413980844
-2.4842398299498374 -2.484239829950174;0.24685790130840
-2.474206127036574 -2.474206127037359;0.24486783836269
-2.464212960283348 -2.4642129602836844;0.24289382054517
-2.454260165923297 -2.454260165924082;0.24093571848159
-2.4443475808533837 -2.4443475808537203;0.23899340384098
-2.4344750426267696 -2.4344750426275548;0.23706674932698
-2.4246423894541618 -2.424642389454947;0.23515562866959
-2.4148494602006725 -2.4148494602014576;0.2332599166173
-2.4050960943808857 -2.405096094381671;0.23137948892832
-2.395382132159754 -2.395382132160539;0.22951422236288
-2.385707414346319 -2.3857074143466557;0.2276639946747
-2.376071782392815 -2.376071782392703;0.22582868460332
-2.3664750783915283 -2.3664750783914164;0.22400817186591
-2.356917145074349 -2.356917145074237;0.22220233714980
-2.347397825807838 -2.347397825807726;0.2204110621042
-2.3379169645914315 -2.3379169645913196;0.2186342293329
-2.3284744060538536 -2.3284744060546387;0.2168717223859
-2.319069995453116 -2.3190699954539014;0.21512342575250
-2.3097035786711366 -2.3097035786723703;0.2133892248531
-2.3003750022128404 -2.300375002214074;0.2116690060323
-2.2910841132043673 -2.291084113205601;0.2099626565512
-2.2818307593872404 -2.2818307593889227;0.20827006457958
-2.2726147891197117 -2.2726147891209454;0.20659111918913
-2.263436051371828 -2.2634360513726133;0.20492571034605
-2.2542943957245347 -2.2542943957248713;0.20327372890383
-2.2451896723656377 -2.245189672365526;0.20163506659588
-2.236121732089356 -2.236121732089244;0.20000961602888
-2.227090426290939 -2.2270904262912756;0.1983972706751
-2.218095606968909 -2.2180956069692455;0.19679792486622
-2.2091371267169873 -2.2091371267168753;0.19521147378556
-2.200214838724544 -2.2002148387248806;0.1936378134617
-2.191328596776148 -2.1913285967764846;0.19207684076198
-2.18247825524484 -2.182478255245625;0.19052845338473
-2.1736636690939264 -2.173663669094263;0.18899254985358
-2.1648846938706994 -2.1648846938714845;0.18746902951029
-2.1561411857073347 -2.15614118570812;0.185957792508
-2.1474330013177516 -2.1474330013185368;0.18445873980601
-2.138759997991782 -2.138759997992567;0.18297177316045
-2.130122033600104 -2.1301220336004407;0.18149679512117
-2.121518966584375 -2.1215189665842633;0.18003370902308
-2.112950655959474 -2.112950655959362;0.1785824189807
-2.104416961309015 -2.1044169613093517;0.17714282988183
-2.0959177427853497 -2.095917742786135;0.17571484738096
-2.087452861104631 -2.0874528611049676;0.17429837789338
-2.0790221775459177 -2.079022177546703;0.1728933285891
-2.0706255539484824 -2.070625553949716;0.1714996073866
-2.0622628527104663 -2.0622628527117;0.17011712294688
-2.0539339367857394 -2.053933936786973;0.16874578466730
-2.045638669680761 -2.0456386696819946;0.16738550267583
-2.0373769154559245 -2.037376915456261;0.16603618782533
-2.029148538717485 -2.0291485387175974;0.16469775168718
-2.020953404621147 -2.020953404621259;0.16337010654600
-2.0127913788662326 -2.012791378866345;0.1620531653935
-2.004662327695908 -2.0046623276960203;0.16074684192333
-1.9965661178915743 -1.996566117891911;0.1594510505245
-1.988502616775785 -1.9885026167761217;0.15816570627699
-1.9804716922039471 -1.9804716922042838;0.15689072494487
-1.9724732125674609 -1.9724732125677975;0.15562602297187
-1.9645070467890107 -1.9645070467893473;0.15437151747537
-1.956573064320322 -1.9565730643206587;0.1531271262409
-1.9486711351408164 -1.9486711351409287;0.1518927677172
-1.9408011297549193 -1.9408011297548073;0.15066836101031
-1.932962919191164 -1.9329629191908277;0.14945382587869
-1.9251563749974814 -1.9251563749971452;0.1482490827277
-1.9173813692427704 -1.9173813692419857;0.14705405260471
-1.9096377745112907 -1.9096377745102817;0.14586865719354
-1.9019254639022147 -1.9019254639009815;0.14469281880949
-1.8942443110280576 -1.8942443110268243;0.14352646039439
-1.8865941900115373 -1.886594190010304;0.14236950551131
-1.878974975484005 -1.8789749754827718;0.14122187833971
-1.8713865425829783 -1.871386542581745;0.14008350367033
-1.8638287669505709 -1.8638287669497862;0.13895430690044
-1.8563015247323715 -1.8563015247313626;0.1378342140288
-1.8488046925725103 -1.8488046925717256;0.13672315165106
-1.8413381476145556 -1.841338147613771;0.1356210469543
-1.8339017674979257 -1.8339017674975895;0.134527827713
-1.8264954303574403 -1.8264954303571042;0.1334434222846
-1.8191190148186114 -1.8191190148187237;0.13236775960299
-1.8117723999987638 -1.8117723999988762;0.1313007691758
-1.804455465502775 -1.8044554655028873;0.13024238107932
-1.7971680914217285 -1.7971680914218409;0.12919252595298
-1.7899101583322423 -1.7899101583323547;0.12815113499604
-1.7826815472928796 -1.7826815472927677;0.12711813996233
-1.7754821398419067 -1.7754821398415706;0.12609347315588
-1.7683118179968442 -1.7683118179967323;0.12507706742668
-1.7611704642524488 -1.7611704642521127;0.12406885616618
-1.7540579615769007 -1.7540579615765646;0.12306877330282
-1.746974193412028 -1.746974193411916;0.12207675329789
-1.7399190436706151 -1.7399190436705032;0.1210927311410
-1.7328923967339365 -1.7328923967338246;0.1201166423463
-1.7258941374513075 -1.7258941374511956;0.11914842294754
-1.7189241511358238 -1.7189241511357118;0.11818800949431
-1.711982323565258 -1.7119823235653704;0.11723533904800
-1.7050685409780235 -1.7050685409781359;0.11629034917732
-1.6981826900727253 -1.6981826900728376;0.11535297795451
-1.6913246580050205 -1.6913246580049086;0.1144231639510
-1.6844943323864974 -1.6844943323863855;0.11350084623368
-1.677691601283105 -1.6776916012832173;0.11258596436064
-1.6709163532142561 -1.6709163532143685;0.11167845837756
-1.6641684771472214 -1.6641684771473337;0.1107782688132
-1.6574478624995952 -1.6574478624997075;0.10988533667618
-1.6507543991352596 -1.6507543991351477;0.10899960345056
-1.6440879773625898 -1.6440879773627022;0.10812101109233
-1.637448487934006 -1.6374484879338942;0.10724950202548
-1.6308358220428336 -1.6308358220427217;0.106385019138
-1.6242498713217328 -1.624249871321621;0.10552750577953
-1.6176905278411295 -1.617690527841242;0.10467690575468
-1.6111576841085422 -1.611157684109103;0.10383316332251
-1.604651233064545 -1.604651233065106;0.10299622319105
-1.5981710680832166 -1.5981710680837775;0.1021660305143
-1.591717082968103 -1.5917170829688883;0.10134253088854
-1.5852891719531153 -1.5852891719536761;0.10052567034850
-1.5788872296982674 -1.5788872296988283;0.09971539536420
-1.5725111512903505 -1.5725111512909113;0.0989116528373
-1.5661608322393432 -1.566160832239904;0.09811439009766
-1.5598361684772915 -1.559836168477628;0.09732355489961
-1.5535370563567379 -1.5535370563572988;0.09653909541897
-1.5472633926491524 -1.5472633926497132;0.09576096024932
-1.5410150745431377 -1.5410150745434743;0.09498909839878
-1.5347919996419628 -1.5347919996425237;0.09422345928663
-1.5285940659628898 -1.5285940659634507;0.09346399273991
-1.5224211719367258 -1.5224211719370624;0.09271064899046
-1.5162732164022157 -1.5162732164025523;0.09196337867116
-1.5101500986078369 -1.5101500986081735;0.09122213281303
-1.504051718209332 -1.5040517182094444;0.09048686284194
-1.497977975267915 -1.497977975267803;0.08975752057550
-1.491928770247804 -1.4919287702479163;0.0890340582197
-1.4859040040155485 -1.485904004015885;0.08831642836599
-1.4799035778391327 -1.4799035778394694;0.08760458398806
-1.4739273933846113 -1.473927393384948;0.08689847843880
-1.4679753527154364 -1.467975352715773;0.0861980654472
-1.4620473582902154 -1.4620473582907763;0.0855032991153
-1.4561433129627104 -1.4561433129632713;0.08481413391547
-1.4502631199780263 -1.4502631199785871;0.08413052468676
-1.4444066829735074 -1.4444066829740683;0.08345242663277
-1.4385739059742524 -1.4385739059748133;0.08277979531803
-1.4327646933938991 -1.43276469339446;0.08211258666547
-1.4269789500326062 -1.4269789500332792;0.08145075695348
-1.421216581074362 -1.421216581075035;0.08079426281286
-1.415477492086648 -1.4154774920874331;0.08014306122420
-1.4097615890186448 -1.4097615890193178;0.07949710951493
-1.4040687781989896 -1.4040687781996626;0.07885636535656
-1.398398966335103 -1.3983989663358882;0.07822078676192
-1.3927520605109471 -1.3927520605117323;0.07759033208234
-1.3871279681864639 -1.387127968187249;0.07696496000504
-1.3815265971948847 -1.3815265971955577;0.0763446295503
-1.3759478557420572 -1.3759478557428424;0.0757293000688
-1.3703916524048758 -1.3703916524055488;0.07511893123927
-1.3648578961290385 -1.3648578961298237;0.07451348306507
-1.3593464962285988 -1.359346496229384;0.07391291587240
-1.3538573623840593 -1.353857362384508;0.07331719030728
-1.348390404640129 -1.3483904046404656;0.0727262673330
-1.3429455334052747 -1.3429455334056113;0.0721401082277
-1.3375226594501515 -1.3375226594506002;0.07155867458172
-1.3321216939059204 -1.3321216939063691;0.07098192829501
-1.3267425482625665 -1.3267425482629032;0.07040983157482
-1.3213851343676657 -1.3213851343678902;0.06984234693312
-1.3160493644247022 -1.3160493644249267;0.06927943718411
-1.3107351509923963 -1.310735150992733;0.06872106544190
-1.3054424069823494 -1.3054424069825739;0.06816719511792
-1.3001710456581466 -1.300171045658259;0.06761778991871
-1.2949209806336752 -1.2949209806338997;0.06707281384342
-1.2896921258718912 -1.2896921258720035;0.06653223118144
-1.284484395683249 -1.2844843956833614;0.06599600651015
-1.2792977047248049 -1.279297704724693;0.06546410469256
-1.2741319679975254 -1.2741319679974135;0.06493649087492
-1.2689871008467362 -1.2689871008466242;0.06441313048461
-1.2638630189595428 -1.2638630189593187;0.06389398922772
-1.2587596383630366 -1.2587596383627004;0.06337903308685
-1.2536768754240706 -1.2536768754237344;0.0628682283189
-1.248614646847465 -1.2486146468470167;0.06236154145285
-1.2435728696742137 -1.2435728696737653;0.06185893928756
-1.2385514612806985 -1.2385514612803623;0.0613603888896
-1.233550339377008 -1.233550339376784;0.060865857591074
-1.2285694220058156 -1.2285694220058159;0.0603753129875
-1.2236086275410345 -1.2236086275408105;0.05988872293570
-1.2186678746857986 -1.2186678746856867;0.05940605555164
-1.2137470824721268 -1.2137470824719028;0.05892727920837
-1.2088461702589042 -1.2088461702586801;0.05845236253397
-1.2039650577310972 -1.2039650577308731;0.05798127440948
-1.1991036648977353 -1.1991036648977356;0.05751398396684
-1.1942619120914626 -1.194261912091575;0.057050460586899
-1.1894397199664068 -1.1894397199666313;0.05659067389736
-1.1846370094978436 -1.184637009497956;0.056134593770885
-1.1798537019793924 -1.1798537019795048;0.05568219032298
-1.1750897190233538 -1.1750897190235783;0.05523343391018
-1.1703449825586902 -1.1703449825586905;0.05478829512801
-1.1656194148293446 -1.1656194148292327;0.05434674480907
-1.1609129383936794 -1.1609129383934553;0.05390875402118
-1.1562254761224582 -1.1562254761223463;0.05347429406537
-1.151556951198958 -1.1515569511989583;0.053043336474185
-1.146907287116166 -1.1469072871160542;0.052615853009601
-1.1422764076763308 -1.1422764076761067;0.05219181566134
-1.1376642369892802 -1.1376642369891683;0.051771196644970
-1.1330706994718613 -1.1330706994718616;0.05135396840006
-1.128495719846258 -1.128495719846146;0.05094010358844
-1.1239392231380845 -1.1239392231377483;0.050529575092314
-1.119401134676386 -1.1194011346761619;0.05012235601258
-1.1148813800924045 -1.1148813800921804;0.04971841966705
-1.1103798853170004 -1.1103798853166642;0.049317739588648
-1.1058965765803157 -1.1058965765799795;0.04892028952366
-1.101431380410877 -1.101431380410653;0.04852604343014
-1.096984223634026 -1.0969842236336897;0.04813497547606
-1.0925550333704608 -1.0925550333702367;0.04774706003771
-1.0881437370353402 -1.0881437370353404;0.04736227169796
-1.0837502623378341 -1.0837502623378343;0.04698058524469
-1.0793745372782086 -1.0793745372780967;0.04660197566897
-1.0750164901477137 -1.075016490147714;0.04622641816358
-1.070676049527574 -1.0706760495275742;0.045853888121278
-1.0663531442875311 -1.0663531442874192;0.04548436113327
-1.0620477035846103 -1.0620477035843863;0.04511781298756
-1.0577596568622232 -1.0577596568621113;0.04475421966740
-1.0534889338484859 -1.0534889338482618;0.044393557349639
-1.0492354645557704 -1.0492354645555464;0.04403580240325
-1.044999179279023 -1.0449991792786868;0.04368093138773
-1.0407800085947543 -1.040780008594418;0.043328921051605
-1.0365778833600308 -1.0365778833596946;0.04297974833083
-1.032392734711241 -1.0323927347109048;0.04263339034736
-1.0282244940630862 -1.02822449406275;0.04228982440763
-1.0240730931070112 -1.0240730931067872;0.041949028001021
-1.019938463810867 -1.019938463810643;0.041610978798425
-1.0158205384170613 -1.0158205384168375;0.041275654650787
-1.0117192494418297 -1.0117192494416059;0.04094303358763
-1.0076345296740012 -1.0076345296737774;0.04061309381564
-1.003566312174271 -1.003566312173879;0.040285813717227
-0.9995145302729563 -0.9995145302726203;0.03996117184905
-0.9954791175706701 -0.995479117570334;0.03963914694075
-0.9914600079357977 -0.9914600079354616;0.03931971789342
-0.9874571355037681 -0.9874571355034321;0.03900286377827
-0.9834704346763251 -0.983470434675989;0.03868856383528
-0.9794998401201255 -0.9794998401198455;0.038376797471803
-0.9755452867660663 -0.9755452867657863;0.03806754426124
-0.971606709807491 -0.971606709807211;0.03776078394170
-0.9676840446999085 -0.9676840446996285;0.0374564964146
-0.9637772271593681 -0.9637772271590881;0.03715466174362
-0.9598861931616737 -0.9598861931613937;0.03685526015288
-0.956010878941263 -0.956010878940983;0.03655827202615
-0.9521512209903665 -0.9521512209900865;0.03626367790532
-0.9483071560575496 -0.9483071560572696;0.0359714584891
-0.9444786211470957 -0.9444786211468718;0.03568159463214
-0.940665553517549 -0.9406655535173811;0.035394067342972
-0.9368678906812655 -0.9368678906811537;0.03510885778357
-0.9330855704028995 -0.9330855704027877;0.034825947267760
-0.9293185306984503 -0.9293185306983945;0.03454531725997
-0.9255667098344211 -0.9255667098343654;0.03426694937414
-0.9218300463267542 -0.9218300463266985;0.03399082537242
-0.9181084789395971 -0.9181084789395975;0.03371692716403
-0.914401946684742 -0.9144019466846302;0.033445236804029
-0.9107103888201118 -0.9107103888200561;0.033175736492193
-0.907033744849256 -0.9070337448492003;0.0329084085718
-0.9033719545201169 -0.9033719545200051;0.03264323552853
-0.8997249578237398 -0.899724957823628;0.03238019998923
-0.8960926949941056 -0.8960926949939938;0.03211928472086
-0.8924751065064479 -0.89247510650628;0.03186047262934
-0.8888721330760763 -0.8888721330759645;0.03160374675836
-0.885283715658432 -0.8852837156583202;0.03134909028839
-0.8817097954471259 -0.8817097954470141;0.031096486535492
-0.8781503138734897 -0.878150313873434;0.030845918950242
-0.8746052126055109 -0.8746052126055113;0.030597371116669
-0.8710744335466553 -0.8710744335466556;0.030350826751145
-0.8675579188351379 -0.8675579188351382;0.030106269701342
-0.8640556108430825 -0.8640556108430828;0.029863683945176
-0.8605674521752876 -0.860567452175288;0.0296230535897
-0.8570933856685542 -0.8570933856685545;0.029384362870271
-0.8536333543904517 -0.8536333543904521;0.029147596149115
-0.8501873016387579 -0.8501873016387022;0.028912737914709
-0.8467551709401688 -0.8467551709401131;0.028679772780554
-0.8433369060495705 -0.8433369060495147;0.02844868548420
-0.8399324509491413 -0.8399324509490855;0.0282194608862
-0.8365417498473993 -0.8365417498472314;0.027992083969504
-0.8331647471780246 -0.8331647471778567;0.027766539837603
-0.829801387599467 -0.8298013875993552;0.027542813714476
-0.8264516159935442 -0.8264516159934324;0.02732089094312
-0.8231153774648814 -0.8231153774647696;0.027100756984762
-0.8197926173399578 -0.8197926173397899;0.02688239741779
-0.8164832811659295 -0.8164832811657616;0.0266657979369
-0.8131873147100688 -0.8131873147099009;0.026450944352209
-0.8099046639585866 -0.8099046639584188;0.026237822588069
-0.8066352751162964 -0.8066352751161285;0.026026418682472
-0.8033790946048758 -0.8033790946047079;0.025816718785920
-0.8001360690626425 -0.8001360690624746;0.025608709160595
-0.796906145343601 -0.7969061453434892;0.025402376179452
-0.7936892705163778 -0.793689270516266;0.025197706325309
-0.7904853918634919 -0.7904853918633801;0.02499468618997
-0.7872944568802898 -0.787294456880234;0.024793302473375
-0.7841164132744971 -0.7841164132744414;0.024593541982656
-0.780951208964929 -0.7809512089648732;0.024395391631349
-0.7777987920807611 -0.7777987920807614;0.024198838438491
-0.7746591109606887 -0.7746591109606891;0.024003869527776
-0.7715321141524223 -0.7715321141524226;0.023810472126740
-0.7684177504112855 -0.7684177504112858;0.02361863356588
-0.7653159686995425 -0.7653159686995429;0.023428341277860
-0.762226718186062 -0.7622267181860624;0.023239582796667
-0.7591499482445785 -0.7591499482445788;0.023052345756789
-0.7560856084536927 -0.756085608453693;0.022866617892431
-0.7530336485955258 -0.7530336485955261;0.022682387036683
-0.7499940186552151 -0.7499940186552154;0.02249964112074
-0.7469666688199045 -0.7469666688199048;0.02231836817311
-0.7439515494779037 -0.743951549477904;0.022138556318
-0.7409486112180153 -0.7409486112180717;0.021960193778637
-0.7379578048286939 -0.7379578048287503;0.021783268868305
-0.7349790812971491 -0.7349790812972055;0.021607769997777
-0.7320123918086724 -0.7320123918086727;0.02143368567045
-0.7290576877457405 -0.7290576877457409;0.02126100448244
-0.7261149206872863 -0.7261149206872867;0.0210897151217
-0.7231840424076896 -0.72318404240769;0.020919806367725
-0.7202650048764409 -0.7202650048763851;0.02075126708998
-0.7173577602568235 -0.7173577602567116;0.020584086248024
-0.7144622609054374 -0.7144622609053255;0.020418252890321
-0.7115784593713301 -0.7115784593713023;0.020253756153650
-0.7087063083954918 -0.7087063083954639;0.02009058526238
-0.7058457609095939 -0.7058457609095661;0.01992872952776
-0.7029967700355131 -0.7029967700354852;0.019768178347213
-0.7001592890845735 -0.7001592890845456;0.019608921203655
-0.6973332715567063 -0.6973332715566785;0.019450947664798
-0.6945186711396367 -0.694518671139609;0.01929424738246
-0.6917154417082672 -0.6917154417082394;0.019138810091905
-0.6889235373237521 -0.6889235373237244;0.018984625611146
-0.6861429122329654 -0.6861429122329377;0.018831683840300
-0.6833735208675475 -0.6833735208675479;0.018679974760916
-0.6806153178432606 -0.6806153178432608;0.018529488435315
-0.677868257959203 -0.6778682579592312;0.018380215005946
-0.6751322961970533 -0.6751322961970815;0.018232144694
-0.6724073877204249 -0.672407387720481;0.018085267802441
-0.6696934878740253 -0.6696934878740815;0.017939574708036
-0.6669905521830112 -0.6669905521830674;0.017795055868057
-0.6642985363521756 -0.6642985363522038;0.017651701815986
-0.6616173962652753 -0.6616173962653035;0.017509503161634
-0.6589470879843573 -0.6589470879843575;0.01736845059052
-0.6562875677488628 -0.656287567748863;0.01722853486326
-0.6536387919751496 -0.6536387919751498;0.017089746814989
-0.6510007172555679 -0.6510007172555681;0.016952077354690
-0.6483733003578429 -0.648373300357815;0.01681551746467
-0.6457564982243744 -0.6457564982243464;0.016680058199959
-0.6431502679715076 -0.6431502679714797;0.0165456906876
-0.6405545668888888 -0.6405545668889169;0.016412406126489
-0.6379693524386518 -0.6379693524386799;0.016280195786040
-0.6353945822548019 -0.6353945822548299;0.01614905100635
-0.6328302141425144 -0.6328302141425144;0.01601896319726
-0.6302762060773501 -0.6302762060773501;0.01588992383789
-0.6277325162048348 -0.6277325162048348;0.01576192447603
-0.6251991028393937 -0.6251991028394217;0.01563495672764
-0.6226759244639031 -0.622675924463931;0.015509012276279
-0.6201629397290458 -0.6201629397290738;0.015384082872535
-0.6176601074525538 -0.6176601074525818;0.015260160333532
-0.6151673866183959 -0.6151673866184239;0.015137236542356
-0.6126847363764405 -0.6126847363764685;0.015015303447547
-0.6102121160415035 -0.6102121160415315;0.014894353062554
-0.6077494850927025 -0.6077494850927305;0.014774377465218
-0.6052968031729249 -0.6052968031729249;0.014655368797254
-0.6028540300880987 -0.6028540300880987;0.014537319263738
-0.60042112580652 -0.60042112580652;0.01442022113259
-0.5979980504582356 -0.5979980504582637;0.014304066734074
-0.5955847643343993 -0.5955847643344274;0.014188848460291
-0.593181227886458 -0.5931812278864861;0.014074558764676
-0.5907874017258157 -0.5907874017258437;0.013961190161518
-0.5884032466228242 -0.5884032466228241;0.013848735225451
-0.5860287235065028 -0.5860287235064747;0.0137371865909
-0.5836637934635294 -0.5836637934635013;0.013626536952008
-0.5813084177379595 -0.5813084177379315;0.013516779061319
-0.5789625577303299 -0.5789625577303019;0.013407905730145
-0.5766261749970976 -0.5766261749970976;0.013299909827671
-0.574299231250135 -0.574299231250135;0.01319278428057
-0.5719816883558897 -0.5719816883558897;0.013086522072578
-0.5696735083349349 -0.5696735083349349;0.012981116243945
-0.5673746533612694 -0.5673746533612694;0.012876559891072
-0.5650850857616725 -0.5650850857616725;0.012772846166011
-0.5628047680151997 -0.5628047680151997;0.012669968276025
-0.5605336627523974 -0.5605336627523974;0.01256791948314
-0.5582717327548822 -0.5582717327548822;0.012466693103725
-0.5560189409545568 -0.5560189409545568;0.012366282508009
-0.5537752504330767 -0.5537752504330767;0.012266681119688
-0.5515406244213178 -0.5515406244213178;0.012167882415482
-0.5493150262986474 -0.5493150262986474;0.012069879924699
-0.5470984195923636 -0.5470984195923636;0.011972667228818
-0.544890767977219 -0.544890767977219;0.011876237961072
-0.5426920352745234 -0.5426920352745234;0.011780585806016
-0.5405021854520033 -0.5405021854520033;0.011685704499135
-0.5383211826227654 -0.5383211826227934;0.011591587826415
-0.5361489910449876 -0.5361489910450156;0.011498229623942
-0.5339855751211624 -0.5339855751211904;0.011405623777499
-0.5318308993976486 -0.5318308993976766;0.011313764222165
-0.5296849285640539 -0.5296849285640819;0.011222644941916
-0.5275476274526749 -0.5275476274527029;0.011132259969238
-0.525418961037768 -0.525418961037796;0.011042603384720
-0.5232988944351566 -0.5232988944351846;0.010953669316682
-0.5211873929016431 -0.521187392901671;0.010865451940785
-0.5190844218343355 -0.5190844218343634;0.010777945479644
-0.5169899467700869 -0.5169899467700869;0.010691144202453
-0.5149039333851315 -0.5149039333851315;0.010605042424619
-0.5128263474942709 -0.5128263474942989;0.010519634507373
-0.5107571550504542 -0.510757155050426;0.0104349148574
-0.5086963221440205 -0.5086963221440204;0.010350877926514
-0.5066438150025455 -0.5066438150025454;0.010267518211213
-0.5045995999899019 -0.5045995999899158;0.010184830252399
-0.5025636436059511 -0.5025636436059648;0.010102808634979
-0.500535912485744 -0.5005359124857578;0.010021447987517
-0.4985163733992835 -0.4985163733992973;0.00994074298188
-0.4965049932507527 -0.49650499325076647;0.009860688332917
-0.49450173907802486 -0.4945017390780386;0.009781278798047
-0.4925065780521305 -0.49250657805214426;0.00970250917698
-0.4905194774767811 -0.4905194774768229;0.009624374311364
-0.48854040478779415 -0.488540404787836;0.009546869084409
-0.4865693275524766 -0.4865693275525045;0.009469988420595
-0.48460621346914834 -0.4846062134691762;0.009393727285316
-0.48265103036672136 -0.4826510303667492;0.009318080684562
-0.4807037462040414 -0.48070374620406925;0.009243043664584
-0.478764329069355 -0.4787643290693829;0.009168611311569
-0.47683274717990337 -0.47683274717993124;0.009094778751325
-0.4749089688812912 -0.47490896888131906;0.009021541148956
-0.47299296264702445 -0.4729929626470523;0.008948893708544
-0.4710846970779356 -0.47108469707796347;0.008876831672840
-0.469184140901735 -0.46918414090176286;0.00880535032294
-0.46729126297249235 -0.4672912629725202;0.00873444497801
-0.4654060322700901 -0.46540603227011795;0.008664110994936
-0.4635284178997187 -0.4635284178997466;0.008594343768025
-0.4616583890914003 -0.46165838909142815;0.008525138728739
-0.45979591519948376 -0.45979591519951163;0.008456491345365
-0.4579409657020704 -0.45794096570209825;0.008388397122726
-0.4560935102006212 -0.4560935102006491;0.008320851601885
-0.4542535184194104 -0.4542535184194383;0.008253850359857
-0.45242096020499273 -0.4524209602050206;0.008187389009312
-0.4505958055257828 -0.4505958055257967;0.00812146319829
-0.4487780244714388 -0.44877802447146664;0.00805606860
-0.4469675872525815 -0.4469675872526094;0.007991200962176
-0.44516446420006617 -0.445164464200108;0.007926856007462
-0.44336862576470154 -0.4433686257647434;0.007863029532499
-0.44158004251660554 -0.4415800425166474;0.007799717357959
-0.4397986851448686 -0.43979868514489645;0.00773691533820
-0.438024524456895 -0.43802452445692286;0.007674619361028
-0.43625753137809453 -0.4362575313781224;0.007612825347364
-0.4344976769513218 -0.43449767695134967;0.007551529251044
-0.4327449323364276 -0.4327449323364695;0.007490727058515
-0.4309992688097965 -0.4309992688098384;0.007430414788583
-0.4292606577638282 -0.4292606577638561;0.007370588492153
-0.4275290707064469 -0.4275290707064748;0.007311244251965
-0.42580447926080706 -0.4258044792608349;0.007252378182343
-0.4240868551645924 -0.42408685516462025;0.007193986428936
-0.4223761702697357 -0.4223761702697495;0.007136065168469
-0.4206723965418441 -0.4206723965418579;0.0070786106084905
-0.4189755060598206 -0.41897550605983447;0.007021618987123
-0.4172854710153316 -0.41728547101534547;0.006965086572819
-0.4156022637124422 -0.41560226371245607;0.006909009664116
-0.41392585656704173 -0.4139258565670556;0.00685338458939
-0.41225622210650725 -0.41225622210652113;0.006798207706621
-0.410593332969199 -0.41059333296921285;0.006743475403150
-0.4089371619040118 -0.4089371619040257;0.006689184095444
-0.4072876817699267 -0.4072876817699266;0.006635330228860
-0.40564486553557627 -0.40564486553557616;0.006581910277415
-0.40400868627881015 -0.4040086862788241;0.006528920743549
-0.4023791171862466 -0.4023791171862605;0.006476358157903
-0.40075613155279577 -0.40075613155280965;0.00642421907908
-0.39913970278132344 -0.39913970278132327;0.006372500093454
-0.3975298043821184 -0.39752980438210417;0.006321197814883
-0.3959264099724017 -0.3959264099723875;0.0062703088845451
-0.3943294932761166 -0.3943294932761024;0.006219829970695
-0.39273902812328376 -0.39273902812326955;0.00616975776844
-0.3911549884496788 -0.3911549884496506;0.00612008899956
-0.38957734829634166 -0.3895773482963275;0.006070820412224
-0.38800608180922647 -0.38800608180921226;0.006021948780837
-0.38644116323872457 -0.38644116323871036;0.00597347090581
-0.3848825669392304 -0.3848825669392162;0.005925383613349
-0.3833302673687907 -0.3833302673687765;0.00587768375524
-0.38178423908864245 -0.38178423908862824;0.0058303682086595
-0.3802444567627218 -0.38024445676270757;0.005783433875950
-0.3787108951573979 -0.37871089515739775;0.005736877684436
-0.37718352914098263 -0.37718352914098247;0.005690696586209
-0.37566233368323954 -0.3756623336832394;0.005644887557933
-0.37414728385515994 -0.37414728385515983;0.0055994476006477
-0.37263835482840213 -0.372638354828402;0.005554373739568
-0.37113552187489884 -0.37113552187489873;0.005509663023894
-0.369638760366521 -0.3696387603665209;0.0054653125266119
-0.368148045774629 -0.3681480457746289;0.005421319344307
-0.3666633536697085 -0.36666335366970837;0.005377680596972
-0.36518465972089365 -0.36518465972089353;0.005334393427818
-0.3637119396956169 -0.36371193969563076;0.005291455003086
-0.36224516945925833 -0.3622451694592722;0.005248862511862
-0.3607843249746273 -0.3607843249746412;0.005206613165896
-0.35932938230173794 -0.3593293823017518;0.005164704199414
-0.35788031759724864 -0.3578803175972625;0.005123132868940
-0.35643710711415366 -0.35643710711416754;0.0050818964531164
-0.3549997272014467 -0.35499972720144657;0.005040992252524
-0.3535681543035392 -0.3535681543035391;0.005000417589504
-0.3521423649601484 -0.3521423649601483;0.004960169807989
-0.3507223358057082 -0.3507223358057081;0.004920246273320
-0.3493080435690404 -0.34930804356904727;0.0048806443720813
-0.3478994650730176 -0.3478994650730245;0.004841361511923
-0.3464965772341223 -0.3464965772341292;0.0048023951213985
-0.34509935706208905 -0.34509935706209593;0.004763742649786
-0.3437077816595613 -0.34370778165956817;0.00472540156693
-0.3423218282216638 -0.3423218282216707;0.004687369363080
-0.3409414740356451 -0.340941474035652;0.0046496435487040
-0.33956669648054133 -0.3395666964805482;0.004612221654348
-0.3381974730267695 -0.3381974730267764;0.004575101230467
-0.33683378123574925 -0.33683378123575614;0.004538279847263
-0.3354755987595524 -0.3354755987595593;0.004501755094523
-0.3341229033405735 -0.33412290334058037;0.004465524581469
-0.3327756728110742 -0.33277567281108106;0.004429585936594
-0.3314338850929101 -0.331433885092917;0.004393936807511
-0.3300975181971313 -0.3300975181971382;0.004358574860796
-0.3287665502236108 -0.32876655022361767;0.0043234977818374
-0.32744095936070816 -0.32744095936071504;0.004288703274682
-0.3261207238848981 -0.326120723884898;0.004254189061888
-0.3248058221604061 -0.324805822160406;0.004219952884371
-0.32349623263887894 -0.32349623263887883;0.004185992501261
-0.32219193385902023 -0.3221919338590201;0.004152305689752
-0.3208929044462331 -0.32089290444623997;0.004118890244957
-0.3195991231122697 -0.31959912311227656;0.004085743979765
-0.3183105686549018 -0.3183105686549087;0.004052864724696
-0.3170272199575356 -0.31702721995754246;0.004020250327760
-0.31574905598890285 -0.31574905598890973;0.003987898654315
-0.3144760558027039 -0.31447605580271076;0.003955807586929
-0.31320819853725707 -0.31320819853726395;0.003923975025238
-0.31194546341517626 -0.31194546341517615;0.003892398885812
-0.31068782974297865 -0.31068782974297854;0.0038610771020160
-0.30943527691083217 -0.309435276910825;0.0038300076238752
-0.3081877843921071 -0.3081877843921069;0.0037991884179406
-0.3069453317431728 -0.30694533174316563;0.0037686174671569
-0.30570789860292824 -0.3057078986029281;0.003738292770728
-0.3044754646925636 -0.3044754646925635;0.0037082123439901
-0.30324800981520994 -0.30324800981520983;0.0036783742182754
-0.30202551385555365 -0.30202551385555354;0.0036487764407884
-0.30080795677957023 -0.3008079567795701;0.0036194170744759
-0.2995953186341808 -0.29959531863418776;0.0035902941979007
-0.2983875795468949 -0.29838757954690176;0.003561405905114
-0.29718471972552263 -0.2971847197255295;0.0035327503055335
-0.29598671945782495 -0.29598671945783184;0.0035043255238162
-0.29479355911121874 -0.29479355911121863;0.0034761296997383
-0.2936052191324056 -0.2936052191324055;0.003448160988071
-0.29242168004710567 -0.29242168004710556;0.003420417558462
-0.29124292245970684 -0.29124292245970673;0.003392897595314
-0.2900689270529708 -0.2900689270529777;0.003365599297666
-0.28889967458766846 -0.28889967458767535;0.003338520879074
-0.28773514590233445 -0.28773514590234134;0.0033116605674975
-0.28657532191288904 -0.2865753219128959;0.003285016605179
-0.2854201836123575 -0.28542018361237137;0.0032585872485326
-0.28426971207056895 -0.2842697120705828;0.0032323707680275
-0.2831238884337988 -0.2831238884338127;0.0032063654480751
-0.2819826939245306 -0.2819826939245445;0.003180569586917
-0.2808461098410705 -0.2808461098410844;0.003154981496514
-0.2797141175573089 -0.2797141175573228;0.0031295995024347
-0.2785866985223772 -0.2785866985223911;0.003104421943744
-0.2774638342603464 -0.27746383426036025;0.003079447172898
-0.27634550636992555 -0.27634550636993943;0.0030546735556341
-0.27523169652418883 -0.27523169652418866;0.003030099470863
-0.2741223864702317 -0.2741223864702315;0.0030057233105654
-0.2730175580288908 -0.27301755802889066;0.0029815434796823
-0.27191719309444273 -0.2719171930944496;0.002957558396014
-0.2708212736343444 -0.27082127363435127;0.002933766490117
-0.2697297816888548 -0.2697297816888617;0.002910166205196
-0.26864269937083185 -0.2686426993708317;0.002886755997009
-0.2675600088653746 -0.26756000886537445;0.002863534333761
-0.26648169242955744 -0.2664816924295503;0.002840499696004
-0.26540773239214227 -0.2654077323921351;0.002817650576541
-0.2643381111532775 -0.2643381111532773;0.002794985480323
-0.26327281118421747 -0.2632728111842173;0.0027725029243536
-0.2622118150270353 -0.2622118150270351;0.002750201437590
-0.2611551052943214 -0.2611551052943282;0.0027280795608515
-0.2601026646689383 -0.2601026646689451;0.002706135846715
-0.25905447590367003 -0.25905447590367686;0.002684368859429
-0.25801052182101925 -0.25801052182103307;0.0026627771748143
-0.2569707853128633 -0.25697078531287015;0.002641359380172
-0.25593524934019557 -0.2559352493402024;0.002620114074193
-0.2549038969328655 -0.25490389693287935;0.0025990398668625
-0.2538767111892567 -0.2538767111892706;0.002578135379371
-0.25285367527605196 -0.25285367527606584;0.002557399244024
-0.25183477242793895 -0.2518347724279563;0.00253683010415
-0.2508199859473334 -0.2508199859473508;0.002516426614024
-0.24980929920410572 -0.2498092992041231;0.00249618743875
-0.24880269563532528 -0.24880269563534266;0.002476111254216
-0.2478001587449555 -0.24780015874497288;0.002456196746961
-0.24680167210362608 -0.24680167210363996;0.0024364426141259
-0.24580721934833166 -0.24580721934833852;0.002416847563350
-0.244816784182162 -0.24481678418216885;0.0023974103126918
-0.24383035037406714 -0.24383035037407402;0.0023781295905416
-0.24284790175855273 -0.2428479017585631;0.002359004135541
-0.2418694222354555 -0.24186942223546237;0.002340032696500
-0.2408948957696211 -0.24089489576962445;0.002321214032314
-0.23992430639071122 -0.23992430639071458;0.002302546911882
-0.23895763819289534 -0.23895763819289517;0.0022840301140290
-0.23799487533459485 -0.23799487533459468;0.0022656624274211
-0.2370360020382448 -0.2370360020382376;0.002247442650490
-0.23608100259001355 -0.23608100259000284;0.002229369591356
-0.235129861339547 -0.23512986133953628;0.002211442067742
-0.2341825626997338 -0.2341825626997231;0.00219365890690
-0.23323909114643204 -0.23323909114642133;0.0021760189455524
-0.23229943121819585 -0.23229943121818514;0.002158521029771
-0.23136356751607223 -0.23136356751606152;0.002141164014950
-0.23043148470330674 -0.23043148470329602;0.002123946765702
-0.22950316750510164 -0.22950316750509792;0.002106868155794
-0.2285786007083741 -0.22857860070837038;0.0020899270680719
-0.22765776916151098 -0.22765776916150726;0.0020731223943838
-0.22674065777409544 -0.22674065777409172;0.0020564530355131
-0.2258272515166827 -0.22582725151668248;0.002039917901103
-0.22491753542055476 -0.22491753542055454;0.0020235159095862
-0.2240114945774576 -0.22401149457745737;0.0020072459881130
-0.22310911413936282 -0.2231091141393661;0.0019911070724820
-0.22221037931824 -0.22221037931824328;0.0019750981070702
-0.2213152753857938 -0.22131527538579707;0.0019592180447636
-0.22042378767323614 -0.22042378767323592;0.0019434658468886
-0.21953590157103758 -0.21953590157103736;0.0019278404831443
-0.21865160252869237 -0.21865160252869215;0.0019123409315346
-0.21777087605447673 -0.2177708760544765;0.0018969661783013
-0.21689370771521763 -0.2168937077152174;0.0018817152178581
-0.21602008313604742 -0.2160200831360507;0.0018665870527242
-0.2151499880001761 -0.21514998800017937;0.0018515806934590
-0.21428340804865648 -0.21428340804865975;0.0018366951585979
-0.21342032908014252 -0.2134203290801458;0.0018219294745870
-0.21256073695065444 -0.21256073695066122;0.0018072826757202
-0.21170461757337203 -0.2117046175733788;0.0017927538040755
-0.21085195691838232 -0.2108519569183891;0.001778341909452
-0.2100027410124273 -0.21000274101243407;0.0017640460493093
-0.20915695593873926 -0.2091569559387425;0.001749865288702
-0.20831458783674633 -0.2083145878367496;0.001735798700223
-0.20747562290188692 -0.2074756229018902;0.0017218453639410
-0.20664004738536432 -0.20664004738537112;0.00170800436733
-0.20580784759393295 -0.20580784759393625;0.0016942748052499
-0.2049790098896496 -0.2049790098896564;0.0016806557798137
-0.20415352068969472 -0.20415352068970152;0.0016671464003999
-0.2033313664661026 -0.20333136646611288;0.0016537457835589
-0.2025125337455826 -0.2025125337455929;0.0016404530529623
-0.20169700910925292 -0.20169700910926322;0.001627267339344
-0.20088477919245484 -0.20088477919246517;0.0016141877804481
-0.20007583068451798 -0.2000758306845318;0.0016012135209641
-0.19927015032854994 -0.19927015032856027;0.001588343712478
-0.1984677249212192 -0.19846772492122952;0.001575577513416
-0.19766854131254125 -0.19766854131254807;0.001562914088985
-0.19687258640563332 -0.19687258640564015;0.001550352611121
-0.19607984715655677 -0.1960798471565601;0.001537892258437
-0.19529031057404367 -0.195290310574047;0.0015255322161642
-0.19450396371932863 -0.19450396371933196;0.0015132716761012
-0.19372079370590356 -0.1937207937059069;0.0015011098365618
-0.19294078769932838 -0.1929407876993352;0.0014890459023215
-0.1921639329170243 -0.19216393291703113;0.0014770790845655
-0.19139021662803907 -0.1913902166280459;0.0014652086008371
-0.1906196261528612 -0.19061962615286804;0.0014534336749863
-0.1898521488632063 -0.18985214886321314;0.0014417535371191
-0.1890877721817962 -0.18908777218180303;0.0014301674235470
-0.18832648358218035 -0.18832648358218718;0.0014186745767372
-0.18756827058851144 -0.18756827058851827;0.001407274245262
-0.1868131207753318 -0.18681312077533863;0.0013959656837
-0.18606102176740158 -0.18606102176740488;0.0013847481528452
-0.18531196123946397 -0.18531196123946725;0.0013736209191366
-0.18456592691605603 -0.1845659269160593;0.001362583255135
-0.18382290657131595 -0.18382290657131922;0.0013516344392130
-0.18308288802877276 -0.18308288802877254;0.0013407737555582
-0.18234585916113968 -0.18234585916113946;0.0013300004941285
-0.18161180789012482 -0.1816118078901246;0.001319313950604
-0.18088072218624893 -0.1808807221862487;0.0013087134263447
-0.1801525900686177 -0.18015259006861747;0.0012981982283372
-0.1794273996047378 -0.17942739960474108;0.0012877676691567
-0.17870513891033288 -0.17870513891033615;0.0012774210669184
-0.17798579614913507 -0.17798579614913834;0.0012671577452336
-0.17726935953269052 -0.1772693595326938;0.0012569770331652
-0.1765558173201754 -0.17655581732017867;0.001246878265183
-0.17584515781819793 -0.1758451578182012;0.0012368607811243
-0.17513736938061447 -0.17513736938061775;0.0012269239261424
-0.1744324404083157 -0.17443244040832073;0.0012170670506720
-0.17373035934906544 -0.17373035934907222;0.0012072895103822
-0.17303111469729388 -0.17303111469729715;0.0011975906661355
-0.17233469499391543 -0.1723346949939187;0.001187969883945
-0.17164108882614126 -0.17164108882614454;0.0011784265349369
-0.1709502848272847 -0.17095028482728797;0.001168959995301
-0.1702622716765844 -0.17026227167658767;0.001159569646258
-0.16957703809901153 -0.16957703809901306;0.0011502548740173
-0.1688945728650964 -0.16889457286509268;0.0011410150697313
-0.16821486479072165 -0.16821486479071793;0.0011318496294624
-0.1675379027369698 -0.16753790273696434;0.001122757954140
-0.1668636756099096 -0.16686367560990764;0.0011137394495219
-0.16619217236044526 -0.16619217236044154;0.0011047935261553
-0.16552338198410974 -0.16552338198410427;0.0010959195993382
-0.16485729352089476 -0.1648572935208893;0.0010871170890813
-0.1641938960550722 -0.164193896055065;0.0010783854200697
-0.16353317871500825 -0.16353317871500103;0.0010697240216253
-0.16287513067299875 -0.16287513067299328;0.0010611323276698
-0.16221974114508003 -0.16221974114507456;0.001052609776687
-0.16156699939085364 -0.16156699939084818;0.0010441558116865
-0.1609168947133129 -0.1609168947133092;0.0010357698801669
-0.16026941645866952 -0.16026941645866755;0.0010274514340800
-0.15962455401617998 -0.15962455401617626;0.0010191999297945
-0.15898229681795473 -0.158982296817951;0.0010110148280604
-0.15834263433880919 -0.15834263433880547;0.0010028955939741
-0.1577055560960815 -0.15770555609607778;0.0009948416969429
-0.1570710516494539 -0.15707105164945018;0.0009868526106505
-0.15643911060079316 -0.1564391106007877;0.0009789278130226
-0.15580972259396675 -0.15580972259395953;0.0009710667861923
-0.15518287731468508 -0.1551828773146796;0.0009632690164665
-0.15455856449033506 -0.15455856449033134;0.0009555339942925
-0.15393677388979263 -0.1539367738897889;0.0009478612142238
-0.1533174953232756 -0.15331749532327363;0.000940250174888
-0.15270071864217366 -0.15270071864216994;0.0009327003789534
-0.1520864337388575 -0.15208643373885553;0.0009252113330961
PointOptimal;ValeurOptimale
[-0.15208643 -0.15208643];0.0009252113330961449
Temps;Nb iteration
0.05085468292236328;1000