Point;Valeur
21.5781878798998 -38.40473727994298;3415.5652678201
11.351813447186018 -4.427402782957628;167.60065462075
6.10974122658773 -1.0543076144333412;39.18143677810
2.7987425981571192 0.39988272790220947;7.970560569740
0.9282496189154301 0.7948310314493163;2.595870999521
0.10896974187545005 0.5013437472858602;0.07939291294854
-0.48729269417183674 0.0341571067775599;0.021030706540425
-0.9014456605287777 -0.3281599415875729;1.3630655688683
0.017961900151074683 -0.6926494789863906;0.8745162329060
-0.09813467509044083 0.4585894915000017;0.006727616071721
0.4562974843144204 0.4389269029948557;0.5121146424879
0.8357074842036202 0.593851034736645;1.30361445900
-0.18088805246083728 -0.6782806380212407;1.1667155027844
0.5341596245834209 0.5586697118466373;0.6073392684678
0.8987703989345205 -0.4813684802121636;1.172370019558
-0.028601850465541978 -0.23122683082934126;0.09082833259463
0.15418744788343008 0.16410363209618317;0.17454961113478
-0.5501485072474414 -0.685165191847834;1.2970913983568
-0.8705875048405102 0.5130661268486848;1.1113449131669
0.12301395156157213 -0.08126474759035929;-0.23788758765171
-0.5184098931556883 0.6699886139374368;1.2647240167536
-0.9135684835171879 -0.6069289248325892;1.7141416096638
-0.03561124896009382 0.7163610387621667;0.9997067984502
0.1906405778239425 -0.2570433875286736;0.5145997343629
-0.5182418475892329 -0.09451480446190808;0.13045655176326
-0.9136498542198538 0.7282540595453325;2.371089982776
-0.035992061688512655 -0.14425955542788793;-0.17288083790290
0.19259634424859085 0.7582494033785565;1.5380613729640
-0.514420303369271 0.15553055956584583;0.3771690082287
-0.9150731628622647 -0.7223171209098571;2.3529932331884
-0.04269713344963322 0.20216508522275367;0.038446798029266
0.22655885549505783 -0.429957889233764;0.40318254303093
-0.41558030124144085 -0.6546194970898133;1.3458820908596
-0.6747367466303248 0.6780422936155296;1.2487373796865
-0.32152392850426625 -0.5596393533635357;0.822935995066
-0.10494387019135665 0.4875826413905727;0.04504933818733
0.47619781761364577 0.1698500920282865;0.5007843963670
0.8839894172331261 -0.6556834740263194;1.884433336986
-0.08300638322417597 0.6740136462538161;0.8644537051563
0.4047229889232692 -0.5841252188614875;0.9432431850677
0.620227720643067 0.636218843410218;0.9618534326886
0.6104208228631177 -0.7262083315094446;1.4361233017384
0.6573216084726604 0.16493500435714636;0.32233221866203
0.41609692734809933 -0.6811225840341272;1.4957649633847
0.6776209709321998 0.540391653115554;0.5001148573067
0.30515975920583716 -0.33511958540225584;0.7417409947743
-0.00019109420643237396 -0.7293903687651825;1.034683025857
0.0007224104417687949 0.13406908783301652;-0.23220216993766
-0.004278467647913842 -0.7771589767811208;1.172064974594
0.02309171994779169 -0.3403371736075814;0.057412389809110
-0.12563543791876663 -0.7534530870858578;1.3177607180247
0.5228283860482893 -0.10637262054129049;0.1669857797066
0.9106900443497786 0.7631405574257862;2.4701674380058
0.02267364318124876 0.20442382034470874;0.02623536687875
-0.12340528776485149 -0.4109400421583945;0.11181204018645
0.518848934588976 -0.7551820052464386;1.6361962454198
0.9131968166024753 -0.12379011277912189;1.0654020702043
0.03424183704389594 0.7831711694597876;1.1993982171267
-0.18420177319673692 0.39755191336099727;0.32108640472988
0.5293777672868207 0.8014604574706385;1.706378416686
0.9046565464108649 0.5564278679232559;1.411934670839
-0.004068867410384813 -0.4647984848747033;-0.12073648572219
0.02194523103518442 -0.3855179342168702;-0.032776936931361
-0.11951469862974884 -0.8253847237777454;1.4113124347114
0.511287774533963 -0.724572689345758;1.5453984614620
0.9155183759752563 0.1806578661735494;1.2935284569403
0.045187507830363405 -0.5908810524550332;0.31071442514258
-0.23952047723161596 0.6662451756143508;1.274029580284
0.363104695423069 -0.626597563214881;1.2109826075875
0.376200698631022 0.7348509482590828;1.7723274442196
0.45761180644499766 -0.07947726197498706;0.18714774992934
0.8395481478384239 0.6606504180199776;1.7166059088968
-0.17783660348430796 -0.653133210975582;1.0132556696232
0.5380167968290852 0.6834480812189788;1.3061162794806
0.8931247780137266 -0.5242800125112993;1.2405930217925
-0.05062675261863525 0.18802508050727107;0.0060691356035474
0.2654244022892279 -0.5402078767407457;0.6497105120599
-0.2359499337802876 0.33256703796443987;0.6014692284854
0.37840277783276555 0.7169377932230028;1.700707646670
0.47095521326528356 -0.25172195821925736;0.7095615630188
0.8733498484933885 -0.04091678343892213;0.6327735142441
-0.11540640387742418 0.38668457176475957;0.13204058273578
0.5024620447352343 0.8236463469377827;1.7707032482128
0.9141474424278814 0.7146119382511281;2.3168092236462
0.03869711994512548 -0.27307569569349244;0.13868022278323
-0.2070163806827816 -0.25315385922909805;0.56216578075
0.479992688461103 -0.055356278046696294;0.07781383955912
0.8907429927167656 0.5038745256743667;1.1760508519329
-0.059463137709097946 0.00912574200295857;-0.5285669510449
0.3067955180157158 -0.09065722326742887;0.28410453915327
0.010232031065918967 0.7133326612761167;0.9699837718905
-0.05624141238789271 -0.28469752079622357;0.16023876000333
0.2919676718189509 -0.3627654693258151;0.6688099601802
-0.08260467142617667 -0.8206142804186753;1.316863324854
0.4032231467227928 -0.695115035618302;1.582197543477
0.6123047736189698 0.439602321543632;0.2967880844674
0.648512157506251 0.5890358320178404;0.6965961264146
0.463866931967036 -0.6590792065479443;1.3004226550562
0.8565806728657407 0.660278368868016;1.7909748788718
-0.1542743771937397 -0.6547736018564718;0.9486325529735
0.5500464650885314 0.6774669769730193;1.255682077713
0.8704919793245943 -0.5632355491555461;1.299002524170
-0.12310224262248404 0.5129985525579186;0.1454725602354
0.5182881364739585 -0.08060508433466707;0.08193453952457
0.913479107483309 0.6665819610346021;2.068513302998
0.03556095331955411 -0.6248899663524891;0.49854446741221
-0.1909960021834637 0.735163635375273;1.4607467076485
0.5176547429369501 -0.07637755829504245;0.06931184825848
0.9137767935290372 0.6436604447037078;1.9349201795226
0.03695557509149483 -0.7115744192492266;0.9800420015031
-0.1981437296308045 0.30131570919123574;0.5323156238917
0.5025690398584489 0.5072593344957235;0.4811008590859
0.9141904966004352 -0.024286188310901125;0.776986791187
0.03889978191878829 0.2360833616041882;0.10865001055090
-0.2080449401101112 -0.11524723566660378;0.14966773370032
0.47710460819131906 0.7780651567259702;1.765399951786
0.8856758983003201 0.34978901321269484;1.2584220096113
-0.0773395401248076 0.7893159086322101;1.2747663432286
0.3829800914297967 0.453254917084275;0.5922425507430
0.49832199739754635 0.4837606516184536;0.44692780731047
0.9119825598844058 0.20705872327687858;1.3602359849368
0.028605466281197645 -0.38831777905397913;-0.033404857931146
-0.15483214731234685 -0.8214966163294634;1.514684290288
0.5501250459396847 -0.7007335871878372;1.3762129039471
0.8703196522697445 0.3945476188795739;1.103172903536
-0.12355242115241061 0.8090386927093908;1.4121885148343
0.5191194862993289 0.6153003967544158;0.9388627858102
0.913054344698774 -0.7303370504357064;2.376736829991
0.03357733290138465 0.12482101727103634;-0.2534447673385
-0.18076723026476982 -0.7832612179469355;1.5553200479738
0.5343223214761808 -0.39756005265323846;0.42792746618947
0.8985483741934099 -0.8018083569764366;2.4889077318882
-0.02949624851214283 -0.5585254398306881;0.12866148035047
0.15888382438994397 0.47948338102098365;0.1923214419300
-0.5502579001238537 0.24825627549784957;0.5691324303842
-0.870347510852014 0.006863670033692704;0.5811851718891
0.12364040948144273 -0.06838616709717582;-0.27652375732866
-0.519563520778775 0.5953706081303972;0.8220155902360
-0.9129672742161818 -0.6837846803005404;2.1617743844791
-0.032806094361713445 0.5225690468927874;-0.0073553856087753
0.17615235336177726 -0.17287439090031775;0.2760563312758
-0.5399121907856195 0.6392257423411601;1.0483060762450
-0.8903266051290268 -0.7211180062575556;2.247970181270
0.061242661203556814 0.21351110806311746;0.09460304394290
-0.3154023925750308 -0.3310817979559938;0.7612391570209
-0.06509169009126381 -0.7087065826771494;1.0066123117947
0.33194085427737463 0.32671823630756436;0.7832992739963
0.17379621452000305 0.6848762243273804;1.1798146462192
-0.5423198794939824 -0.5144772628579325;0.4315962456235
-0.8861730946949512 0.09394491098078606;0.8397382327205
0.07588417034588757 -0.7266284579801047;1.103256498448
-0.3776972142299776 0.16088020591899677;0.5905894468407
-0.46618682998566896 -0.7001122339230775;1.5183955429499
-0.8622244056011644 0.39964752552049065;1.0582047042544
0.14301660984989273 0.7955295471085938;1.4552798538172
-0.5449078538894295 0.5072934401458712;0.4095762226015
-0.8813704871387754 -0.024622280940571062;0.6425521354447
0.09174007212263435 0.23925289647894588;0.20567400091090
-0.43613073494626875 -0.08364905243321175;0.23504364053865
-0.7655351740427211 0.6819115823658883;1.520746438492
0.09321159529469403 -0.5346142882580818;0.1348945428650
-0.44102504430786926 0.2832668246414083;0.7691646058638
-0.7843534268693012 0.3504346325725005;0.8122671818773
0.14213334689681412 0.7913590336748166;1.4469767579543
-0.5441968648057852 0.4712935720349831;0.35702584264134
-0.8827245957339139 0.3254072604838554;1.2890622449543
0.08738750902059189 0.6771992467747279;0.8917371373177
-0.4211107249084637 -0.5648978955346162;0.8266821787333
-0.7009518092219073 0.5243588343392036;0.4897796321641
-0.18152428165261336 -0.18981204171971133;0.3505379746127
0.5332893455844597 0.5278155724610956;0.48592085701743
0.89993381121759 -0.22217352055177608;1.3478424251177
-0.023877968431380903 0.2515271319012613;0.11461514658129
0.1291914270553559 0.03986029942319058;-0.329503618643
-0.5288855752367808 -0.37852334761875606;0.4732197352237
-0.9053989668771437 -0.8308259768258314;2.5363123529873
0.0011970124297330242 -0.7553368607497429;1.120458626689
-0.006876512336297158 -0.12534910050421788;-0.26666976197859
0.03729292258034389 0.7831155495656944;1.2023746229208
-0.19986709101990885 0.39703843103438496;0.37101689131409
0.4985147705875489 0.8028331063692457;1.7623213217193
0.9121049576800052 0.5674296815881635;1.4933541058418
0.02917083017193034 -0.5419258927921494;0.05745513571170
-0.15780133786294426 0.34733912054517757;0.3365322459401
0.5502477822644788 0.7811115846800759;1.645094485446
0.8700498684455279 0.3784348830384071;1.1330845526188
-0.12425400961251032 0.8307220462059889;1.426766710380
0.5203940492851596 0.7552157608629145;1.633602027791
0.9123282145613772 0.12503669175963406;1.0670235104282
0.03020368174450916 -0.7832410858760214;1.1958431296209
-0.16321288507965803 -0.39737420154570213;0.25499498985646
0.5491882855300675 -0.8023067911011378;1.6765113022659
0.8723536147174856 -0.5625276551732489;1.3038116052366
-0.11813827758704021 0.5080854629430748;0.11922558719244
0.5084263687527332 -0.03242331923867192;-0.02027837390863
0.9155569835177154 0.3114919379963016;1.4426829506977
0.0453713946934583 0.5853390389759777;0.2804705353802
-0.24042761729160123 -0.6425561400916441;1.1369923319233
0.3591282392910041 0.7143049158564913;1.6929148237111
0.3508942590908123 -0.27587306081623464;0.8365696535692
0.2978417557287757 -0.2800681269098454;0.7892074496766
-0.04630271530063934 -0.3198327507632631;0.11377700756806
0.2444186527640737 -0.6420751023780363;1.144566546021
-0.3408530969706145 0.7153858658659878;1.6929082700871
-0.2317590920985999 -0.2660017560716138;0.642299640400
0.3956240651221423 -0.1839183129025973;0.6628205258134
0.5709907929344518 0.5696568648386507;0.6095634305180
0.8139233503844714 -0.556198862394674;1.013580237724
-0.18238491082845898 0.46223180167042355;0.25580865638597
0.5320759154129953 0.40728364136805306;0.41504496484117
0.9014876900519566 0.7695110152730328;2.4483216378244
-0.017471780851492147 0.2673341777644739;0.12068189926055
0.09485354102300636 0.1979566650372988;0.12169966288392
-0.44637440847203147 -0.4644145768008173;0.5233939107085
-0.8035997609970128 -0.38894311395598125;0.8165430191298
0.17359468734697703 -0.8204954135543513;1.5732673074747
-0.5425112284082038 -0.6943523073415697;1.3558450597509
-0.8858299517862448 0.4455288395954732;1.1072100674460
0.07705555432534339 0.5451348647802728;0.13981972486438
-0.3823534378638297 -0.37536024245053634;0.6952655971909
-0.4941121522244821 -0.8312736202163805;1.789046166171
-0.9087956180129789 -0.7577290523735934;2.448722931617
-0.013759461355442926 -0.14940320723201828;-0.16812379010133
0.07477197749972542 0.7438643732339779;1.1628874260173
-0.3732289719852403 0.010612729800929643;0.14105288737774
-0.43891903966233137 -0.10525810831188187;0.3093755099714
-0.7763955454433095 0.7605817713423969;1.8839156906745
0.12353976092003693 0.17889578438654807;0.13612896584627
-0.5193795546350181 -0.6022442508163716;0.8616798999995
-0.9130681286047863 0.7049067445560565;2.2685331567382
-0.03327562050930577 -0.35882844668334235;0.029765766277107
0.1785871497535615 -0.8132281873686971;1.584376947139
-0.5370944291358007 -0.6451779008012943;1.0884602461961
-0.8947986309856629 0.7079160938838962;2.208935395210
0.04453822922301198 -0.3328590394930382;0.09106102330950
-0.2363111649051084 -0.7180284618086564;1.527753660821
0.37688096658935377 0.24244240735274858;0.8134192982347
0.46174566813385853 -0.051681182931487935;0.10138693129553
0.8510368626251732 0.4754880679319733;0.9594436760629
-0.1637301277485501 0.2862127195871782;0.43384659048989
0.5490000954142962 0.37738493464404654;0.44417742815533
0.8727568603854177 0.8310114078238233;2.3987994581455
-0.11703881724507181 0.7567646689223477;1.3028137780200
0.5060714026695725 0.14061846982396586;0.33310100713955
0.9152413008668994 -0.7663813038124196;2.4956988188669
0.04386957992515228 -0.23566972420038645;0.11375650520525
-0.23299590363333933 0.12024857397349864;0.24206100608680
0.3906254530213762 -0.7823138258830066;1.8911667644343
0.5428123453523839 -0.3887919614731262;0.43088700327480
0.8850044254339842 -0.8207418529857803;2.4473169556345
-0.07961289435612895 -0.6959320955560889;0.9733621901199
0.39185240926240783 0.4332020445363115;0.5973805691107
0.5497987679595775 0.6330340993270877;0.9962737310752
0.871033133520094 -0.7303740715585928;2.2014838395858
-0.12167827227344863 0.12445879128248227;-0.07954309011512
0.5155891379368396 -0.7832818867441517;1.704840649450
0.9145914614466313 -0.3977508371363837;1.2818671056001
0.04079082877106144 -0.8012923597568778;1.231522892154
-0.21760158501677873 -0.5543623018403211;0.5833656954794
0.447645578279138 0.4483016601884592;0.5214688783324
0.8082059131650334 0.5236230168749566;0.8634219686073
-0.1783610518603327 -0.1828628446478443;0.3178115563256
0.5373912277726802 0.5768162111658536;0.691309248441
0.8940944001459141 -0.5987845472169441;1.5884695673331
-0.0469513130471797 0.694748415139541;0.9116290509869
0.24759899730885238 -0.44177932045685886;0.4505754407916
-0.3260795457920116 -0.5740831558135763;0.8975912370293
-0.13476235446103413 0.5824468290766481;0.46510281307650
0.5363676743682091 -0.6285761309291739;0.9896592972037
0.8956359185004406 0.7340308375483683;2.320353977178
-0.04101585414677622 -0.0875959917345338;-0.3876507181960
0.21813076745120474 0.7002823949784064;1.3953517887754
-0.4456424664600731 -0.39753359324015813;0.5834891025329
-0.8010493200398692 -0.8018795728201079;2.0603974309874
0.17056019933036204 -0.559098433270704;0.4590095151942
-0.5451142328292988 0.4836627626973954;0.36714028034077
-0.8809725263063459 0.2080072132782994;1.2347743699560
0.09300148043779455 -0.38006359178360494;0.08779206481911
-0.44033196596287993 -0.8301534998854683;1.8817318643737
-0.7817579884962376 -0.7517030126361819;1.8810455765369
0.13641659629062186 -0.08872568699980388;-0.17328188427118
-0.5385566456085481 0.7052215475059336;1.4149138622342
-0.8925305639343509 -0.35613976306090156;1.2748506888989
0.053130544799650736 -0.8070876986226667;1.253423866493
-0.27794096163940496 -0.5999266117398412;0.9703427606129
0.16657521297485067 0.698259948822139;1.2254948036166
-0.5477392566107134 -0.4139754979099648;0.38057742682334
-0.8757191644050802 -0.7417348487388371;2.2623973170053
0.10888830353104029 0.011688579747759942;-0.420264589336
-0.48708360892778557 -0.11579915793685625;0.2681975828998
-0.9011788148705305 0.778670864170498;2.465823616267
0.019068137095524462 0.3555179850364436;0.025847548330997
-0.10408894273582636 0.8056936103149736;1.3564450298242
0.4738179425391128 0.5898841305977297;0.8741220877600
0.8793470310988968 -0.6626541850037316;1.9051336863282
-0.09786164765999505 0.644395024038572;0.7264453977507
0.4554550722760927 -0.7097609217689084;1.5822004447650
0.8331985287850848 0.3174370641367351;1.080704589756
-0.18242952421214353 0.626831498345709;0.8699643666749
0.5320118793881797 -0.7348470003157516;1.548831368121
0.9015674790148739 0.08040719949133346;0.8568364551238
-0.01713986312179927 -0.6661725070811609;0.7302626514322
0.09306285784834134 0.6273682471624152;0.6123583506019
-0.44053462291438283 -0.7346505864938891;1.7077708360649
-0.7825192875914669 0.0823526031075571;0.34467866555430
0.13812866678865798 -0.6761053619020164;1.0213069200233
-0.5404337615799363 0.5721237288764335;0.6624848538556
-0.8894527177145998 -0.5714489233414012;1.421091212433
0.06439374357650374 0.5666232421038441;0.21237371371658
-0.3294172877850402 -0.5366420093772485;0.7334428798108
-0.1566635942409459 0.3013426217270364;0.40163296800937
0.5502596092128905 0.5074767156811676;0.40223505809432
0.8700238317153294 -0.026428129578211057;0.5953229150604
-0.12432151409735226 0.2562077968065667;0.3093141575609
0.5205153276138216 0.0870190832825034;0.09981315385065
0.9122544024935322 -0.6982543630033606;2.2333164341226
0.029861975223656412 0.41472543816313534;-0.07735427913005
-0.16142439728627922 0.7376856864464159;1.3762562315039
0.5497220456160226 -0.05129733375317369;-0.05185094936645
0.8712001223297746 0.4724630407481788;1.046837233123
-0.12123571776339859 0.31455299261881053;0.2808381628072
0.5147289264505391 0.6071047104214499;0.8981499786705
0.914860114483523 -0.7170520550988003;2.3301272249243
0.04206154103467774 0.25149015647267225;0.13147999761958
-0.22398068415914052 0.03948733346616151;-0.038658918558401
0.42541008739881614 -0.3752869789024722;0.6555958931109
0.7207964269387453 -0.83126910410609;1.7860066418223
0.08267610811083037 -0.7577050254141178;1.2203157402107
-0.40396401526274806 -0.1491619181208288;0.5273503392070
-0.6157998259421852 0.7446104733578378;1.5012766684392
-0.6324896986092646 0.018120737706410095;-0.15664283241979
-0.5492001741732436 -0.17830796255668702;0.4048813713940
-0.8726426398225088 0.6064977250681096;1.5412866168399
0.1175239668563196 -0.7157389726225611;1.1587911920800
-0.5074323936848649 0.2635813808886649;0.6513725040201
-0.9155493927773765 0.1608087772154847;1.2216230804971
-0.04495909288707278 -0.7004302402189784;0.9371690575248
0.2377983868966823 0.39704094914682564;0.48165595685270
-0.3702248952470014 0.80282645255689;1.9287128279613
-0.4203500775548267 0.5673767004527013;0.8396757670688
-0.6974205854113161 -0.5415806280074571;0.5428901624133
-0.19986676296082895 0.344385141067735;0.47457900491878
0.49851555764982647 0.7702774326488431;1.7103283064948
0.9121054530880442 0.2748270855830963;1.4522990578856
0.029173119769006717 0.27090004330437;0.12929150519818
-0.15781335245194128 0.23290037346490422;0.3819476450871
0.5502472668365496 -0.1467593937105478;0.2846407321636
0.8700510029864724 0.7516577270059426;2.268663719717
-0.12425106730576652 0.08917756614173311;-0.2072450958564
0.5203887577281437 -0.7076821850879812;1.4564723260215
0.9123314164379445 0.3356694743778531;1.3938086010568
0.030218509697644502 0.732453099139334;1.0591937619118
-0.16329045235145145 -0.1031669585935081;-0.037455019216664
0.5491610313869347 0.7553732448870153;1.5880379317602
0.8724121250733489 0.12662196477176135;0.9068872705747
-0.11797928127081547 -0.7829138605499065;1.363336838769
0.5080896090801704 -0.39435050752230427;0.47891164225800
0.915531080054767 -0.8098285950153828;2.5642150123324
0.04524801040648818 -0.6205256098882584;0.4832845562550
-0.23981903281134664 0.7342993221766435;1.6013046319338
0.3617999516455509 -0.08493992006699991;0.29952010233040
0.3679230788824387 0.688108937035513;1.566053560529
0.40652862866380624 -0.4916027233342647;0.6015720375808
0.6296602997607518 -0.1314923701263505;0.17193376051370
0.5631254948334067 0.7799269377598209;1.6259756649117
0.8376083092714462 0.36734610151852676;1.0104473156515
-0.17948238155588292 0.826792399468084;1.594969128128
0.5360016426473538 0.733305236504234;1.536781414415
0.8961735961147125 -0.09476515207782887;0.8847153973084
-0.038919121735732864 0.7291629234716338;1.0552841753899
0.20753566981836757 -0.13541191457826696;0.2289927258785
-0.47836046013996125 0.775423318720699;1.7579842407956
-0.8878594829055838 0.32461961913389314;1.3121833784401
0.0700422018053296 0.6725024343674976;0.8298420374166
-0.3537256416105047 -0.5928846851229045;1.0126647514351
-0.31562528350513175 0.6741580148845413;1.466602916706
-0.06653718747136017 -0.5832761191362371;0.3017548516188
0.3382347472145323 0.6320872812446373;1.2380556094522
0.2151387748759207 -0.73136845286399;1.520778896108
-0.45546503458718546 0.11471395104142046;0.31993011470913
-0.8330281910809175 -0.7776630478168581;2.165844560206
0.18247429391976355 -0.34512781084802635;0.4187097432167
-0.5319033139829351 -0.7728215004199493;1.6571403118009
-0.9019258110929359 -0.29869377991575774;1.4018131950420
0.015963233568841217 -0.4850950917480271;-0.10082473077138
-0.08734768083880928 -0.19517729327485556;0.09600251373440
0.42051495754888923 0.4871165089848055;0.5793597083549
0.6985529945202601 0.17440502324867313;0.4251374711804
0.1933410811671482 -0.6298184026279847;0.9222949939763
-0.5129096703831376 0.7332649230746007;1.5758511656061
-0.9154095239641219 -0.09516306400170493;0.9631492201815
-0.04429379873698791 0.7305924652920452;1.066970227126
0.2345047117916671 -0.12144179885014439;0.25097725872917
-0.3841181054714754 0.7826789832466401;1.8957273348023
-0.5045550349828692 0.39300261337508124;0.48779801505067
-0.9149427851378616 0.8125086227825344;2.5640869046990
-0.04207948538803963 0.6406609290646375;0.6006977217619
0.2234698159795251 -0.7182941153872797;1.4929442630942
-0.4270026860445503 0.23997259223865242;0.7657791929728
-0.7274741672868407 -0.07644882043066414;0.12841121092382
-0.05244210103313496 0.6440622394468369;0.6347183048574
0.2741002903120754 -0.710590640722792;1.5858230800022
-0.18804466200977032 0.31008550923913347;0.4916087020298
0.5230626467727512 0.5750611020477252;0.7058833411001
0.91051504378792 -0.5888214936819498;1.5989857032988
0.021875918344493317 0.6576338219981164;0.683430139091
-0.11914416009028594 -0.6659792571629914;0.909233076663
0.5105269946723306 0.6283388527725235;1.0322862575538
0.9155737880487774 -0.7342035991917357;2.400822627384
0.04545145317371435 0.08677634989640515;-0.3851478806550
-0.24082230838995244 -0.6971615027878293;1.4435880155931
0.3573868898657001 0.4234726037837382;0.6185055995226
0.3397421216546509 0.6925046648762561;1.5840450015905
0.225029680672299 -0.45902999309164705;0.3851731101521
-0.4212924478254726 -0.4361027610056385;0.5660604395298
-0.7017918684493091 -0.6143348753606643;0.9262018659901
-0.17719291110517343 0.7289806584154483;1.3942254860849
0.5387633784210449 -0.13718841903081103;0.2634467858917
0.8919403703085177 0.7727514808854046;2.4158902365640
-0.055055139462071856 0.29888404781490396;0.14999263078041
0.28643211966784043 0.4873952507975092;0.5518218716460
-0.1161359650440491 0.171681743317607;0.089898203634
0.5040917595318369 -0.645542533455133;1.1474730289090
0.9147328319716671 0.7069611894106835;2.2845922899812
0.04145913514968813 -0.3411632945163141;0.07261776925947
-0.2209609025306839 -0.7569814271606302;1.6206895966088
0.4361872950123499 -0.14189206845099733;0.4592611838690
0.7660546668474252 0.7637897097532874;1.8516632002088
-0.09518977506873283 0.21087962578079644;0.15768968554137
0.44703426032866334 -0.35472477696869686;0.6656841364863
0.8061193115083983 -0.8035013496607014;2.084018695573
-0.1764420871458442 -0.5720416446178568;0.5403099090641
0.5396046446532096 0.5702436784322572;0.6543143777200
0.8905703533762085 -0.559880293040086;1.3697463996449
-0.060092947428626364 0.4893206146906436;-0.048159363972078
0.30965810071642197 0.15283108268595125;0.5311073147446
0.0285614478763504 -0.7322631775820422;1.0571118236265
-0.15460076617471208 0.10592100760899548;-0.05419187429199
0.5500945772894685 -0.7624496523765261;1.6054080208089
0.8703865067719543 -0.19664653000781285;1.1569514527505
-0.12337796181018912 0.4755624409955701;0.081612129871
0.5187985628970428 0.28551139881195575;0.6318916194543
0.9132228907577324 0.3710110873443979;1.3284403347903
0.03436354070183856 0.8297978093273424;1.2445379529071
-0.18482995026328308 0.7502087381549833;1.4908924680867
0.5284018624068201 0.07456034683841328;0.04514935983164
0.905704989922266 -0.6339212512203162;1.8444625789778
0.0004642665709866378 0.7293621170092791;1.0345776903399
-0.002865305443521038 -0.13346917952379622;-0.23451106889477
0.015360209877436581 0.7778953217329448;1.1765885080774
-0.08408621732437815 0.34817978480663536;0.13150006012834
0.40872262818968297 0.7840071095252804;1.878613192286
0.6409628378502821 0.40525019170723653;0.3441559315177
0.5042225905531863 0.77710742938153;1.7140076961187
0.9147732931605237 0.34069812806464983;1.394264656960
0.04165055918629612 0.7553314139026629;1.1449764139310
-0.22192134260110663 0.12620090420189245;0.23459039567858
0.43280821633663447 -0.783031549540652;1.8473571346805
0.7524310564666283 -0.39543862532143204;0.6005525752342
-0.04997265810968354 -0.8072495671003704;1.2490767346182
0.2622771816492122 -0.6011605795824787;0.9441499700008
-0.25271251224457814 0.7018790527794411;1.496964721126
0.3018527434456688 -0.3843406833727486;0.6406522050819
-0.021139672676305565 -0.826728412248306;1.2329625917180
0.11456931759298428 -0.732455858360222;1.2178780984886
-0.500888358449135 0.10402447579095753;0.19706710623861
-0.9134893958551058 -0.7579240010479854;2.4676590259461
-0.03524138290740142 -0.1513607059236982;-0.14547640396395
0.18873843896907627 0.7375544222814945;1.4621352295084
-0.5217556727551107 -0.05260591482847854;-0.004333645972704
-0.9116203290106154 0.48272962210879955;1.2254824280491
-0.02657604997507701 0.21703635004681976;0.06059631466365
0.14350615479679496 -0.2988109310276754;0.3631625265936
-0.5452833190325238 -0.48606452014760326;0.36994971630831
-0.8806448353721467 -0.1857428502138181;1.1674874391357
0.09403407535332164 0.5570378803492326;0.2286255394069
-0.44371946081910785 -0.46934851920133625;0.5297498724489
-0.7942226462087202 -0.34434129237623834;0.8650621253435
0.16071264535701701 -0.7698237856842476;1.465616925493
-0.5499629911925322 -0.2695161647836435;0.5832549541307
-0.8709931203876112 -0.2185056063228279;1.2167332505304
0.12194819225618236 0.2860038709813546;0.3075669049356
-0.5164003948335275 0.3754896656230362;0.50074483145
-0.9144379495243985 0.8311834022575244;2.572057503116
-0.03969443960206076 0.757681088056394;1.1491837454961
0.21146412437421402 0.14982574807522475;0.2984861703996
-0.4669043288207867 -0.742324716124843;1.6908560342333
-0.8639595069231879 0.005767464282763868;0.5526236547670
0.13917804812900358 -0.05757237783575331;-0.260718617551
-0.541505057537646 0.5204706843518854;0.44983777611905
-0.8876128388297791 -0.15287353149203975;1.0775440088578
0.0709054320048571 0.7323659030263525;1.115431770715
-0.3573446144538387 -0.10402557931583223;0.3687399917090
-0.33892919599438887 0.7575760184760711;1.841030772802
-0.21914017642609618 0.14877060863745806;0.31707939715997
0.4424675622751436 -0.7456019453366718;1.7420088799871
0.7899465978798289 -0.027197712858238354;0.24240713092031
-0.15356886119148905 0.26339333682631816;0.4014399075831
0.5499219501393778 0.15893876727630274;0.3327657734288
0.8707644002016742 -0.7085497419893465;2.1088352944591
-0.12238735518478239 0.3280929963471908;0.2643276669168
0.5169462851416003 0.6927361569211195;1.3898688662422
0.9140831531321755 -0.45726930539471344;1.2200493411440
0.03839464297903239 -0.45114451410422185;-0.10090329426513
-0.20547968828794427 -0.5018694957465041;0.3733552431338
0.4842035834220201 -0.030044441574691327;0.02047714366548
0.8972969699726315 0.2897514894723131;1.3889356280385
-0.03449453445088435 0.40912191232585726;-0.06474939141421
0.18488988265722506 0.7622331260613473;1.524153009494
-0.5282498733067312 0.1953848973502108;0.4930686086020
-0.9060672472002621 -0.484811656191962;1.2060453308080
-0.0017057680028712552 -0.19793157569104225;0.0005663603107406
0.009013985251692058 0.46531853137500456;-0.11962087821551
-0.04960380587190871 0.37986923895888247;0.006131020411888
0.2604975607517376 0.8301032467081948;1.8277745953529
-0.2620375228076436 0.751873475143926;1.7139968174920
0.2544009691906731 0.09135363909929972;0.18726516372927
-0.29310563513811927 -0.7166534660859869;1.6475644315645
0.07614124048257531 0.2551698439866479;0.18941710272779
-0.37872346113095623 0.07657444211476128;0.2680578066409
-0.4723862609373306 -0.6454309071673209;1.2046091972888
-0.8762941966499636 0.7072552333559107;2.127056791079
0.1072191254131507 -0.33861238368596946;0.20500326356703
-0.482727412989403 -0.7458366240889375;1.6738088425575
-0.8950599862756368 -0.02956186161314267;0.7068277864956
0.043532344802779344 0.28530866507740005;0.14248194852975
-0.23131996114864584 0.3691635779018537;0.5182885877728
0.3973817732094822 0.8284930505661764;1.932177041655
0.5807154991780619 0.7429864213536636;1.5133671708340
0.7808524175697398 0.0017847860549874417;0.18739786293494
-0.13467330144032208 -0.018206842915796106;-0.3429980651040
0.5362571729412338 0.17807405018137878;0.42366672086732
0.8957989931721368 -0.6074398964796052;1.645726145559
-0.04038136743013321 0.7174487094441145;1.0094613252356
0.21493431818103947 -0.24699391446879881;0.5798239452921
-0.4561196873557114 0.00677465742061123;0.04971314184649
-0.8349841952655044 -0.06750854102508697;0.5258361477341
0.1813332532538927 0.5896881567256501;0.649472753852
-0.533515255840171 -0.6618355384881575;1.1925267199965
-0.8998680180748917 0.6481595140813173;1.906360715977
0.024454959039988067 -0.6994389331960299;0.9123195621155
-0.1328922629261029 0.4051416589137219;0.148511379482
0.5339570754151393 0.7774993718396184;1.6631873090168
0.8990448167276501 0.3444232359932453;1.3246388796523
-0.02749324116860552 0.7704236495581451;1.16870488509
0.14834956062452354 0.2762544846851789;0.38800593036949
-0.5482802746290925 0.2845693615204292;0.5847167087992
-0.8745925251485951 0.3624076081652794;1.1854531173410
0.11210849037473514 0.8200892014797312;1.388346482952
-0.4951041852449065 0.6922811264574158;1.4269931619403
-0.909645534663722 -0.4607259669366959;1.2030462812766
-0.017580057902665036 -0.4214323424292876;-0.09463425915900
0.09543747131021152 -0.7044096344089018;1.0501805794243
-0.4482481298734806 0.3638099040947035;0.6454771419827
-0.8100072719807259 0.8223012382461375;2.115213568954
0.17964796517640624 0.7063146799963876;1.305504582742
-0.5357621422501222 -0.34675225427399814;0.5256217553374
-0.896765891888309 -0.7787838264344232;2.447936774754
0.03688742415088009 -0.3557404095794142;0.039517817214648
-0.19779530751243035 -0.8061002222671974;1.6387306627184
0.5033691473371973 -0.5923521812472341;0.8339397197608
0.9144918646916791 0.6721000393691359;2.103689416231
0.040320491817994686 -0.5951772531108777;0.3290048400405
-0.2152316675708752 0.6826430998815727;1.296442250739
0.4553878272946612 -0.5297218702297155;0.6303465930251
0.8329966657902657 0.23878295107427694;1.0841890738519
-0.18253801701496242 -0.08834597668977628;-0.03081982719746
0.5318556875009541 0.7035774113627612;1.4178821521851
0.9017611622268165 -0.3701079938677744;1.2846747974920
-0.01633294935046692 -0.8292424798394317;1.2313754448396
0.08870544558580296 -0.7467036651546911;1.2016368654580
-0.4257433769819139 -0.038299430234138954;0.129230256394
-0.7219309044174491 0.3639477865057599;0.5646449693796
-0.07792259473473595 0.8225055464345525;1.3080319752091
0.38527440966795745 0.7075865525935969;1.6557222269903
0.5118401351694992 -0.3357314518367722;0.5866338157469
0.9154576755263257 -0.7323693441078356;2.393649690595
0.044898515169236264 0.10487615143973827;-0.3195802124215
-0.23809323256383608 -0.7600104502450296;1.6767501689616
0.36928778180027844 -0.17227906774529744;0.6354134135536
0.4150440305340488 0.6426283333690557;1.2750758360646
0.6725162464188752 -0.7140110825837938;1.4242080655771
0.3330047874433919 0.2793538721860238;0.8281336619978
0.18078650165834342 0.3139585575824593;0.46395680743550
-0.534261718067983 0.6029437855552471;0.8407032033710
-0.8988675511040098 -0.7071499332100035;2.222198532373
0.028513337036366826 0.3402940047944718;0.06146188255762
-0.15434783979312006 0.7535983037684675;1.4046053988265
0.5500578178053813 0.10874415124547632;0.13307080162025
0.8704671022130352 -0.7683729717196068;2.3139402429644
-0.12316732812470899 -0.2552927826771749;0.3053249211919
0.5184089831354368 -0.0769053703146998;0.06967792022715
0.9134197623150677 0.6466239796073654;1.9512758813397
0.03528336592499537 -0.7038564006696295;0.9427389026536
-0.1895689264527176 0.36849629456760136;0.3946267389777
0.5203299629089144 0.8279166814249501;1.740673376335
0.9123668877415116 0.7397390940350508;2.407880446916
0.03038280661620507 -0.030785784399051552;-0.5442725506122
-0.16414967903071154 0.2965555631032475;0.4291536295350
0.5488362989161801 0.4679723210997817;0.34833333421653
0.8731063720343581 0.3558951660576344;1.1920559991633
-0.11607890779311769 0.8066324020448474;1.3891475800963
0.5039652697246535 0.5971105164114172;0.8597191159562
0.9146927903368709 -0.6897549313766287;2.1998557885041
0.04126976187280884 0.480235760089623;-0.0860438047054
-0.22000997143513534 0.24104850758753749;0.5873943387163
0.43948793211056514 -0.06566978298913995;0.17379482543460
0.7788460699356794 0.5775482835487246;0.9691058459820
-0.12994174012514992 -0.6028464729929027;0.5650101631720
0.5297708985687823 0.7065281966781279;1.4351955398743
0.9042194955275076 -0.3449094481864089;1.3447544635044
-0.005944146083427304 -0.7719964722278748;1.1618342258820
0.032198850163221104 -0.29069357868146783;0.12793131327338
-0.17361769377046565 -0.41666530680274416;0.25700671406312
0.5424837261151474 -0.7289648371219197;1.5104066870754
0.8855994427749039 0.13821674414323315;1.010659401552
-0.07759952802076509 -0.7709510182961958;1.2418240271321
0.3840047346316302 -0.28052261114588184;0.8309351695491
0.5043762120285047 -0.32409383553834425;0.619247678575
0.9148195634501901 -0.668825987338018;2.0864859053822
0.04186954830614287 0.6136311401890278;0.43802923194453
-0.22301910909041078 -0.7283060555419101;1.5322036677829
0.4288903640626809 0.14462609994363396;0.4804795650180
0.735981878125588 -0.7571768505970082;1.7289366808212
0.014675640546374602 -0.14385603799086866;-0.18980299831356
-0.08038009879799612 0.7592421492178892;1.219518464459
0.3948017219069435 0.16548554953796935;0.5980745281634
0.5664075675796456 -0.6784036273221837;1.239653264909
0.8280697282840468 0.5578950102531445;1.0842073968970
-0.18446904898446337 -0.4756898149226484;0.2696537987665
0.5289652399976477 -0.2853532162258642;0.6145932038980
0.9051060882050368 -0.3687578864873663;1.3009294704958
-0.0021311464744908637 -0.8281613723876401;1.2272208098804
0.011342292011511601 -0.740657561841832;1.0770609709397
-0.06228458372582435 0.022490443945001437;-0.5137793546818
0.3195246104910312 -0.22012788289836316;0.7569742290917
0.09244793216054892 0.2708313695468124;0.23255747192822
-0.4384968336382331 0.23223110661977253;0.7375110578687
-0.7747746813881837 -0.15335250830429292;0.5876807882705
0.11936969149669818 0.7306667988176042;1.2244302291871
-0.5112957421843143 -0.12071364953219466;0.24361465141662
-0.9156268164505585 0.7823858292705467;2.5298011219567
-0.045327704464243945 0.3902871876105497;-0.019794626601255
0.23961884084021357 0.8178986937015025;1.7698420352751
-0.36233824514561785 0.677916931021421;1.512062890577
-0.3708066408121278 -0.5604257599006641;0.8440523449315
-0.4239600263200458 0.4932368179833695;0.584378802976
-0.713963316885061 0.11430932143302863;0.22768893714107
-0.11604516292946987 -0.7771730337309031;1.3475358878682
0.5038903837339983 -0.3404709147360603;0.5924659371234
0.914668656746527 -0.7540295712200746;2.4614810856183
0.04115565588452408 -0.11218243092583413;-0.29575491420350
-0.21943661898790356 0.7740119709517272;1.6568192330007
0.4414562864039242 0.3110586187971003;0.7471984263322
0.7862271507770893 0.5821907648146611;1.0237211218419
-0.14635183640417138 -0.6272945525672142;0.7593996880951
0.5470426528681473 0.7346181048445959;1.5246737747100
0.8768442076006302 -0.08178396421395684;0.7571435192180
-0.10541152887038363 0.6726372209760849;0.9100426098460
0.4774849964997876 -0.5921130032629347;0.8799207596094
0.8863697880497381 0.6711650551736796;1.983842916223
-0.0749666160705984 -0.6004389206887502;0.4134360503273
0.37351096240247594 0.6997846172787596;1.6237336111910
0.44116703819116276 -0.4016086363768807;0.5832698626308
0.7851541963197874 -0.7899219323783131;1.9783284246992
-0.14413760730529113 -0.4578462193565642;0.13517452268571
0.5455758900133025 -0.44623746859905067;0.3524793545706
0.8797783328333799 -0.5405643903658515;1.2411930302163
-0.09652792627763729 0.3356474286572313;0.18334444491505
0.45129161240379323 0.7323465762294672;1.6823987888271
0.8202608304896039 -0.10421586212318101;0.5853794116147
-0.18471277931804286 0.7580520976923715;1.5127511416263
0.5285855686292281 0.15355044727685718;0.3450244211220
0.9055116074612087 -0.7296962737223862;2.344499646641
-0.0003755101652206383 0.13108381947741377;-0.24424646301960
0.0017319803143941437 -0.7802999410740847;1.1777260245050
-0.009804826233299813 -0.3700073614559658;-0.007257492580666
0.05326941138444974 -0.8291697739915447;1.2673933924974
-0.27859804707573466 -0.7463009063232204;1.732203976948
0.16277984671165446 -0.03424008968180714;-0.23662367889749
-0.5494014236709869 0.3279069898341793;0.5383977822657
-0.8722103218831393 0.6916841939501841;2.033205677722
0.11869745808260246 -0.4652344408362217;0.062217134850425
-0.5099087954337415 -0.3816187749605169;0.500035133334
-0.9156961035752201 -0.829172859563738;2.5762180130331
-0.04565778428137801 -0.7463180103640397;1.123115731596
0.24124629053253155 -0.034412459741508306;0.0002724086967874
-0.3551646584955318 0.32945557161025674;0.7885413492643
-0.3249099989061902 0.7003316916841942;1.6127593750295
-0.12709741925056284 -0.39712903500908814;0.14540941181029
0.525295419551319 -0.8029579274878438;1.714824802983
0.9086946731271813 -0.5677272900620787;1.4813980488157
0.01365523109950495 0.5431113248148913;0.05270159816421
-0.07484903155149636 -0.3583703308315276;0.0921501209586
0.3730363054271204 -0.8122445820601807;1.9365039818526
0.4382489828632221 -0.6381497005698686;1.2174964275440
0.7741050752106884 0.7231423245212434;1.7504104698085
-0.11797403548525187 -0.1934685356295449;0.1681538863785
0.5080784764032289 0.5003369975965768;0.4560011793889
0.9155301141491992 0.04411998656033833;0.8138796732165
0.04524341009734667 -0.4148730615036198;-0.061350228872176
-0.23979633517948606 -0.7375620495847927;1.6128677873006
0.3618992818240221 0.05342658329138683;0.2066426557216
0.3685541710478981 -0.4899739171383125;0.6218231946458
0.4104707762847717 -0.14750190668631957;0.514274679288
0.6498411196641087 0.7495539804011772;1.5297155259229
0.45669954320827566 0.0679546631493485;0.15290489462992
0.8368919288778423 -0.5933327543330528;1.30602917869
-0.18003621683713478 0.6758643152617102;1.1507302152568
0.535289168350134 -0.5730797696878224;0.6754294080193
0.897199607582774 0.5765010159941272;1.4792650862391
-0.034880352438829476 -0.5970186085118804;0.33370551814723
0.18687930083235682 0.6890138962172173;1.2429294524897
-0.5249959168746929 -0.4850327960996751;0.40104992612986
-0.9091406210512785 -0.19578281349039306;1.3172518721080
-0.015306605219746805 0.48237537159495825;-0.10443811800994
0.08315496204350814 0.22045802371226297;0.15255624464389
-0.4057478588271738 -0.26688782376449927;0.8136092567792
-0.6251737688995221 -0.19267035869196458;0.39816148991494
-0.5864636922033398 0.506430788762748;0.35950039725229
-0.7599396057986577 -0.016117353386057354;0.1123923508178
0.07546434571540883 0.15787631850750017;-0.05930684400532
-0.3760159484379403 -0.7129850852176731;1.6843874234904
-0.4559783545682431 0.2886422088971865;0.7431044732833
-0.8345637970098555 0.3992517172297596;0.9347626372430
0.1815968143010035 0.7966901026384434;1.577654773956
-0.5331494209229451 0.5171049779933226;0.45327648510143
-0.9003473642531182 -0.12050428632513688;1.0009870151714
0.022494173091180625 0.7822892324741395;1.188440345529
-0.12244728998991572 0.3893914922696653;0.1464433423035
0.5170598027254177 0.8194776238251569;1.742301179491
0.9140359558740959 0.6883170489077886;2.189842505921
0.03817269102081988 -0.4900982033404331;-0.07677899762952
-0.20435092037541935 -0.14628169460373686;0.2628717079418
0.48721695899403195 0.7529759486995182;1.6871859781719
0.9013764690570377 0.10247083353238118;0.9347332700794
-0.01793397150006182 -0.7538914792900728;1.1209667844870
0.09734533465145045 -0.11079091830993182;-0.19805737877685
-0.4542640732628237 0.7717870389416195;1.7925853832029
-0.8293822001621712 0.28953065012048107;1.090519033264
0.18402159222257264 0.40716276766877524;0.3041669468033
-0.5296007428904373 0.7699759507030748;1.6548145006141
-0.9046207386993358 0.27188182178956377;1.4223937974757
0.0045524945860161425 0.2424513022628696;0.09660326544632
-0.025237353758541303 -0.051591838976532745;-0.5087806828118
0.1364158159562714 0.4747849643816512;0.11901155704920
-0.538555753586105 0.2928323520997619;0.5953237621959
-0.8925319822098452 0.4361403813717021;1.1413022103102
0.05312524889807402 0.6132926561895954;0.45085828758104
-0.277915892204865 -0.7278519494925476;1.666001913148
0.16671977420253525 0.14903560945948546;0.1556601410337
-0.5476597841141099 -0.7447914016965244;1.5584912552598
-0.8758834017625609 -0.019035413272287305;0.6129776909113
0.10841332520747005 0.1860497443614747;0.11877474516845
-0.4858577344088161 -0.5542822447655164;0.6730386606513
-0.8995647583514693 0.44768830346743693;1.1637560212953
0.025690002111063426 0.5284327035915478;0.0055759694970886
-0.13944586118207092 -0.22789863079918515;0.3164673853979
0.5415707750571247 0.19658264599617914;0.4752842972806
0.8872228445119607 -0.4753762864481651;1.1183297717356
-0.07201653137498598 -0.28830861655863826;0.1860980312325
0.3614501429843525 -0.3954739520731557;0.6617264951127
0.3656993964135974 -0.8071634233165285;1.9337242404157
0.392581366602765 -0.6005041512400603;1.0449258924660
0.5539283658224897 0.69997649632455;1.3672488311024
0.8616082574579337 -0.40003998770326266;1.0547768197487
-0.14422675178129285 -0.7947599779606954;1.4579760334027
0.5456402046760972 -0.49998176847698506;0.3925849636717
0.8796519988240875 -0.04872527204376287;0.67624680110
-0.09691958191268835 0.4519101349587692;0.004122780682461
0.45252253566579914 0.49475838115803994;0.5447598750716
0.8241784610812364 0.099293497407544;0.584250309058
-0.18502150002127737 -0.7447400997937729;1.4745357745992
0.5280998877148824 -0.018518969694003906;-0.07140186768401
0.9060188563635518 0.18108087214556223;1.2576556036853
0.0018307583190135812 -0.5881086058095745;0.26658586029785
-0.010345491108505467 0.6545413632176741;0.6599534878573
0.05621471766317443 -0.6780608302926453;0.8369912640666
-0.2924084232428581 0.5600505538368868;0.7867861928419
0.0804181627523759 -0.4913641650856385;-0.006887828153556
-0.3954300408484457 -0.13383952738426663;0.4733022376269
-0.5694545168766318 0.7774603967527246;1.6140105468455
-0.8191827454158418 0.3440530997568977;0.9740793825778
0.18435068934769983 0.7689958325698739;1.5385239409023
-0.5290937051169042 0.26228734490926187;0.6129646833723
-0.9051753676351282 0.14792542934670216;1.1306196794238
0.002163850494253383 -0.7481307147076491;1.0993889522617
-0.01216860745334336 -0.05268861917292067;-0.5131649719073
0.06613392094489634 0.48337408330755915;-0.04582381675190
-0.33702000446730274 0.21080292882370533;0.7489915526634
-0.2066068805024862 -0.3554078480482751;0.4738383546315
0.4811270099411197 -0.8052630655953766;1.796614107266
0.8926060768017646 -0.5858686284669904;1.5100330653433
-0.05257443660716732 0.6444543614015782;0.6372599225507
0.2747293138140944 -0.7096115603271927;1.5826691629397
-0.1844799716185036 0.31875602101171874;0.4692026704906
0.5289482963943665 0.6355935254190989;1.0440710542767
0.9051243533216108 -0.7271259570593595;2.3330335602462
-0.002052226635259058 0.1560703493032397;-0.14465667713417
0.010910338689040233 -0.7202261580550227;0.9997844024509
-0.059934304644140846 0.22190828005944097;0.11141491281240
0.30893817764590936 -0.25319333494034846;0.7955365770772
0.02394155801333342 -0.05575423581661554;-0.49964722881937
-0.13016207832170668 0.5068842648743107;0.1506625075957
0.5300996263884211 -0.02058921110819656;-0.07279462671969
0.9038475725130674 0.20095075975536691;1.3111965478974
-0.007533277460938792 -0.44003347388348135;-0.11612033641229
0.04087934303221907 -0.586760561530331;0.2828089004701
-0.21804706203111202 0.6485378751334855;1.1100279904680
0.44615857901565914 -0.6983068452519351;1.543077722130
0.8030979240111275 0.41430307471072203;0.7711870374773
-0.1732400655760319 0.7396581363676754;1.4204131914468
0.5428344413282421 -0.031595844720744615;-0.0794008058742
0.8849642148500947 0.3039605836353384;1.3262917232238
-0.07974831544441008 0.5283574369833596;0.08309646304491
0.3923746593574218 -0.22720127446637794;0.7805262285379
0.5527589706374902 0.20334140106373877;0.47837069180
0.8643637206056787 -0.42009789293527533;1.0362579218769
-0.13813182000013802 -0.7115275035052574;1.1998215993440
0.5402318522736382 0.30173522858115553;0.5857745771215
0.8895245936522111 0.510641690602672;1.1868176734313
-0.06387694107288455 -0.057542125829318835;-0.44648758134007
0.3265988537476028 0.5202468470364893;0.6763903125349
0.13872336991865075 -0.1507314220580772;0.07555510980320
-0.5410482934947122 0.7396327211425778;1.551285800307
-0.8884046807153753 -0.03185012695162037;0.6822336863139
0.06812339605056372 0.30627853422541473;0.1648410028425
-0.3455887551436895 0.5463950454504273;0.7807822287594
-0.26274955830352853 -0.38580186834135566;0.5648640899482
0.2506471136744107 -0.8250348113333318;1.8020914702669
-0.3115307684087373 -0.722489534887747;1.698156498199
-0.04006429621699359 0.2005285740812156;0.03077552913175
0.21333377591860525 -0.44351152502144897;0.3542833982982
-0.4611706952541935 -0.5612519148612867;0.7489682469413
-0.8493226433075659 0.49911922502699424;0.9846438985554
0.16635178367006043 0.056171843351143114;-0.17999900781851
-0.5478597534106602 -0.5108797307369424;0.413981348492
-0.8754695306020179 0.05879568581068573;0.6824026913439
0.109607548295245 -0.530287107969621;0.16079232630986
-0.4889190457541306 0.24398151677517954;0.6685691183230
-0.9034371480540762 -0.03620879111695463;0.7514133178987
0.009604128851208094 0.34549961233508664;0.04149873186498
-0.05282068519896621 0.7744850590877121;1.205707155673
0.2758985361594938 0.31561281688862786;0.7225488832505
-0.17782276518025075 0.6144432518644642;0.7811510449735
0.538033093137518 -0.7293374826815986;1.5187121802416
0.8930992408395081 0.1345848884566918;1.0276849886198
-0.05072294517441256 -0.7765035124091708;1.2067340805091
0.26588630277763625 -0.33409179517021115;0.6730143259112
-0.23346122562837712 -0.7242937217838914;1.5458523369396
0.3887265747562999 0.1833291119270568;0.6657097910348
0.5319135618408936 -0.5730880863361139;0.68093857844
0.9016895502971426 0.5765507123603169;1.497908643607
-0.01663149387610441 -0.5972977218049953;0.3219677342169
0.09031828803788311 0.689944790482893;0.9664655935627
-0.4313129857951111 -0.478200223855076;0.5547473662036
-0.7459171497814451 -0.2615592309046151;0.7501342619810
0.025117953516576086 -0.13976352326501917;-0.20028513150683
-0.1364128846762921 0.7681835592301121;1.387156233518
0.5383377991680663 0.2543141858248297;0.5926933553573
0.8926191523242225 0.06795743755603967;0.7810878952967
-0.0525254978976849 -0.593350689600364;0.33445619795037
0.2744967510694122 0.6759321316106512;1.411384589387
-0.18579928782756905 -0.5726684284177055;0.5730778380663
0.5268526471055593 0.5740344377363313;0.694172352996
0.9072622525051669 -0.5828479981108061;1.553593786135
0.007286613382394891 0.6299743842234604;0.5119870898920
-0.040178593608014235 -0.7331830567723809;1.0717533512695
0.213910980217901 0.09685763777084944;0.09676032654336
-0.45936426319017976 -0.7369093252014091;1.685412879514
-0.8443486386709855 0.059927372068606766;0.5469102642760
0.17286494661045682 -0.5384790955039874;0.3794180475285
-0.5431848661452934 0.31752152623052765;0.5630411441244
-0.8846067078418987 0.6273975279450318;1.7176141987099
0.08118339141493269 -0.7346388315121565;1.1443920759339
-0.3983447640294271 0.08246900226632892;0.2750816884906
-0.5855537770189025 -0.6766867725169422;1.2115027107214
-0.7634105197789989 0.5685739296994087;0.8633325310780
0.08663776030459847 -0.5493179073207598;0.17765562013668
-0.41844295572300316 0.40868887129837284;0.6026708826514
-0.6884617982630861 0.7639824640339056;1.6233138943165
-0.24725590351067162 0.21279481889072704;0.608225250894
0.3280629762995888 -0.3375565693354975;0.7620841305638
0.1483293464419253 -0.7410087121083108;1.3468142078069
-0.5482704850360856 0.0189712800862597;-0.10258257170738
-0.8746130441348307 -0.18649453918796344;1.143774423216
0.11205043779306345 0.5517507199459083;0.2508694818487
-0.494964103181755 -0.4289205950559992;0.4516325379319
-0.9095289031269845 -0.6610655641116147;2.0212505083196
-0.01705393718948034 0.6516314563790327;0.6453703636260
0.09259912661453573 -0.6884079403553321;0.9637993844073
-0.43899939998284754 0.4900641322020073;0.5583554409719
-0.7767030911251734 0.14553432247150455;0.5644569778664
0.124316571660125 -0.7548182667739788;1.3178548552124
-0.5207857036894844 -0.12012746988247047;0.22455026381864
-0.9122493249146854 0.7821015302498214;2.516208522424
-0.029475920191828986 0.3876496971345379;-0.031406403253378
0.15877721958886515 0.8222641788108239;1.5274294853372
-0.5502692486627633 0.7060835318288191;1.4014618150101
-0.8703225789888255 -0.34874386869161145;1.1939023054153
0.12370531314259392 -0.7856697004621186;1.38401768045
-0.519681871889551 -0.4196419769823493;0.4179710771292
-0.912901393128159 -0.7139161771275596;2.30891813445
-0.03249961397294132 0.28021550068844403;0.13211842643210
0.1745610004643725 0.32205323418281884;0.4330616034706
-0.5415727966357589 0.6567652327438436;1.1502464541733
-0.8874944741542692 -0.6694846272901842;1.979135792210
0.07131862761824403 0.61010400048944;0.4626897227425
-0.35906761624680894 -0.7228768168435704;1.7291434476781
-0.3499672757570551 0.19684798056384922;0.7161261819044
-0.2912741802793086 -0.47327086774169613;0.5451955456486
0.08735369425369766 -0.30805499110744794;0.20221722969323
-0.4209909077005055 -0.5592682390999507;0.800242999541
-0.7003971699079744 0.4848959749118805;0.4008648593240
-0.18439099843439244 0.196040676324006;0.37880480576
0.5290861206290546 -0.4796596953577995;0.3879630190681
0.9049753243046669 -0.2476259996427369;1.4090113628098
-0.002695719359826154 0.0004014519175407072;-0.5798920290273
0.014432160610902467 -0.004517894487493845;-0.5765288221556
-0.07906105221176152 0.044144299938853826;-0.4483626728986
0.3897169100837664 -0.4150771908756393;0.619957580770
0.5376106254678928 -0.7366006381791482;1.5460977215725
0.8937567080632561 0.06299869465056196;0.7717509352252
-0.04823646707573259 -0.5601522103935478;0.15659487907980
0.2538703439488147 0.4912760586648043;0.4885625420360
-0.2957434446576942 0.13362252558581222;0.4348232235697
0.05986897052327611 -0.7776996502028447;1.222928917255
-0.30919555717302283 -0.3454752557442956;0.7280968955919
-0.025050929102001462 -0.7741227501450113;1.1747157471948
0.13542650101379594 -0.31126247882297264;0.3260950093794
-0.5373981837798844 -0.583046854111137;0.7242470464300
-0.8943368373212298 0.6309582673008104;1.7801365879285
0.046307608826606006 -0.7324076170463504;1.0762930129072
-0.24503367624755656 0.10449940513511524;0.21251809623245
0.33838931487147705 -0.7590983549788269;1.844799316281
0.2161533058526558 -0.16314212267965844;0.36398151306271
-0.45218514210632355 0.690115609285182;1.4920436846660
-0.8228952388952034 -0.4769383325060409;0.8343073086390
0.18491146387384616 -0.2735479238569808;0.5030115426529
-0.5282157604560663 -0.2577178772315917;0.6116918390643
-0.9061024828912919 -0.10129098249350743;0.9493433640657
-0.001859365436268301 0.7502508556692541;1.1058008218534
0.009854720613050927 0.07498525841605563;-0.45198610370910
-0.05418612675350121 -0.6363838630740873;0.5911016643436
0.28235185141015895 0.7260101272121674;1.6673073142027
-0.1403807928351949 -0.16598187178710344;0.13915123035786
0.5424657157268612 0.6763257479497511;1.260543773978
0.8856318903829633 -0.5702718084331269;1.3989783487618
-0.07748922524694246 0.5593312015853937;0.20250394429913
0.38357033067022683 -0.4861771812464608;0.6110733316437
0.5018128073763143 -0.1846450710369394;0.5056392711235
0.9138722628528576 0.5646670488872088;1.4868070278833
0.03740361047436502 -0.5235737337029465;0.00030257214675077
-0.20043206302257388 0.18135053542553647;0.38192950649548
0.4971506986247701 -0.5863322568225124;0.8120205975786
0.9111935293084464 0.646587998993229;1.9423689373457
0.024975956186944814 -0.7039564974499288;0.9344306412451
-0.1356593411243464 0.3676499395636992;0.22813288538230
0.5374567099674835 0.8271054739708913;1.7118759088045
0.8939938797208916 0.735110016488237;2.3174330558103
-0.04733443239693014 -0.07690925098756385;-0.41566639573464
0.2494728005694128 0.6466456622409286;1.18483965872
-0.31718026182506043 -0.7037960047502404;1.6219060415867
-0.07663431460128012 0.36900663053793215;0.07417904377833
0.3801878738774731 0.8283625008862008;1.9429973431293
0.48168884074059926 0.7422539331137004;1.6640974464803
0.8935022530516188 -0.005574070098600448;0.6802461279326
-0.04920124634839618 0.054576163782872555;-0.4766330338013
0.25855134335554397 -0.4988014091369939;0.513007882098
-0.2721050433602781 -0.06040651266537056;0.12963020227968
0.19973209797624047 0.5410990680187868;0.4739742076225
-0.4986986913363025 -0.34121195287260186;0.6005768682496
-0.9122575826862547 -0.7571868154450121;2.4608729134488
-0.029514101283202532 -0.14395617148437823;-0.1800806639946
0.15897744173491746 0.7589976511804205;1.4339190488678
-0.5502474036058238 0.16303506762635223;0.3479049524088
-0.8703705650992402 -0.6902487564414764;2.0177475537598
0.12358036419765162 0.47659317408636126;0.08307658233599
-0.5194538331688106 0.2757705215785641;0.6326798518477
-0.9130276348017643 0.27994383326119776;1.4554998660767
-0.03308705146693369 0.3195047118209834;0.09954794095776
0.1776097576700778 0.640493389697054;0.9370658589441
-0.5382657688051536 -0.7186368606506147;1.4752778481465
-0.8929908059653043 0.23678096271274118;1.3456381947176
0.051406900258234356 -0.10830965117614422;-0.29766472267803
-0.26974168523680475 0.7672265118056162;1.771211523839
0.21286439981700245 0.24489586007589514;0.5712163072716
-0.46262705597103515 -0.027006140040064852;0.05495030191572
-0.8532068797191902 0.26160693578950533;1.197728382862
0.1602997648891672 0.14113807643533727;0.10393949538032
-0.5500461294512251 -0.7652990529593241;1.6124439941095
-0.8708115606714009 -0.224963422518908;1.2295632419740
0.12242632585687896 0.22491124872149426;0.260863934314
-0.5173092130749404 -0.22455224820184483;0.5855371587380
-0.9140727350642521 0.22885370456933052;1.4173322558865
-0.037975529442050515 -0.1864251736999213;-0.014740642708408
0.20273812111022116 0.5522407525834415;0.5292774867077
-0.4912491526328785 -0.43275983572504073;0.4547501524366
-0.9060301438610304 -0.6366896386362942;1.862458273089
-0.0015440882113123555 0.7255412447722985;1.019732503717
0.008128987523591591 -0.1704977766718564;-0.08940754108059
PointOptimal;ValeurOptimale
[ 0.00812899 -0.17049778];-0.08940754108059606
Temps;Nb iteration
0.06513476371765137;1000