Point;Valeur
-4.720950952054888 7.35318800400097;36.515494601512
-3.878950952172443 6.5111880041144925;27.05803360171
-3.330190603705809 5.961535178844149;21.653281747257
-2.906583825266474 5.536657589734426;17.89125427806
-2.556838211702705 5.1853873338745515;15.054606804523
-2.257431816953102 4.884253307898217;12.819918517083
-1.9952781033805933 4.620195586187523;11.010024952257
-1.7622038756767942 4.385057204575748;9.515998293046
-1.5526922816651416 4.173332344140203;8.265517047202
-1.3628047589547485 3.981090596968459;7.207858601059
-1.189607387401785 3.805404490777382;6.3059598606480
-1.030840322524345 3.644019569068504;5.531865809251
-0.8847152410471979 3.4951522173103426;4.863953550265
-0.7497850127626384 3.357359569795131;4.285153606213
-0.6248564382814981 3.2294523975367104;3.7817633515762
-0.508929855863761 3.110434813256946;3.3426284324532
-0.40115615902172197 2.999461353945276;2.95856176623
-0.30080546437060757 2.8958056917244837;2.621920982617
-0.20724379320412764 2.798837343554232;2.3262945214957
-0.1199153989793101 2.708004016534676;2.066264082083
-0.038329156811474405 2.6228180079627053;1.8372218843636
0.03795207000424211 2.542845577276441;1.6352280356556
0.10931984545393883 2.467698532372713;1.4568977449247
0.1761268992779943 2.397027490338879;1.2993110939716
0.23869258066116703 2.3305164211948735;1.1599400939084
0.2973073157843062 2.267878186585407;1.0365891558281
0.3522362846145482 2.208850858494218;0.9273460925315
0.40372247963997 2.1531946556087465;0.8305414759875
0.451989270876089 2.1006893732648164;0.7447146895066
0.49724257312510933 2.051132211182909;0.6685853922288
0.5396726902961868 2.0043359243323873;0.6010293955973
0.5794558955971091 1.9601272382165527;0.5410581640181
0.6167557942099561 1.9183454820455192;0.48780131367869
0.6517245056594313 1.8788414026329323;0.4404916078715
0.684503695792869 1.8414761291358364;0.3984520436383
0.7152254825705234 1.8061202644476768;0.3610847000417
0.7440132353661802 1.7726530835506327;0.32786107792593
0.7709822838997326 1.7409618227002472;0.2983137083697
0.7962405500666148 1.710941046160364;0.2720288449531
0.8198891136344484 1.6824920794992169;0.24864008553716
0.8420227209235186 1.6555225003059968;0.2278227940846
0.8627302440816003 1.629945678689676;0.20928921333485
0.8820950973361088 1.6056803611481525;0.19278417581985
0.9001956155997886 1.5826502924016752;0.17808133450098
0.9171053999794462 1.5607838706096875;0.16497984576122
0.9328936340517977 1.5400138320775947;0.15330144707310
0.9476253742054718 1.520276962125189;0.14288787970340
0.9613618168736972 1.5015138292617076;0.13359861360497
0.9741605450910448 1.4836685402104683;0.12530883739819
0.9860757564749589 1.4666885136532033;0.11790768123879
0.9971584744561967 1.4505242708477752;0.1112966445510
1.0074567443479991 1.4351292415074297;0.10538820418961
1.0170158156450435 1.420459583528764;0.10010458167682
1.0258783117749974 1.4064740153277029;0.09537665082231
1.0340843883814224 1.393133659686525;0.09114296933484
1.0416718810961711 1.3804018981410124;0.08734892003248
1.048676443648882 1.3682442350419126;0.08394594899478
1.0551316770777455 1.356628170519565;0.08089088951425
1.0610692507201005 1.3455230816574797;0.0781453620263
1.0665190155977327 1.3349001112532421;0.07567524135436
1.071509110751272 1.3247320636036477;0.07345018361955
1.0760660630262813 1.314993306804333;0.071443206055
1.0802148807664207 1.3056596811015713;0.0696303137492
1.0839791418326532 1.2967084128732083;0.06799016802067
1.0873810763284915 1.288118033855109;0.0665037917540
1.0904416443816798 1.2798683052581639;0.06515430753632
1.0931806093033871 1.2719401464519906;0.06392670492344
1.0956166064229966 1.2643155679172229;0.06280763357716
1.0977672078711367 1.2569776081896518;0.06178521938004
1.099648983565306 1.249910274542756;0.06084890096516
1.1012775586342558 1.2430984871717443;0.059989284384298
1.1026676674988998 1.236528026660771;0.059198013894487
1.1038332048133115 1.2301854845297466;0.05846765706941
1.104787273456425 1.2240582166719856;0.057791602642796
1.105542229750609 1.21813429950571;0.05716396966910
1.1061097260731863 1.212402488675462;0.05657952674479
1.1065007510143514 1.2068521801502123;0.05603362017367
1.1067256672279984 1.201473373574141;0.055522110084062
1.1067942471101098 1.196256637736387;0.05504131361606
1.1067157064309299 1.1911930780334203;0.05458795439540
1.106498736042102 1.1862743058073604;0.05415911759715
1.1061515317697366 1.1814924094487806;0.05375220998030
1.1056818225980363 1.176839927161281;0.05336492434250
1.1050968972444002 1.1723098212906093;0.052995207905994
1.104403629215694 1.1678954541262818;0.05264123419918
1.1036085004366547 1.1635905650912295;0.05230137804736
1.1027176235296665 1.1593892492382418;0.051974193328351
1.1017367628254653 1.1552859369772859;0.05165839318733
1.1006713541752222 1.1512753749624773;0.05135283243869
1.0995265236361116 1.1473526080731427;0.0510564919132
1.0983071050911462 1.1435129624238376;0.05076846453542
1.097017656866647 1.1397520293449652;0.05048794293933
1.0956624774037949 1.1360656502790512;0.05021420845350
1.0942456200382922 1.1324499025385288;0.04994662130297
1.0927709069386724 1.128901085876616;0.049684611894120
1.0912419422524837 1.1254157098241897;0.049427673062611
1.0896621245038367 1.1219904817487312;0.04917535317797
1.088034658285987 1.118622295594633;0.04892725001012
1.0863625652892717 1.1153082212647092;0.048683005273614
1.0846486947016887 1.1120454946077492;0.0484422997747
1.0828957330175428 1.1088315079758178;0.048204849094795
1.0811062132888658 1.1056638013197444;0.04797039975038
1.0792825238512351 1.1025400537924517;0.04773872577789
1.07742691655214 1.0994580758296728;0.04750962569534
1.0755415145124876 1.0964158016823988;0.04728291979993
1.073628319446891 1.0934112823738689;0.04705844776413
1.0716892185669644 1.0904426790581394;0.046836066497377
1.0697259910930148 1.0875082567564227;0.04661564824397
1.0677403143950752 1.0846063784503617;0.046397078891206
1.065733769784427 1.0817354995106219;0.046180256464223
1.0637078479768827 1.0788941624441373;0.04596508978737
1.061663954244667 1.0760809919385317;0.04575149729328
1.0596034132752783 1.0732946901899167;0.04553940596354
1.0575274737550047 1.0705340324958197;0.0453287503864
1.0554373126907233 1.0677978630991474;0.04511947191871
1.0533340394870776 1.065085091268538;0.04491151794000
1.0512186997912487 1.0623946876019459;0.04470484118956
1.0490922791190103 1.059725680540121;0.04449939917625
1.0469557062748616 1.0570771530786276;0.04429515365374
1.0448098565780677 1.0544482396672994;0.0440920701536
1.042655554904762 1.051838123285289;0.043890117570296
1.0404935785572376 1.049246032683148;0.043689267791177
1.0383246599702605 1.0466712397814644;0.04348949536845
1.0361494892633452 1.0441130572176187;0.04329077722655
1.0339687166481208 1.041570836032111;0.04309309240218
1.0317829546983122 1.0390439634860222;0.04289642181292
1.0295927804917238 1.0365318610034757;0.04270074805152
1.0273987376292424 1.0340339822301738;0.04250605520279
1.0252013381397325 1.0315498112031136;0.04231232868079
1.0230010642766125 1.029078860623921;0.042119555083907
1.020798370212093 1.026620670230349;0.04192772206603
1.0185936836349287 1.024174805261048;0.041736818221914
1.0163874072579226 1.0217408550066023;0.041546832985113
1.0141799202391386 1.0193184314440484;0.04135775653733
1.0119715795226736 1.016907167948183;0.041169579727665
1.0097627211027547 1.014506718076437;0.040982294000770
1.0075536612166567 1.0121167544231702;0.040795891333010
1.0053446974692093 1.0097369675385777;0.04061036417559
1.0031361098934266 1.007367064909461;0.04042570540401
1.000928161951215 1.0050067699978606;0.040241908273034
0.9987211014767652 1.0026558213339936;0.04005896637668
0.9965151615667129 1.0003139716616656;0.03987687361263
0.994310561419254 0.9979809871310508;0.03969562415047
0.9921075071257532 0.9956566465384347;0.0395152124035
0.9899061924173554 0.9933407406084614;0.03933563300388
0.9877067993692352 0.9910330713178334;0.039156880779735
0.9855094990647381 0.9887334512567463;0.03897895073587
0.9833144522214708 0.9864417030272559;0.038801838035803
0.9811218097823001 0.9841576586752313;0.03862553798603
0.9789317134724171 0.9818811591554618;0.03845004602209
0.9767442963249137 0.9796120538261707;0.038275357696036
0.9745596831761231 0.9773501999730294;0.038101468665351
0.9723779911332034 0.9750954623599161;0.03792837468307
0.9701993300150878 0.9728477128053035;0.03775607158898
0.9680238027681218 0.9706068297824205;0.03758455530177
0.9658515058581241 0.9683726980427513;0.037413821812067
0.9636825296404463 0.9661452082604282;0.03724386717621
0.9615169587086442 0.9639242566969918;0.03707468751072
0.9593548722234312 0.9617097448851245;0.03690627898737
0.9571963442230419 0.9595015793306152;0.036738637828774
0.9550414439157761 0.9572996712310993;0.03657176030446
0.952890235955978 0.9551039362106155;0.036405642727421
0.9507427807045454 0.9529142940695455;0.03624028145094
0.948599134474128 0.9507306685486668;0.03607567286588
0.9464593497608172 0.948552987106422;0.035911813398124
0.9443234754625205 0.946381180709249;0.03574869950641
0.9421915570848555 0.9442151836333943;0.03558632768037
0.940063636935498 0.9420549332783311;0.03542469443871
0.9379397543072726 0.9399003699905168;0.035263796327691
0.9358199456510153 0.9377514368974551;0.03510362991965
0.9337042447384335 0.9356080797508575;0.03494419181181
0.9315926828157992 0.9334702467788426;0.03478547862509
0.9294852887490552 0.9313378885468316;0.03462748700311
0.9273820891603656 0.9292109578257787;0.034470213611321
0.9252831085570435 0.9270894094684478;0.034313655136106
0.9231883694531469 0.9249732002923439;0.03415780828412
0.9210978924843182 0.9228622889694217;0.034002669781608
0.9190116965157757 0.920756635922169;0.03384823637379
0.9169297987443855 0.9186562032253237;0.03369450482437
0.9148522147948481 0.9165609545134386;0.033541471915014
0.9127789588104182 0.9144708548935537;0.0333891344449
0.9107100435385738 0.9123858708629744;0.033237489230381
0.9086454804115088 0.9103059702315363;0.03308653310457
0.906585279622508 0.9082311220482964;0.032936262917056
0.9045294501976261 0.9061612965325564;0.032786675533558
0.9024780000632836 0.9040964650087545;0.032637767835698
0.9004309361102595 0.9020365998448228;0.03248953672072
0.8983882642538895 0.899981674394506;0.03234197910131
0.8963499894907265 0.897931662942435;0.03219509190530
0.8943161159523065 0.8958865406525411;0.032048872075585
0.892286646955377 0.8938462835195975;0.03190331656982
0.8902615850499381 0.8918108683233587;0.03175842236038
0.8882409320638114 0.8897802725850527;0.03161418643412
0.8862246891451168 0.8877544745267818;0.031470605792248
0.8842128568022102 0.885733453032873;0.03132767745021
0.8822054349415944 0.8837171876137345;0.03118539843756
0.8802024229031288 0.8817056583714767;0.031043765797825
0.8782038194937273 0.8796988459674824;0.030902776588395
0.8762096230188698 0.8776967315922665;0.030762427880430
0.8742198313125702 0.8756992969363889;0.030622716758748
0.8722344417653174 0.8737065241636253;0.030483640321735
0.870253451350699 0.8717183958850974;0.030345195681243
0.86827685665032 0.8697348951353532;0.030207379962507
0.8663046538774027 0.8677560053495914;0.03007019030406
0.8643368388990371 0.8657817103420007;0.02993362385765
0.8623734072571753 0.8638119942858;0.02979767778816
0.8604143541882772 0.86184684169396;0.02966234927353
0.8584596746420866 0.8598862374011315;0.029527635504682
0.8565093632992183 0.8579301665468421;0.029393533685454
0.8545634145876833 0.8559786145592194;0.02926004103251
0.8526218226984816 0.8540315671400753;0.029127154775322
0.8506845816004565 0.8520890102504856;0.028994872156007
0.8487516850540533 0.8501509300974519;0.028863190429359
0.8468231266245339 0.8482173131210913;0.028732106862727
0.8448988996943532 0.8462881459826903;0.028601618735970
0.8429789974746686 0.8443634155534099;0.028471723341388
0.8410634130165277 0.8424431089036092;0.028342417983661
0.8391521392210903 0.8405272132927567;0.02821369997978
0.8372451688494021 0.8386157161600846;0.028085566659030
0.8353424945318451 0.8367086051154283;0.027958015362848
0.8334441087763024 0.8348058679308709;0.02783104344483
0.8315500039769346 0.8329074925327891;0.027704648270668
0.8296601724214759 0.8310134669942408;0.027578827218052
0.8277746062987564 0.829123779528094;0.027453577676656
0.8258932977054195 0.8272384184799708;0.027328897048055
0.8240162386525757 0.8253573723223048;0.02720478274568
0.822143421071588 0.8234806296480587;0.02708123219476
0.8202748368201468 0.8216081791652771;0.026958242832266
0.8184104776875086 0.8197400096918245;0.026835812106849
0.8165503353995741 0.8178761101501241;0.02671393747879
0.8146944016238696 0.8160164695627002;0.026592616419969
0.8128426679740788 0.8141610770476291;0.026471846413767
0.8109951260140271 0.8123099218142354;0.026351624955046
0.8091517672619887 0.8104629931591003;0.026231949550076
0.8073125831944776 0.8086202804625315;0.02611281771650
0.8054775652497188 0.8067817731848187;0.02599422698327
0.8036467048311181 0.8049474608629207;0.025876174890612
0.8018199933104114 0.8031173331074009;0.025758658989928
0.799997422030524 0.8012913795992384;0.0256416768437
0.798178982308623 0.7994695900873515;0.025525226025898
0.7963646654386876 0.7976519543855638;0.02540930412096
0.7945544626939824 0.7958384623703745;0.025293908724739
0.7927483653294033 0.794029103978451;0.025179037443902
0.7909463645837572 0.7922238692044917;0.025064687896045
0.7891484516817865 0.7904227480989359;0.024950857709606
0.7873546178362566 0.788625730766228;0.0248375445238
0.785564854249658 0.7868328073625895;0.024724745988710
0.7837791521161659 0.7850439680946861;0.02461245976494
0.7819975026231165 0.7832592032175222;0.0245006835238
0.780219896952678 0.7814785030331091;0.024389414947498
0.7784463262831017 0.7797018578888234;0.024278651728285
0.776676781790264 0.777929258176013;0.02416839156927
0.7749112546490143 0.7761606943287889;0.02405863218393
0.7731497360342992 0.774396156822631;0.023949371296178
0.7713922171222206 0.7726356361732111;0.023840606640255
0.7696386890913854 0.7708791229351845;0.02373233596074
0.7678891431236101 0.7691266077013218;0.02362455701248
0.7661435704050445 0.7673780811012393;0.023517267560550
0.7644019621270062 0.7656335338006851;0.023410465380183
0.7626643094869747 0.763892956500517;0.02330414825676
0.760930603689137 0.7621563399357726;0.02319831398574
0.7592008359452536 0.7604236748749865;0.0230929603726
0.7574749974754602 0.7586949521193543;0.02298808523287
0.755753079508781 0.7569701625019878;0.02288368639194
0.7540350732837695 0.7552492968873564;0.022779761685168
0.75232097004915 0.7535323461704506;0.02267630895772
0.7506107610642336 0.7518193012762234;0.022573326064604
0.7489044375995922 0.7501101531590936;0.02247081087057
0.7472019909375707 0.7484048928023871;0.022368761250127
0.7455034123723819 0.7467035112176552;0.022267175087410
0.7438086932109734 0.7450059994443325;0.02216605027621
0.7421178247731216 0.7433123485491785;0.02206538471992
0.7404307983920092 0.7416225496259045;0.021965176331
0.7387476054142881 0.7399365937945847;0.021865423033242
0.7370682372007847 0.7382544722015305;0.021766122757151
0.7353926851264022 0.7365761760186397;0.021667273444479
0.7337209405807936 0.7349016964431161;0.02156887304589
0.7320529949682003 0.7332310246972519;0.02147091952138
0.7303888397080925 0.7315641520279308;0.02137341084022
0.7287284662352328 0.7299010697063794;0.021276344980937
0.7270718659997706 0.7282417690278558;0.02117971993124
0.725419030467723 0.7265862413113702;0.021083533688031
0.7237699511209734 0.7249344778994358;0.020987784257287
0.7221246194574303 0.7232864701578505;0.02089246965409
0.7204830269911874 0.7216422094753557;0.02079758790254
0.7188451652527461 0.7200016872634796;0.02070313703574
0.7172110257891595 0.7183648949562267;0.020609115095753
0.7155806001640951 0.7167318240098909;0.02051552013351
0.7139538799580257 0.7151024659030072;0.020422350208875
0.7123308567682128 0.7134768121359022;0.02032960339048
0.7107115222089616 0.7118548542307079;0.02023727775579
0.7090958679115557 0.710236583731113;0.020145371391005
0.7074838855244964 0.7086219922021447;0.020053882391021
0.7058755667134857 0.7070110712301366;0.01996280885942
0.7042709031615051 0.7054038124224336;0.01987214890841
0.7026698865689105 0.7038002074073125;0.019781900658794
0.7010725086534312 0.7022002478338579;0.01969206223990
0.6994787611503931 0.7006039253718054;0.01960263178962
0.6978886358124444 0.6990112317113395;0.019513607454267
0.6963021244099241 0.6974221585630616;0.019424987388611
0.6947192187306995 0.6958366976578023;0.0193367697558
0.6931399105802778 0.6942548407466056;0.019248952727412
0.6915641917817723 0.6926765796004638;0.019161534483233
0.689992054175998 0.6911019060103013;0.019074513211404
0.6884234896215179 0.6895308117868802;0.01898788710829
0.686858489994562 0.6879632887606756;0.018901654378475
0.6852970471890578 0.6863993287817501;0.01881581323469
0.6837391531167254 0.6848389237196759;0.01873036189781
0.682184799706964 0.6832820654634555;0.018645298596818
0.6806339789069308 0.681728745921459;0.018560621568722
0.6790866826815881 0.6801789570212837;0.01847632905857
0.6775429030135575 0.678632690709629;0.01839241931941
0.676002631903263 0.6770899389523722;0.018308890612201
0.6744658613688338 0.6755506937343517;0.018225741205842
0.6729325834461831 0.6740149470593337;0.01814296937709
0.6714027901888784 0.6724826909499191;0.01806057341057
0.6698764736682369 0.6709539174474645;0.017978551598669
0.6683536259732759 0.6694286186120502;0.017896902241570
0.6668342392107117 0.6679067865224482;0.017815623647186
0.6653183055048462 0.6663884132759045;0.01773471413111
0.6638058169977098 0.664873490988246;0.01765417201663
0.6622967658489484 0.6633620117936476;0.017573995634639
0.6607911442358698 0.6618539678447393;0.01749418332361
0.6592889443532665 0.6603493513123883;0.017414733429603
0.6577901584135907 0.6588481543857599;0.01733564430618
0.6562947786468091 0.6573503692721775;0.01725691431440
0.6548027973004173 0.6558559881971209;0.017178541822785
0.6533142066393591 0.6543650034041172;0.017100525207259
0.6518289989461692 0.652877407154709;0.01702286285114
0.6503471665207153 0.651393191728422;0.016945553145129
0.64886870168031 0.6499123494226561;0.016868594487193
0.6473935967597088 0.6484348725526683;0.01679198528262
0.6459218441109652 0.6469607534514793;0.016715723943952
0.6444534361035257 0.6454899844699497;0.016639808890936
0.6429883651240841 0.6440225579765465;0.01656423855051
0.6415266235766127 0.6425584663573893;0.016489011356789
0.6400682038824095 0.6410977020162486;0.016414125750973
0.638613098479872 0.6396402573743439;0.016339580181374
0.6371612998246572 0.6381861248704819;0.016265373103358
0.6357128003894872 0.6367352969608387;0.016191502979314
0.6342675926642773 0.6352877661190524;0.01611796827862
0.6328256691560225 0.6338435248360508;0.016044767477631
0.6313870223887155 0.6324025656200669;0.015971899059607
0.6299516449033785 0.6309648809966683;0.015899361514723
0.6285195292580622 0.6295304635085242;0.01582715334001
0.6270906680276676 0.6280993057155285;0.015755273039350
0.625665053804122 0.6266714001947213;0.015683719123408
0.6242426791961695 0.6252467395401797;0.015612490109634
0.6228235368294337 0.6238253163629858;0.015541584522218
0.6214076193463048 0.6224071232913032;0.015471000892060
0.6199949194059704 0.6209921529701287;0.015400737756741
0.6185854296843666 0.619580398061415;0.01533079366049
0.6171791428740806 0.6181718512439613;0.01526116715416
0.615776051684446 0.6167665052133975;0.015191856795191
0.6143761488413977 0.6153643526821515;0.015122861147581
0.6129794270874702 0.613965386379279;0.015054178781860
0.6115858791817496 0.6125695990506013;0.014985808275057
0.6101954978998555 0.6111769834586116;0.01491774821067
0.6088082760339089 0.6097875323823663;0.014849997178646
0.6074242063924662 0.6084012386174527;0.014782553775327
0.6060432818005351 0.6070180949760655;0.01471541660345
0.6046654950994448 0.6056380942868361;0.014648584272108
0.6032908391469576 0.6042612293948316;0.014582055396703
0.6019193068170753 0.6028874931615539;0.014515828598946
0.6005508910000866 0.6015168784648304;0.014449902506809
0.5991855846025502 0.6001493781988754;0.014384275754503
0.5978233805471973 0.5987849852740879;0.014318946982447
0.5964642717730113 0.5974236926172365;0.014253914837
0.5951082512349537 0.5960654931711957;0.01418917797165
0.5937553119041723 0.5947103798950223;0.014124735044554
0.5924054467679039 0.5933583457639545;0.014060584720919
0.5910586488293286 0.5920093837692876;0.013996725671799
0.5897149111076659 0.5906634869183419;0.013933156574281
0.5883742266380771 0.5893206482344935;0.013869876111470
0.5870365884716487 0.5879808607570797;0.013806882972457
0.5857019896752788 0.5866441175413218;0.01374417585228
0.5843704233318209 0.5853104116584633;0.013681753451949
0.5830418825398266 0.5839797361955057;0.01361961447832
0.5817163604136728 0.582652084255301;0.013557757644185
0.5803938500834486 0.581327448956458;0.01349618166814
0.5790743446949707 0.5800058234334037;0.013434885274645
0.5777578374097181 0.5786872008362272;0.0133738671939
0.5764443214047513 0.5773715743307103;0.013313126162015
0.5751337898727759 0.5760589370982343;0.013252660920656
0.5738262360220286 0.5747492823358406;0.013192470217334
0.5725216530762778 0.5734426032561061;0.013132552805222
0.5712200342747731 0.5721388930871276;0.013072907443160
0.5699213728721976 0.5708381450725053;0.013013532895631
0.5686256621386988 0.5695403524713111;0.012954427932733
0.567332895359695 0.5682455085579641;0.012895591330154
0.5660430658360835 0.5669536066223384;0.012837021869149
0.5647561668839992 0.5656646399696384;0.012778718336513
0.5634721918348776 0.5643786019203985;0.012720679524554
0.5621911340353742 0.563095485810358;0.012662904231071
0.5609129868472994 0.5618152849905693;0.012605391259325
0.5596377436477302 0.5605379928272269;0.012548139418018
0.5583653978288167 0.5592636027017593;0.012491147521268
0.5570959427978136 0.5579921080106895;0.012434414388581
0.5558293719770475 0.5567235021656185;0.012377938844829
0.5545656788039001 0.5554577785932556;0.012321719720227
0.5533048567306946 0.5541949307352636;0.012265755850304
0.5520468992247762 0.5529349520483965;0.012210046075885
0.5507917997683661 0.5516778360042985;0.012154589243059
0.5495395518585934 0.5504235760895341;0.012099384203164
0.5482901490074621 0.5491721658055869;0.012044429812756
0.5470435847417542 0.5479235986687672;0.011989724933587
0.5457998526030932 0.5466778682102721;0.01193526843258
0.544558946147847 0.5454349679759847;0.011881059181830
0.5433208589470632 0.544194891526566;0.011827096058519
0.5420855845865327 0.5429576324374229;0.0117733779449
0.5408531166666442 0.5417231842986311;0.01171990372853
0.5396234488024962 0.5404915407149027;0.011666672301693
0.5383965746236398 0.5392626953055861;0.011613682561902
0.537172487774318 0.5380366417045881;0.011560933411651
0.5359511819131609 0.5368133735603264;0.011508423758411
0.5347326507134095 0.5355928845357916;0.011456152514622
0.5335168878626257 0.5343751683084376;0.01140411859766
0.5323038870629173 0.5331602185701506;0.01135232092983
0.5310936420307117 0.5319480290272174;0.011300758438341
0.5298861464968041 0.5307385934003557;0.011249430055250
0.5286813942062762 0.529531905424559;0.011198334717488
0.5274793789185283 0.5283279588491268;0.011147471366814
0.5262800944072296 0.5271267474377569;0.01109683894979
0.525083534460238 0.5259282649682512;0.011046436417786
0.5238896928795675 0.5247325052326849;0.010996262726903
0.5226985634814192 0.5235394620372669;0.010946316838007
0.521510140096181 0.5223491292024629;0.010896597716687
0.5203244165682344 0.5211615005627167;0.010847104333224
0.5191413867560661 0.5199765699666505;0.010797835662584
0.5179610445321553 0.5187943312768635;0.010748790684388
0.5167833837830211 0.5176147783700701;0.010699968382896
0.5156083984090937 0.5164379051368371;0.010651367746981
0.5144360823247937 0.5152637054818144;0.01060298777011
0.5132664294583391 0.514092173323457;0.010554827450330
0.5120994337518737 0.512923302594163;0.010506885790230
0.5109350891614015 0.5117570872401801;0.010459161796940
0.509773389656658 0.5105935212215751;0.010411654482097
0.508614329221166 0.5094325985122169;0.010364362861831
0.5074579018522191 0.5082743130997225;0.010317285956743
0.5063041015607843 0.5071186589854098;0.010270422791880
0.5051529223715022 0.5059656301843282;0.010223772396723
0.5040043583226778 0.5048152207252038;0.010177333805162
0.502858403466224 0.503667424650354;0.010131106055476
0.5017150518675649 0.5025222360156947;0.010085088190313
0.5005742976057878 0.5013796488907629;0.010039279256673
0.49943613477336113 0.5002396573585773;0.009993678305882
0.4983005574763677 0.49910225551569165;0.009948284393581
0.49716755983423855 0.49796743747212474;0.009903096579698
0.4960371359798812 0.4968351973513445;0.009858113928434
0.4949092800596067 0.49570552929025996;0.00981333550824
0.4937839862330331 0.49457842743910446;0.009768760391805
0.4926612486731649 0.4934538859614896;0.009724387656022
0.49154106156625627 0.49233189903434277;0.009680216381985
0.4904234191118667 0.4912124608479145;0.009636245654959
0.48930831552277226 0.49009556560567735;0.009592474564367
0.48819574502497315 0.4889812075243257;0.009548902203769
0.4870857018576369 0.4878693808337905;0.009505527670842
0.48597818027307393 0.48676007977716157;0.009462350067364
0.48487317453672907 0.4856532986106409;0.009419368499191
0.4837706789270846 0.48454903160353435;0.00937658207624
0.4826706877357322 0.48344727303826673;0.009333989912484
0.48157319526726 0.4823480172102653;0.009291591125902
0.4804781958392763 0.48125125842799815;0.009249384838493
0.4793856837823207 0.480156991012904;0.009207370176242
0.47829565343989583 0.47906520929941504;0.009165546269104
0.4772080991683946 0.4779759076348484;0.009123912250987
0.4761230153371077 0.4768890803794286;0.009082467259732
0.4750403963281271 0.4758047219062644;0.009041210437099
0.47396023653641756 0.4747228266012705;0.009000140928744
0.4728825303696959 0.4736433888632141;0.008959257884208
0.47180727224844665 0.47256640310360576;0.008918560456893
0.4707344566058975 0.47149186374670704;0.00887804780404
0.4696640778879385 0.4704197652295067;0.00883771908674
0.46859613055317806 0.4693501020017127;0.008797573469875
0.46753060907281374 0.4682828685256358;0.008757610122120
0.46646750793069636 0.4672180592762587;0.008717828215936
0.46540682162322505 0.4661556687411584;0.008678226927540
0.46434854465938713 0.4650956914204979;0.008638805436891
0.4632926715606691 0.4640381218269565;0.008599562927674
0.4622391968610727 0.46298295448576005;0.008560498587279
0.46118811510704977 0.4619301839345959;0.00852161160679
0.4601394208574944 0.4608798047236198;0.008482901180967
0.45909310868371783 0.4598318114154249;0.008444366508223
0.4580491731694165 0.45878619858501035;0.008406006790616
0.45700760891062314 0.4577429608197114;0.00836782123382
0.45596841051570636 0.4567020927192453;0.00832980904714
0.4549315726053304 0.45566358889563374;0.008291969443452
0.4538970898124304 0.4546274439732024;0.00825430163920
0.4528649567821719 0.4535936525885034;0.008216804854416
0.4518351681719427 0.4525622093903457;0.008179478312648
0.4508077186512877 0.45153310903971744;0.008142321240984
0.4497826029019413 0.45050634620979346;0.008105332870021
0.44875981561773814 0.44948191558591943;0.008068512433848
0.4477393515046533 0.44845981186552636;0.008031859170037
0.44672120528068127 0.447440029758138;0.007995372319618
0.4457053716758757 0.4464225639853707;0.007959051127074
0.44469184543233314 0.4454074092808323;0.007922894840314
0.44368062130411223 0.44439456039018366;0.00788690271066
0.44267169405724155 0.4433840120710458;0.007851073992863
0.441665058469695 0.4423757590929915;0.007815407945013
0.4406607093313273 0.44136979623751427;0.007779903828600
0.43965864144388167 0.4403661182980048;0.007744560908462
0.4386588496209654 0.4393647200797351;0.00770937845277
0.4376613286879933 0.43836559639982714;0.007674355733040
0.4366660734821711 0.4373687420871832;0.007639492024065
0.4356730788524956 0.436374151982524;0.007604786603953
0.43468233965971365 0.4353818209383344;0.007570238754086
0.43369385077624983 0.43439174381881657;0.007535847759109
0.4327076070862542 0.43340391549990526;0.007501612906916
0.43172360348552186 0.4324183308691746;0.007467533488637
0.43074183488147627 0.43143498482588416;0.00743360879861
0.42976229619316914 0.43045387228091697;0.0073998381344136
0.4287849823512157 0.4294749881567481;0.007366220796766
0.4278098882977866 0.4284983273874367;0.007332756089595
0.42683700898659127 0.4275238849185793;0.0072994433199809
0.42586633938285373 0.42655165570730175;0.007266281798151
0.42489787446323973 0.4255816347222126;0.007233270837466
0.42393160921588086 0.42461381694339506;0.007200409754404
0.4229675386403338 0.4236481973623757;0.007167697868548
0.42200565774757226 0.4226847709821087;0.007135134502571
0.4210459615599061 0.42172353281690617;0.007102718982223
0.42008844511102134 0.42076447789246846;0.007070450636315
0.4191331034458674 0.4198076012458069;0.00703832879670
0.4181799316207452 0.41885289792526653;0.007006352798289
0.41722892470321826 0.41790036299047933;0.006974521978981
0.4162800777720486 0.41694999151232554;0.00694283567970
0.4153333859172363 0.4160017785729022;0.006911293244
0.414388844239979 0.41505571926553864;0.006879894019863
0.41344644785263174 0.4141118086947571;0.006848637356060
0.41250619187869036 0.4131700419762034;0.006817522605766
0.41156807145275126 0.4122304142366616;0.0067865491247325
0.41063208172050286 0.41129292061403117;0.006755716271637
0.40969821783869337 0.4103575562572796;0.0067250234080690
0.40876647497513857 0.40942431632642723;0.006694469898517
0.4078368483085848 0.40849319599253137;0.00666405511035
0.4069093330288535 0.40756419043764724;0.0066337784138358
0.40598392433668823 0.4066372948548202;0.006603639182061
0.4050606174437704 0.4057125044480389;0.006573636790988
0.404139407572671 0.404789814432212;0.00654377061940
0.403220289956866 0.40386922003315234;0.0065140400489202
0.40230325984068044 0.40295071648754577;0.006484444463951
0.40138831247932794 0.40203429904296645;0.006454983251713
0.4004754431387258 0.40111996295776825;0.006425655802199
0.3995646470956714 0.40020770350113094;0.006396461508176
0.3986559196376895 0.3992975159530059;0.006367399765167
0.39774925606303174 0.398389395604108;0.006338469971441
0.3968446516806686 0.39748333775586137;0.006309671527998
0.3959421018102569 0.3965793377204145;0.0062810038385589
0.39504160178211545 0.3956773908205783;0.006252466309551
0.3941431469372007 0.3947774923898411;0.006224058350100
0.3932467326270986 0.39387963777228374;0.006195779372011
0.39235235421395187 0.3929838223226407;0.0061676287897642
0.3914600070705001 0.392090041406192;0.006139606020494
0.390569686579975 0.3911982903987707;0.00611171048398
0.38968138813618847 0.3903085646867778;0.00608394160265
0.3887951071433959 0.38942085966709744;0.006056298801543
0.38791083901635215 0.38853517074711935;0.006028781508303
0.3870285791802391 0.38765149334466176;0.006001389153185
0.38614832307065716 0.3867698228879941;0.005974121169027
0.38527006613360126 0.38589015481582156;0.005946976991241
0.3843938038254603 0.3850124845772072;0.005919956057803
0.38351953161296093 0.384136807631603;0.005893057809244
0.3826472449731431 0.3832631194487799;0.005866281688631
0.3817769393933359 0.38239141550883526;0.005839627141563
0.38090861037119733 0.3815216913021851;0.005813093616154
0.38004225341458564 0.38065394232945554;0.005786680563026
0.3791778640416153 0.3797881641015908;0.005760387435295
0.3783154377806167 0.37892435213972153;0.005734213688560
0.3774549701700797 0.37806250197518027;0.00570815878089
0.37659645675867726 0.37720260914947007;0.0056822221728201
0.3757398931052015 0.3763446692142644;0.005656403327328
0.374885274778571 0.37548867773136063;0.005630701709834
0.3740325973577987 0.3746346302726565;0.005605116788186
0.3731818564319275 0.37378252242014215;0.005579648032645
0.37233304760009406 0.3729323497658538;0.005554294915881
0.3714861664714325 0.37208410791188884;0.005529056912956
0.37064120866507405 0.3712377924703513;0.005503933501316
0.36979816981015484 0.3703933990633212;0.005478924160779
0.3689570455457194 0.3695509233228694;0.005454028373527
0.36811783152076855 0.3687103608909881;0.005429245624091
0.36728052339420314 0.3678717074196059;0.005404575399343
0.3664451168348077 0.36703495857057233;0.005380017188485
0.36561160752123406 0.36620011001557257;0.005355570483038
0.36477999114197734 0.36536715743618126;0.005331234776832
0.3639502633953353 0.3645360965237929;0.005307009565995
0.36312241998940037 0.3637069229795983;0.005282894348943
0.36229645664204313 0.3628796325146155;0.005258888626370
0.36147236908091235 0.3620542208495969;0.0052349919012349
0.36065015304333836 0.36123068371503625;0.005211203678754
0.359829804276381 0.36040901685115373;0.0051875234663935
0.35901131853676926 0.35958921600787214;0.005163950773850
0.358194691590905 0.3587712769448014;0.00514048511305
0.3573799192148187 0.35795519543116483;0.005117125998137
0.3565669971941613 0.35714096724586103;0.005093872945456
0.3557559213241797 0.3563285881773745;0.00507072547355
0.35494668740969276 0.3555180540238028;0.00504768310315
0.35413929126508686 0.35470936059277125;0.005024745357166
0.35333372871423957 0.3539025037014752;0.005001911760662
0.35252999559055564 0.35309747917662965;0.00497918184086
0.3517280877369346 0.3522942828544421;0.004956555127158
0.35092800100573035 0.35149291058060067;0.004934031151044
0.35012973125873526 0.35069335821025865;0.004911609446163
0.34933327436714745 0.34989562160798776;0.004889289548270
0.3485386262116071 0.3490996966478012;0.004867070995229
0.34774578268207956 0.3483055792130686;0.004844953326999
0.3469547396779358 0.3475132651965582;0.004822936085632
0.3461654931078354 0.3467227505003788;0.004801018815255
0.345378038889787 0.345934031035972;0.004779201062067
0.34459237295107165 0.3451471027240808;0.004757482374326
0.3438084912282385 0.34436196149471876;0.004735862302343
0.34302638966710086 0.34357860328718914;0.0047143403984681
0.3422460642226878 0.3427970240500151;0.004692916217084
0.3414675108592358 0.34201721974096666;0.004671589314599
0.3406907255501608 0.34123918632697936;0.004650359249433
0.3399157042780656 0.3404629197842083;0.004629225582011
0.33914244303467994 0.3396884160979388;0.004608187874753
0.338370937820852 0.338915671262606;0.00458724569206
0.33760118464654837 0.3381446812817519;0.004566398600340
0.33683317953080977 0.33737544216802523;0.004545646167922
0.3360669185017267 0.3366079499431428;0.004524987965128
0.33530239759644326 0.3358422006378777;0.004504423564221
0.33453961286111705 0.3350781902920396;0.004483952539408
0.3337785603508947 0.3343159149544403;0.004463574466827
0.3330192361299159 0.3335553706828931;0.004443288924541
0.33226163627127697 0.332796553544182;0.004423095492528
0.3315057568570108 0.33203945961404224;0.004402993752674
0.3307515939780504 0.3312840849771368;0.004382983288762
0.32999914373423683 0.33053042572704483;0.004363063686466
0.32924840223429513 0.32977847796622667;0.004343234533338
0.32849936559578574 0.32902823780601975;0.004323495418806
0.32775202994512453 0.3282797013666039;0.004303845934160
0.3270063914175265 0.3275328647769971;0.004284285672546
0.32626244615701366 0.32678772417500923;0.004264814228955
0.3255201903163666 0.32604427570726086;0.004245431200220
0.32477962005714045 0.3253025155291294;0.004226136185002
0.3240407315496046 0.32456243980474503;0.004206928783785
0.3233035209727626 0.3238240447069594;0.004187808598865
0.32256798451428775 0.32308732641733034;0.004168775234345
0.321834118370555 0.3223522811261215;0.004149828296125
0.3211019187465847 0.3216189050322483;0.004130967391894
0.3203713818560266 0.32088719434328544;0.004112192131122
0.31964250392115523 0.32015714527542805;0.004093502125051
0.31891528117283 0.3194287540534878;0.004074896986689
0.31818970985049905 0.31870201691086963;0.004056376330801
0.31746578620215066 0.31797693008954064;0.004037939773900
0.3167435064843135 0.31725348984001445;0.004019586934238
0.3160228669620521 0.3165316924213472;0.004001317431804
0.3153038639089189 0.3158115341011029;0.00398313088830
0.3145864936069257 0.3150930111553336;0.00396502692718
0.3138707523465679 0.3143761198685758;0.003947005173564
0.31315663642677605 0.3136608565338035;0.00392906525429
0.3124441421548996 0.3129472174524324;0.00391120679790
0.31173326584667466 0.31223519893429635;0.003893429434617
0.31102400382624024 0.3115247972976163;0.0038757327963327
0.31031635242609756 0.31081600886900024;0.0038581165166204
0.30961030798707 0.31010882998340444;0.0038405802307138
0.3089058668583351 0.3094032569841257;0.0038231235755026
0.30820302539735606 0.30869928622278936;0.003805746189524
0.30750177996988576 0.30799691405930313;0.0037884477129580
0.3068021269499505 0.30729613686187224;0.003771227787615
0.30610406271982193 0.3065969510069491;0.0037540860569340
0.30540758367000054 0.3058993528792411;0.0037370221659709
0.3047126861992039 0.3052033388716792;0.0037200357613939
0.30401936671432606 0.30450890538539127;0.0037031264914
0.30332762163046173 0.30381604882970537;0.0036862940060806
0.3026374473708459 0.30312476562210355;0.003669537956670
0.3019488403668416 0.30243505218822947;0.003652857996284
0.30126179705794387 0.30174690496184947;0.003636253779535
0.30057631389174355 0.30106032038485264;0.0036197249626080
0.299892387323911 0.3003752949072081;0.003603271203244
0.2992100138181759 0.2996918249869803;0.0035868921607425
0.2985291898463113 0.29900990709025965;0.0035705874959448
0.2978499118881333 0.29832953769121223;0.003554356871235
0.29717217643143673 0.29765071327199105;0.0035381999505283
0.2964959799720272 0.2969734303227669;0.003522116399265
0.29582131901368486 0.2962976853417011;0.003506105884407
0.29514819006811605 0.2956234748349106;0.003490168074425
0.29447658965498946 0.29495079531646023;0.003474302639295
0.2938065143018797 0.29427964330835094;0.003458509250491
0.2931379605442471 0.29361001534047726;0.0034427875809808
0.29247092492544985 0.2929419079506503;0.003427137305212
0.2918054039967074 0.2922753176845397;0.003411558099115
0.2911413943170767 0.29161024109566974;0.0033960496400877
0.2904788924534477 0.290946674745427;0.0033806116069935
0.2898178949805114 0.29028461520299054;0.0033652436801535
0.28915839848075153 0.28962405904535504;0.003349945541339
0.2885003995444205 0.2889650028572961;0.003334716873769
0.2878438947695433 0.2883074432313738;0.0033195573620965
0.287188880761857 0.2876513767678748;0.0033044666924073
0.286535354134839 0.28699680007483513;0.003289444552212
0.2858833115096666 0.2863437097679981;0.0032744906304421
0.28523274951518895 0.285692102470806;0.0032596046174367
0.28458366478793085 0.2850419748143848;0.0032447862049435
0.28393605397206856 0.2843933234375054;0.003230035086108
0.2832899137194178 0.2837461449866027;0.003215350955470
0.28264524068939334 0.283100436115741;0.003200733508956
0.282002031549017 0.28245619348656725;0.0031861824438696
0.28136028297287347 0.28181341376834207;0.0031716974588911
0.28071999164313416 0.28117209363789714;0.0031572782540680
0.280081154249505 0.28053222977962344;0.003142924530809
0.2794437674892184 0.279893818885448;0.0031286359918791
0.27880782806702087 0.2792568576548223;0.003114412341390
0.27817333269516115 0.27862134279470263;0.003100253284800
0.27754027809334175 0.2779872710195427;0.003086158528902
0.2769086609887471 0.2773546390512583;0.0030721277818204
0.27627847811599926 0.2767234436192198;0.0030581607530032
0.2756497262171376 0.27609368146023655;0.0030442571532188
0.2750224020416231 0.27546534931854516;0.003030416694548
0.27439650234628965 0.27483844394577456;0.00301663909037
0.2737720238953683 0.27421296210095775;0.003002924055399
0.273148963460443 0.27358890055048507;0.002989271305593
0.27252731782042233 0.2729662560680966;0.0029756805582330
0.2719070837615596 0.27234502543487427;0.002962151531874
0.27128825807740037 0.2717252054392263;0.002948683946352
0.27067083756879873 0.27110679287685235;0.0029352775227707
0.2700548190438728 0.27048978455075506;0.0029219319835007
0.2694401993179926 0.26987417727118207;0.0029086470521736
0.26882697521378024 0.26925996785565287;0.0028954224536750
0.2682151435610774 0.2686471531289124;0.00288225791413
0.26760470119693736 0.26803572992293484;0.00286915316094
0.2669956449656089 0.26742569507690034;0.002856107922702
0.26638797171851214 0.266817045437168;0.002843121929263
0.2657816783142302 0.26620977785727173;0.0028301949116994
0.26517676161848136 0.265603889197901;0.002817326602302
0.26457321850410664 0.2649993763268698;0.002804516734582
0.263971045851074 0.2643962361191321;0.002791765043256
0.26337024054644187 0.26379446545675067;0.002779071264247
0.26277079948434323 0.2631940612288548;0.0027664351346766
0.26217271956596133 0.262595020331667;0.0027538563928568
0.2615759976995416 0.2619973396684528;0.0027413347782902
0.26098063080035566 0.2614010161495362;0.0027288700316612
0.2603866157906769 0.26080604669224156;0.0027164618948306
0.2597939495998007 0.26021242822092827;0.002704110110831
0.2592026291639839 0.2596201576669367;0.0026918144238627
0.258612651426449 0.2590292319685803;0.002679574579284
0.25802401333737995 0.258439648071134;0.0026673903236128
0.25743671185388983 0.25785140292682635;0.0026552614045141
0.25685074394000895 0.25726449349481634;0.002643187570800
0.25626610656667664 0.2566789167411624;0.0026311685724228
0.2556827967116971 0.25609466963883;0.00261920416046
0.2551008113597752 0.2555117491676685;0.0026072940871544
0.25452014750244856 0.25493015231439164;0.0025954381058211
0.25394080213811326 0.25434987607256027;0.0025836359709296
0.2533627722719798 0.253770917442582;0.0025718874380551
0.25278605491605877 0.25319327343166703;0.0025601922638820
0.252210647089165 0.25261694105383753;0.0025485502061992
0.25163654581689937 0.2520419173299121;0.0025369610238952
0.2510637481316005 0.25146819928746916;0.002525424476952
0.25049225107236683 0.2508957839608545;0.002513940326442
0.24992205168503848 0.2503246683911561;0.0025025083345229
0.24935314702215897 0.24975484962617706;0.002491128264428
0.24878553414297122 0.24918632472043747;0.0024797998804705
0.2482192101134115 0.24861909073516084;0.002468522948028
0.2476541720060831 0.24805314473825266;0.002457297233548
0.24709041690024644 0.24748848380426958;0.0024461225045358
0.2465279418817847 0.24692510501442896;0.002434998529550
0.24596674404323196 0.24636300545657983;0.0024239250782024
0.24540682048371892 0.24580218222520278;0.002412901921149
0.24484816830897285 0.24524263242136554;0.002401928830089
0.2442907846312954 0.24468435315273446;0.0023910055777543
0.2437346665695585 0.24412734153355517;0.002380131937910
0.2431798112491844 0.24357159468462541;0.0023693076853504
0.2426262158021253 0.24301710973329124;0.002358532595887
0.2420738773668594 0.2424638838134352;0.002347806446353
0.24152279308836477 0.2419119140654494;0.0023371290145926
0.24097296011810715 0.2413611976362237;0.0023265000794584
0.24042437561403396 0.24081173167913617;0.002315919420807
0.23987703674054608 0.24026351335403737;0.002305386819494
0.2393309406684978 0.23971653982723115;0.002294902057370
0.2387860845751667 0.23917080827146295;0.0022844649172766
0.2382424656442575 0.238626315865912;0.0022740751830381
0.23770008106586396 0.2380830597961603;0.002263732639462
0.23715892803647481 0.23754103725418885;0.00225343707233
0.23661900375895364 0.23700024543836393;0.002243188268406
0.2360803054425147 0.23646068155342553;0.0022329860154074
0.23554283030272088 0.23592234281045443;0.0022228301020222
0.23500657556146562 0.2353852264268818;0.0022127203178979
0.23447153844695065 0.23484932962645635;0.002202656453635
0.2339377161936841 0.23431464963924611;0.0021926383007869
0.23340510604245618 0.23378118370160758;0.0021826656518496
0.23287370524033327 0.23324892905618178;0.0021727383002632
0.23234351104063164 0.23271788295187673;0.0021628560404045
0.2318145207029235 0.23218804264385595;0.002153018667583
0.2312867314929927 0.23165940539351704;0.002143225978040
0.23076014068285483 0.2311319684684878;0.0021334777689383
0.230234745550715 0.23060572914260108;0.002123773838361
0.22971054338097177 0.23008068469589477;0.002114113985312
0.22918753146419102 0.22955683241457686;0.002104498009703
0.22866570709709785 0.2290341695910352;0.002094925712355
0.22814506758256253 0.22851269352380252;0.0020853968949949
0.22762561022958233 0.22799240151755457;0.0020759113602463
0.22710733235327746 0.22747329088309842;0.0020664689116311
0.22659023127486494 0.22695535893734736;0.0020570693535619
0.22607430432165052 0.226438603003313;0.0020477124913392
0.2255595488270206 0.2259230204100957;0.0020383981311474
0.22504596213041805 0.22540860849286518;0.002029126080050
0.22453354157733624 0.2248953645928449;0.002019896145986
0.22402228451928877 0.22438328605730248;0.0020107081377687
0.2235121883138215 0.22387237023953419;0.0020015618650747
0.22300325032448848 0.22336261449885517;0.001992457138447
0.2224954679208237 0.22285401620057627;0.0019833937692892
0.2219888384783471 0.22234657271600203;0.0019743715698587
0.2214833593785445 0.2218402814224075;0.0019653903532664
0.2209790280088494 0.22133513970303043;0.001956449933471
0.22047584176263496 0.22083114494705577;0.0019475501252760
0.2199737980391959 0.22032829454960212;0.0019386907443247
0.21947289424374036 0.2198265859117101;0.00192987160709
0.2189731277873759 0.219326016440321;0.0019210925309076
0.21847449608708525 0.2188265835482749;0.0019123533338975
0.21797699656573236 0.21832828465428544;0.001903653835035
0.21748062665203022 0.21783111718294368;0.0018949938541095
0.2169853837805368 0.21733507856468134;0.001886373211728
0.216491265391643 0.21684016623577845;0.0018777917293124
0.21599826893155447 0.21634637763834016;0.0018692492290944
0.21550639185227954 0.21585371022027935;0.0018607455341126
0.2150156316116232 0.21536216143531844;0.00185228046820
0.21452598567316294 0.21487172874295465;0.0018438538560254
0.21403745150624062 0.2143824096084657;0.0018354655229985
0.21355002658595051 0.21389420150288657;0.0018271152953579
0.21306370839312508 0.21340710190300766;0.0018188030001220
0.21257849441432095 0.21292110829134364;0.001810528465093
0.21209438214180684 0.21243621815613553;0.0018022915188584
0.2116113690735474 0.21195242899133124;0.001794091990778
0.21112945271320321 0.21146973829657392;0.0017859297109907
0.2106486305700906 0.21098814357718848;0.001777804510403
0.21016890015920361 0.21050764234416605;0.0017697162206928
0.20969025900117397 0.21002823211415816;0.0017616646742975
0.20921270462227087 0.20954991040946316;0.0017536497044178
0.208736234554381 0.2090726747579972;0.001745671145010
0.20826084633500436 0.20859652269330967;0.0017377288307864
0.20778653750723425 0.2081214517545426;0.0017298225972060
0.20731330561975117 0.2076474594864364;0.0017219522804767
0.2068411482268047 0.2071745434393105;0.0017141177175496
0.20637006288819543 0.20670270116905173;0.0017063187461154
0.20590004716927893 0.20623193023709693;0.0016985552046015
0.20543109864093956 0.20576222821042897;0.001690826932168
0.20496321487957245 0.20529359266155556;0.00168313376870
0.20449639346709747 0.20482602116850526;0.0016754755548365
0.20403063199091503 0.20435951131480434;0.0016678521318950
0.20356592804391407 0.2038940606894767;0.0016602633419444
0.20310227922445595 0.2034296668870168;0.0016527090277622
0.20263968313635441 0.2029663275073935;0.0016451890328396
0.2021781373888654 0.2025040401560229;0.0016377032013781
0.2017176395966871 0.20204280244377046;0.001630251378286
0.2012581873799298 0.20158261198691974;0.0016228334091766
0.20079977836411575 0.20112346640718032;0.0016154491403621
0.20034241018015922 0.2006653633316626;0.0016080984188536
0.1998860804643623 0.2002083003928681;0.0016007810923558
0.19943078685839283 0.19975227522867203;0.0015934970092651
0.1989765270092804 0.19929728548233097;0.0015862460186655
0.1985232985694022 0.19884332880245004;0.001579027970326
0.198071099196471 0.19839040284297318;0.0015718427146983
0.197619926553519 0.19793850526317927;0.001564690102911
0.19716977830888577 0.19748763372766273;0.0015575699867706
0.1967206521362162 0.19703778590632778;0.0015504822187540
0.1962725457144344 0.19658895947437482;0.0015434266520090
0.19582545672774365 0.19614115211228303;0.0015364031403494
0.19537938286560633 0.1956943615058026;0.0015294115382526
0.19493432182273573 0.19524858534594122;0.0015224517008565
0.19449027129908217 0.1948038213289543;0.0015155234839561
0.19404722899982071 0.19436006715633733;0.0015086267440014
0.19360519263534728 0.19391732053479677;0.0015017613380934
0.19316415992125444 0.19347557917626165;0.0014949271239820
0.19272412857832133 0.19303484079785074;0.0014881239600625
0.19228509633251975 0.1925951031218744;0.0014813517053729
0.19184706091497386 0.19215636387581905;0.001474610219590
0.19141002006197427 0.19171862079233573;0.0014678993630314
0.19097397151494588 0.19128187160921858;0.0014612189966426
0.19053891302044984 0.1908461140694108;0.0014545689820044
0.1901048423301655 0.19041134592097742;0.0014479491813245
0.18967175720088628 0.18997756491710543;0.0014413594574363
0.18923965539448961 0.18954476881608437;0.0014347996737953
0.18880853467795494 0.18911295538129655;0.0014282696944772
0.18837839282332353 0.1886821223812075;0.0014217693841741
0.18794922760770247 0.18825226758935423;0.001415298608192
0.18752103681324256 0.18782338878432603;0.0014088572324502
0.18709381822715235 0.18739548374977008;0.0014024451234735
0.18666756964164388 0.1869685502743587;0.0013960621483941
0.18624228885397084 0.1865425861517951;0.0013897081749474
0.18581797366636624 0.186117589180792;0.0013833830714684
0.1853946218860685 0.18569355716506206;0.0013770867068900
0.18497223132530344 0.18527048791331202;0.0013708189507401
0.184550799801258 0.18484837923922914;0.0013645796731383
0.18413032513608638 0.18442722896145997;0.001358368744794
0.18371080515688384 0.1840070349036141;0.0013521860370032
0.1832922376956847 0.18358779489424099;0.0013460314216462
0.18287462058945222 0.18316950676683005;0.001339904771184
0.18245795168005655 0.18275216835978533;0.001333805958658
0.1820422288142787 0.18233577751642363;0.0013277348576855
0.18162744984379042 0.1819203320849649;0.0013216913424549
0.18121361262514418 0.18150582991851852;0.0013156752877284
0.18080071501975503 0.18109226887506413;0.0013096865688355
0.1803887548939046 0.18067964681746118;0.0013037250616717
0.17997773011871898 0.18026796161340639;0.0012977906426957
0.17956763857016578 0.17985721113546177;0.0012918831889267
0.17915847812903185 0.17944739326100245;0.0012860025779424
0.1787502466809224 0.17903850587223977;0.0012801486878758
0.17834294211624485 0.17863054685619043;0.0012743213974131
0.17793656233019975 0.17822351410467738;0.0012685205857911
0.1775311052227688 0.1778174055143018;0.001262746132794
0.1771265686987057 0.1774122189864576;0.0012569979187543
0.17672295066752208 0.1770079524272936;0.0012512758245435
0.17632024904348254 0.17660460374772435;0.0012455797315764
0.17591846174559148 0.1762021708634086;0.001239909521805
0.17551758669757506 0.1758006516947389;0.0012342650777189
0.17511762182787616 0.17540004416682978;0.0012286462823381
0.1747185650696503 0.17500034620951493;0.001223053019215
0.1743204143607446 0.1746015557573308;0.001217485172432
0.17392316764369267 0.17420367074950388;0.00121194262659
0.17352682286569857 0.1738066891299383;0.001206425266833
0.17313137797863476 0.17341060884721565;0.001200932978801
0.17273683093902406 0.17301542785457574;0.0011954656486691
0.1723431797080305 0.17262114410990878;0.00119002316312
0.17195042225145235 0.1722277555757448;0.0011846054093676
0.17155855653970803 0.17183526021924006;0.001179212275114
0.17116758054782802 0.17144365601217224;0.0011738436485872
0.17077749225544384 0.17105294093092296;0.001168499418516
0.17038828964677094 0.17066311295647205;0.0011631794741392
0.16999997071060868 0.17027417007438972;0.0011578837051924
0.16961253344032529 0.16988611027481731;0.0011526120019153
0.1692259758338477 0.1694989315524653;0.0011473642550447
0.16884029589364968 0.16911263190659773;0.0011421403558135
0.16845549162674453 0.1687272093410256;0.0011369401959482
0.1680715610446702 0.16834266186409327;0.0011317636676666
0.1676885021634852 0.16795898748866964;0.0011266106636757
0.16730631300375245 0.16757618423213855;0.0011214810771694
0.1669249915905314 0.1671942501163901;0.0011163748018265
0.16654453595337276 0.1668131831678042;0.0011112917318081
0.1661649441262966 0.1664329814172437;0.0011062317617559
0.16578621414779218 0.16605364290004576;0.0011011947867896
0.165408344060807 0.1656751656560122;0.0010961807025049
0.16503133191273167 0.16529754772939878;0.0010911894049715
0.16465517575539185 0.16492078716889974;0.0010862207907304
0.16427987364504024 0.1645448820276449;0.001081274756792
0.16390542364234645 0.1641698303631871;0.001076351200636
0.16353182381238104 0.16379563023748964;0.0010714500202051
0.1631590722246134 0.16342227971691842;0.0010665711139055
0.1627871669528997 0.1630497768722353;0.001061714380605
0.1624161060754678 0.16267811977858063;0.0010568797196315
0.1620458876749133 0.16230730651546937;0.0010520670307675
0.16167650983818835 0.16193733516678047;0.00104727621425
0.16130797065658667 0.1615682038207423;0.0010425071707760
0.16094026822574253 0.16119991056992694;0.0010377598014817
0.16057340064561462 0.16083245351124043;0.0010330340079597
0.16020736602047603 0.1604658307459121;0.0010283296922473
0.15984216245890817 0.16010004037948214;0.0010236467568262
0.15947778807378973 0.15973508052179555;0.0010189851046211
0.15911424098228266 0.1593709492869937;0.001014344638996
0.15875151930582806 0.15900764479349666;0.0010097252637573
0.15838962117013516 0.1586451651640015;0.0010051268831425
0.15802854470516925 0.1582835085254715;0.0010005494018272
0.15766828804514565 0.15792267300912066;0.0009959927249190
0.1573088493285146 0.15756265675041187;0.000991456757955
0.15695022669795528 0.15720345788903842;0.0009869414069048
0.1565924183003717 0.15684507456892502;0.000982446578159
0.15623542228686768 0.1564875049382075;0.0009779721785379
0.15587923681275276 0.15613074714923184;0.0009735181152819
0.15552386003752924 0.1557747993585424;0.0009690842960536
0.155169290124874 0.15541965972686483;0.0009646706289344
0.15481552524263748 0.1550653264191067;0.000960277022423
0.15446256356283272 0.15471179760434225;0.000955903385433
0.15411040326162526 0.15435907145580743;0.0009515496272921
0.15375904251932299 0.1540071461508893;0.0009472156577388
0.15340847952036624 0.15365601987110766;0.0009429013869216
0.15305871245331965 0.15330569080211792;0.000938606725396
0.1527097395108641 0.1529561571336976;0.0009343315841264
0.1523615588897858 0.15260741705973271;0.0009300758744769
0.15201416879096305 0.15225946877821497;0.0009258395082167
0.1516675674193653 0.15191231049122522;0.0009216223975148
0.15132175298403505 0.15156594040493254;0.0009174244549390
0.15097672369808687 0.15122035672957876;0.0009132455934535
0.15063247777868927 0.15087555767947072;0.0009090857264179
0.1502890134470687 0.1505315414729725;0.0009049447675848
0.14994632892848445 0.15018830633249192;0.000900822631098
0.14960442245222869 0.14984585048447854;0.0008967192314923
0.14926329225161833 0.14950417215940925;0.0008926344836884
0.14892293656397904 0.1491632695917795;0.000888568302994
0.1485833536306421 0.14882314102009456;0.000884520605102
0.14824454169693446 0.14848378468686085;0.0008804913060873
0.14790649901216968 0.1481451988385773;0.0008764803224048
0.14756922382963378 0.14780738172572747;0.0008724875708899
0.14723271440658534 0.14747033160276515;0.0008685129687548
0.1468969690042363 0.14713404672811242;0.0008645564335877
0.14656198588775002 0.1467985253641441;0.0008606178833507
0.14622776332623122 0.1464637657771849;0.0008566972363781
0.14589429959271685 0.14612976623749588;0.0008527944113752
0.14556159296416216 0.14579652501926474;0.0008489093274160
0.14522964172144057 0.1454640404006001;0.0008450419039418
0.14489844414932765 0.14513231066352458;0.0008411920607597
0.1445679985364981 0.14480133409396143;0.000837359718040
0.14423830317551062 0.1444711089817257;0.0008335447963176
0.14390935636280394 0.14414163362051943;0.0008297472164848
0.14358115639868277 0.14381290630791624;0.0008259668997951
0.14325370158731668 0.14348492534536123;0.0008222037678589
0.14292699023672317 0.14315768903815554;0.0008184577426423
0.14260102065876654 0.1428311956954487;0.0008147287464656
0.14227579116914385 0.14250544363023168;0.000811016702001
0.14195130008737492 0.14218043115932544;0.0008073215322745
0.1416275457368022 0.14185615660337603;0.0008036431606570
0.14130452644457084 0.141532618286843;0.0007999815108703
0.14098224054162753 0.1412098145379916;0.0007963365069815
PointOptimal;ValeurOptimale
[0.14098224 0.14120981];0.0007963365069815435
Temps;Nb iteration
0.05491447448730469;1000