Point;Valeur
3.4684612028454715 -2.3964502044663516;11.288898004102
3.4571151905230355 -2.404591177868659;11.284343674774
3.4443633381455645 -2.410962345707239;11.273210197017
3.4301352752913314 -2.4156348253384756;11.25528786886
3.4143486767369753 -2.418662133039337;11.23012294968
3.396907560849021 -2.4200801049099026;11.196992054431
3.377700279813367 -2.419906085772858;11.154859302677
3.356597268341355 -2.4181371681600843;11.10231482243
3.3334488063914587 -2.414747166527555;11.037496436078
3.3080834333888434 -2.409681886223473;10.958005520166
3.280308377497049 -2.402852106048435;10.860849637996
3.2499146568313253 -2.394123591951835;10.74248917606
3.2166916021984675 -2.383303553060489;10.599143692337
3.180458371788975 -2.370123606455184;10.42761462503
3.141122294035897 -2.35422124316475;10.226904245341
3.098771365562348 -2.3351259604257812;10.000566316674
3.053792844940721 -2.312262920475308;9.75864001172
3.0069761265682957 -2.2849931875834737;9.516666490193
2.959523939678659 -2.2527069333083567;9.290245949945
2.9129132850963373 -2.2149678316656933;9.088857220150
2.8686392644889738 -2.1716841994982214;8.916496841813
2.8279538682407512 -2.1232742893793755;8.780363969838
2.7916836558836877 -2.070781053298842;8.697358986844
2.760137548217086 -2.0158399989387754;8.68632640186
2.7331059966941402 -1.960385735467759;8.74913526698
2.709970637608345 -1.9061536446673522;8.862265570077
2.689898820246505 -1.8542716950252134;8.990475153601
2.672035659902883 -1.8051740455983043;9.105736602992
2.6556239865160123 -1.758773378881269;9.194212754002
2.640047073942513 -1.714697026225976;9.252903994149
2.6248242151305337 -1.672466984311868;9.28412068234
2.609587603384303 -1.631602112535765;9.29172279191
2.5940561902734083 -1.5916628899729686;9.279323200685
2.578012494677192 -1.5522629440179627;9.249638667659
2.5612834934581894 -1.5130639682068492;9.204335090088
2.543724825757721 -1.4737633061029514;9.14402078211
2.5252069254031952 -1.4340788331542327;9.068236239768
2.5056014782816427 -1.3937334282802227;8.975385657515
2.4847664075457363 -1.3524406567897105;8.862608800386
2.4625273144819473 -1.3098940685146812;8.725648781370
2.4386530682362593 -1.265765006285688;8.558876565459
2.412823559864404 -1.2197185013377827;8.35582703345
2.384589850363634 -1.1714633790895712;8.11085361904
2.353333705931214 -1.1208569974640241;7.822499315493
2.318248141339731 -1.0680740510499842;7.498062951605
2.278381861971765 -1.013801779491879;7.156147570640
2.2328017915063505 -0.959344293820338;6.8230796792430
2.1808982713308116 -0.9064903548772163;6.526284442655
2.1227781195099342 -0.8571228474525784;6.295193284886
2.0595831671847673 -0.8127290692260382;6.165413694821
1.9934466652050604 -0.7740172120981179;6.161076049204
1.9268462204476287 -0.7408018916240298;6.261269968508
1.8616578815328484 -0.7122285650560425;6.403400396929
1.7986609983870943 -0.6871837989559582;6.526685490762
1.7377222428674952 -0.6646267995029956;6.599942476282
1.6782453677133238 -0.6437335057504137;6.617452781099
1.6195196298874817 -0.6239068741748556;6.585090122368
1.5608871072607193 -0.6047332927243094;6.510809035256
1.501784116824771 -0.5859307315662711;6.400416580190
1.4417205702495652 -0.5673045505970058;6.2561627676872
1.380237494769501 -0.5487124217338571;6.076524968071
1.3168673135050466 -0.5300341930701974;5.856941192953
1.2511235163390937 -0.5111405226592294;5.5926790603752
1.1825653062159374 -0.4918546632856373;5.286279575106
1.1109960265941443 -0.47190852755284857;4.960126155684
1.0367819749771299 -0.4509136346523588;4.663178109184
0.961039510897175 -0.4283918501893986;4.448035922498
0.8852973784653703 -0.40388996696868557;4.32483989059
0.8107514486532003 -0.3771087220918559;4.251965562119
0.7378168843002895 -0.34793890497317;4.1762556058075
0.6662479930049707 -0.3163977825400953;4.064051056890
0.5954632522752544 -0.28253787617217857;3.9002758992438
0.5247564568169983 -0.2463770627635077;3.6753652893364
0.4533353118637119 -0.20785729515958093;3.3740346204541
0.3802346183118982 -0.16682953562715463;2.9679125739320
0.30416816745877895 -0.12308455312613925;2.4148560339471
0.22346067111926704 -0.0765026975522898;1.6825946039243
0.13645502600302006 -0.027462829107696853;0.8381056934765
0.04299057474971535 0.022413797130196277;0.19868101635032
-0.0534187665912291 0.06886793332409555;0.43885394835664
-0.14367505414155415 0.1089036644176023;1.2136866337759
-0.2250676628022179 0.14252391761162275;1.9799325055451
-0.29802634688809887 0.17042354227855994;2.570732404249
-0.36397334491538874 0.19343515977593548;2.9937164492168
-0.42427926996941134 0.21223290639031217;3.294934944008
-0.4800356120456966 0.2272881798019563;3.511704088928
-0.53210361889374 0.23890154676828512;3.6673874084524
-0.5812050568281215 0.2472392971232695;3.7752292539883
-0.6279930373651474 0.25235805739461964;3.8421075363854
-0.6730943156594159 0.2542171757670442;3.870960823347
-0.717124198500928 0.2526818584606156;3.8622954345599
-0.7606730409677586 0.24752067913796666;3.815385113542
-0.8042587622381968 0.23840269998745353;3.729795388413
-0.8482370533507948 0.22490373275491324;3.6078071215365
-0.8926664335868972 0.20653891285843487;3.4578298565393
-0.9371493434483639 0.18284719183521503;3.2975422720170
-0.9807164423963677 0.15355209285829657;3.1538607402185
-1.0218587529246725 0.11879346547971201;3.0574951854767
-1.0587736904466338 0.0793586920213739;3.0338065845876
-1.0897578552338945 0.036773982691199206;3.0937743988499
-1.113563200408877 -0.006871868022549188;3.2274601932276
-1.1295560218928595 -0.049349886018477986;3.4043901743195
-1.1376545279217447 -0.08874246854797449;3.5847789857921
-1.1381457818611391 -0.12368666763449696;3.7346929634571
-1.1315068662705616 -0.15336109565699424;3.8340994606778
-1.11829753038654 -0.1773332508689174;3.876173456887
-1.0991301953485904 -0.19539310440878;3.8632807845829
-1.0746954351549785 -0.20743297630758206;3.8037764434628
-1.045814509507219 -0.2133835640627145;3.7102084503639
-1.0134863621166552 -0.21319740603464485;3.597585421116
-0.9788927754503927 -0.20686777758784636;3.480473208847
-0.943335659594942 -0.19447018377174122;3.3694693117747
-0.9081141684764855 -0.17621310104482274;3.2694781058550
-0.8743871513908869 -0.1524877286052443;3.1816215785862
-0.8430720449688885 -0.12391222019137424;3.1075859570640
-0.8147998381608978 -0.09136547517898923;3.0529980032651
-0.7899127222600941 -0.055993269064658645;3.027003421663
-0.768484726749391 -0.01915630176688069;3.037778751847
-0.7503588475711629 0.017698774543418144;3.086928887432
-0.7352031057048596 0.05321816773992965;3.1672500418081
-0.7225814906897733 0.08629875043664251;3.2656434650172
-0.7120245621772227 0.11616343270157732;3.3684168809584
-0.7030836360062389 0.14234688886277921;3.465109300788
-0.6953620020050243 0.1646279032523648;3.549515097935
-0.6885263503932811 0.18294979122401972;3.61888062194
-0.6823055870606267 0.19735321631229016;3.6726058055696
-0.6764835593672146 0.2079285363869776;3.7111696908085
-0.6708899421842149 0.21478570517275422;3.7354474142798
-0.665391488887231 0.2180371325305652;3.7463479353117
-0.6598845278234556 0.21778933882408602;3.7446608503776
-0.6542888655436238 0.21414053615418266;3.7310293814598
-0.6485429081854999 0.2071825260880802;3.706004193175
-0.642599648147005 0.19700628349462834;3.6701611926735
-0.6364230754117655 0.18371128638254836;3.6242832239090
-0.629984511262964 0.167419033399763;3.569608762070
-0.6232583235184764 0.14829112742160852;3.508133848705
-0.6162165112980149 0.12655150404350585;3.4429064710663
-0.6088218377262662 0.10251049964399557;3.3781736208301
-0.6010196574911756 0.07658546091435893;3.3191644413947
-0.5927293712252889 0.04930950059349118;3.271312963393
-0.5838373242241471 0.021319319460124022;3.2389529802985
-0.5741933863034122 -0.006682319391785291;3.2239207408092
-0.5636127672112284 -0.033983815905418796;3.2247643132726
-0.5518828107072008 -0.05992594516593834;3.2370217317162
-0.5387725169442154 -0.08394883566821303;3.254386656737
-0.5240416097428339 -0.10561368692453142;3.2700925336390
-0.5074464932709704 -0.124599373681447;3.277893043501
-0.4887417529993178 -0.14068180842748462;3.2724079624832
-0.4676769956538621 -0.1537054996555815;3.248937507005
-0.44398931982529166 -0.16355416730680156;3.202949389051
-0.4173916560821627 -0.17012366613081814;3.129379357458
-0.38755701733341485 -0.17329765736886626;3.021782851539
-0.3540989862065023 -0.17292493638569767;2.8713203983225
-0.31655073820062696 -0.16879706181658366;2.6656475261836
-0.2743513123155571 -0.16062637491348428;2.3882594840731
-0.2268646979479247 -0.1480295035475605;2.0203544798266
-0.17349413988173135 -0.13053424135933406;1.5507995926840
-0.11400945003566945 -0.10765199482870863;1.0035602741750
-0.04920304347264465 -0.0790721914533341;0.48107987925153
0.01823201562491092 -0.044925824991960794;0.19864601074225
0.0823705331642654 -0.006503676363484687;0.40570451635062
0.13854606398339603 0.03173092520310334;0.8631668610432
0.18553873738245677 0.06721524066173579;1.3472567959811
0.22350435205880628 0.09861205352470545;1.7652739049662
0.25319246599268364 0.12533021175375997;2.0927260570694
0.2754563426366421 0.1471978772412743;2.3346876951385
0.2910412543456123 0.16424371175030122;2.503767670012
0.3005250702367777 0.1765713784010443;2.6114781145603
0.3043181863304924 0.1842940064439778;2.6658474061747
0.3026787931918127 0.18750143387741447;2.6711402112971
0.2957268350896332 0.18624393336948628;2.628009366105
0.28345197574889364 0.18052425827737245;2.533539308283
0.26571633558117536 0.17029534061272558;2.3811356185905
0.24225750984244987 0.15546578375216907;2.1606341575071
0.21270613385496118 0.13592173920872708;1.8598343006837
0.17665026788926402 0.11158399412768533;1.4704025997656
0.13380765846726617 0.08253172028518826;1.0031873566300
0.08437927279326699 0.04922177513128731;0.5142184171486
0.029540882111138415 0.012765955067169675;0.11838958930522
-0.02840338196035623 -0.02479773710304911;0.14414803288444
-0.08163666085179397 -0.05849535314965063;0.5351640448833
-0.1277935162211674 -0.0871488023057935;0.9822013921455
-0.16588662369334964 -0.11015362956337735;1.3827173799687
-0.1958355489968296 -0.12741066657359668;1.6945718469736
-0.2179650498634925 -0.13907464064416186;1.9130304073714
-0.23268590390634258 -0.14538145580408784;2.046420655671
-0.2403438252361999 -0.14656365700318671;2.1038901295793
-0.24116079492160292 -0.1428199978536765;2.091150550149
-0.2352174814393966 -0.13431423481099716;2.0096130680275
-0.2224548368236901 -0.12119302281257316;1.8569135635276
-0.20269421036275778 -0.10362391194033485;1.6287668669112
-0.17569420954802645 -0.08186261640745167;1.3235912711428
-0.1412832136969422 -0.05636307973937618;0.9524618754442
-0.09961572598146776 -0.027937484843961944;0.5552343758704
-0.05154215136963744 0.002043208964339554;0.21521705564081
0.0010690251094165187 0.031230906272539348;0.11418039321383
0.05252028786244612 0.05539809420301263;0.36526536409310
0.09845170068396707 0.07432091609371047;0.7155631449419
0.13701154356514053 0.08788540076077972;1.0530848230704
0.16745924855467773 0.09620347884731884;1.3238030433757
0.18966654683517395 0.09953890139712888;1.510345389347
0.20375503801087733 0.09821493480975038;1.6128889873896
0.2098860998248998 0.09257083148269504;1.6364384291256
0.20816208203293737 0.0829582256230679;1.5852858817205
0.19859586955945585 0.0697635940379797;1.4618120554718
0.18113055218214805 0.053450131060081174;1.2680555741180
0.15571638885630132 0.03461760355853525;1.010265031770
0.1224708825027902 0.014079523265504833;0.7074552973965
0.08194362975740799 -0.0070432624150247244;0.4031374625070
0.03545980487274434 -0.027175584678094198;0.1788026560479
-0.014225585520197252 -0.04379739442552291;0.1858048119878
-0.061357656228919324 -0.05516078310950173;0.40671761320337
-0.10251321177179964 -0.061727982672747046;0.6843907661273
-0.13603612883985938 -0.06392339253312579;0.9390141863860
-0.1612031847767294 -0.06220026898820331;1.132181695841
-0.17780341244111972 -0.05704272933108101;1.2510987591262
-0.1858502873460775 -0.04895275712026177;1.2951230784911
-0.1854200080558129 -0.038454139641362614;1.2672910907679
-0.17658776774174426 -0.02611038389386027;1.1709821370495
-0.1594395729786989 -0.012550761367079891;1.0104470289844
-0.13415721858478175 0.001498612535852201;0.7948579840139
-0.10118790859333726 0.015178729422174759;0.5459221300006
-0.06150106862062016 0.027445786626547623;0.3073337039399
-0.016933371582948095 0.036931930183126085;0.15834490012290
0.028846429778874652 0.04174613076085008;0.2108977902585
0.07065471199937157 0.0419961843201163;0.4041666758006
0.10582859173448579 0.03872389513804245;0.626606068259
0.13305097434139615 0.03273145922238496;0.8209287775040
0.15174414184840312 0.024723589437922303;0.9594962831983
0.16174263160563365 0.015355862272912179;1.032269497314
0.16308265998970675 0.0052541815957008325;1.0374802760558
0.15589730772588467 -0.004969118914705901;0.9764999748672
0.14040161098148263 -0.01469945847540442;0.8530595488071
0.11695876258137661 -0.023304432672633803;0.6763169768127
0.08622679134376347 -0.03011657333534902;0.46699083190774
0.049377923290698525 -0.034400315479410346;0.2643116555281
0.008408787818984083 -0.03523600630045079;0.13704395624275
-0.03288663363403105 -0.0314702129777877;0.1831669943113
-0.06965430212667124 -0.024193375481177254;0.3475104574391
-0.099648719645103 -0.014914052040828438;0.534348859678
-0.12177563151413213 -0.00467689623824037;0.6958454945637
-0.13556079074260274 0.005687201283559599;0.8073278183149
-0.14089691753272052 0.015477656878713575;0.8578952882135
-0.13788716026458922 0.024087644051860778;0.8441482761205
-0.1267789716830373 0.030980325880069045;0.7673486146545
-0.10798198101066508 0.035671924798512375;0.6342606885632
-0.08216265615631377 0.03771999119091991;0.460907943670
-0.05040355335442065 0.036707960201252124;0.2772198746071
-0.01442461555255091 0.03218153809023371;0.1325660749879
0.022779410347566434 0.023475601400688596;0.12081227524005
0.056105847230263795 0.011668004364704592;0.2472787211512
0.08319451706638073 -0.0010971706352471775;0.40955266066572
0.10298356484449238 -0.0135320674089532;0.557385084410
0.11498684160151004 -0.02471699460277909;0.6635103976905
0.11908724060096534 -0.03394943301128252;0.7138515985527
0.11540929472060113 -0.04068374949228287;0.7030820360179
0.10426423193228807 -0.0444957423533618;0.6324994532404
0.08616823727043085 -0.04506206143924334;0.5106284594031
0.061925401840328353 -0.04215088612371359;0.35572604256038
0.03276016123770287 -0.03560778310051331;0.19823859915399
0.000537308827345026 -0.025273923408287737;0.08842916405629
-0.031170098528007048 -0.010979341619553372;0.12231255711489
-0.05797869560627862 0.004554877625562427;0.2521017402225
-0.07853976363458967 0.019332818822689148;0.3943065486398
-0.09220003869511023 0.03218623608059405;0.5126668377468
-0.09870370522251552 0.04230753677247247;0.5862377515443
-0.09808192633068528 0.04912729685710425;0.6046540843252
-0.09058673836943736 0.052256009580119694;0.5658737712337
-0.07668051638883096 0.05145158998301389;0.47554183688521
-0.05708009967789435 0.04660644168500725;0.3479187589507
-0.03284441965780108 0.03774188746854659;0.20707221401217
-0.005522318948426405 0.02496607390710069;0.08964076341885
0.022175748372440317 0.008352910852944366;0.08191404323312
0.04552670271460996 -0.009391636043250388;0.18803735291484
0.06332040225316343 -0.02574378439026439;0.31351834285694
0.07501740807778494 -0.03942044951643106;0.4214782943167
0.08039948065192246 -0.04958837334160915;0.4907170569231
0.07951136929926286 -0.05570039033031765;0.5101896432664
0.07261919450236531 -0.05742644143897374;0.4775304220204
0.06020391444894022 -0.0546173870708158;0.3983967484538
0.04299385890354182 -0.0472922263382458;0.2866649695234
0.022032206919989236 -0.03563334656240717;0.16466770001753
-0.0011730889459654614 -0.019944318981273773;0.06710241982953
-0.023718888800073758 -0.0006772801494705077;0.08203791786474
-0.041760150923456286 0.018331681529820863;0.1835407525267
-0.05471802929530542 0.03488311647861163;0.29247573496193
-0.06230713705327792 0.047827749157154244;0.3798402605601
-0.06446803386815196 0.05643974593063622;0.4286407284999
-0.061355314667069935 0.06028387163107689;0.4309966890368
-0.05332381843212311 0.05915558757803236;0.3872686461977
-0.04093628108044707 0.053053214156305865;0.3055763508824
-0.024997328134183955 0.04217151687921433;0.201592242912
-0.006629017363138322 0.026892885555630158;0.09864641159554
0.012410042396300294 0.007740881101946456;0.04705777862102
0.02802334164337032 -0.012964961693913916;0.11254515159102
0.03929889594868637 -0.03141294701127685;0.20857288049770
0.04612698563969275 -0.046127691779502475;0.2946994432968
0.04849947277105301 -0.05624377225190173;0.3516827266833
0.046568009601722075 -0.061250769088776455;0.3691703146710
0.04065167130076796 -0.06091238110524635;0.3448221024235
0.031242676932000814 -0.05522844851012251;0.2837031631030
0.01902682613216776 -0.044423443647037035;0.19781598753498
0.004936627752144523 -0.028944839485032126;0.10584951722306
-0.00962933417826072 -0.009454920235127277;0.04301382328360
-0.021396580033427613 0.0121406506823751;0.08562931460465
-0.029354980023124665 0.03128102167888952;0.1697430837545
-0.03370458956180586 0.04636593026432613;0.24771003043776
-0.03458793419946405 0.056516665821549766;0.3008313816040
-0.03223193233349958 0.061237402625996584;0.31899886895575
-0.026981009125909318 0.06032846296467856;0.2995755007559
-0.019309494115529312 0.0538482041806237;0.24681428364108
-0.009840467662768627 0.04210234838029314;0.1713415002174
0.0006008245543705198 0.025647430788109275;0.08999232109620
0.010737546272521954 0.005323809734357286;0.03771930392606
0.017572061965173948 -0.01616524264775172;0.08265670185071
0.02126115696256802 -0.03448232871008103;0.15778447548378
0.022279880986972624 -0.048254669360571406;0.2240226108508
0.020938734839462625 -0.05673941291974717;0.26582013239384
0.01756668331003107 -0.059558890141419005;0.275293710391
0.012555009592457898 -0.05663169230087532;0.2513088438269
0.006375291584886629 -0.0481449203831918;0.19897637162020
-0.00039539962602577836 -0.03455108058857225;0.1292123997073
-0.006990995051077659 -0.016585670084907023;0.059514219332537
-0.012001005936643789 0.004519797982665004;0.04064518457687
-0.01363543628559239 0.02397480739280366;0.09815956701055
-0.013127172412831614 0.039335327011806885;0.16248043835004
-0.01105232261264729 0.04967973196765904;0.21152119405688
-0.007834591561650499 0.05452710490170139;0.23465565408881
-0.0038760220805854166 0.05371709741969502;0.2277534365125
0.00040629019540795903 0.0473716762038202;0.19265832076400
0.004556227372767935 0.03588502329722429;0.1367865357518
0.00802508769893883 0.019937672281990844;0.07304663128984
0.009938362450158219 0.00061176215618685;0.030801064805075
0.008461078501639943 -0.018570081274443134;0.06877447670930
0.005382226980071209 -0.03383476956172771;0.12786217564033
0.0016276019712937774 -0.04425109737959882;0.17662272481809
-0.002250466158982027 -0.049363803486707554;0.20349741345025
-0.0058144947681985654 -0.04903105031474253;0.20329254419835
-0.008680903267235349 -0.04338947187863752;0.17648440977681
-0.010490404782208352 -0.03284580851915753;0.12889509476060
-0.010859595329767513 -0.01809457023071715;0.0715108338275
-0.009198504232673786 -0.00024548352029717807;0.028279686093089
-0.00425501824613937 0.017334966973504343;0.058948759403197
0.0014845209149004224 0.030912968325224964;0.1128403593321
0.0068938272030993055 0.03978478658439839;0.1570521319089
0.011350272539775507 0.043635445353744064;0.18080202143961
0.014412527670751428 0.042423935893138226;0.1793725775514
0.015749906287425758 0.036365935627471105;0.15343027254250
0.01510769496510727 0.025934329000428094;0.10872874080262
0.012251617960662077 0.011890371767066069;0.05603617088299
0.006763514357050771 -0.004494315952397894;0.024723690520396
-0.0013438636147458122 -0.018777968126849183;0.06265804751884
-0.009034110348084858 -0.028977453182595928;0.11021037260009
-0.015266785891623646 -0.03476513859894332;0.14537905993057
-0.019449211405267175 -0.03604558016223635;0.1599886073597
-0.021198131803352914 -0.03294392265367166;0.15123907917717
-0.02027983666689463 -0.0258105875997109;0.12132679969153
-0.016571125080569907 -0.015238968433804474;0.07712676320830
-0.009979951549204636 -0.0021534157849030042;0.031650553406603
-0.00022188367309688116 0.011378723106065733;0.03563535139497
0.009402643263086258 0.021218513208059193;0.07992985667395
0.017192881130583225 0.027161182214084895;0.1182408945564
0.022412050642124405 0.029172461528412148;0.1397623732738
0.024630132733891724 0.027374327194551233;0.13993885499266
0.023620540308178804 0.022072204427719663;0.1190758831504
0.019318542129940122 0.01377515991229282;0.08204312876030
0.011770155793702686 0.0032584581450277404;0.03851030654012
0.0010104880696584356 -0.0079997219914825;0.024536797797498
-0.00997288069480182 -0.01581521603014837;0.06216948154527
-0.018718033828236183 -0.020256567779163792;0.09816422340239
-0.024395776942149477 -0.021473384423926444;0.11985445820945
-0.026566358496088027 -0.01967509995602227;0.12239214841360
-0.02503376566019079 -0.015199102374283988;0.10553818808208
-0.019800020165889123 -0.008545029853778575;0.07333691159537
-0.011025538540953552 -0.0004520570534117946;0.03445033372443
0.0009916168820466274 0.007611607516482899;0.023278991949410
0.012341529481836304 0.012309399527101554;0.057376299919624
0.02081188796000911 0.014260920943075326;0.0882344661640
0.025685467964929487 0.013816449743157044;0.10500757285674
0.0266213522885083 0.01130543771333872;0.10394246419841
0.023533280033027553 0.007133156647939211;0.08557950273576
0.016552744013250596 0.0018342932416255727;0.054473667572590
0.006013359193917885 -0.0037838737130051585;0.02143909460810
-0.007047953392425336 -0.0076045612134974004;0.032186763398097
-0.017573673890315743 -0.008882770146472693;0.06599079471104
-0.024448787899998117 -0.00839814124106622;0.09082196885069
-0.02723307313880518 -0.006567294057570569;0.10000254775404
-0.02578564124814729 -0.003768627948765392;0.09169150640511
-0.02021165516042682 -0.00042272008866165714;0.06802576665352
-0.010849220930419588 0.0029315347531684134;0.03514654949063
0.0016389421478196133 0.005313978801396691;0.01655210056266
0.012943214743839962 0.004660662609185622;0.04394216029809
0.020680475926549802 0.002802070298135114;0.07058418797150
0.024371657773391533 0.0004411482668357511;0.08468914190101
0.023876891326668623 -0.0019579076957412624;0.08297187962806
0.01931030793644223 -0.003985060986450246;0.06608883716028
0.011035608106301865 -0.00520018704833921;0.038463980357573
-0.00023158272799730754 -0.00492225646956114;0.014584111429513
-0.011170763962172038 -0.0015649904291430779;0.035288814782120
-0.018510239854614422 0.002189179100158178;0.06194479086965
-0.021923958985034322 0.005413505315682247;0.07739769515960
-0.021371806450992188 0.00760319327573756;0.07780844145142
-0.017039655200040395 0.008392370685688547;0.0633058997531
-0.009354030913745207 0.007463077677056382;0.03765558714218
0.0008864122745384784 0.004380855336089083;0.01317391838270
0.010291238459956468 -0.0016521650159661422;0.03237108250707
0.016174613820644244 -0.007050234471827057;0.058176869519964
0.01849221734854243 -0.010850781632889876;0.072845093267
0.017343878415933357 -0.012580450153047764;0.07278874592237
0.013005280250614043 -0.011957247187500077;0.05826295089233
0.0059709866581423516 -0.008804298274809424;0.033100144277629
-0.0028464879937552074 -0.0029091353995262005;0.011952994719020
-0.009387476975623948 0.005030606780453424;0.03314204343328
-0.012817706109787054 0.011203023845632046;0.055851990069459
-0.013379447116185451 0.014795042077381346;0.06698767514265
-0.011331043437920086 0.015431467493824812;0.06388539375308
-0.007054223811192854 0.012953211781198064;0.04750190137299
-0.0011412338768589528 0.007345664556720359;0.02249678555389
0.005133098991797206 -0.0013441880203144407;0.015757714705689
0.008274464617826952 -0.009108577045429897;0.03883445978989
0.00900557623452963 -0.01415566034760517;0.05493470749958
0.007717948911058201 -0.015974706406143662;0.05854271351314
0.004805665619666583 -0.01436988803586308;0.0489596092793
0.0007853058394372055 -0.009354229666251707;0.028895581212985
-0.0034546796596669456 -0.0011206611901644781;0.010623774014394
-0.004746213948218977 0.007850695912254114;0.028187368127611
-0.004311379963929665 0.013806797422413416;0.04647326514441
-0.0028242123918910214 0.016213518947437125;0.05374593567510
-0.0007409353559333282 0.014925497403850695;0.048203363627649
0.0014702685630546535 0.010042386534776817;0.03144769202070
0.003135225579041923 0.0019166002081846163;0.010752987191338
0.0021754864631306683 -0.007662370355515941;0.024217625705347
0.00032665544223432394 -0.013934790092437341;0.044589570794482
-0.0015834922460591211 -0.016523284164613274;0.054269284247308
-0.0031145259024322643 -0.015373783381827327;0.05090607305072
-0.003900747641232524 -0.010661513163463247;0.03553889051284
-0.0035064152279372946 -0.00282003500234119;0.013266237273324
-0.0007440559111526928 0.0067731994152315424;0.020508630472182
0.002291078742233557 0.013009304305327941;0.04200200297851
0.004643150258894595 0.015647541625809374;0.05324455386233
0.0058887243223832205 0.014690965285470819;0.0514241729992
0.005735182496879159 0.01034399519563128;0.037174695895750
0.003896339197474515 0.0030507889434515083;0.01464878149516
-0.0003553429275481002 -0.0060301384612116635;0.018056741897364
-0.0043669548986089365 -0.011796787043022307;0.0397876418016
-0.007100828019384299 -0.014178664889637642;0.051535188050866
-0.008148907406478046 -0.013238491616917116;0.050393585246887
-0.007270932296238334 -0.00921011753996405;0.03685264089648
-0.00428060606417667 -0.002556025202345189;0.014763372817007
0.001298984345478935 0.005534002081192521;0.0169381556309
0.00603091688170692 0.01041822680239161;0.03790320346912
0.008923852053489629 0.012202563874500432;0.0488348416174
0.009609548381975058 0.011016296532988405;0.04703000348172
0.007904447070514355 0.007129329772581811;0.033122428316357
0.0037025248285887788 0.0010327820778441386;0.011265501177724
-0.003346372884961835 -0.005799431160105989;0.020131552188800
-0.008688239311005458 -0.009751339232591801;0.04147737991971
-0.011594063310285747 -0.011005707881737813;0.05200819810183
-0.011784806532763899 -0.009712110923138052;0.049393490731816
-0.009170022374597651 -0.006136736472082481;0.034448100572916
-0.00377343595763077 -0.0007414220632377799;0.011270705458226
0.00449282571482321 0.005097934010292917;0.020448833944769
0.010478540183918193 0.00842138958315778;0.04282957382785
0.01358245768734987 0.009453357060466362;0.05408448671021
0.013579979403380415 0.008339785713760796;0.051825695211480
0.010441758578489536 0.0053153049537321495;0.03679206043814
0.0042824747243769 0.0007703320133218049;0.012811150022120
-0.004775188723067068 -0.004264058752294051;0.019198432722955
-0.011309440387052014 -0.007107005049861657;0.04252466367578
-0.01472965115888717 -0.008023570069734233;0.054918479791254
-0.014824477082989347 -0.007152955157154284;0.05375603579802
-0.011588132001241718 -0.004699584818555222;0.03952806741668
-0.005180807040157371 -0.0009923816972881878;0.015660726879751
0.004154864238573258 0.0032007177820000607;0.015566762240023
0.010838753719852318 0.005398255152246238;0.03814859852092
0.01428295516551286 0.005994076241383872;0.050189207665439
0.01429182073800848 0.0051552700142123665;0.04910877703258
0.010877822812766579 0.0030879248689487876;0.03538415645091
0.00422606838505814 0.00010902361559802284;0.012432923576081
-0.005354471749905426 -0.0029280948888711247;0.018252800298458
-0.011994443898085717 -0.004415206302498831;0.04049553701121
-0.01522077762562119 -0.004674698448943766;0.05177325355815
-0.014878096960135747 -0.0038613446129122982;0.049755504184535
-0.011018070163547057 -0.0021590635371845973;0.035109867832524
-0.0038732787140789288 0.00015480695808925502;0.011364108639497
0.006165439053632938 0.002264470744250592;0.019725892730075
0.013025098967163327 0.003216829557290557;0.042733786694530
0.016313599970511197 0.0032893534402284883;0.05442892014875
0.01589913344277119 0.0026159490033897475;0.05247307290557
0.011855632963066697 0.0013459957275141956;0.03753482617770
0.004445876221867693 -0.00030482701323012546;0.013133079344715
-0.005884398432538149 -0.0017488726445569586;0.01836630001267
-0.012998541384131646 -0.0022905174422580225;0.041964246056366
-0.01650467684774634 -0.0022223187567637637;0.05447208100425
-0.016268851827697668 -0.001670957795338357;0.05336397516565
-0.01236398232568383 -0.0007635530638791124;0.039118239892932
-0.00505614283130006 0.00032751708113376576;0.015014358726396
0.005201741039303081 0.0011671684570734942;0.01583518380998
0.012224109803552128 0.0012816656951443867;0.038782343015530
0.01564787884689499 0.001016866706607127;0.05088665157991
0.015351474798228237 0.0005080262115770436;0.04971439925049
0.011416793086707282 -0.0001235404902029828;0.03576095755406
0.004119248878304928 -0.0007209773791552931;0.012293720958279
-0.0060486743953900805 -0.0008166422873646774;0.01825515314954
-0.012901554785163973 -0.0005140423979411604;0.04095329358520
-0.01611549899640487 -9.085308750791254e-05;0.052483274071136
-0.015588043861121583 0.0003336357971525196;0.0505600784903
-0.011418627035910511 0.0006600886433983648;0.03583046774159
-0.0039005960206813742 0.0007670207179554841;0.01166458647102
0.006453532221681019 0.0002485999679819232;0.019377168900394
0.013438454021097175 -0.00040659207174503027;0.042833181604603
0.016747326610429714 -0.0009553525386606812;0.054921092578528
0.016279068219986783 -0.0012929250104731034;0.053274850336748
0.012134311489471417 -0.0013427388033587985;0.03849448145291
0.004609603422541876 -0.0010232305210729014;0.013948868435495
-0.005782793894113664 -7.37168277116962e-05;0.017247911134514
-0.012844397831631486 0.0008706183963347074;0.04082008409294
-0.016270388270457577 0.0015458563766265572;0.05332412717118
-0.015955541161500515 0.0018474050110662394;0.05228602029571
-0.011993623922594754 0.001708438385814737;0.03816900027863
-0.004672493734065029 0.001068303039833605;0.014168469112334
0.005511405574511184 -0.0002775343560450503;0.016419061865818
0.012380868156364046 -0.0014690213584312689;0.039397991498301
0.01565060496850434 -0.0022403483309961607;0.05136036662880
0.015225431838234386 -0.0024886369821742137;0.049961045193711
0.011206377992280088 -0.002155323230513692;0.035741484278180
0.003887529117339297 -0.001194136376860031;0.011942987693281
-0.0062085816186718355 0.0006082203589593872;0.01868053525740
-0.012970353754110944 0.0020431080928331466;0.04172249281445
-0.016123767425605243 0.0028888461479470683;0.0534606184838
-0.015581125416936728 0.0030552529877518435;0.05160894151737
-0.011449786858343365 0.0025007266497046846;0.03680174355637
-0.0040284346515199795 0.0012060626900795468;0.012364623135542
0.0061704994422421885 -0.0009727551379942099;0.018707094830340
0.013050121750522935 -0.0026427448394096987;0.04237480720075
0.016330814294392135 -0.003592007523721695;0.05472332117641
0.015917975098248334 -0.0037356163106347317;0.05334967871760
0.011912207052197154 -0.003042741533820128;0.038794911149647
0.004605904647196371 -0.0015147226400563103;0.014339746489902
-0.005499095381335269 0.0009193778654452095;0.01659721239987
-0.012333038361152376 0.0027646168405690754;0.03999718246697
-0.015625265301943365 0.003795832214195477;0.05235119314836
-0.015280894525664643 0.003927201867956724;0.05124101553551
-0.011396301081223425 0.0031323830254580956;0.03714461794167
-0.004256155557581966 0.001422708470381295;0.013229162868384
0.005651554185155965 -0.0012577315225944393;0.017268466403475
0.012305520691939319 -0.003231880163384693;0.04029053125607
0.015440410882921784 -0.0042912825126572365;0.05215239337046
0.014968420596105767 -0.004356099960487679;0.0505527093889
0.010992227086851523 -0.003408974429473678;0.036074843344231
0.0038021935377523467 -0.0014746379922598578;0.011977531961733
-0.006097804588035516 0.0014911419263748725;0.018804398986564
-0.012741636486698706 0.0036254932830043374;0.04213600934257
-0.015865567529278226 0.004739977422681563;0.054120025558098
-0.015382159656379582 0.004761436291255556;0.05243444364430
-0.011393576612337218 0.0036825770262766677;0.037681019646182
-0.004187806057940435 0.0015451844023516865;0.013155970101895
0.005751036148897254 -0.0016432921343800429;0.017869766039229
0.012470936118405294 -0.003931234824687386;0.041531085774529
0.015699620059246418 -0.005128874529200739;0.05396331488597
0.01534242217698827 -0.005163470035304593;0.05275059453444
0.01149411346599053 -0.004031515319099496;0.038398359643117
0.0044352969563628795 -0.0017835783682723242;0.014129680963520
-0.005356421511865361 0.0015435617098208286;0.016594004607380
-0.01196378153014297 0.003916140664492735;0.0398200383381
-0.015125709813808789 0.0051427512185143135;0.05197040839253
-0.014750945064425963 0.005151857343971087;0.05068215320959
-0.010934110937618669 0.0039438242296412325;0.03647059843986
-0.003952133262780331 0.0015759502797124086;0.01251626454418
0.005727533880438674 -0.001909578326140224;0.018046929143167
0.012230242791879873 -0.004356478819517701;0.041204086059060
0.015291489148465107 -0.00558855251186181;0.05309281123781
0.014823371123708608 -0.005539870120357344;0.05141488330918
0.010924635949632932 -0.0042182140959496454;0.036771006540913
0.003876645804245675 -0.0016917489894419041;0.012439739735537
-0.005844064190674668 0.001977061605692538;0.018463012701527
-0.012394820457500734 0.004541391778010642;0.041970967024834
-0.015510955589074036 0.005830451625698455;0.05416525555137
-0.015101510012106216 0.005780109342236711;0.05268406317464
-0.01126108802130198 0.004402440766122601;0.03808729992514
-0.004265208564681806 0.0017742344044962893;0.013634116936241
0.005429050418674872 -0.002013371097613133;0.01727018454425
0.011992634052564793 -0.004662610250202285;0.040796965027709
0.015154202885602213 -0.006000946300751053;0.05316093934710
0.014818436035044385 -0.005963989147341379;0.051961540504503
0.01107525751125091 -0.004565239253364162;0.037699642417379
0.0041953535860757354 -0.001885194424711665;0.013572447008549
-0.005364843653664422 0.0019751324171539157;0.01703984587368
-0.011809232605180657 0.0046554492012809996;0.04018882386080
-0.014876653761126516 0.005987736136085307;0.05219276252092
-0.014476688013250128 0.00591039918655108;0.05072633446140
-0.010701612917324074 0.004441117206047229;0.03634294557806
-0.003821571363264247 0.001666407231373625;0.012254747763620
0.005715677463544012 -0.002305740828789085;0.01844345214528
0.01213864157939595 -0.005044037676206892;0.04177463809645
0.015178720817199384 -0.006388700242453902;0.053787091998483
0.014745230192110236 -0.006281291615047377;0.052159447124051
0.010931673915644986 -0.004743988548190649;0.03748287715992
0.004010516398657345 -0.0018703258977507816;0.01303771717134
-0.00556429573566641 0.002214606990241832;0.01789371337168
-0.01203902009222359 0.005035182732566865;0.04143858482368
-0.015146131411347871 0.006431304080004755;0.0537374081012
-0.014791461581310832 0.006344016300490068;0.05240666067559
-0.011063521264266372 0.004796538442075107;0.037974526286916
-0.00422800695443782 0.0018858577926516933;0.013664897633145
0.005278014970320115 -0.0022500194200610374;0.017104771660068
0.0117142165745101 -0.005102012700093363;0.040480944500551
0.014808300072324802 -0.006511155702578902;0.05270893060855
0.014464906014527554 -0.006419294529028461;0.05141734104480
0.010771278066009107 -0.004851078048643245;0.037125260306556
0.003991823253321801 -0.0019058622837005027;0.013032386081114
-0.00543226109977569 0.0022745594780060026;0.017580587531220
-0.011785480446493319 0.005139100240624385;0.040762209497167
-0.014803689846090814 0.006533611102930192;0.05272675944594
-0.014395794663823276 0.006402675775897847;0.051161049206509
-0.010651688445312687 0.004774631756007288;0.03664046471480
-0.003836336891533258 0.0017539787516815926;0.012404871577658
0.005617518631235963 -0.0025088632965838504;0.01840898781055
0.012003763758547385 -0.005425694742108085;0.041873845145115
0.015049272478026312 -0.006845330826660806;0.054026333908488
0.014660119163602098 -0.006713203255889032;0.052515667805902
0.010924958321318762 -0.005059404268843989;0.03790893405276
0.004108961555063867 -0.0019917847623884726;0.01347048519105
-0.0053498963867864265 0.0023293696038961826;0.01741030252320
-0.011757575042878103 0.005292393413798853;0.040890741021616
-0.014844263513898118 0.0067450758033455955;0.05318242663665
-0.014514047007595635 0.006632088900141798;0.051902746955597
-0.01085175400616258 0.004983553479524705;0.03756845829662
-0.004116765490624795 0.001908545988570189;0.013382628748512
0.005267225582397451 -0.002427374595304515;0.017299304157056
0.01161691118280973 -0.005390798972743555;0.04058520216530
0.014658600930146325 -0.006832534428239323;0.05269506807238
0.014297154077849282 -0.006698975047323343;0.05128336220155
0.010618605152043704 -0.005022122671493933;0.0368940732835
0.003883921384123575 -0.0019133213585514242;0.01274512480363
-0.005475761075675574 0.002458995267297845;0.017936961840820
-0.011792621944744642 0.005436509132432097;0.04121295552194
-0.014799003597673742 0.006872695900426145;0.05322734423511
-0.0144022188067389 0.006715564865838369;0.05165833580634
-0.010689712400402979 0.004999527229654747;0.03708311148911
-0.003922411483246593 0.0018395282396776996;0.0127534346898
0.005477273625804418 -0.002588496049638178;0.018111979442561
0.011842729022905115 -0.005607945063333582;0.041628403828418
0.014897281052949594 -0.007072933576850515;0.05387122027143
0.014544440708592156 -0.0069311130598024755;0.05246946545087
0.010869216475826723 -0.005216968765650044;0.037967166040154
0.004131505135743916 -0.0020463283365633918;0.01360643660946
-0.005241307606920496 0.002400863923955143;0.01719073019021
-0.011592541804274586 0.005435043981118796;0.04057334516192
-0.014650984319650319 0.00691029865672478;0.05279139353690
-0.014320260829194657 0.006774219164782574;0.05147760648423
-0.010683592150695316 0.005061541760012401;0.03715526674359
-0.003997046126785092 0.0018888860652266108;0.013024523699534
0.00532389689899967 -0.002561106297505244;0.01763921109184
0.011628430874775848 -0.005586307679585049;0.040914943633932
0.014641281097297865 -0.007043886027321963;0.052971069223
0.014267221372126356 -0.006883254829823174;0.051474508144881
0.010591590851270583 -0.005141010576579448;0.03698737207887
0.003873474094593987 -0.0019358375764518573;0.012747111821912
-0.005462340973689684 0.002546889463422316;0.018013704771302
-0.011773474764160671 0.005591807865870617;0.04138361835824
-0.014789059233348048 0.007056703373001105;0.05348381968153
-0.014414486719815931 0.006891362348917637;0.051974912432410
-0.010734851146574017 0.005133380073481797;0.037422147037862
-0.004007854223611206 0.0019033395706275873;0.013073414727248
0.005351014030810201 -0.0026084450177759145;0.017780817122453
0.01169764859588789 -0.005678284764829767;0.041274791298523
0.014753134310871514 -0.00716430024290389;0.05353674266789
0.014419518255044986 -0.007015784738131495;0.052190406359191
0.01077964095938786 -0.005269860721250018;0.037767593326815
0.004090156464370642 -0.0020468701313439536;0.013493434844530
-0.005228100312007258 0.0024620339441813123;0.01723397255383
-0.011539309087087146 0.00552661588011817;0.04054217070694
-0.014571369011413404 0.0070058150323818996;0.05267782818159
-0.01422807428426116 0.00684956081546407;0.051291510323697
-0.010592287160595133 0.005095729704977617;0.036921489190770
-0.003918766984282894 0.001865682700534308;0.012777538927934
0.005381563408598423 -0.0026471196699730595;0.017920662745847
0.011673549633378211 -0.005706634849444868;0.0412422490156
0.014680111000103184 -0.007173947106542653;0.05330968452576
0.014305399495487859 -0.007000259178002988;0.05178833622311
0.010633992039121135 -0.005224744998931977;0.0372460573870
0.0039236992461653755 -0.001970193914722201;0.012931645701069
-0.005404685842087987 0.0025679846323274063;0.01787776603615
-0.011720515836552379 0.005647576805754234;0.04130018080092
-0.014750421057170287 0.007129218730435019;0.05347113897562
-0.01439810911208471 0.006963715216197411;0.05203595305696
-0.010746755446070816 0.005190245056005482;0.03754456504416
-0.00405164469664583 0.0019321937002323539;0.013232665589956
0.0052763326745559145 -0.0026124114700277284;0.017575604969234
0.0116041571958612 -0.005698688727477778;0.04101079670308
0.014651765274961683 -0.007188116168128151;0.05323865548169
0.014320721132034399 -0.0070314480757979695;0.05188933050890
0.010693001553557187 -0.005267568938558891;0.037494673612105
0.004023749522066859 -0.002019449072286782;0.013273453639957
-0.005269786380933431 0.0025151939678435585;0.017423614970205
-0.011560873534700793 0.0055892228236062965;0.04070564414469
-0.014576585229713092 0.007065071952886584;0.05279014833543
-0.014220885417269184 0.006894383165821379;0.051339283427036
-0.010576717286096361 0.0051170289702002865;0.03690502745732
-0.0038985365486068754 0.0018571653559412678;0.01271046548168
0.005404968122441679 -0.0026851548967204786;0.018039797573774
0.011703722594750495 -0.005761410756157413;0.04142253244434
0.014718750543903002 -0.007235181077403509;0.05353759460689
0.014353195461719918 -0.007058652320669232;0.052040578178598
0.010690700815323586 -0.005272224042246054;0.03749465483332
0.00398799716893143 -0.0020006267846759272;0.013149555230747
-0.0053367264176421205 0.002555364610124696;0.017667756973242
-0.011656341776273874 0.005645278161183763;0.04109337788172
-0.014695830127057902 0.0071320694818589984;0.05329413641330
-0.014357796973969487 0.006967348913139151;0.051908417918230
-0.01072419707808821 0.005191122214730055;0.03747557506637
-0.0040488046434520135 0.00192804557915078;0.013219327968378
0.005260370305146939 -0.002619871147068845;0.01754111449855
0.011573492888700016 -0.005703056848792783;0.04092087170490
0.014609971825384822 -0.007185793197851029;0.053096338649339
0.014271450033716196 -0.007020144397688655;0.0517085711654
0.010639886787184149 -0.00524621998738508;0.037297150224471
0.003970115695290023 -0.001988495611232775;0.0130838888080
-0.005322169677816527 0.0025514912834658154;0.017621236468961
-0.011611336057934832 0.005624664102545879;0.040919409047052
-0.014623443222429543 0.007095881248353409;0.05299529598558
-0.014262293223209918 0.006917906589617756;0.05151361039689
-0.010610836469200996 0.00513168676634016;0.03703315746600
-0.003923517260614767 0.0018627379358974526;0.012786796345888
0.005391949422654661 -0.0026853151127069802;0.018003312319162
0.011704345293822587 -0.005764709018130426;0.04142963109458
0.014732978379370602 -0.007240857523120576;0.05359408648258
0.01437993359805927 -0.007066539272009844;0.052141624986408
0.010727940960384211 -0.0052826020658615115;0.03762621770268
0.004032832906128435 -0.0020143943475889664;0.013291431082432
-0.005288909754374093 0.0025348510815217965;0.01750441571242
-0.011608638858816536 0.00561814055513334;0.040900888931741
-0.014650419231156318 0.007100548399235171;0.05309241131306
-0.014316377992409953 0.00693450006369066;0.05171884187931
-0.010687983984304743 0.005160515075400558;0.037316653611764
-0.004018392520234166 0.001903740763471858;0.013103124141220
0.005285892134037736 -0.002631868754371382;0.017629699798973
0.011592748177636628 -0.005702525231864812;0.04098075575576
0.014621200953898593 -0.007174759649404462;0.05311558306276
0.014273082028457652 -0.007001714308397567;0.05168410450628
0.010630669198478992 -0.005224277730826313;0.037235032123234
0.00394910471984038 -0.0019676430329129335;0.012997741709302
-0.005356264258176117 0.0025646500748769613;0.017735767118182
-0.011655823984342967 0.005630918309711826;0.041069749431489
-0.014674448632730906 0.00709776077103443;0.05316778497065
-0.014315436077522021 0.006918625008326858;0.05169033256748
-0.010661512765568837 0.005134855371943886;0.0371956487932
-0.003967070589353701 0.001872303213135933;0.012919814391391
0.005360590542039563 -0.0026639331245079077;0.01788494456666
0.011685517961073111 -0.005735191359724417;0.04132428856309
0.014725703898266758 -0.007208498286264818;0.05351721192404
0.014382417927083722 -0.007037127559417387;0.05210218968638
0.010737737299454528 -0.0052620186793968775;0.0376252354183
0.0040469230432556924 -0.0020084227599931085;0.013321969736740
-0.0052745281905573925 0.0025196406589553834;0.01744306391000
-0.01159316053607249 0.005586144862303128;0.040803045258812
-0.014632562978630815 0.007058116009461807;0.05296488089641
-0.014294811978309228 0.00688881328712184;0.051574566238066
-0.010661441279368652 0.005119114392029583;0.03717183962778
-0.003985687505481236 0.001874234973318361;0.012973912223628
0.005326387588507804 -0.0026410973772362342;0.017756621597072
0.011636722811700102 -0.005695440257672569;0.0411085755060
0.01466380771875615 -0.00715709274729508;0.05322822913454
0.01430948015294086 -0.006980000750677891;0.051769130496928
0.010656301454823597 -0.005205423733126222;0.037285943678384
0.003959880834245611 -0.0019586528030161214;0.01301506441606
-0.00536421370060748 0.002556075040329864;0.017746701398333
-0.011679391296000333 0.005610340855894139;0.04111300219217
-0.014709341643374932 0.007072152615275845;0.053242776207294
-0.01435670210484822 0.00689540590659264;0.051789845241497
-0.010703838343715343 0.005121428096888139;0.03730750415989
-0.004005021175748797 0.0018757459787219141;0.013029494975246
0.00533263550850281 -0.0026364152639195516;0.017767697095241
0.0116662879910733 -0.005690877113855022;0.04119496073931
0.014713063226447103 -0.0071562321555742586;0.05339045051950
0.014373777319164852 -0.006986291546938979;0.05199167901024
0.010730237870503305 -0.005221971370264776;0.037541029416836
0.004037561483944154 -0.0019880873991398196;0.013268566113854
-0.005289079008139682 0.002511462078310137;0.017473269701007
-0.011609140401184825 0.005556371442212838;0.040808363293088
-0.014645863019909923 0.007015406374398703;0.052940819963925
-0.014301421368826466 0.006842603093307989;0.051523006241751
-0.010657679623525356 0.005079051372510027;0.037100349602354
-0.003968359896718088 0.001849739709424707;0.012894051729979
0.005360202874424515 -0.002640600140712784;0.017851289424136
0.011681741287247912 -0.005676966680637462;0.041222415474177
0.014713990680377346 -0.0071290917333002475;0.053349716945064
0.014358537738783294 -0.006951487710529954;0.05188543812455
0.010698038560750208 -0.0051854479339685945;0.03738553651113
0.003988484303958248 -0.0019558794592988886;0.01308994000198
-0.005354165295005644 0.0025332204430677397;0.01768733826146
-0.011684701802833423 0.005570484500079565;0.04106934036469
-0.014725806926791488 0.00702523482357962;0.05322275042163
-0.01437951746261536 0.006851753552069253;0.051796232024607
-0.010727882467536271 0.005091160771108732;0.0373375445573
-0.004025103925995105 0.0018682986078693022;0.013075626080297
0.005321724212009399 -0.0026122607028840864;0.017703352252059
0.0116614453323379 -0.005644324228080064;0.04110806897757
0.014710659332343152 -0.007098020294845282;0.05328864284538
0.014370031696038621 -0.006927755155268209;0.05188552282863
0.010721445720463251 -0.005174395571241411;0.03744180315410
0.004020272245020312 -0.0019621682149344255;0.013185952675922
-0.0053180798540211965 0.0025056497528161007;0.01754780171576
-0.011644373566026048 0.005527456084696149;0.04087637401449
-0.014681415442790497 0.0069735301343888546;0.0529926869430
-0.014331406162644743 0.006798564292074528;0.05155281926698
-0.0106765548370881 0.005043688197753266;0.0371068881922
-0.003971191385511992 0.001833403022846806;0.012880868325062
0.00537770207224609 -0.002628131476862177;0.017883441234651
0.011714382186652054 -0.005644955097860949;0.04127672850383
0.014755708186690787 -0.007088058823481236;0.05342267762188
0.014402844894628909 -0.006912376124146857;0.05196969559188
0.010738383175553737 -0.0051590062758545595;0.037471511855979
0.004018570246056738 -0.00195213634498295;0.013167793045948
-0.005340230888188574 0.002505105161365403;0.017610056458007
-0.01168333384952916 0.005520909816253453;0.040990257149061
-0.014732665331740894 0.006965928794091891;0.05315163685964
-0.014389851312179194 0.0067948687892606194;0.05174095794590
-0.010736802322059084 0.005048598042839577;0.03730254910326
-0.0040278260096132945 0.0018511192197446695;0.01306112380364
0.005329789860414574 -0.0025940543547490714;0.017700997967800
0.011675556996179844 -0.0056009687829780795;0.041086582423314
0.014725698529134124 -0.007041219229180074;0.05324784353040
0.014380876805640888 -0.00686981692558341;0.051829320415514
0.01072325304613101 -0.0051275505180857;0.03737723600023
0.004008716839101737 -0.001937960820334146;0.01312165442121
-0.005346696335782089 0.0024966115019236573;0.017617143889090
-0.011683976760882835 0.005495134763852493;0.04095366691253
-0.014725344173457174 0.006929218844661158;0.053069349950984
-0.014372860136057592 0.006754079696659301;0.05162067961933
-0.010708957704084348 0.005010714520845165;0.037159745148052
-0.003988517187406313 0.0018229046525815372;0.012915654051880
0.005380721086011515 -0.0026062068089283013;0.017861799065386
0.011732906701159488 -0.0056014212476169604;0.04126924291234
0.014784045073380558 -0.007034941597154102;0.053432465623483
0.014434852620183914 -0.006862074796092762;0.05199615025755
0.010767811350483027 -0.0051236130379502375;0.0375105641607
0.004039376496825791 -0.0019428290704963606;0.013212818267195
-0.005333671962268522 0.002478395457678694;0.017555880767172
-0.011686692120297465 0.005469487940529121;0.040924020498771
-0.01474107181998155 0.0069024576985560245;0.05307991864565
-0.01439822629958927 0.006732496587740954;0.051671361792745
-0.01074013576238415 0.005000237036103621;0.03724210180758
-0.004021430987278125 0.001828793874463561;0.013014861264135
0.005350156049527913 -0.002579579353633966;0.01773878606837
0.011704070268161003 -0.005560589736381653;0.04111588417199
0.014756143137206267 -0.00698720141518039;0.05326363710603
0.01440702781168227 -0.006814987908659561;0.05182958834141
0.01073920633606968 -0.005084598338911476;0.037363219731496
0.00400918657569831 -0.0019187899724073631;0.013097479109248
-0.00536617286271652 0.002481273988116085;0.017652342151578
-0.011717443850039455 0.0054563335043624935;0.041002391627916
-0.014766151314434619 0.0068792217417672;0.05312750112965
-0.014414076219489803 0.0067055813983447465;0.051682321368776
-0.010743741456523879 0.004976143165366503;0.03721831733756
-0.004010465247471091 0.0018137864851688642;0.012965282847236
0.0053772839201480785 -0.002579682206562702;0.017815819008912
0.011743261682942045 -0.005551017415581578;0.04122604050901
0.014802742595557205 -0.0069736543462291176;0.05339795959034
0.014456080069853786 -0.006803292778497039;0.051974273182644
0.01078571377668877 -0.005080391470824482;0.03750254730879
0.00404835944914321 -0.0019272252541676616;0.01321701346741
-0.0053387078403484105 0.002455768926433802;0.017540411571015
-0.011700571171541265 0.005420365934615737;0.04089536307467
-0.014758193072410613 0.006839931057814514;0.053039714742507
-0.01441290356756016 0.006670175582615298;0.05162369064668
-0.010746902384991229 0.004951511110372158;0.03719251969666
-0.0040153179961225915 0.0018061463438462195;0.01296921037381
0.005373448229965877 -0.0025650409311260046;0.01778505439891
0.011738289139429396 -0.00552031044623398;0.041164142599779
0.014794545522014256 -0.006933902176368157;0.053308047010794
0.014442767544641848 -0.00676188459176802;0.05186530211304
0.010765694182698262 -0.005044685444508673;0.03738727813929
0.004020425411155793 -0.001904173032311527;0.01310932276994
-0.005375317934294308 0.0024598672578200354;0.01765033680598
-0.011741374240409188 0.005410767120088849;0.041011383420094
-0.014798556157640296 0.0068225501611651395;0.05314804967341
-0.014448306929629586 0.006651244385711928;0.051712575292011
-0.010773168431730458 0.0049372386063702535;0.03725443655563
-0.004028820176940329 0.0018023951786734623;0.01300224327699
0.005375599340201157 -0.0025530171136862673;0.01777490495175
0.011753308844208906 -0.005498552217902458;0.04117946861999
0.014818996823133224 -0.006908911783596346;0.05335078447539
0.01447277780964968 -0.006740231569178181;0.05193155395541
0.010797166434489327 -0.005032653600107398;0.03746832227040
0.004049250071305971 -0.0019074358065638867;0.013193505980652
-0.005353073765355071 0.002436520834892277;0.017556289063399
-0.01172436178598666 0.005374062415189483;0.040903182689568
-0.014785160001000008 0.006779874476619686;0.05303727714703
-0.014436740743385627 0.006610182539434678;0.05161106509452
-0.010761578805882709 0.004905164995323831;0.037171887561811
-0.0040153862254178035 0.0017860958753165238;0.012944327042045
0.005392618639661702 -0.0025476183207648233;0.017816016755116
0.011770514234984373 -0.005477368613930322;0.04120280428018
0.014833052368395782 -0.006878609422512174;0.05335065667949
0.014480577186702148 -0.006707844924597026;0.05190739780183
0.010795989706455882 -0.005005205761621194;0.03742457788153
0.004036901923893346 -0.0018915751253887466;0.013138556983950
-0.0053781487534490975 0.0024347974911559907;0.017625792735298
-0.011758167572379751 0.0053604339386966815;0.04099131493971
-0.014823312105948592 0.006760563819203643;0.053135712422495
-0.01447471388910745 0.0065916057241260095;0.051709548952320
-0.01079494193247953 0.004893585143750576;0.03726033320473
-0.004040029872403913 0.0017872950673109085;0.013014816123661
0.005380233647812865 -0.002528637368770829;0.01775532885447
0.011768428164391088 -0.005447163489366776;0.04115141249420
0.014838758879943875 -0.006844268222565741;0.0533165119273
0.014491198724275891 -0.006676556548495503;0.05189459798920
0.010808441044647198 -0.00498387522382029;0.03743270701195
0.004048054665645671 -0.001886467767542764;0.013162906388245
-0.0053713124362364355 0.0024183461135644634;0.017584941570209
-0.011753496508361026 0.005328952995322529;0.04093057448189
-0.01481857286949357 0.006721309750924;0.053059767277918
-0.014467712733299967 0.006552124229310599;0.05162618932955
-0.010783642718560634 0.004861304875976826;0.03717875106088
-0.004022659519847928 0.0017691446390037235;0.012943698812126
0.005405145597539459 -0.0025265153031497813;0.017823447984685
0.011796948301754664 -0.005430606302377469;0.04121808963198
0.01486686451848995 -0.006819775444592534;0.05337303802917
0.014514972538375626 -0.006650930847533387;0.05193466029260
0.01082426818129173 -0.00496385628906699;0.03745352531034
0.0040528052305043765 -0.0018783805180281406;0.013165664793419
-0.005380121749673588 0.002408891797868897;0.017598025057601
-0.011772693730483962 0.005308126658124759;0.040961889381375
-0.014844498766885561 0.00669579120871157;0.05310813863939
-0.014496426691759564 0.006528722926425757;0.05168689500898
-0.010811132735698658 0.004846595005883258;0.037244585663827
-0.004045052153397871 0.0017691212089440333;0.01300648197112
0.0053913446107937656 -0.0025067543611149703;0.01775783922192
0.011789907610216277 -0.005397793160748748;0.041147415106802
0.014864395148304123 -0.00678125643013089;0.053305507546451
0.014514678156068116 -0.00661422760639996;0.05187760195768
0.010823681586166046 -0.004936263572694553;0.037411958181767
0.004049522127810836 -0.0018665901177860652;0.013141360392328
-0.005388315009754195 0.002399090965664457;0.017608977762364
-0.011782824439179915 0.005283023552734188;0.04095817798929
-0.014853546067448917 0.006662396021967348;0.0530880103667
-0.014501483313511188 0.006494361725066783;0.051652132017718
-0.010809555262231135 0.0048185152330169866;0.03719997784206
-0.004034595725209886 0.0017541153937981348;0.012958750648198
0.0054124444629915025 -0.0025026482433964576;0.017812615606171
0.01181785849135741 -0.005380567429255823;0.04121168681182
0.014895138249806858 -0.006757490422530767;0.05337253996200
0.014544092611819883 -0.006590726453435053;0.0519402760517
0.01084779544607394 -0.004919693289805501;0.03746418385738
0.004064714338397323 -0.001863128628449231;0.013179252312824
-0.005385129125821652 0.002384069611763234;0.01758067560661
-0.011789132341575156 0.005256056616601314;0.040939728420
-0.014866383876745878 0.006630560758392603;0.05308327476343
-0.014517600614546287 0.006464866342212837;0.0516619945176
-0.010825591731314484 0.004798313516059761;0.03722227029460
-0.004047259271834663 0.0017495441254506043;0.012988768630844
0.005406183449193604 -0.0024861943200038886;0.017773058236290
0.011815789713790728 -0.005349754619859032;0.041160242909910
0.014894853543204849 -0.006719653206304758;0.05331393047751
0.014543131224632175 -0.0065534405916966715;0.051880614637127
0.010843778721471305 -0.004890370532569046;0.037409693301260
0.004055473356756396 -0.0018486333582049303;0.01313500629560
-0.005401431834002098 0.002377728763892272;0.017619492423715
-0.01180904973482703 0.0052350527696314545;0.04097369843095
-0.014886346231691733 0.006601739876365788;0.053107364006727
-0.014534106979493158 0.006435364080130882;0.05167341264203
-0.01083538975313559 0.0047751715730123346;0.03722090669706
-0.004047511327358108 0.0017393424424656926;0.012977109195336
0.005417761083747913 -0.0024776521364370152;0.017794958814960
0.011835905424532736 -0.005328730763237003;0.041194298383221
0.014919837467387974 -0.006692964540231014;0.05335765490339
0.014569132047700138 -0.006528078996987971;0.051929561109698
0.010866965521177267 -0.0048731290419208526;0.0374584044262
0.004072232946358717 -0.0018457510057743737;0.013178129804568
-0.005394308849892971 0.002360891153765419;0.01757773307798
-0.011809308576975494 0.005205199168916856;0.04093210744541
-0.014891387798299634 0.006566169295303403;0.05307126152516
-0.014541129303198857 0.006401546913161693;0.051646838658360
-0.01084154077963933 0.004750350142996415;0.03720584712420
-0.004050040528104157 0.0017301541591639154;0.012973146075054
0.005421356566154332 -0.0024655006414574924;0.01778938877276
0.011842881619260068 -0.005301756256616455;0.04117781698684
0.014927324367617303 -0.0066583630293159625;0.05333068311290
0.014574287843673046 -0.006493318696291953;0.05189473469177
0.010867126104290022 -0.004845550692335985;0.03741994412653
0.004065051797902365 -0.0018321864696266054;0.013140935611751
-0.0054107283816048875 0.0023544360473208665;0.017616906766246
-0.01183147566074368 0.005184943097400348;0.0409747788545
-0.014915580219304902 0.006538950692214841;0.053112567984104
-0.014563594177630272 0.006374446438825204;0.05168235883199
-0.010858688853950077 0.004730310920020521;0.03723243704466
-0.004058631168000391 0.0017236179128682387;0.01298950946037
0.005424033575980262 -0.002452921235027726;0.017780715243624
0.011854040454446142 -0.005276575073727032;0.041177548085489
0.014943781995196297 -0.006627657231685674;0.05334012558485
0.014592644644350113 -0.006464328594832697;0.051913120007260
0.010883947835896768 -0.004825293151167712;0.03744465491945
0.004077049019957314 -0.001827089024526228;0.013168080194528
-0.005406527809624548 0.00233886297300396;0.017585320777740
-0.011832706760985055 0.005155400868055643;0.040937166856590
-0.014919639462406362 0.006502781632187782;0.05307280058031
-0.014567778424377242 0.00633921071260393;0.05164467915406
-0.010860340690382327 0.004703381893621933;0.03720057697749
-0.004055279094499814 0.0017117984716775083;0.0129659394354
PointOptimal;ValeurOptimale
[-0.00405528  0.0017118 ];0.0129659394354249
Temps;Nb iteration
0.08358573913574219;1000