Point;Valeur
-2.2831774464359533 -7.969650852820507;-1.6441733135759
-2.2350475804481906 -7.9215209868327445;-1.6545557250353
-2.1654848378843576 -7.851960435150103;-1.667887282912
-2.078391670530175 -7.764973622391741;-1.6818902603287
-1.9756137258212927 -7.6629337900304035;-1.6946915235037
-1.858333222427277 -7.549024251342626;-1.704508944166
-1.72765297297856 -7.430666792698406;-1.7097533465049
-1.5851517391407959 -7.324121024640981;-1.709787978224
-1.4337302428855783 -7.2492097303505165;-1.7056963577964
-1.2789540384105202 -7.212203946760277;-1.6989332835510
-1.1304950174824173 -7.207453050154769;-1.6902365627228
-1.0014701699227277 -7.227966668303879;-1.6806753131730
-0.9032358413169328 -7.268623132246248;-1.6721957591772
-0.8398692664279864 -7.325860448132124;-1.6666231165959
-0.808939261499527 -7.396892210466933;-1.664651267905
-0.8056709893302628 -7.478967991184998;-1.6658669517279
-0.8255777484702534 -7.5686021398604195;-1.6692747877830
-0.8651912932377318 -7.660741003653418;-1.673802914605
-0.9219853346139838 -7.748276435256804;-1.6786835126270
-0.9941139106664694 -7.822924846463859;-1.683637542845
-1.0801576080691848 -7.877816289939828;-1.688724776079
-1.1789025529154917 -7.9096956274185475;-1.6939544814028
-1.2891258361165958 -7.918694652916045;-1.6990197510086
-1.409344211838547 -7.906696707359026;-1.70329858814
-1.5374757664607601 -7.876025369688819;-1.7059908304936
-1.670378665347724 -7.828877296434128;-1.7062901207842
-1.8033239460246935 -7.767243206647881;-1.7035933458197
-1.9297211607554998 -7.6930934887807;-1.697760516134
-2.0417570145897272 -7.608778830095443;-1.689332171830
-2.1323322816590604 -7.517721794639652;-1.679486585473
-2.197243026298416 -7.4254376505095445;-1.6696830651045
-2.235786455630942 -7.340318691251916;-1.661353198377
-2.24963445724587 -7.272304433319516;-1.6558606007480
-2.241346578433606 -7.228605389430532;-1.6542994291062
-2.2134376197069034 -7.210886920149578;-1.657028673954
-2.1680248101082262 -7.2169673086824435;-1.6635537205660
-2.106790839983712 -7.243589603300493;-1.6728171420909
-2.031068510306424 -7.2877505284606485;-1.6835168419285
-1.9419620983735195 -7.34690214807689;-1.6942971390704
-1.8404854767473053 -7.418692007431348;-1.7038427551231
-1.7277299716172985 -7.500504433668407;-1.7109359619791
-1.6050957144604325 -7.588847572539455;-1.7145308304618
-1.4746356790867832 -7.678686450270885;-1.7138900774149
-1.3395551790880318 -7.763197833406146;-1.708792783780
-1.2048147771770366 -7.834796418857512;-1.6997279757444
-1.077478496157149 -7.887430628993877;-1.6879434637047
-0.965997975336489 -7.9182714601526145;-1.6753318296782
-0.8779085932181707 -7.927386886178915;-1.6641208203422
-0.8172758340878599 -7.916360912718174;-1.6562747050894
-0.7841947934202702 -7.8871968875719;-1.6529002416958
-0.7763299203537868 -7.841824350714064;-1.6540826199142
-0.7906522769518141 -7.782009204230732;-1.6591102152610
-0.8243876017881685 -7.709485544142579;-1.6668003498642
-0.8752970014037583 -7.626268454545538;-1.6757615215280
-0.9416431503026392 -7.535229670133816;-1.6845819812074
-1.022055210746123 -7.44105858252396;-1.6920184051618
-1.1153730618362807 -7.351361864983593;-1.6972822960236
-1.220484500156625 -7.2762996009009555;-1.7003612077731
-1.3361400359310613 -7.224708619631511;-1.7019054618362
-1.4607145576631997 -7.199840320190719;-1.7024768730659
-1.5918795106033092 -7.200026368203984;-1.7020131343334
-1.7261768837276652 -7.22186953263584;-1.6999905196709
-1.8586004575554775 -7.262111837986264;-1.6958833403922
-1.9825368681005622 -7.318047280437533;-1.689594061920
-2.0906211546250195 -7.387326771376541;-1.681697031446
-2.1766020207200825 -7.467562849145814;-1.6733249720749
-2.237091976552377 -7.55582263736311;-1.665712132752
-2.2718217838263106 -7.648037473373914;-1.6597563949406
-2.282537060956358 -7.738533303509516;-1.6559345446200
-2.2717046120836706 -7.8202539627738785;-1.6545037409867
-2.2417157315684815 -7.88623762464207;-1.6556701389205
-2.194581145986059 -7.931689114412948;-1.659526576035
-2.1318996866729325 -7.954900316972239;-1.665885818456
-2.054937366522291 -7.956521310252907;-1.674224841753
-1.9647406898824347 -7.938307513119964;-1.683754569224
-1.8622639353648975 -7.902255367473466;-1.693516047480
-1.7485205335671081 -7.850241128234763;-1.7024475553553
-1.6247883366587204 -7.783984577477333;-1.7094240601396
-1.4929149669330237 -7.705210853072707;-1.7132969415757
-1.3557725593822454 -7.616003004774655;-1.7129805338834
-1.2178488819490694 -7.519440300185795;-1.7076593539182
-1.085714655993376 -7.420610643068903;-1.6972029300050
-0.9676427963127769 -7.3275838775701505;-1.6827531778208
-0.8716391577717336 -7.250563812924986;-1.6670180540880
-0.8027171377043094 -7.197747873143545;-1.6534940427333
-0.7618018164602701 -7.171729236622595;-1.6448976627733
-0.7469396229923695 -7.1706531643898375;-1.642291822330
-0.755129373657702 -7.191203923272427;-1.6453132183157
-0.7834731442591331 -7.230247505854337;-1.6527724753214
-0.8295865400844625 -7.285194111546345;-1.6631378581061
-0.8916188116908421 -7.353830168200995;-1.674823227735
-0.9681352475036418 -7.433968205416247;-1.686337416799
-1.0579694447868777 -7.522982270876169;-1.696365997393
-1.1600723587299604 -7.617228358392783;-1.7038453903995
-1.273349719762072 -7.711484915744303;-1.7080669451687
-1.3964635967536323 -7.798917740942028;-1.7087892500255
-1.5275662296405128 -7.872273049379319;-1.7062418365633
-1.6639397867622037 -7.926030818475761;-1.700925356640
-1.8015648589002309 -7.9577702707998705;-1.693368150611
-1.9347932570542756 -7.967737679045683;-1.6841205642719
-2.0565616388632346 -7.957563219455166;-1.6739881124203
-2.1596322144869196 -7.929253289900849;-1.6641994065435
-2.2385816947049277 -7.884721006375098;-1.6562107099373
-2.291147576105048 -7.825684920300226;-1.651205006106
-2.3179384652659527 -7.753768866733003;-1.6496771659212
-2.321136715832946 -7.670745056162043;-1.6513589375125
-2.303319542973984 -7.578962883761188;-1.6554094724200
-2.2668324611075765 -7.482069954790935;-1.6607178014328
-2.2135935238048274 -7.3860140056940535;-1.6662706346006
-2.145110653723397 -7.299568782256957;-1.6715773407134
-2.0625757377320117 -7.2324367089599795;-1.6768997142258
-1.9669792410261602 -7.19085890822685;-1.6828351318567
-1.8592355595077337 -7.175564797516381;-1.689551090859
-1.7403336965327294 -7.183937070960819;-1.6965019877935
-1.6115442390081725 -7.212628155962206;-1.702634751802
-1.4747292964657814 -7.258673909814407;-1.706678780314
-1.332805847823495 -7.319605487233924;-1.707388714486
-1.190351108002692 -7.393184931343756;-1.70380296633
-1.0540880935440544 -7.477000464791522;-1.6955983993110
-0.9325067233359614 -7.567969220666369;-1.6834901179761
-0.8338267480743643 -7.661811972668546;-1.669354189096
-0.7631279216235771 -7.752764385213582;-1.6557283040622
-0.7211857234754439 -7.8340394727544185;-1.6449505404289
-0.7057874215684875 -7.89930765665289;-1.6385696267955
-0.713703248805447 -7.944388082740854;-1.6371991347709
-0.7418911268393305 -7.967827634088219;-1.6406396864616
-0.7878957590335404 -7.9702093808753665;-1.6481248492034
-0.8498429194629765 -7.953103938524482;-1.6585765898721
-0.9263039501444011 -7.91833485154676;-1.670789810870
-1.016141567128039 -7.86764917491393;-1.6835302518303
-1.118362289823739 -7.8026641806268096;-1.6955697764452
-1.231965998274673 -7.724991320152353;-1.705691068035
-1.355768644469859 -7.636531044421517;-1.7126933214017
-1.4881666627887022 -7.540024833358017;-1.7154403343945
-1.6268134239492138 -7.439982864152588;-1.713021867454
-1.7682113942583144 -7.343773412937787;-1.705119617981
-1.907335258289911 -7.261420160627851;-1.6925157502657
-2.0376166286756363 -7.202060708794659;-1.6772316819976
-2.151767686661109 -7.169578487533644;-1.6618836691754
-2.24351666382968 -7.162751649209062;-1.6488693573971
-2.3093014650786965 -7.178316966510185;-1.6399138990753
-2.348653177948416 -7.21301293022712;-1.6358517779225
-2.3632340876660383 -7.264145581374033;-1.6366166652940
-2.3555554124451685 -7.329489683125667;-1.6414385418219
-2.3281169000556434 -7.406982790060258;-1.6491285892695
-2.2830442156119433 -7.494325386189507;-1.6583431562293
-2.222027616482158 -7.588477390194958;-1.6677957578240
-2.1463888587539466 -7.6850849295229775;-1.676437382520
-2.057187215358971 -7.778120232637793;-1.683620076068
-1.9553339945277703 -7.860380034502787;-1.6891839266605
-1.8417157785498754 -7.9252342283179456;-1.6933346711349
-1.7173440624282406 -7.968594214741006;-1.6963040834097
-1.5835631828853505 -7.989425045314798;-1.6980368331950
-1.4423613147597747 -7.988773842177817;-1.6981159584480
-1.2968272795543119 -7.968546516353769;-1.6959063936514
-1.1517257555979754 -7.930754525466786;-1.6908342521827
-1.0139118783060237 -7.877230122818781;-1.682773577446
-0.8918580989440223 -7.809617517015241;-1.672443202853
-0.7935860842595792 -7.729519478900931;-1.6614758076637
-0.7238868492992306 -7.638782485601406;-1.651829178299
-0.6832709152987946 -7.539989939564133;-1.644877550800
-0.6693285833860132 -7.437273803601997;-1.6409769524057
-0.6786994267157745 -7.337344321768268;-1.6397862642013
-0.7082650488356298 -7.249689294455767;-1.6410001423003
-0.7555347552705263 -7.183909741494111;-1.6448179828184
-0.8186273521147147 -7.145194906962667;-1.6515848830695
-0.8961255059918929 -7.133232753597817;-1.6611238630123
-0.9869156422017629 -7.144926962606572;-1.6725998691006
-1.0900407224888977 -7.176843398770211;-1.6847810910100
-1.2045577311934 -7.226088929641864;-1.6962968696514
-1.329377658567701 -7.290325351857633;-1.7057867373181
-1.4630590528405776 -7.367494137798855;-1.7119826254658
-1.60352512423573 -7.455439972541237;-1.7137837643571
-1.7476928920621984 -7.551451138752652;-1.71037947340
-1.8910781766813811 -7.651735271138479;-1.7014668187191
-2.0276177326 -7.751013990935454;-1.6875626455739
-2.1501605652979685 -7.842705732345972;-1.6702685672112
-2.251929881006232 -7.920137838912302;-1.6521752107380
-2.328372122567046 -7.978320970713612;-1.6362088989862
-2.3780625023437914 -8.014938573433723;-1.6247430841235
-2.4021160974214975 -8.029971810112897;-1.6190544685617
-2.4029027754302112 -8.024688059250032;-1.6193137855422
-2.3830067998312954 -8.000799020458537;-1.624884104503
-2.3447090547536162 -7.9600128089168205;-1.6346617261767
-2.289844604035259 -7.903881518783772;-1.647331716405
-2.2198386318424435 -7.833819739610935;-1.6615164872691
-2.1358026227533995 -7.751236460207452;-1.6758413763617
-2.038642631628226 -7.6577961716563845;-1.6889540296479
-1.9291703340741888 -7.55589790139686;-1.6995412793279
-1.808227021560423 -7.449508267473988;-1.706407189543
-1.6768429442951793 -7.345290664553404;-1.708703933543
-1.5364657774279014 -7.252967780720324;-1.7063254582260
-1.3893018094431782 -7.182624113158247;-1.7000722534048
-1.2388047291208566 -7.139783955830649;-1.6910686684445
-1.0902554805438986 -7.124120520985738;-1.6800619262354
-0.9510770390101867 -7.132367413265655;-1.6675839384119
-0.830070480506837 -7.160936173845714;-1.6546388522986
-0.7350000066552534 -7.206836480717221;-1.642993857830
-0.6698485735568778 -7.267690533108755;-1.6346115434944
-0.6342537955354266 -7.341469365358142;-1.6307226029061
-0.6252517350053409 -7.42615627834211;-1.6313912674591
-0.6392640884046012 -7.519355808246634;-1.6357333714574
-0.6731487960723846 -7.617833143752221;-1.6424162627007
-0.7244657720398875 -7.7170574282612625;-1.650139292965
-0.7913967030374249 -7.8110568551604445;-1.6579797429433
-0.8725775874211332 -7.893102143719344;-1.6655384046830
-0.9669368828465215 -7.957321188464121;-1.6728194384325
-1.0735545547750505 -8.00023782664593;-1.679909577068
-1.19152949100464 -8.021040071406812;-1.6866879492503
-1.3198331407429866 -8.020718409749104;-1.692724662688
-1.457121935270308 -8.001034633889468;-1.6973312470427
-1.6014779244941202 -7.963868454576642;-1.6996715838046
-1.7500564484014816 -7.910952265994366;-1.6988990154312
-1.8986731085794246 -7.843847880960828;-1.6943382354316
-2.041513549628852 -7.7640659002018895;-1.6857363029418
-2.1713941753861357 -7.6733083471413694;-1.6735396713870
-2.2810362104338835 -7.5738834465013545;-1.659014620800
-2.365076095561235 -7.46937812039007;-1.643993991113
-2.4214382769217093 -7.365556391561768;-1.6303588491235
-2.4510313027197728 -7.270841142451972;-1.6197276789006
-2.4563645889621033 -7.194764558389077;-1.6134892000465
-2.440278711379222 -7.144062706760226;-1.6126648371907
-2.4052836649025866 -7.12026611586455;-1.617479476673
-2.3533750568941176 -7.121218214235319;-1.6272460598202
-2.2860760517346694 -7.143656207086151;-1.6406740563645
-2.204547893154787 -7.184571046103433;-1.6562275220664
-2.1097064563439014 -7.241505763408599;-1.6723453019777
-2.002331866237614 -7.3124084020398605;-1.687538438566
-1.8831793287082998 -7.395335607217861;-1.7004233115197
-1.753109770679948 -7.488071874177387;-1.7097395698916
-1.6132679091463578 -7.587654442412074;-1.71439252614
-1.4653452834833982 -7.689850683123621;-1.713553959307
-1.311969176413186 -7.788861167562887;-1.7068337859114
-1.157224013505499 -7.877808401058466;-1.694476948498
-1.007161863660026 -7.950306705559157;-1.6774959352362
-0.8698085325551184 -8.002225675041576;-1.657724444825
-0.7538647631157309 -8.03223079708523;-1.6377981528401
-0.6660272729670801 -8.040999454401845;-1.6208049660437
-0.6087878683477408 -8.030122007920825;-1.6094239022276
-0.5806972365991616 -8.001369245277438;-1.605075621770
-0.5783611863556756 -7.956378143782835;-1.6077129203531
-0.5981955558955243 -7.896590884587455;-1.6161904753202
-0.6372121795641845 -7.823321591925029;-1.6287897932304
-0.6931448296812259 -7.737909719690115;-1.6436206287984
-0.7643206544169342 -7.641991065053609;-1.6588418347221
-0.8494844569136439 -7.53798519622726;-1.6727655811372
-0.947640958078748 -7.429938584315473;-1.6839585307696
-1.0579201945956964 -7.324651982246647;-1.6914726983576
-1.179452409116787 -7.231984059226105;-1.6952299982952
-1.3112336078505393 -7.162023789672112;-1.6961351977357
-1.4519586481799818 -7.1201285482290055;-1.6953460229897
-1.5997931341856366 -7.10577197742568;-1.6933330222848
-1.7520606151553468 -7.115562832081858;-1.6897384186182
-1.9048625949086522 -7.145861218829099;-1.6838313375024
-2.0527656897377238 -7.1936684268765285;-1.6750545440657
-2.1889008234148815 -7.256622466852551;-1.6634915579096
-2.305939063895659 -7.332730680782379;-1.6501351397808
-2.3979407071143224 -7.420045165418664;-1.6367413707866
-2.46200799719541 -7.516304221849892;-1.6252155697685
-2.4984596551367892 -7.618523737936568;-1.6169105423729
-2.509635797491606 -7.722577598549218;-1.6123320106364
-2.4984993267830564 -7.822975645111639;-1.6113458961502
-2.467784552036787 -7.91325563436651;-1.6135987963597
-2.4196991777918426 -7.987250758278171;-1.6188029326104
-2.355925840961616 -8.04065894398768;-1.6267338717500
-2.277728955304861 -8.071761160068428;-1.637068039139
-2.186077212761707 -8.080935808632205;-1.6492694567324
-2.0817554679646815 -8.069674805134843;-1.6625872496976
-1.965467938910134 -8.039798893013174;-1.6761053322960
-1.8379465280808958 -7.993052099101452;-1.688788423145
-1.7000856798632284 -7.930975563419335;-1.6995084432556
-1.5531342479345858 -7.854941444240844;-1.7070601784808
-1.3989855179331916 -7.76629102053289;-1.710188957390
-1.2406073170567116 -7.666589159826792;-1.7076712590688
-1.082601815515438 -7.558071439875699;-1.6985198559948
-0.9316795456823237 -7.44439973205303;-1.6824111864450
-0.7964095094201454 -7.331695639193523;-1.6603609239277
-0.6854189767594914 -7.22906042843426;-1.6353273745738
-0.6044431002568069 -7.1466634187615785;-1.6119145230099
-0.5546222817660181 -7.0913002428228555;-1.5946966010455
-0.5335269980555798 -7.064077857561576;-1.5863536601011
-0.5373776865683484 -7.062404353945544;-1.5871847685424
-0.5625864600088724 -7.082754627514496;-1.5958163385547
-0.6063039659008966 -7.1219994339514425;-1.6101170856749
-0.6664198890661204 -7.1776588681020295;-1.6278257056055
-0.7413924367808522 -7.247748032541985;-1.6468582819911
-0.8300678994583927 -7.330511768661648;-1.665407972512
-0.9315304578135808 -7.424113944084418;-1.6819484843089
-1.0449778532638017 -7.526263693004151;-1.6952183728917
-1.16960645974406 -7.6337637471561175;-1.7042342786378
-1.3044865120056246 -7.742068016010148;-1.7083567341941
-1.4484064564242072 -7.845168916819041;-1.707388672506
-1.5996635125461425 -7.936314976095404;-1.7016141553021
-1.755780490363458 -8.00961909040927;-1.6916678346689
-1.9131533426661405 -8.061562221513592;-1.6782915117547
-2.06671630643784 -8.091262534074765;-1.662228665995
-2.2098880870804054 -8.099646035571723;-1.6444113066881
-2.3352462233155444 -8.088429019707597;-1.6262902640249
-2.4361688156931063 -8.0594493068859;-1.6099420136542
-2.5087439364817774 -8.014371637402178;-1.5976551855320
-2.5525182331336005 -7.9546259857014086;-1.591154809554
-2.5695933667689483 -7.881466168028938;-1.5910189689593
-2.5630836711827705 -7.796099747001992;-1.5966308557747
-2.5360068814378476 -7.6998960291823915;-1.6065300557983
-2.490833074805836 -7.594731893042407;-1.6188585554272
-2.42944033361278 -7.4835854333552945;-1.6317328745230
-2.35322438851243 -7.371456005970035;-1.643565520368
-2.2632343467733134 -7.266250398572401;-1.653448849039
-2.160293018875526 -7.178084881036992;-1.6615276058565
-2.0450987272923347 -7.115464262633415;-1.6688226921011
-1.9183203994571496 -7.081402148953682;-1.6762702601494
-1.780705184612726 -7.074061034353765;-1.6839273123834
-1.6332235910412722 -7.089828122910226;-1.6909668843468
-1.4772854714633605 -7.125256319253596;-1.6960374761549
-1.3150708825596618 -7.177579490163545;-1.6975958913849
-1.1500158897386714 -7.244603659343138;-1.6941780377981
-0.9874174988689571 -7.324427971550645;-1.6847159629793
-0.8348536140625807 -7.415127425662037;-1.6690142858546
-0.7016193776386169 -7.514411477983913;-1.6483396019473
-0.5963438212469201 -7.619264707890977;-1.6256636503962
-0.5237212017407469 -7.725632927983894;-1.6048996566425
-0.4833274950039091 -7.828327107168211;-1.5893713513627
-0.47148666646363585 -7.921412321481653;-1.5807828406580
-0.4838134372161098 -7.999211258309336;-1.5792901405621
-0.5165857681242756 -8.05753393236191;-1.584118845140
-0.5670355372086442 -8.094356698384429;-1.594099128231
-0.6331908999941012 -8.109595716749505;-1.607953469485
-0.7136409996682227 -8.104362736099601;-1.6244173140942
-0.8073394272935267 -8.080252654628612;-1.64227716619
-0.9134567491649317 -8.038903386324334;-1.660368858097
-1.031264570605699 -7.9818085774880005;-1.677557221738
-1.1600304141554516 -7.910294358897439;-1.6927094751046
-1.2989033944013026 -7.825599992325119;-1.70467085697
-1.4467697917954596 -7.729053958275348;-1.712252339215
-1.6020556498416565 -7.622393288253875;-1.7142495064780
-1.762455957695732 -7.508332374722047;-1.7095348836362
-1.9245920217344055 -7.3914852532633395;-1.6973074131847
-2.0836707055966075 -7.279387611229935;-1.6776030454336
-2.233370785557915 -7.18221226299584;-1.651977856067
-2.36635041603927 -7.109312028845682;-1.6237320885896
-2.4756634261052266 -7.0648723130350355;-1.5970847349101
-2.556661775064732 -7.04778716736834;-1.575922531105
-2.608130024412345 -7.054659019222918;-1.5629156351831
-2.631789269245242 -7.0820216483426774;-1.5590789701075
-2.6307868546662143 -7.127056821779032;-1.5638226229148
-2.6083727586007512 -7.187580581659198;-1.5754366628995
-2.5672658091596148 -7.26182181735795;-1.5917106268697
-2.5095362687242893 -7.348160154587302;-1.6104127743402
-2.4367076046483813 -7.444835721426031;-1.6295493750769
-2.3499040235793793 -7.549598122561569;-1.6474659103101
-2.249982411551274 -7.659276957751252;-1.6628880580176
-2.1376400501343773 -7.769356513235899;-1.6749733981607
-2.013507091635696 -7.873860790751883;-1.6833813928615
-1.8782376894335893 -7.9660385864293035;-1.6882767110877
-1.7326168534510695 -8.039942610986616;-1.690139415753
-1.5777060076978349 -8.091964396874966;-1.6893992740857
-1.415059831244411 -8.121170497039447;-1.6861190458578
-1.2470567906773715 -8.128501513300293;-1.6799150566164
-1.0773793919795827 -8.115736698437605;-1.6701177198495
-0.9116031000532296 -8.084797544931343;-1.6561296203068
-0.7575863953576991 -8.037434220528164;-1.638000913119
-0.6248519747096021 -7.9751516373293345;-1.6171583995582
-0.5220743267156986 -7.899256084449734;-1.5967785389880
-0.4536169105804987 -7.810968081667596;-1.5809308308681
-0.4183626090885382 -7.711602009312423;-1.5726132136166
-0.4119275788471136 -7.602861964924572;-1.572357820159
-0.4294875345336673 -7.487353497364444;-1.5784625116696
-0.4671473571398364 -7.369423526115662;-1.5882099255296
-0.5221085724255439 -7.256185306003219;-1.5991489090693
-0.5924175596352914 -7.157580472010418;-1.6100536419848
-0.6766889097195604 -7.0834209065599865;-1.6211880499048
-0.7738995629217412 -7.0386695632477245;-1.6334609056986
-0.8832445750967765 -7.022495412879557;-1.647249479514
-1.0040275108681733 -7.031281596355853;-1.6620362437182
-1.1355635706259093 -7.061233274146873;-1.6766897417356
-1.2770780415156975 -7.109280155381768;-1.689809921900
-1.4275828148376084 -7.173079778109048;-1.6999445282649
-1.5857113973948038 -7.25076246466961;-1.7057027661109
-1.749491368286916 -7.340635554071577;-1.7058290231146
-1.9160409036009567 -7.44087671758812;-1.6992952658515
-2.08121327536636 -7.54919895000981;-1.6854687528967
-2.2393170440964094 -7.662493043065583;-1.664404959242
-2.383230688203837 -7.776540265821967;-1.6372624824250
-2.5053712921882663 -7.8860197039349655;-1.606671111544
-2.5996181663930185 -7.985067695073504;-1.5766410578468
-2.6632103048117415 -8.068350055877893;-1.551641028939
-2.6970770016414134 -8.132106072519123;-1.5351539823961
-2.704419759717765 -8.174554430799013;-1.5286851170410
-2.6889461627189837 -8.195587778879483;-1.5318082012712
-2.653851645704696 -8.196143457792697;-1.542905669583
-2.6015594020901234 -8.177624725055638;-1.5599447259227
-2.533818159378643 -8.141520963829127;-1.5809483701600
-2.451881208169171 -8.089217200723292;-1.6041672457001
-2.356664764559261 -8.021935170579216;-1.6280795697906
-2.2488693976964775 -7.940758059177774;-1.6513236724323
-2.129074602119442 -7.846719216269751;-1.6726172651518
-1.9978213287891733 -7.740969417317613;-1.6906857876009
-1.8556976728454058 -7.625082011493372;-1.7042138195771
-1.7034446645516572 -7.50161491442664;-1.7118479990746
-1.5421038383929355 -7.375071561862253;-1.7123225599837
-1.3732359323711942 -7.253096008012961;-1.704826557630
-1.1992480485732209 -7.146493944674708;-1.689592874034
-1.0238637881499824 -7.065670751658313;-1.6681011105332
-0.8527153540963103 -7.015394073446733;-1.642270284900
-0.6938077216188421 -6.99426114433753;-1.61373196744
-0.5570740933795598 -6.998222338141505;-1.5844679068109
-0.45190592559804577 -7.023262263805652;-1.5579694069993
-0.3831831836515618 -7.0662245572393845;-1.5389909636647
-0.3495006138681923 -7.124765191708544;-1.5312521224466
-0.34565592282820345 -7.197087892085715;-1.535324562705
-0.36613376577953066 -7.281668165371335;-1.5488399153344
-0.4066862505197614 -7.37699048283083;-1.568166949129
-0.4643910948708931 -7.481269833369577;-1.589833025650
-0.537274036904808 -7.592124727182369;-1.6111353824508
-0.6239655651345585 -7.7062063808504275;-1.6302340095871
-0.7234676666523029 -7.818898008801362;-1.6460868430042
-0.8350017659845377 -7.924378621252949;-1.6583764307440
-0.957902998454873 -8.016404414813437;-1.66738829726
-1.0915357715224308 -8.089719794077652;-1.6737464662939
-1.235212253715229 -8.141254496227637;-1.6780385391337
-1.3880976052274976 -8.170290705749245;-1.6805110144795
-1.5490846904201285 -8.177747330850625;-1.6809612409365
-1.716617725017828 -8.165294410526922;-1.6787936400439
-1.8884414044169022 -8.1347440156117;-1.6731542511179
-2.061258800472192 -8.0877623824557;-1.6631069523494
-2.2303236274467713 -8.025793976340053;-1.647880505829
-2.389124253213858 -7.950098866962336;-1.627258004888
-2.529586184110965 -7.861853300602702;-1.6021517854160
-2.64344780081662 -7.762303990618319;-1.5751734624331
-2.7249007241741072 -7.652998883143158;-1.5505212586521
-2.7728073123560937 -7.536151805184787;-1.5324767284925
-2.7902424897447284 -7.415228431961152;-1.5232624830632
-2.78194726937467 -7.295765551727622;-1.522304840919
-2.7522447955705345 -7.185954199701337;-1.5275293314608
-2.704361711140063 -7.095543088576585;-1.5372330274494
-2.640537310552756 -7.032140873889569;-1.5508418851814
-2.5623070803321646 -6.998027440215181;-1.5682410148013
-2.4707409566193284 -6.9910559394106855;-1.5889235127196
-2.366610374032523 -7.007530437462934;-1.611820580903
-2.250504485202233 -7.044001739326183;-1.6355274721708
-2.122917531686489 -7.097751468596234;-1.6585309044593
-1.9843245919915644 -7.166693789243624;-1.6793327640771
-1.83526038181938 -7.249123789032336;-1.6964937695462
-1.6764166513449226 -7.343440895737945;-1.7086382804513
-1.5087782378239458 -7.447852557448752;-1.7144542698757
-1.3338262052381846 -7.560035923269105;-1.7127173988637
-1.153847476137829 -7.676766934834701;-1.7023688689
-0.9723951222732002 -7.793629416444196;-1.6826798530269
-0.7949069950893923 -7.905076152705052;-1.6535396192410
-0.629309722782401 -8.005142963311524;-1.6159320511148
-0.4859292255416715 -8.08870693311038;-1.5727210875626
-0.37535536966118505 -8.152542289499376;-1.5296041257117
-0.3038509836190995 -8.19547546367902;-1.4948070166988
-0.27012877974144656 -8.21777199881073;-1.4756008521870
-0.26784777075786526 -8.220400123223424;-1.474112510560
-0.29037610201255676 -8.204565175006525;-1.4873469680360
-0.3328882744975311 -8.17149855152693;-1.5103788185714
-0.3922471897536888 -8.122368097870462;-1.5388044482988
-0.466420507408387 -8.058241561971942;-1.5694237521736
-0.5540423956066729 -7.980090380914488;-1.6000195608332
-0.6541471380588915 -7.888839268259116;-1.6289714614814
-0.7660068542345833 -7.785479450369424;-1.654955483928
-0.8890236962533737 -7.671290260066966;-1.6767560444741
-1.0226478368815382 -7.548264066257992;-1.6931758892526
-1.1663039623071167 -7.419888307212986;-1.7030653184943
-1.3193140209193766 -7.292351987341817;-1.7055622964551
-1.4808054806884097 -7.175460998706148;-1.7006334501434
-1.6495929295034952 -7.0808534421141625;-1.689575845650
-1.8240147201193342 -7.016494099744857;-1.6744855027133
-2.0016962014534014 -6.9833010928954025;-1.6567841879837
-2.179210095573456 -6.977694291359525;-1.6365133764287
-2.3516376575132663 -6.995238500751969;-1.612824199664
-2.512153497404238 -7.032229513014177;-1.5849438930235
-2.65206530960618 -7.085884635325062;-1.5533503212610
-2.762200833785074 -7.1541052489759505;-1.521087916405
-2.8362333507812956 -7.235199350118146;-1.4942133842513
-2.8738963610103503 -7.327647431349489;-1.4793248617137
-2.8801323429155676 -7.429888740777294;-1.479118555044
-2.861106241935937 -7.540075185764925;-1.4910879890947
-2.821667872765304 -7.65576034259047;-1.5102695038305
-2.7650717616901748 -7.77354727548843;-1.5321260871389
-2.693443235083261 -7.888821467872929;-1.553677017629
-2.608203221433832 -7.995848517841939;-1.5734928196375
-2.5103382228578193 -8.088549123647448;-1.5913220380962
-2.4005634698995406 -8.161847631042386;-1.6076005130460
-2.2794270439696693 -8.212806363379586;-1.6229297990796
-2.1473845760691557 -8.24078437690993;-1.63767573465
-2.004862364831743 -8.246745462095369;-1.6517897235314
-1.8523213578452866 -8.232387690138655;-1.6648078050585
-1.6903337141265729 -8.199534626144557;-1.6759209506669
-1.5196869218677653 -8.149842061269807;-1.6840437416447
-1.3415381354214686 -8.084715466169918;-1.6878560258496
-1.157654964251942 -8.005338978620081;-1.6858208314179
-0.9707991308557157 -7.912764300630607;-1.6762024456221
-0.7853275917530769 -7.808049835994733;-1.6571475455751
-0.6080485517801146 -7.692473091415737;-1.626998666912
-0.44906971693093073 -7.567866693867528;-1.5852646627939
-0.3213339042570922 -7.437138660191211;-1.534955115156
-0.23611045406778133 -7.304979749119659;-1.485635823519
-0.19524881538490718 -7.178541438674149;-1.4510682752250
-0.1907201077361207 -7.067361282951386;-1.4384053437091
-0.21303722819011073 -6.981172259069948;-1.4444676252222
-0.25579203442954895 -6.925751817914322;-1.462893849719
-0.315194590694425 -6.901007894360276;-1.4889137084786
-0.3889508177213906 -6.903301559505142;-1.5194214487480
-0.47559358958467035 -6.928421508402641;-1.5521370032478
-0.5741327446032509 -6.972904644532251;-1.5851893918387
-0.6838611660242835 -7.034184232131964;-1.6169809510826
-0.804236227802523 -7.110355492591973;-1.6461319134245
-0.934798559314453 -7.199893073444846;-1.6714359776658
-1.0751082291027174 -7.301389979735801;-1.691819188944
-1.2246860149260197 -7.413301155105906;-1.7063112446581
-1.38295017722474 -7.533659738070697;-1.7140406566939
-1.5491391527517664 -7.659752929424701;-1.7142643338983
-1.7222083297340598 -7.787806420653626;-1.7064362757744
-1.9006841724816548 -7.912846598972592;-1.690298737719
-2.082450487673064 -8.029025216193595;-1.6659368942855
-2.2644293225554644 -8.13057577767674;-1.6337120572546
-2.4421095423722954 -8.213068411021709;-1.5940745578358
-2.608907860542719 -8.274202471220752;-1.547502289184
-2.755570116327147 -8.313705068463188;-1.4951474988192
-2.8706274244726755 -8.332626833585445;-1.4410920015319
-2.9442706983896114 -8.33256294148434;-1.395839027111
-2.97546453585609 -8.31508089559924;-1.3737670927782
-2.9724036043552386 -8.281433922210631;-1.3798960918374
-2.9441291829120595 -8.232564578905098;-1.4065511825315
-2.8964838836428206 -8.169239080908504;-1.4435437020587
-2.8328633278722024 -8.092147705368015;-1.4840352506458
-2.7553112989300974 -8.001958646902107;-1.5243307281161
-2.6651251574434656 -7.899375531473789;-1.5624235095292
-2.5631675777162637 -7.785247533860504;-1.5970231225038
-2.4500392090308503 -7.660791427664646;-1.6270697403267
-2.326184182396243 -7.528027581280617;-1.651529861456
-2.191961999376502 -7.39058642949343;-1.6693909672466
-2.0477031407024455 -7.254943490211521;-1.6799152249082
-1.893758783964655 -7.131319453522857;-1.6832472301393
-1.7305526815797014 -7.0317349433998215;-1.6810032178838
-1.5586451759173516 -6.964207863083227;-1.6756841808164
-1.3788263773146123 -6.929299514749625;-1.6689250709458
-1.1922662238825534 -6.922941818060847;-1.660511186672
-1.0007661420870926 -6.940322673274153;-1.6486491724074
-0.8071936955079182 -6.977511689849915;-1.6305270319254
-0.6162541786833774 -7.031603361333084;-1.6026556039372
-0.4358537277421263 -7.10042661162882;-1.561141005581
-0.27917519432542814 -7.182224786540233;-1.5030237437680
-0.16548388004527276 -7.275397804372721;-1.4331960374154
-0.11014391368534136 -7.37833255459297;-1.3801725516145
-0.1045479777419101 -7.489332059982736;-1.3749937005338
-0.12993305275833014 -7.606456108895672;-1.4050219306372
-0.17606874621152427 -7.72714060841755;-1.445740116106
-0.23810362219186865 -7.847831687310565;-1.4848101741567
-0.31341449209817684 -7.963834850041459;-1.51845997567
-0.4004283853065748 -8.069595812760875;-1.5463987060548
-0.4981364955633951 -8.159575799917091;-1.5696399180992
-0.6058584062627206 -8.229460245474106;-1.5895837716679
-0.7231122876243249 -8.276985130210623;-1.6074893063147
-0.84953471226955 -8.301893897260959;-1.624171479517
-0.9848245577375188 -8.305263230716305;-1.639913078831
-1.1286979098949907 -8.288751631533902;-1.6545218789456
-1.2808460041889134 -8.2540895655026;-1.6674374753392
-1.4408898573935902 -8.20283569729844;-1.6778259726053
-1.6083247150069406 -8.136309907259992;-1.6846392540701
-1.782444876614301 -8.055621028327094;-1.68663548079
-1.9622338869626632 -7.961745773190431;-1.6823624242823
-2.146193864500821 -7.855649905528746;-1.670102453005
-2.332064810979432 -7.73847068508353;-1.6477717202602
-2.516336463788796 -7.611805217463235;-1.6127620914421
-2.693354624374731 -7.4781645148361555;-1.5617468738141
-2.8536586746519776 -7.341602160020294;-1.4907861222192
-2.9813945344622406 -7.208258998694845;-1.3983854743040
-3.055125882213368 -7.086037480255806;-1.3049527066821
-3.0697300002923518 -6.983014586718246;-1.2705833518723
-3.0481870252547223 -6.906371351589593;-1.294711412336
-3.0049904142371555 -6.86030460164069;-1.3381591855375
-2.946111699344066 -6.844076475368815;-1.3847091909176
-2.8744685621522463 -6.853928224177152;-1.430916720077
-2.7916659565143513 -6.885786533097228;-1.4759774561330
-2.69864818415493 -6.9363999752821215;-1.5192586628489
-2.5959956284565493 -7.003398447974466;-1.5600108680764
-2.484078217354788 -7.08503631841973;-1.5974302046099
-2.3631432404024775 -7.179916479079636;-1.6307129002110
-2.233370859848337 -7.286745133176432;-1.6590730688074
-2.0949134588743186 -7.404093401474465;-1.681746637023
-1.9479276677375519 -7.530130512307359;-1.6980036578363
-1.7926048247332984 -7.662308510961081;-1.7071858979719
-1.6292047479124867 -7.797029615685875;-1.708779494610
-1.4580985068296086 -7.929437819800025;-1.7025117051730
-1.279828913400929 -8.053614852575071;-1.6884114103861
-1.095204644085315 -8.163432417696344;-1.6667100959644
-0.9054603264388157 -8.253873989497542;-1.6374604137267
-0.7125545087224411 -8.32207546628733;-1.5998496173162
-0.5197840801941483 -8.36745506922062;-1.551181923378
-0.33322455098834936 -8.391083031027062;-1.4850156735169
-0.165671637375987 -8.394895875175097;-1.3864592591965
-0.048207987625789844 -8.381191014692421;-1.2275476454079
-0.031449471777243325 -8.352493511047518;-1.1792263078186
-0.059898506573163125 -8.309816365062836;-1.2621322751182
-0.10740855378490083 -8.253078652760195;-1.3437242636020
-0.16777023885885 -8.18246899577236;-1.411521437234
-0.23838199683159675 -8.098400057488654;-1.4687528890123
-0.31792542660452866 -8.001395873482336;-1.5179969117464
-0.4056633178427773 -7.892074779283693;-1.5605866045045
-0.5011598492519034 -7.771234411639009;-1.5970086902973
-0.6041485179972862 -7.640074933483266;-1.6271846447026
-0.714461440135384 -7.500660207584833;-1.6506505940809
-0.831987292465764 -7.356786208740155;-1.6667545189184
-0.9566438235658543 -7.215323164336421;-1.6750556022872
-1.0883583629428524 -7.087173213293014;-1.6761037721356
-1.2270529014583724 -6.985012215764752;-1.6721858898996
-1.3726307460097031 -6.916845952245201;-1.666643098757
-1.524960347861855 -6.882586982195971;-1.6618278210214
-1.6838515391942386 -6.877528250626388;-1.6580572389608
-1.8490203153849534 -6.896510170597864;-1.6540492639421
-2.020036406574137 -6.935478610903314;-1.6476539521346
-2.196240762699384 -6.991525304923234;-1.6362633943113
-2.376603526205618 -7.062545353517965;-1.6168170195980
-2.559450208250487 -7.146902213907822;-1.5853291561296
-2.741850599964697 -7.243163229406156;-1.535444858899
-2.9179449030112994 -7.349888175897546;-1.453618728288
-3.072686705930718 -7.4654543157472535;-1.2935106039018
-3.147330019847842 -7.58794442914342;-1.0085540955448
-3.2056652232998446 -7.7154606753453425;-1.2813440646976
-3.271719124971867 -7.845339263378789;-1.370093148051
-3.343566919636394 -7.973720389891475;-1.4234397790790
-3.4205880783696374 -8.095615728972552;-1.4593703028530
-3.502535215439404 -8.205351403881012;-1.4848092801553
-3.589319669774631 -8.297548566795996;-1.5037910867539
-3.6809358582537763 -8.368292874145313;-1.5191761605802
-3.7774277174648128 -8.41579545107541;-1.5330005962859
-3.8788712226804547 -8.440195213419228;-1.5465255185226
-3.985363969389942 -8.442827884405684;-1.5603164241579
-4.097018167405014 -8.425491478480446;-1.5743926735938
-4.213955380619714 -8.38997411367559;-1.5883928216196
-4.336302140187538 -8.337841156069501;-1.6017102550631
-4.464185883835102 -8.27038616125292;-1.6135832147024
-4.5977307892950545 -8.188663945690509;-1.6231414929953
-4.737053063967244 -8.093561917477217;-1.6294179584896
-4.882255134849114 -7.985896834696814;-1.6313321033201
-5.033417898521587 -7.866547062226811;-1.6276488218104
-5.190589583922294 -7.736651752323161;-1.6169097700813
-5.3537684441164455 -7.597932926181398;-1.5973245866096
-5.522873286481078 -7.453214101689681;-1.5665812120755
-5.697687101784843 -7.307154498595266;-1.521419549431
-5.877730377818494 -7.16689771679978;-1.4562396969289
-6.061896104073217 -7.041575412517744;-1.3563894032830
-6.246768164781343 -6.939278183673323;-1.118223407228
-6.384329155818317 -6.860590478051303;-1.2232594875326
-6.5347831723340715 -6.812698262672672;-1.3255450665403
-6.695512933578777 -6.796414000890502;-1.3818178897036
-6.865675538381506 -6.807256875008568;-1.423203436452
-7.044952323870793 -6.840516900303592;-1.456919866886
-7.233227650247084 -6.892658416851255;-1.4846651812574
-7.4304719058209825 -6.9612288391360035;-1.5063251455391
-7.636683833185897 -7.044497816730898;-1.5211149852844
-7.851852045945489 -7.141151191323929;-1.5279330953764
-8.075918980402658 -7.250064128310554;-1.5253965336351
-8.308734299850235 -7.370120425306858;-1.5116755697626
-8.54997705690636 -7.50004738583855;-1.4840333342676
-8.798993785685925 -7.638251087509748;-1.437543771337
-9.054364350373683 -7.782665049156914;-1.3603588941727
-9.312141302489637 -7.930693018355076;-1.1989558635403
-9.544470709427394 -8.079642289844081;-1.1930585956806
-9.789394370816671 -8.225549171107572;-1.3132058522452
-10.04873504796452 -8.361608262901608;-1.3584219758526
-10.321701470221704 -8.480724398367132;-1.3753221207178
-10.607863797807523 -8.576984156077433;-1.3756578897177
-10.906916719283146 -8.64716880660507;-1.3644794731196
-11.218520638177262 -8.69105455087736;-1.3435731660219
-11.542134614570996 -8.710485784065668;-1.3117169025931
-11.876708297098135 -8.708158825960002;-1.2631857142974
-12.219778188455024 -8.686823808733562;-1.1791797504581
-12.562429250540552 -8.649064681734915;-0.7519523376352
-12.548590548714605 -8.60021158941005;-0.8794632621265
-12.521887878738971 -8.53925457671185;-0.9707672226875
-12.488290724962576 -8.465883691571573;-1.034883370859
-12.449517533066912 -8.38019231040004;-1.0860167120012
-12.406283087393923 -8.282445845397671;-1.1294531547788
-12.358927301115779 -8.17301101843882;-1.1674672329450
-12.307612675688612 -8.052364682813925;-1.2010689093714
-12.252404396625701 -7.921166789902766;-1.2306300509813
-12.193308566758558 -7.780414014007625;-1.2561470046215
-12.130292689207595 -7.631720086257806;-1.2773725748339
-12.063297654629478 -7.477797674678958;-1.2939217532495
-11.992245257213144 -7.323202128582429;-1.305439665742
-11.917043111665933 -7.1751732707700455;-1.3119388840991
-11.83758780965023 -7.043687824339892;-1.3143411209743
-11.753766630050563 -6.939095220956572;-1.3148620533312
-11.665458084630842 -6.867651024110198;-1.3164692797455
-11.572532055409578 -6.82936214015831;-1.3215057335677
-11.47485054684534 -6.8202742078494545;-1.330811231817
-11.372269535842362 -6.835679000253538;-1.34388791011
-11.264641763004619 -6.871669916624154;-1.3595041593943
-11.151820184811621 -6.925383818272114;-1.3761984678021
-11.0336620128504 -6.994780091631992;-1.392547834931
-10.910033538247456 -7.078364369495388;-1.4072536394074
-10.780816217575333 -7.174961279656919;-1.4191261172586
-10.645914855144024 -7.283534481235048;-1.427022949629
-10.505269331140203 -7.403028467042772;-1.4297660144576
-10.358872566147227 -7.53220623225494;-1.4260338414567
-10.206800201507157 -7.669463077440367;-1.414196150774
-10.049264498706204 -7.812611511676562;-1.3919866692285
-9.886725549990086 -7.9586681042468355;-1.3556730291211
-9.72016814058815 -8.103748262347617;-1.2972903500867
-9.55204624769463 -8.24329992998784;-1.1898746792355
-9.392759257813701 -8.373175521191278;-1.0313163138922
-9.23648414247789 -8.490934341562237;-1.2225104274183
-9.068191386768037 -8.586620712056556;-1.2933585043929
-8.889125780650238 -8.65495982929264;-1.3380967035311
-8.699693897053391 -8.69485686062749;-1.3723871441870
-8.499999498848082 -8.708147347543997;-1.401829276353
-8.290016540497938 -8.697801213373825;-1.4283366023681
-8.069667654488303 -8.666729323349523;-1.4519477297924
-7.838874876099582 -8.617322210563199;-1.4715847954569
-7.59760811702995 -8.55140136296592;-1.485321086686
-7.345951887740593 -8.470321518682644;-1.4902361169961
-7.084227717777281 -8.375103192731137;-1.4816151777514
-6.813284319338979 -8.266560825825877;-1.4502123528914
-6.535455320266991 -8.145433898120245;-1.369088623972
-6.260619865956669 -8.012572522335686;-1.0893530460995
-6.088694025108894 -7.869505100023231;-1.3614674347944
-5.904348516924781 -7.7163772069529655;-1.4622353743407
-5.7087372237793605 -7.554577097544936;-1.5260857455276
-5.502214055815697 -7.386919442167491;-1.568369389836
-5.284857202358123 -7.218726134513059;-1.5933118730719
-5.0566361872072925 -7.0592594516187575;-1.6025744947524
-4.817486639256613 -6.921798643296669;-1.5982838929313
-4.567359448449855 -6.819032170563846;-1.5842870741371
-4.306273539538161 -6.755725283817133;-1.5643175599271
-4.034404994281289 -6.728075178940785;-1.5382385392972
-3.7522876227272186 -6.729276419924925;-1.498909286990
-3.461418273740706 -6.7533591152505945;-1.423638749174
-3.1674458321622176 -6.795864139274938;-1.1210040709712
-3.0407841674118896 -6.852106967839503;-1.2963598561270
-2.9006857861135904 -6.922085381939746;-1.4272599575149
-2.7496578211845604 -7.005224524056799;-1.5105320747524
-2.588597754179512 -7.1006871622761585;-1.5732579051
-2.417858913840653 -7.207566566528887;-1.6224160591339
-2.2375764371600138 -7.324838563521018;-1.6603979045784
-2.0477907359387904 -7.451241131716513;-1.6879425641537
-1.8485093683899134 -7.585107865413854;-1.7050355052945
-1.6397484590551308 -7.724166526783826;-1.7112597061357
-1.4215709841406547 -7.865337141938723;-1.705942599692
-1.1941349212697203 -8.004618903301425;-1.6881582215258
-0.9577708465332668 -8.137220558626016;-1.6564713539613
-0.7131356641349932 -8.258086198275597;-1.607994774563
-0.4615927907947006 -8.362793346710422;-1.5351524241556
-0.20651528559207288 -8.448526004293246;-1.4097029365040
0.03787400385021686 -8.514928338955999;-1.1824619424867
0.2330398001510927 -8.564570940968576;-1.4087016324309
0.4417158965673457 -8.592408596544283;-1.4927755903672
0.6628271354769923 -8.598139598228327;-1.5463613080555
0.8959177759940853 -8.583086857707668;-1.5854806726720
1.1407833481971021 -8.54903977953935;-1.6147552298398
1.3972973673991458 -8.497701545130031;-1.6350829571969
1.6653073643348786 -8.430500558487342;-1.6455022729205
1.9445333233249091 -8.348580312454821;-1.64359309335
2.2344112394678692 -8.252861612203969;-1.624945977481
2.533751353909481 -8.144134460223869;-1.5807162087321
2.8396731436078135 -8.02317618498453;-1.4859113096696
3.141492345152089 -7.8909313663238505;-0.6693259198304
3.093599153580248 -7.75057329792774;-1.2458049462461
3.0435751012608345 -7.60148789629764;-1.3409512297732
2.991347321208375 -7.445286074422763;-1.3989694691788
2.936826897404921 -7.2850887676399;-1.4379339797463
2.879917679660835 -7.1265360388261145;-1.463158902685
2.8205179614224796 -6.9789906550032335;-1.477351652601
2.7585209173954164 -6.855173851593898;-1.4838799274111
2.6938146671564365 -6.766364025387196;-1.4880545907978
2.626282186885459 -6.715886919970401;-1.4954795614746
2.5558011560583997 -6.699448141007825;-1.5092376852796
2.4822437802780173 -6.710576551610828;-1.529342257150
2.4054766010210984 -6.743934693533075;-1.5540372371064
2.3253602902689425 -6.795824923241943;-1.5811054621586
2.2417494278528975 -6.863762335765724;-1.608549883989
2.1544922616603954 -6.946012484024976;-1.6347865802183
2.0634304520159557 -7.04126455155922;-1.6586080666565
1.9683988016471228 -7.148410308747456;-1.6790822143541
1.8692249723320433 -7.266378798799555;-1.6954581693894
1.7657291890153095 -7.39398956752286;-1.707100485677
1.6577239320374377 -7.529799994104686;-1.7134540181030
1.545013618222653 -7.67193354792916;-1.714038138055
1.4273942720029258 -7.8178920738055755;-1.7084690962927
1.304653188729262 -7.964385258128101;-1.6965072359694
1.176568594279304 -8.107258678985113;-1.6781147510299
1.0429093089557069 -8.2416501025951;-1.6534836001962
0.9034344315568407 -8.362488623693078;-1.6229535392840
0.7578930764683762 -8.465294127765356;-1.5867030986430
0.6060242372715541 -8.546980145889778;-1.5440570367988
0.44755696526398625 -8.60626345247041;-1.4920251374648
0.2822114615310434 -8.643525608381111;-1.421150274943
0.10970379683339049 -8.660359584436689;-1.291716469060
-0.07021827465824249 -8.659394847315683;-1.2356747031914
-0.2581305561139479 -8.642026800512973;-1.4091517777576
-0.45427620824055803 -8.607344048129416;-1.493877873750
-0.6589940706212307 -8.5560474012142;-1.5534416744261
-0.8726480735862583 -8.489104627812546;-1.5994738524934
-1.0956211194784018 -8.407421653825683;-1.6353736922572
-1.3283139019260632 -8.31176506684362;-1.661790150582
-1.5711448039371274 -8.202778796099642;-1.6779959899055
-1.824550096998986 -8.081043079582859;-1.682199455005
-2.0889841385065093 -7.947166464806481;-1.671283081708
-2.3649192552470994 -7.8019254147996655;-1.6396538875417
-2.6528445224844486 -7.6464833092007405;-1.5750071869541
-2.953259949451667 -7.482720125237329;-1.4318895909561
-3.266630208091143 -7.3135547248413;-1.3649887397151
-3.59383303856325 -7.143542430558596;-1.5290335938534
-3.935339970519878 -6.982826548697189;-1.5788195064599
-4.2917454654732685 -6.84612991185562;-1.5849357502569
-4.663682047177316 -6.747089381911144;-1.565244298155
-5.051812594414789 -6.68949277323465;-1.5282500572635
-5.45682783884005 -6.6677590756665195;-1.4720248227792
-5.879442284657928 -6.67401549295764;-1.3724612120835
-6.320372821977569 -6.701764073587815;-1.0802637417618
-6.781217742693543 -6.744945609939834;-1.3916428721975
-7.26219600611089 -6.804552284713508;-1.468934469485
-7.7641407912643565 -6.879146417242455;-1.4937880161425
-8.287939163465524 -6.9673846188220265;-1.4761017587657
-8.834515260746482 -7.068079190285373;-1.3996493175725
-9.404810066015047 -7.180049543597676;-0.9969902774851
-9.997677993871788 -7.301138405309985;-1.3746943659033
-10.61643425887309 -7.4317832183463075;-1.4341887059495
-11.262146390274259 -7.5711576684059585;-1.4191348575708
-11.935947497321965 -7.718024138692712;-1.327689170382
-12.638994024993009 -7.870811429846536;-1.0548165304664
-13.373264153526542 -8.028098722890393;-1.2957452757420
-14.13955718270694 -8.18666534807091;-1.3020600708427
-14.939204313608826 -8.342750360474687;-1.2167726101
-15.773586915888629 -8.492542289245998;-0.9277657067714
-16.644998622827003 -8.635536777014153;-1.1467213174714
-17.554393678413973 -8.761043824970551;-1.1194896549035
-18.503352505480667 -8.863416784067992;-0.9660568107135
-19.493427696746103 -8.94286825201847;-0.979268151552
-20.526695195127793 -8.995811876766371;-0.9880649649042
-21.604932857425503 -9.02186727781483;-0.8634171974889
-22.72992892264207 -9.026319545898957;-0.8842314523320
-23.90397977476725 -9.010503223924648;-0.8865160495698
-25.12910979751203 -8.976608009978243;-0.49402480976626
-26.352948009767736 -8.932139158265016;-0.8376065088743
-27.63009154505559 -8.873030328416478;-0.779075030895
-28.96272275988958 -8.800986838772713;-0.7610858175490
-30.353464760795244 -8.716943588147643;-0.7617467048981
-31.804699991780367 -8.62150175783204;-0.6776252545633
-33.319301115377094 -8.515754635065626;-0.7157926766803
-34.89980578645988 -8.399851037279214;-0.6201253564420
-36.54933363725813 -8.274731750188472;-0.6560956994178
-38.27063008639595 -8.14060155010795;-0.5936875556990
-40.06699559047677 -7.99817759847311;-0.5782446872335
-41.941470505176746 -7.84805697365629;-0.559881209447
-43.89759953591546 -7.690997073520533;-0.4159256841367
-45.93772875516097 -7.52777650915044;-0.49406347637411
-48.06664269621541 -7.359795880144409;-0.45289406868638
-50.28830928192617 -7.188569883687443;-0.29248995504408
-52.606009579139894 -7.01407441207599;-0.3778749265773
-55.02454115731312 -6.841176253932457;-0.35380637975019
-57.54837463652996 -6.674813861877324;-0.31097735651877
-60.18214873643088 -6.521992387465901;-0.25758848607437
-62.930721221678496 -6.39387314453949;-0.18718305159252
-65.79933513354558 -6.308565080407164;-0.1561238350890
-68.79258053277262 -6.314163798244063;-0.15386799662109
-71.91602393071537 -6.348146156597518;-0.15084376026948
-75.17533860941364 -6.3959330715274705;-0.13788956027916
-78.57635874772814 -6.452728072767546;-0.10765560313872
-82.12573719520894 -6.515867643092124;-0.12696518460496
-85.8297727833181 -6.5852191173015475;-0.12387381556639
-89.6951397316922 -6.660311138607304;-0.11366877520085
-93.72882762099783 -6.74075461058544;-0.09505040577589
-97.93810042651928 -6.826186915078941;-0.08488289757680
-102.33074113175957 -6.916484056133451;-0.0796460334535
-106.91466761025517 -7.01164460225941;-0.05549568531110
-111.6984227311699 -7.111514525386671;-0.06050444839351
-116.69050250792674 -7.216263694328977;-0.04799699201945
-121.90003889353915 -7.32593220757383;-0.04216407209793
-127.33641544482686 -7.440636311460947;-0.03763517892219
-133.00954533244482 -7.560517950276735;-0.031152000671244
-138.92975400264288 -7.685728233279507;-0.025102044528626
-145.10781184973334 -7.816440694192172;-0.020363935272151
-151.55495059940162 -7.9528515455723525;-0.016923844295469
-158.28288196778215 -8.0951753011167;-0.014050803793800
-165.30382644482123 -8.243641946623155;-0.011181765643448
-172.63053783828815 -8.398498717730316;-0.007350501548661
-180.27629361704848 -8.560023221484332;-0.006810264181840
-188.25503491280648 -8.728477828097253;-0.00453017819694
-196.5812432789709 -8.904166597615914;-0.0039004085604057
-205.27006934222425 -9.08737187218157;-0.002810107658222
-214.33730863626437 -9.278388741696618;-0.001883325106
-223.7994427796864 -9.477442944475698;-0.0012638070830931
-233.67366942726866 -9.685702690203462;-0.001116582518784
-243.97793482636513 -9.9031327742502;-0.0008471070588050
-254.73096676862636 -10.130073568418124;-0.000551131889866
-265.9523133924891 -10.366915192264345;-0.0004456793006599
-277.6623673653891 -10.614080669931864;-0.00031294686489217
-289.882413284546 -10.872014239764944;-0.00020904042857515
-302.6346622859815 -11.141181975547877;-0.00014067888896446
-315.94229255770824 -11.422071641458189;-9.616728015610631e
-329.82949183558947 -11.715190819525045;-0.000113168451854
-344.321493694683 -12.021071159448057;-0.00024498376052771
-359.44464582062864 -12.340257493191567;-0.00036512377941619
-375.2264363043966 -12.673279802039097;-0.0005612405146981
-391.6955501072305 -13.021027997500797;-0.0010757669071741
-408.8819198033389 -13.384021046351318;-0.0018398975692142
-426.8167939389911 -13.762906100883892;-0.003313206598877
-445.53274412665854 -14.158359333039371;-0.0062036813775385
-465.06378113385966 -14.571031548453021;-0.009734752225797
-485.4453704407135 -15.001422783904493;-0.022500926426250
-506.7146271546306 -15.448779720367657;-0.039448291321088
-528.9102407373974 -15.898135848699894;-0.07855294979917
-552.0724912213933 -16.332419280241727;-0.18048601532660
-576.2424076225225 -16.77933344612573;-0.4163905138092
-601.4614592868857 -17.24080223708397;-0.9430660532069
-627.7621698713056 -17.724310020338017;-2.0254529967959
-654.4917547082985 -17.999994662859386;-4.890260419462
-680.388606329401 -18.028488005924768;-11.254074149834
-707.3307580069412 -17.994955197984005;-24.656692875066
-712.646983858809 -17.936260847291603;-29.464919422702
-716.8739459292996 -17.858910649860302;-34.43823032003
-720.1363631410073 -17.76538160955065;-39.03042679636
-722.9983199675925 -17.656757163865777;-41.09518167223
-725.1091410531752 -17.53361554729462;-45.45516252184
-727.1463842307862 -17.39681197725112;-51.44405217432
-729.2505803604979 -17.248626241826937;-50.14001573401
-730.8247918510226 -17.0965866570399;-57.32958626865
-732.464847158445 -16.95897672263256;-56.10981806700
-733.8623333367013 -16.85493796081016;-62.89940609695
-735.320804443973 -16.797182229356004;-55.813944835
-736.157743955299 -16.772902805782195;-66.63928554794
-737.026033936571 -16.780702755801908;-69.25251402626
-737.9319750536239 -16.813305852987593;-64.35693333738
-738.7538187312529 -16.864900795396473;-68.36604730372
-739.5542647002857 -16.933329119904773;-75.65585776163
-740.3886122095029 -17.017127207670246;-77.02735247347
-741.2542767809055 -17.114391625591285;-67.13744856041
-741.7887688171822 -17.222157462520133;-74.19968286696
-742.3177867172227 -17.337591988803815;-81.48108975752
-742.8695492157058 -17.454828907313868;-84.79298587161
-743.4473381089839 -17.563554862191275;-85.26855085599
-744.0483550737182 -17.651695505364245;-81.54285658302
-744.6398194531772 -17.71285362548846;-69.37139391070
-744.9562180565739 -17.75002880993042;-81.69041633353
-745.2884864804699 -17.75929416927194;-87.11615427663
-745.6385498690638 -17.743527057202808;-90.65624079986
-746.0067091835407 -17.70648477917438;-92.97189022235
-746.3928371642862 -17.651282243738468;-94.07356602187
-746.796052519843 -17.580332796390426;-93.56916594686
-747.2131849083456 -17.49569875259249;-90.21477127962
-747.6300664529243 -17.399604223372506;-75.61918158415
-747.8213042241423 -17.295277446216;-80.59905817820
-748.0185821264635 -17.186008328458392;-89.11125123703
-748.2299992263249 -17.077772355650726;-93.94194256684
-748.4553096229638 -16.979834114149124;-97.28727169213
-748.6942807032343 -16.902457373428547;-99.74221168244
-748.9467790234331 -16.852165897930952;-101.56601450495
-749.2126763134895 -16.829709522338902;-102.84796250301
-749.4917292967017 -16.832361901323413;-103.5384310515
-749.7833834186049 -16.85662258695806;-103.44488700444
-750.086343188359 -16.899402746885617;-102.15256969342
-750.3973204315995 -16.958192079656982;-98.66944633291
-750.7055106211026 -17.030816563603164;-88.93868072918
-750.9335297828826 -17.114888613056955;-86.46091055313
-751.137923191947 -17.20844283247748;-97.74508597500
-751.3564016311554 -17.3093712994065;-103.71951030139
-751.5892244279381 -17.41347068338749;-107.8260900420
-751.836228811529 -17.513784186632858;-110.77592455287
-752.0972903153043 -17.600902698545582;-112.83376932768
-752.3722606087226 -17.66602477028315;-114.11910041773
-752.6608365151875 -17.70484662976545;-114.63081055105
-752.9623190468366 -17.717901320218232;-114.18852620060
-753.2750440263866 -17.70808045065544;-112.29571070585
-753.5945858388345 -17.678640791762486;-107.59991694113
-753.9047608176697 -17.63254599233888;-92.89631969952
-754.0570195212041 -17.573006316436256;-93.20057570270
-754.2061650296174 -17.501387949641735;-104.61335068216
-754.3690082980124 -17.41854704474776;-111.0402955367
-754.5447170511936 -17.32640140632637;-115.68974165346
-754.7327727291054 -17.228186759835378;-119.27266076794
-754.9329153245392 -17.129295618990245;-122.04399538758
-755.1450090319096 -17.037845908729786;-124.12544760342
-755.3689515343591 -16.963291038024703;-125.59940289881
-755.6045957779253 -16.91260545191482;-126.51149954398
-755.851651772789 -16.887770085602387;-126.82347486270
-756.1095182743686 -16.88705420448553;-126.36100259994
-756.3769219326006 -16.907446910807526;-124.73387096574
-756.6509487822916 -16.946001720965015;-121.06879136716
-756.9234409114591 -17.00014256672805;-112.61834021268
-757.1562130473765 -17.067400115792818;-94.7777091290
-757.285904611481 -17.14494515299266;-111.90943055966
-757.4287458817086 -17.231749851445038;-119.7213811558
-757.5831256186083 -17.32504531567896;-125.10211386271
-757.7483595712622 -17.42002852348836;-129.1853049850
-757.9241624082184 -17.50922127247344;-132.38394425780
-758.1104320347902 -17.583347392158117;-134.9235572275
-758.3071507632828 -17.634795008014304;-136.95779622714
-758.5143268461817 -17.6606910705979;-138.5666840136
-758.7319459962546 -17.662241925253475;-139.73952744256
-758.9599143131624 -17.64228976242681;-140.3740360829
-759.1979698891683 -17.60374404871544;-140.26856256751
-759.44551375666 -17.54912080342895;-139.0719461627
-759.7012125176293 -17.480638906651404;-136.10863859824
-759.9617684130807 -17.40055899211936;-129.6530878714
-760.2157087590581 -17.311674128638806;-109.30118133694
-760.3318631685712 -17.21776660331969;-112.90822552185
-760.4590456242381 -17.123431283948545;-125.95665127068
PointOptimal;ValeurOptimale
[-760.45904562  -17.12343128];-125.95665127068139
Temps;Nb iteration
0.09316325187683105;1000