Point;Valeur
1.3334942343161575 -3.706872674888345;10.580202024650
1.1998798775594404 -3.7467433154563077;10.09702174266
0.9271336211609675 -3.9492403852893254;8.931881150197
0.9308161808241283 -3.893781515351762;9.033659476578
1.0504960382457695 -4.042156813168592;9.033337660294
0.8962811140562892 -3.840957029639156;9.318490430651
0.9090274222052036 -3.7492113644285014;9.609195381321
0.995139352722594 -3.781111081540943;9.396704671391
0.9303622750304834 -4.005685081112152;8.945478806785
1.0608649560295056 -3.841046148569209;9.249939659310
0.9752358295596387 -3.8277708409857065;9.206009479327
1.0482604161414373 -4.008389114265207;8.93145407863
0.8897319532623902 -3.817192524958231;9.425570121274
0.8902034332417427 -3.7168069588064943;9.7432021351
0.978261679771329 -3.694831452181695;9.684832785383
0.9658364507516627 -3.7840261650262383;9.393458383001
1.0286679343910112 -4.04746207903705;9.000799780748
0.9416829552327655 -3.9148771952071098;8.94923060880
1.0516327450527292 -3.9903842400112945;8.91460198956
0.8486755144060766 -3.8698642130608905;9.415113258039
0.8257783050496759 -3.846105772428939;9.581522732781
1.0146220114510345 -3.9592022998759626;8.829402145613
0.8538591319799086 -3.8784955997877906;9.368594243018
0.9052444890649342 -3.907372467817572;9.079188675874
1.0622889163178821 -4.02181110851558;9.007415404238
0.8957201838970201 -3.8526199938384287;9.279289684690
0.9130032438636568 -3.804145022464464;9.405707497559
1.0232569110925704 -3.9476253350452497;8.851366804498
0.8554848174552734 -3.8553794377069974;9.427139062729
0.8828919917806702 -3.869640858143322;9.27083782659
1.07979093289632 -4.0349121814000215;9.11389704362
0.980861460240026 -3.895884156643857;8.944040906092
1.0383983309567537 -3.9779588215525474;8.869792542000
0.8684923920402547 -3.868707023184413;9.332346966042
0.9015463961733241 -3.8767084167799957;9.178654857863
1.066827046877626 -4.043500154352539;9.09241938426
0.9410821448440416 -3.8812694386509454;9.047820243875
1.0083007648640419 -3.899853140173957;8.935538690595
0.900467019078581 -4.035541294125017;9.131008753920
1.0507710624594526 -3.854995035271081;9.167729627996
0.9775166521825246 -3.829716259107268;9.196584743444
1.0406600757064859 -4.005960904801545;8.90627958926
0.8932027634311188 -3.8090035837959464;9.444032127448
0.8998802420623893 -3.69947216444535;9.763400741675
0.9772061734915098 -3.6500426277932334;9.774810420197
0.9738741027082578 -3.64885298666671;9.777112686785
0.9840497916855643 -3.7204912025347427;9.612968932463
0.985545639559896 -3.969528334362288;8.814586529066
0.9975584713425915 -3.7952329555634963;9.33960855554
0.976365722284565 -3.7628993403724786;9.469295111274
1.0004521142849552 -3.9057809609011147;8.913404642285
0.9502892282834162 -3.905995224766567;8.953037014287
1.083998816451801 -4.03117889766979;9.120259022606
0.9093571211867655 -3.856027548878394;9.222099902125
0.9225086519237153 -3.806382693751049;9.373762036592
1.021485400611331 -3.9521944046794855;8.84390345650
0.8624084645379743 -3.8461742654607227;9.426944644346
0.893788444761811 -3.850785180970158;9.292394901670
1.0620048937978595 -4.036208750829819;9.049533637003
0.9422730371841478 -3.8850201167448426;9.03278234407
1.0183711464929812 -3.921346289048429;8.889253855755
0.8760458840928844 -3.998111747569155;9.153897329637
1.023562035374387 -3.8867165844650393;8.995329736400
0.9165886550760393 -3.973097651596212;8.958821342928
1.1048249639904977 -3.8837306237152216;9.264399487738
1.0207796462502106 -3.921707612169956;8.891775638279
1.0443434700400787 -3.9999790352224993;8.905837320611
0.8912715689657975 -3.8412651307845653;9.334471105514
0.918297897408324 -3.8008096446817494;9.405173582409
1.0193807036296592 -3.956087081436314;8.83759231108
0.8656524274828818 -3.8353919814564557;9.448916028509
0.8934785734517461 -3.8228745325030173;9.392950919485
1.0457873053602778 -4.00454552250375;8.917294198013
0.8979675536663227 -3.846068394119857;9.294610993452
0.9339701865193342 -3.8143411921220234;9.317313451134
1.0116847263341926 -3.9923124909810834;8.834611274576
0.9010981686907433 -3.801066771471989;9.449454866853
0.9365110790136407 -3.70554172843451;9.688273877878
0.9840618134127407 -3.6931692396882156;9.688442332719
0.9718549502434011 -3.797838863741355;9.333034081768
1.027395001744199 -4.054321183134463;9.026689719064
0.944267549809906 -3.915566307924752;8.941573705764
1.0501345214067153 -3.9893578018167077;8.909059782414
0.8479366394485996 -3.871242843801066;9.414669793772
0.8268583190129055 -3.8500075339329607;9.56619357940
1.0207901865439588 -3.9655529788087414;8.834854968423
0.861693986328038 -3.873642864155793;9.347136731751
0.9129204050850875 -3.8984115066724954;9.0750676973
1.0507928977735759 -4.03402592606967;9.00606007855
0.8922373332484765 -3.841448465278909;9.330485301176
0.9029167436543519 -3.757824131481214;9.595515125293
0.9991233185724497 -3.808220917550584;9.285775539203
0.9091955253485458 -4.038274510624428;9.105118419273
1.025161800650358 -3.9035230315771994;8.945247416460
0.9131890172231971 -3.984233817951183;8.976782593992
1.098356436549444 -3.87879708097879;9.250563639544
1.017012975126426 -3.9083715819595053;8.919948082321
1.0443095989298476 -4.022753654006292;8.954000356750
0.8999968870425495 -3.8029549087539527;9.445702667855
0.9027410861605687 -3.6621556729786366;9.827513470635
0.9679038351093127 -3.5310132769718865;9.80213452554
0.9753961786795065 -3.287889452780606;8.947800842156
0.9994236157993884 -2.7834267291511265;7.7243611080679
0.9610612565943354 -2.235698797234204;6.842945859606
1.0152445922801305 -2.0150193144010307;5.476094104175
0.8879856685533964 -2.0333103101995946;5.717093397979
1.036802093918555 -1.8659230887789013;5.660365696181
0.9227761841910695 -1.863120319593197;5.656714222666
1.0348640596002388 -1.9809245924269867;5.461732502212
0.8278862404331866 -1.830754765185265;6.052378689631
0.7384915804459068 -1.7316830121416973;6.482424526464
0.7156371019670343 -1.6370202355966736;6.535146308851
0.7343973681149849 -1.5011974893524918;6.350536509336
0.7989076540198753 -1.2415261991434356;5.292305573179
1.048943275078976 -0.854471032015088;4.0159744177985
1.0215901398128453 -0.5665181056835249;4.724644470617
0.8849513500395654 -0.16399763241798737;3.226863926999
0.8998451594317661 -0.07002920901612286;2.7597831682524
0.9966588741369835 0.0015819966561159832;2.6296949534423
0.7823944441090719 -0.08454242319058698;3.1220985014754
0.6048373026774059 0.0011150066330469222;3.247636103549
0.3193566716297653 -0.013170735470920722;2.2694683922321
-0.26740755154584434 0.06156996669613325;1.975031064038
-0.7557507672633886 -0.034356399658370354;3.088179587906
-0.7704953163875858 0.11447097082811035;3.2512038148601
-0.8445283161237805 0.003527537514769974;2.7890542539426
-0.991679127145878 0.10445711501173521;2.900444952903
-0.8089688152270915 -0.1044429440884348;3.1162526938060
-0.6643003734750291 -0.09023321123222983;3.347529660331
-0.48330585824783967 0.012008341364328143;3.0386743088681
-0.07527738332598355 -0.038626364234540744;0.42050680607574
-0.16738760282457404 0.08964296659654991;1.292396065172
0.07243672511726007 -0.08407484487170955;0.6165411320911
-0.032196080523472725 0.0486898312738005;0.2537435045911
0.17159338649471872 -0.213420135097439;2.0584142480758
0.1642752871624794 -0.25610481691536324;2.2927894299043
-0.06051235698908747 0.008989413075040364;0.26972571940916
0.06857339181082997 -0.07475869856838382;0.5431910686083
-0.1836848358018249 0.16493546220580355;1.8250673990090
-0.20943207776653375 0.1796615231597453;2.078871434379
0.07574683171268384 -0.08425152699195124;0.6349100475163
0.06346466123934363 -0.057573399347143506;0.4286943857995
-0.19779005982660836 0.13867991466127808;1.7690701683206
-0.2208363934902851 0.11060197859476018;1.796534764932
0.13811283807186092 -0.0917811563791052;1.0808920034762
0.22557561703496504 -0.06481422934562908;1.6628549467865
-0.06162878627894358 0.03834201047471411;0.34058649679517
0.06407035235578049 -0.07859874688898393;0.5427411084439
-0.1608410114869601 0.16484677626891314;1.6761517041336
-0.1508146056047183 0.16885691575697248;1.6396232963850
0.15700205953499133 -0.17252480969468248;1.7024879219372
0.2486907251534687 -0.2940072953094736;2.9023251857396
0.15104335830645724 -0.22209951986494114;2.003727953490
-0.12776201828325054 0.22693871381312086;1.9201989971006
-0.19953988138418774 0.47246807086044296;3.4034008830650
-0.08898478717595348 0.6290908180431135;3.354200787265
0.005919685723284954 0.8706626810678989;2.711008549378
-0.11389753094413316 0.8090109326035878;3.1525179788499
0.012184501932519964 0.8311573587135939;2.835092510439
-0.10087434393534285 0.9775027258689883;2.858821408366
0.10682811267779387 0.8151536992497221;3.1085338676975
0.08589388426210941 0.6985186514104504;3.303043356588
-0.016746428490190576 0.5942023244857663;3.245103420595
0.010293296753102255 0.4044823852331284;2.740407799627
-0.03140053479219694 -0.11362134648757716;0.6663021597053
0.011846740985468611 -0.3572889777375454;2.499230344028
-0.009328351603545698 -0.44061946846791933;2.8926601871814
0.005888030835281536 -0.3719237069734119;2.577849754610
-0.01241871752493373 0.0007020822438614793;0.03929615339835
0.025392852758201627 -0.09691473687367241;0.5307376737378
-0.09392859710635676 0.24355990779415532;1.897196587229
-0.029484715648956106 0.3654709572308993;2.5557839518813
-0.0052807615270946615 0.27789468213657365;1.9785298617633
-0.018338120023564577 -0.20540867006654462;1.4062304163611
0.006705484618360468 -0.48921466865765456;3.054625834900
-0.013958635132184465 -0.7765524947567465;3.0106915083493
0.05130473530853477 -0.8979423241040757;2.7083634485190
-0.13967692277296456 -0.8964248210319757;3.0776602813396
-0.03404722648474215 -0.9070847711345604;2.653868003447
-0.06801119444754747 -0.9900709814979353;2.7409081082721
0.1289533192308842 -0.8090934597360924;3.214137117104
0.11028004947353837 -0.6623718788273775;3.399148760468
-0.010221561075277788 -0.47579595295812943;3.015297352087
0.044088114240766196 -0.05605326618693296;0.33262588538097
-0.08018932454880977 -0.11755248811771812;0.8742859912568
0.15529601360948292 0.151915502343905;1.5564133040334
0.15610914784737706 0.17837508126879875;1.736052267464
-0.1307770721897034 -0.13952487598575075;1.3164495537029
-0.18148816926948128 -0.21519855801351476;2.1257158177483
0.025065558314802006 -0.005068937936484275;0.08965458994878
-0.1641839366958141 -0.15174429741992138;1.614115758015
-0.07917924898304798 -0.043227567633521785;0.4598633984706
0.08603980013186766 -0.18679158506254304;1.4287579092360
-0.022189592692670207 -0.03066006500798632;0.14482350153746
0.2207762164811037 -0.1865174970889494;2.188859234049
0.24078432994170354 -0.13641155664451055;2.057934749912
-0.10264117680923504 0.08539342067044017;0.8006350764517
-0.15362729562307095 0.05559394903114831;1.0487424214314
0.23055448198689169 -0.05486327646259151;1.6759656542764
0.39620024959453537 -0.0024095142931017666;2.7000985454185
0.40408673251338395 -0.008081303802189223;2.7380125486908
0.18555790334562927 0.004704828058248373;1.2292465874428
-0.16458010948437524 -0.09249431034537295;1.2839723873762
-0.2360078000395765 -0.003683525556319414;1.6523905635475
0.05932186704972675 -0.050337076357270166;0.3749234386713
-0.0734619029872434 0.06801143754054192;0.5331552841089
0.1626820425776024 -0.15540966390923291;1.6273410961455
0.1557199812925045 -0.13900334661677385;1.477406283605
-0.19662504679111245 0.17517107584285227;1.9708458221549
-0.3405755766118561 0.2836574449265654;3.2457358950884
-0.32168486747133773 0.22746153766943897;2.9389385543197
-0.04337915978169299 -0.0305369044300616;0.22357044385735
-0.11016150367537486 0.1109493354111902;0.9995947358094
0.11512440353918296 -0.11864528894439846;1.0799378690797
0.062254396049179955 -0.06780065328120827;0.47379945167079
-0.12433034497794773 0.16090948982084824;1.4253202140184
-0.05909882712740633 0.11926814762458499;0.7933869383684
0.03395010540798936 -0.2590534128420032;1.8593204116498
-0.008611241828374652 -0.441068730745468;2.894213841131
0.009554401219934106 -0.5183743529833462;3.1298137831953
-0.006012356585680204 -0.5198407858171867;3.1324288512705
0.004094747179996198 -0.4101803578379036;2.7650545947755
-0.00798625640582699 -0.01626459463116442;0.05997160959869
0.01684523574031685 -0.10081468522918019;0.5452054566604
-0.0666965031184227 0.2555609389818354;1.8999775424411
0.0008347845093592543 0.4043963361047022;2.7385310804494
-0.010296799536615393 0.39599310458478854;2.7005402814620
0.008129331781703952 0.14409092162159015;0.8788074376889
-0.10116730335575914 0.18917926999784979;1.5141316382672
0.09624372570702948 -0.09083235815699875;0.7909961992764
0.01690147939261942 -0.058397244992735686;0.2675899191031
0.1726935465161351 0.1447584708086388;1.628759845893
0.07495915656092712 0.08089032649188937;0.611189236328
-0.01893355405234344 -0.19574881931459742;1.325054354197
0.025138129155946112 -0.17289506655017212;1.1382627450485
-0.1074031507033109 0.24868068373005547;1.9862478678757
-0.05117172107194119 0.476548818274712;3.04899256023
0.003818249009126369 0.6639157969775186;3.2363702413145
-0.04447326210741224 0.9577814200559764;2.634537058953
0.07581570365964749 0.7819623786606491;3.098370757058
0.0019135289934623795 0.6532587158517283;3.2440667483804
0.010869571841301086 0.4858872283825304;3.0459461998901
-0.009465656331059114 0.08760123822075416;0.44340283841404
0.036957182711524705 0.21601158138887644;1.5200342213041
-0.04769090401108553 -0.011936234290692405;0.20219655158548
0.1441314971794402 0.19635914317827807;1.7891695271203
0.09838254792560958 0.16105514921594646;1.2857301301823
-0.13217719282966955 -0.24943093013800463;2.097381649813
-0.1602149195711509 -0.4633090581607898;3.2549075162411
-0.022462961062671094 -0.5887742861488381;3.243874568386
-0.029882664841131626 -0.7326011206778991;3.140684575152
0.043121308100354847 -0.9957174230173297;2.6789203514230
-0.07611372462057539 -0.8049634851087546;3.0330448296891
0.002017288682161722 -0.6759182866491931;3.2243050275919
-0.012864029128110965 -0.5306041405976964;3.156928318100
0.00820691849253347 -0.21494383351645407;1.4796988751394
-0.1542629551785748 -0.10938118881526776;1.292910858034
0.09724701182811302 0.031184620407331887;0.5455437078086
-0.03453725740034949 -0.07208489918474907;0.38858199096951
0.1784375531739466 0.19324715783909657;1.968842966287
0.1771454163913995 0.23457411528422933;2.223528306573
-0.06636840925963766 -0.03428491345511664;0.3541070291123
0.02179634898132382 0.028836065203908662;0.13672708452038
-0.21316982121012384 -0.18733988122316944;2.1464343636615
-0.23434684669729847 -0.19136961225274118;2.2984600858105
0.043385341695776375 0.06388919889105227;0.37095999535788
-0.004916433802109099 -0.002455277495670566;0.01634740745798
0.14903525719550886 0.1880725443234118;1.7597864362708
0.059630916777042214 0.11831526301066367;0.7884079310214
0.021610830950206647 -0.2397345781059463;1.692743186387
0.0015019473674918807 -0.37329370306779186;2.5846310157875
0.003552000488596401 -0.31070247137929197;2.2095430960451
-0.005500649426720046 0.11762150430605939;0.663426533922
0.004034143561225044 0.23110783162720377;1.6124701787754
-0.00851395540215529 -0.016008662806914542;0.06001866471913
0.02819324112361734 0.2268109037358058;1.5953601285360
-0.019375419892580202 0.17942850194425322;1.1866295614104
0.10866029750728287 -0.25482240482169594;2.0349081945993
0.048258876610444215 -0.5030171152144152;3.1201498162711
-0.002124082604099034 -0.7518324087720277;3.0774789073835
0.06407370712643447 -0.9722362312917837;2.7006871909565
-0.1076361921830956 -0.7752458172843848;3.215642483374
-0.07201776404126504 -0.5960895221514968;3.3076288529750
0.01135802894329628 -0.2984185595433338;2.127779696159
-0.18911940742328537 0.20668681762504765;2.1166340264667
-0.20467711743601766 0.5027419106215962;3.4980742310689
-0.024132264963654088 0.7544825754358089;3.0808208390541
-0.13782581792928494 0.9534742779561538;3.0340418414014
0.056083979722150956 0.8303045128723362;2.902849097527
-0.003608356670823182 0.7954441751796175;2.9484055337305
0.039436309064696924 0.9108267921647519;2.6575395620021
-0.11327606728513956 0.8843441012096231;2.9656332002164
0.03935648571268141 0.9214710651421469;2.641751996637
-0.1428097158880814 0.9335617165049138;3.0613598233107
-0.014239842744199455 0.905932974293834;2.631336791644
-0.10230479403155066 0.9948300121113095;2.8965293505032
0.13003331798489895 0.8217238379149219;3.1876055946394
0.142487349424515 0.6846097144190846;3.4819125149560
0.007932141358120232 0.5269172182654606;3.1480768618939
0.02243559715204542 0.1982010659059904;1.3495997034684
-0.13819994187039386 0.17896204295320176;1.6336123897997
0.05652470195502424 -0.07955009226539975;0.5139655144994
-0.045031347449835946 0.010694016946817986;0.1869951387786
0.23749063174445867 -0.16198838328301834;2.1626828072319
0.3052896161169335 -0.13285581818120878;2.4582375680621
0.09324942677117803 0.0378752727115646;0.5351441831376
0.11022630946499051 -0.24199205331252444;1.9496897772080
-0.009995787498584346 -0.2741891386493457;1.9524442357801
0.06196329742998975 0.025247431194182268;0.30457557159687
-0.0963735695718368 -0.1103424381615268;0.9124696959599
0.07832078205055333 0.0789824519300755;0.6186743687785
-0.07798916893418771 -0.07507152213626628;0.5953530445716
0.11658047487468777 0.11646066176808889;1.0751469624588
0.015097785566427255 0.013497975493535402;0.06817262682537
0.18189796479455395 0.18980893761204823;1.9681255531889
0.11124564669246458 0.12546383893455612;1.100925769536
-0.16683482966809693 -0.21650448563089317;2.0518682759265
-0.2406941097564729 -0.3518436251139937;3.124517144148
-0.14170542111410891 -0.315850632177273;2.5536118254758
0.05428208605635973 0.054556147928991716;0.36938878993970
-0.01001406870476318 0.08216075176748888;0.40672796859383
0.14209832478752762 -0.2436305598236499;2.104318819103
0.09843277839669816 -0.35663507915682735;2.6360743864225
-0.016676146170028078 -0.2504277072622315;1.7737177868981
0.1445310273941929 0.20839526250096585;1.8750816055413
0.11343302824289904 0.45440354187044585;3.0964154760653
-0.02037142119300804 0.6361214494196318;3.2569671867675
0.0641656184601288 0.8836659731656543;2.7752770930144
-0.1395302537223323 0.8037324894466669;3.272535435003
-0.1104601318851508 0.7642370929461488;3.2515829167966
0.04782700635040302 0.8369626622118822;2.8637697004145
-0.11481966673023586 0.9579102763060335;2.910535110548
0.05743370504298795 0.8509999193920363;2.843599715269
-0.03411096787750756 0.8537813358374252;2.786991393088
0.10336070062863562 0.9830492986223631;2.879208733788
-0.08811422189921714 0.8265440329160272;3.008165223865
-0.04200627096691534 0.735324178859811;3.1491536703732
0.0037168619751169196 0.7162123652746529;3.1611864607795
-0.020720406587314326 0.7848449809034423;2.989999278783
0.04626492085215372 0.9929651071920598;2.680623396119
-0.09626328324358871 0.7706802250942171;3.188932593474
-0.04239989452006862 0.5623093955788077;3.230909168997
0.0010584446809773843 0.18431350057787188;1.218030716240
-0.09366591640056288 0.2529602637221223;1.9651894658752
0.04825782183040528 0.021657119434538075;0.22260226729673
-0.17694635884472182 0.17391281168703446;1.8370920410234
-0.15085287295835315 0.09638246085695285;1.1988478866398
0.26449323183584794 -0.08832262293646267;2.0300942893528
0.4944139360237101 -0.06955882863599772;3.1273808117796
0.7006498090189142 0.02149339297630201;3.1968428500652
0.987052789908997 -0.09539107933973112;2.8480087851037
0.8639533999862881 0.0435664730644027;2.7743410426152
0.8762134744562114 -0.05965819041981357;2.780300391207
0.9719413505821359 0.12243364617904451;2.9626443221071
0.8587001004276453 -0.022357844049766346;2.7567778068428
0.8880384622140538 0.06583052922760632;2.7704269192648
0.9677457832711313 -0.1333868870682423;3.018914263381
0.8702842417556522 -0.017127434565431088;2.718347839451
0.9473704086750865 -0.062219743907018996;2.683462141963
0.8720386861286114 0.13679570363600402;3.1046656098764
0.8572117963880445 0.07185761805083213;2.8670201183604
1.0023264554605118 -0.03132588556164931;2.6707034588399
0.7723313208682303 0.11770217053214335;3.258648980734
0.5513642234104565 0.0694420330468863;3.2507268620024
0.14400692314800545 -0.014713665930900038;0.8828771580141
0.2368190117970309 0.13431879291995572;2.0207239711569
0.07313448280246054 0.024999617627349313;0.37064936143544
0.16159519747160428 0.1891663010905724;1.8411643505960
0.008197703981351279 0.07058452480562297;0.33005311512451
0.2672823560204396 0.04467073339036001;1.9387558790220
0.283193533991035 -0.007325689309428576;2.0179173738413
-0.051172320746708966 0.03735591822642854;0.28324031614592
0.03989459142073812 -0.05228306525974034;0.29790046681788
-0.1948830195409352 0.21144479385855727;2.1793256837425
-0.22426801515628536 0.2663408043973091;2.6495738617728
-0.0284882688536639 0.07695904009583943;0.4026323592560
-0.2473760969912879 0.14152289861313025;2.1267321166809
-0.21951738029500958 0.017608337846914734;1.5237437631283
0.20280264101551235 0.10193726229605436;1.6220022083813
0.39789489285522306 0.01811625852895353;2.7127668146562
0.45062229882043314 0.00923977013814567;2.9300264702783
0.3468711714073424 -0.000764778555331417;2.4369496601976
-0.1057760183016096 0.008216643153760183;0.5738907947107
-0.24334148338557537 -0.004867071896873477;1.7118109164061
-0.04753791614193753 0.008853121146510393;0.1978756517537
-0.26202504151511796 -0.054384456821427105;1.918635482127
-0.2164693953866735 0.02007527715092551;1.5006272909147
0.21896457607553435 -0.11351982959994826;1.7958527739456
0.4434686033841583 -0.058141124728483234;2.945937055344
0.5886906184210273 0.005372437712363176;3.2377131748825
0.7681848795038251 -0.026016588133752322;3.0444509059334
0.9984529674084268 0.07258759664918298;2.7756973886906
0.8111277398306744 -0.0858502018488916;3.04505598621
0.6793170407401936 -0.027226348485933763;3.2313553064060
0.5354123011001868 -0.004381131941266318;3.1645799934597
0.22656083985612852 -0.004306482239993019;1.5751354031741
0.00295737774812993 0.14828064958692902;0.9119502344061
0.07822604895741353 -0.05262265233312377;0.4895692944381
-0.1328414370767911 0.1571597773980398;1.449445369960
-0.08475782788983474 0.10602204459168993;0.8192637845590
0.15399480457849213 -0.21108372068338357;1.9449833758364
0.18334198647592928 -0.3120316266018228;2.7027086002886
0.02364180819564976 -0.18740146150902146;1.2594644033421
0.2026202992360219 0.20709167916287305;2.1982852158
0.19749261339534557 0.3872816977543233;3.1065444647632
0.04136299885923081 0.41098742051619286;2.7919427246344
0.018721450659540215 0.2291828090974979;1.6044543875672
-0.006322863097920482 -0.26515183534948805;1.8829907441098
0.008450246110535558 -0.6297209294085933;3.253267152125
-0.030036709237778295 -1.0042195326698247;2.673490258766
0.028935535648773488 -0.9362297889334774;2.608335735595
-0.09547603049403525 -0.9973957999664588;2.8697457184080
0.11941999999276257 -0.8414519864036881;3.091560556918
0.09972898915502709 -0.7414519969309252;3.266609647223
-0.02742348209445125 -0.7047447126641313;3.1944743074119
0.026487996272950468 -0.7144597454340825;3.1758512922477
-0.03723524245529458 -0.8179478438023434;2.904587697076
0.10807394419583516 -0.9915704828993717;2.918334563833
-0.05471947870088473 -0.8288150969823359;2.904260133922
0.010929576489603993 -0.7539066630535736;3.0739997552373
-0.02933624472415615 -0.7741242009675414;3.0306266576891
0.05264258973134932 -0.9370345379014426;2.6588068435174
-0.1389894477708904 -0.807949293900289;3.2602851689061
-0.10782688224029555 -0.7193169169677271;3.331795282300
0.024204316486535843 -0.6765442009322027;3.232240249381
-0.01726667030867997 -0.6497897017580004;3.250215847663
0.015122858064159611 -0.6324120191230371;3.2550992535941
-0.012132098933264963 -0.6112730062835471;3.2520812963264
0.008848550583488407 -0.5620007492920455;3.209142679560
-0.0057178655494220625 -0.4200542284376605;2.8085089456091
0.012261614442307469 0.012657143006953142;0.05809629396692
-0.017185527123513105 0.01883622116333017;0.089357047608
0.18241122297839393 -0.11060579112046925;1.5085626538154
0.09044945902859453 0.0019495879164121016;0.4598150538689
-0.07080311175083676 -0.2512268164804349;1.878715663680
-0.02594472524265022 -0.26971929465130134;1.9304982803129
-0.006694585467137387 0.08082362651705793;0.39542625220593
-0.004903983834224629 0.034128890390655864;0.12887490729297
0.14713672171430783 0.003850827922571229;0.9025736114804
-0.12796485194154097 0.020106873384532216;0.7581826220379
-0.0188251154320295 -0.02138819576838836;0.10209167973482
-0.1962112971043519 0.166615258431391;1.9174826279656
-0.1358556474638269 0.11480507848255267;1.193077383730
0.21734022656641344 -0.18532688929121294;2.160852311737
0.36875293498049116 -0.28635202082337086;3.360204528977
0.3672856236830292 -0.22907963442615706;3.142882234520
0.14575542344272066 -0.00045140411243835277;0.8905811784811
0.03181205600361037 -0.2574104065177656;1.8437564977706
0.013795269499828539 -0.2617569800996872;1.860087621467
-0.0007124364529372401 0.11734699952173555;0.6602260007442
0.004818742914877206 0.15585810650169268;0.9761241744684
-0.015536607718745842 -0.2431946200761811;1.7154663922436
0.00690893303840235 -0.44063420588626806;2.892197504067
-0.006416687565302094 -0.5412759363598065;3.175763707877
0.005190428979667778 -0.6030605311903728;3.2471175520304
-0.0055977585382881116 -0.6734727414465456;3.2273990843004
0.009066926581319839 -0.8337648633196351;2.8251568452247
-0.034532423895480516 -0.9528526008895235;2.6124835262159
0.1045637587298927 -0.8178417573186865;3.0925353875139
0.014524375104579934 -0.7562887197893364;3.069206385083
0.028787593566226913 -0.8004739004879478;2.948953257498
-0.04664611196327724 -0.9911353927843323;2.6778549561966
0.10571358235818802 -0.7695168720837299;3.2229267324
0.058907711504408336 -0.5583834144958334;3.2455700285098
-0.00986450697677553 -0.17266884220107848;1.1211760152081
0.14199623799085537 -0.2463304800903019;2.121965781959
0.03426040482885083 -0.07176394560416272;0.38583638551464
0.15491417732337542 -0.19411504347051134;1.8351241959923
0.012047074561437526 -0.04109571478008134;0.16927343807986
0.22352261940525084 -0.17552228204649228;2.1450347770684
0.20154112342673777 -0.09630516935900867;1.5875575006283
-0.2352029703927793 0.06332822830391892;1.734601398950
-0.473555466103465 0.030315247278890955;3.0185511389232
-0.6738807166884093 -0.0025432685416521827;3.2265912164640
-0.9829430903243905 0.03051282940651233;2.6292676657517
-0.8148051007016218 -0.04685208299636949;2.931478942325
-0.7468408308717422 0.033671776136412104;3.110526949456
-0.7613190230640378 -0.03562614841940688;3.0746877156655
-0.9016717192603753 0.06102328833794157;2.7278834578819
-0.8726117030361188 -0.1516766596102908;3.180509487137
-0.8766547550991743 -0.09997410468312096;2.922426193811
-1.001422444350296 0.08299202315616103;2.8242647790952
-0.8289554741493528 -0.06466067509090281;2.9287240365879
-0.7417807707387057 0.008903727194572053;3.1047363908945
-0.7297520656368424 -0.026090221943641613;3.1435470098928
-0.8200580749828854 0.03092514362392252;2.8886703997003
-0.9972194697073363 -0.09600501731322969;2.8718037891108
-0.816322439407418 0.07959026999736321;3.0099830946007
-0.6946094153737112 0.030219514535510666;3.213401498682
-0.5825839483348316 0.00180352484282717;3.232036188379
-0.36900062831198815 0.004591638266065182;2.5619928200107
0.2079600266111083 -0.00991610014692081;1.4217584178156
0.6373365037936642 0.007256438493485021;3.2517044810424
0.9511450316755412 -0.03463289723009179;2.6126384714147
0.7838895175263689 0.06337107067394816;3.0612740304186
0.6773988052773192 -0.016451939992551082;3.2265896676901
0.5658623637469554 0.01526759480654264;3.216241035892
0.33684348115775 -0.00921723414345774;2.3781886288073
-0.25395187628525406 0.050436215686814403;1.8490108972371
-0.7421074450390168 -0.03287998326350798;3.1213918182270
-0.7697833547383589 0.11465525016103635;3.2535223587078
-0.8564191006931755 -0.0020825557431846525;2.7519327481396
-0.9760985900057768 0.1192020047318145;2.9503786195073
-0.8341551640017422 -0.08870688305795621;2.9885015494985
-0.759902758676695 -0.050105242902841796;3.1008403954511
-0.7931478247483733 0.01271092168004928;2.9587156800228
-0.9722652211017146 -0.06142938361996289;2.6920128454715
-0.7776224680390912 0.12259224727739548;3.2646138567688
-0.5982652393940999 0.09941604343414875;3.364234888007
-0.3053606215354369 -0.01425941905523434;2.1769116155394
0.19754174331430413 0.211643193601495;2.1959181423625
0.4880572630916764 0.25790282562030853;3.6277146775252
0.6971887687173477 0.12850958553450476;3.4256480581081
1.0029964304167538 -0.043512683525632256;2.6974529349800
0.8974534879646106 0.03439204698374346;2.6732535613137
0.962417467040014 -0.08332990706413704;2.765033027014
0.8684463112197012 0.13893589897667696;3.122619936782
0.8306400639467862 0.11022226483226152;3.0804192837854
0.9445057521943819 -0.07490318090705875;2.728194693221
0.8576044851677914 0.09525689784006364;2.949114275827
0.8626315621037511 -0.007540633148491974;2.734612153839
0.9937338398462663 0.09739029619457475;2.8705613698995
0.8091276423746274 -0.11253933996534067;3.146859458649
0.6599648912662224 -0.10191384765730956;3.3784445101458
0.4678525644499422 0.01033677789203262;2.989890874921
0.029763732972296897 -0.048150393975205125;0.24356601362046
0.040378599093212175 0.06295481278593695;0.35490337172351
-0.0983805714746474 -0.2582810863898263;2.0204906871158
-0.04521156850048917 -0.3683434908459899;2.5888647135678
0.0018343313577435585 -0.2657695100295269;1.8869507762212
-0.059071928849527985 0.23033822688961586;1.6848747593391
0.012222029694329686 0.5529954723228511;3.1968144048464
-0.0568837170291885 0.9365356274289185;2.671136662353
0.06320975428766125 0.8483972821487329;2.8665658565886
-0.06252024401532229 0.8877674667604201;2.7609751916395
0.13105126438342618 0.9548049114607063;2.996468509607
0.002820952442025404 0.8800776257941096;2.684861413966
0.08535936384397193 0.9674893037962456;2.7772849038904
-0.147092544981547 0.842037187884503;3.219278503123
-0.1521399786642581 0.761696507859531;3.4146497195407
0.020648020756132784 0.7495471163539315;3.0910738892175
-0.04204267715585752 0.8216041009827683;2.90096695511
0.1040455905943575 0.9927256639097299;2.900572149576
-0.059545225817782044 0.8266931837244478;2.922412109325
0.004746211924032406 0.7435869089678252;3.099208023645
-0.023707374014038968 0.741868459900527;3.112963634843
0.03117277601779611 0.8597167505099642;2.764871716337
-0.10941292771722888 0.9537573995462253;2.8812198768699
0.09375636503215817 0.8619530857225564;2.932111540551
0.021893068652185987 0.8515799257717684;2.7778392584279
0.038912690167405985 1.0000654857797526;2.6796724834473
-0.07227444599876809 0.7530320215959632;3.165231057910
-0.010599014771437348 0.5040903095581033;3.095665793445
-0.024437536406161475 0.0014110595549950977;0.08511165056418
0.01733125411346663 -0.09870765212051574;0.5304773143279
-0.08425479069773797 0.24333548225795798;1.8613046240559
-0.013628442041985211 0.364922813523872;2.5423666556287
-0.010552256931651238 0.2772002767160045;1.9750472014557
0.01206289984529959 -0.2069600301138797;1.4145080383692
-0.007032625572697782 -0.4936268555876516;3.0670697805991
0.012188438959042189 -0.7904026623033152;2.96712350869
-0.0467419406694987 -0.8638656863074065;2.781268234967
0.1203146145387906 -0.9771084675501605;2.9577240378685
-0.03945323045885542 -0.8476729334062387;2.814504667811
0.04312215792006183 -0.8372812368054909;2.8534061361938
-0.09216031810747724 -0.9656735341448691;2.805501361420
0.10943615143961694 -0.8304491333786532;3.0777219421560
0.07081442611563774 -0.7552951640681574;3.156140748247
-0.0228656878448924 -0.779727518473191;3.00744629626
0.07346475377453596 -0.9368068017432386;2.725796537232
-0.14257778432637472 -0.8212237106682423;3.245273581994
-0.13135421042592715 -0.7474440901557866;3.3610558236530
0.031058887356958664 -0.7440258278775735;3.1146332971446
-0.04109707071804822 -0.8217137600408569;2.8989516091965
0.10949100023487238 -0.9905158505683198;2.923416309095
-0.05013972792977103 -0.830811252495779;2.887821212672
0.017815862435924826 -0.7644910483978129;3.0483132416761
-0.0362733370453553 -0.8061194030368362;2.9409292638866
0.08108287628641261 -0.9830357146993852;2.778503638492
-0.10611011684770219 -0.80197622779887;3.1413116849125
-0.07419213307167641 -0.6586614476109508;3.316374740526
0.01051196806294935 -0.47515927591627205;3.013382043547
-0.03838571626417479 -0.05033288164343053;0.2829129469254
0.06937147647273804 -0.10556182885428494;0.7391772780663
-0.17971487726593527 0.17787553688051283;1.8795618510567
-0.21348939358304064 0.23914618247815364;2.4455133885479
-0.005913071635839207 0.038153899374223976;0.14842203632796
-0.2130394653446271 0.1715550144034114;2.0557372389035
-0.17873563066328105 0.08535372116956905;1.3623038412572
0.2650083748254197 -0.045149782124941445;1.9225911789576
0.5408730459285704 -0.0012941685364694505;3.1745446736737
0.8672578294043384 -0.022945398500669033;2.7325024376156
0.7511562445175637 0.05648448787332947;3.135355139400
0.6928342343358264 -0.024442058503662233;3.2112026959544
0.6681933913754765 0.023291371151670896;3.2402015414453
0.6729076195082381 -0.020185969657110163;3.233551484930
0.7288613406307951 0.022572420901503132;3.142653860766
0.9093128240107893 -0.04409606783799058;2.6699946952212
0.8199474377039079 0.13089494421284056;3.1957726616535
0.7894879025053565 0.06391047190090038;3.046251117195
0.9114172629052237 -0.013012562943855166;2.6206835919353
0.8760289980289169 0.11116683155846041;2.9729744440397
0.9260353169904866 -0.060025169035358344;2.6891944208802
0.913905910858122 0.12355828097787355;2.970596668033
0.9159817434109835 -0.006733802170846154;2.610066858235
0.9733347554195327 0.12832560563326204;2.996707175754
0.8693875548623674 -0.07368942322114672;2.8404285460373
0.8607424115508167 0.00493133097087689;2.739419569423
0.9973885167000673 -0.07629491797879287;2.787407216990
0.7884936284155258 0.1264223546603511;3.2538794876171
0.5958660656327511 0.12122034008549487;3.4152106942523
0.28667381841719464 -0.010405570357918642;2.044190000947
-0.14371457703250134 0.24464567993168976;2.1188748223970
-0.3499152266344584 0.3177856083963303;3.405144299628
-0.39775818159438325 0.2456652303651988;3.3185404823990
-0.2634249182767599 0.027826362241191893;1.8849385905108
0.18662742127612714 0.16329956628766765;1.8345465111306
0.4106137825656081 0.11220884440221775;2.9282458154160
0.5172300873133844 -0.013215449592390446;3.1282436937363
0.554782256172516 0.012042740545745778;3.1995164392045
0.534539902903778 -0.00804223263232013;3.163462387586
0.40781790644477034 0.005291344238105497;2.7545575237294
-0.014893427876776832 -0.0115331457267294;0.062704724300
-0.00773882137443721 0.01659332119757246;0.060691083417037
0.013150563783346333 -0.20090030800178915;1.363947432335
-0.015384173796110557 -0.08319092124066532;0.41934822980087
0.19905884626091222 -0.017984422085604024;1.352217269131
0.07483876237072531 -0.01656434824399665;0.3661665128799
0.12912313538174813 0.1226451850633848;1.1958475137384
-0.10205604156577192 -0.09795230047779259;0.8688934416985
-0.03387010025235637 -0.025185010567372726;0.16625244808323
-0.09699804611862728 -0.16863654410851386;1.336656795549
0.07520912553674866 0.04263245590877926;0.43345549583707
-0.09996873032095224 -0.10036084673553963;0.8706244860283
0.06340215814458952 0.07057707506513683;0.49432487783703
-0.11736372965293204 -0.1178083025720845;1.088740448008
-0.0020224525635544055 -0.005902232866251883;0.018683154017708
-0.20729242586399232 -0.19243499145007123;2.1397644406549
-0.19042175884535953 -0.16057415961615304;1.8434559589251
0.17387988849905808 0.15180759726320367;1.6795835890860
0.31811003066172716 0.2495969352662532;3.01620925476
0.2821694950018214 0.16905208136161148;2.4734910221568
-0.09571515099359706 -0.08829155353513618;0.7731286913657
-0.19394936822629144 -0.09792699777733965;1.536048402056
0.08092666214402561 0.08069850686220659;0.6428510550335
0.018657861095810135 -0.024032910340033187;0.11055283557585
0.07390872071680182 0.2614797376872603;1.9639058017476
-0.008939628312376352 0.31745591955578645;2.2554445563097
0.03232143915589292 0.08683604239637888;0.476541823375
-0.16935910005919383 0.21900702730150695;2.0821099184205
-0.12797879361258996 0.12668676120522906;1.214148173911
0.2383115169441944 -0.14948638205058382;2.1047519481036
0.403922896735756 -0.2216809611476145;3.2560656976968
0.4244071485472286 -0.12672307489822401;3.0232070243919
0.24919601677637743 0.015316496105541949;1.7630523153893
-0.20121839347528891 -0.1998935709712438;2.147072318189
-0.4386089810152057 -0.23094530242531183;3.404355324819
-0.5630217752162949 -0.09828044048201723;3.323458434420
-0.6863477763381421 0.0003118167368990066;3.2112711540418
-0.9145512894714769 -0.057195069531015705;2.695186446837
-0.7818735473102972 0.12450781112121125;3.262030962067
-0.680098877852128 0.08762912354826714;3.3287159857794
-0.5798055708802035 -0.014975811898133837;3.232152362341
-0.3823346463978174 0.010837331742805531;2.633265452681
0.16455187267491161 -0.03703683171103153;1.0890381940263
0.499346999470098 0.012532809547437636;3.0838908800178
0.8671430549620094 -0.03486355574483841;2.7492821816690
0.7572817571374544 0.08262517947390116;3.181595262935
0.6961232400619648 -0.00228063224990252;3.1970022498900
0.6742598844688117 0.021480511039038287;3.23291148640
0.6925082194640847 -0.015786514560328153;3.206324628496
0.7915615990201925 0.02397607972035195;2.9719972156323
1.002972017462689 -0.06938478768445075;2.7751346084688
0.8000212095447843 0.09360107684934091;3.1022800812807
0.6361120706709997 0.04514371046348084;3.2789066243282
0.4000002085517798 -0.002386509363994746;2.7181300159684
-0.1802259696138369 0.048598772495759536;1.247381742675
-0.5783361666260334 -0.016022043121314618;3.2310679889658
-1.0010360290496871 0.08183367180185505;2.818477112175
-1.034368698808518 -0.002292457334848355;2.7532459553150
-0.7941324860720554 0.09852716846752026;3.135241149537
-0.5858891133711772 0.01651032682336162;3.2384753052076
-0.23490764699129918 0.01325039677377203;1.647144779285
-0.16495732344655872 -0.07920503313318125;1.227528019156
0.1733772080199401 0.20915043121147428;2.0409863497446
0.2989422102410789 0.29790129815979427;3.135909215100
0.2463686363900564 0.2154939208881561;2.496638939977
-0.13038104086238955 -0.12272734349809022;1.2046879064030
-0.2697191485586027 -0.22966034432504198;2.6936287055048
-0.20334954629168794 -0.13712592596739506;1.799972494186
0.24200606751871645 0.12514147607227408;2.0143592075757
0.4903687341009433 0.18082495560525044;3.393883885149
0.6713345838102425 0.04792603615141103;3.262505723439
0.9598201932483269 0.04969480666821771;2.648418293142
0.7700724461524587 -0.055047705398950944;3.082430356605
0.619220216582636 0.009969991089169225;3.2533198715050
0.3859518330779687 -0.011150856947020449;2.651624441411
-0.20138745732597224 0.037969986305545156;1.4003291315335
-0.6338097184777776 -0.01972714464997112;3.2570665232187
-0.9492494682756285 0.09862162654908792;2.8280592797423
-0.8486116502226495 -0.05008597840848196;2.8330777481990
-0.8704900986600324 0.05333693103579809;2.7784796765393
-0.9748350350617672 -0.12350157318661895;2.9719832435681
-0.8542023377760816 0.02486802011114203;2.7730736719790
-0.8700107015683791 -0.059644384714454546;2.796277321449
-0.9785828076648058 0.12066473481526252;2.961695951562
-0.8515605435414024 -0.023281271519843966;2.7793540774191
-0.8605343019478845 0.05715676653599355;2.815487562719
-0.9796958770665738 -0.11315751979284344;2.9235343414535
-0.8436165218716303 0.04478631941820119;2.837016278741
-0.8203709233095934 -0.03628081903557451;2.895332688223
-0.9420885701089191 0.07736441634429357;2.738183789642
-0.8453309261774692 -0.14140675026331678;3.1842891827723
-0.79984346394155 -0.11952887112998428;3.1984942890108
-0.8857336961386945 0.06248758638624752;2.7654885737803
-0.9223740378213829 -0.10997024882086559;2.8938873762456
-0.912400992739011 0.055733682839646026;2.69428566246
-0.9496569750484981 -0.11233843849587072;2.8950417427950
-0.8966224216973491 0.06146463340859215;2.7389882800713
-0.937657694747757 -0.07805533655599262;2.7426226903929
-0.9106078720432281 0.12907978021261754;3.003044343017
-0.9056095970213168 0.03801088227025434;2.6638346940974
-1.0008423043821624 0.044623339969141376;2.6946167745243
-0.7786885712465963 -0.07772156457394579;3.1126384029268
-0.5828820255681995 -0.01331671858137852;3.234537706089
-0.24656011018129687 -0.010444315508843317;1.7394037379767
-0.0065671001250733885 0.15503184841293757;0.9697547214053
-0.06222819817729611 -0.020258777157864588;0.29547472353880
0.165252546216949 0.21784564912757712;2.051908614862
0.17509208248247196 0.24037643533516911;2.248988960104
-0.0680690380256925 -0.042109903430260665;0.3896446466377
0.007093551665113135 0.005340467253746373;0.027212235047318
-0.20978333531701693 -0.13694489722647116;1.844505589751
-0.17349680403819454 -0.05392103601314022;1.2062730341107
0.2705456534844076 -0.015181736912410336;1.927773702840
0.5642387422630615 -0.003956185085196882;3.2113780812147
0.9324130786477958 -0.004157430484845388;2.5893270431747
0.7967319970772928 0.004131570394869924;2.9443699213633
0.776853086751633 -0.005838215983258109;3.006685724579
0.90323542721983 0.011127310695445631;2.6344724131877
0.8837359615528059 -0.04213981743709087;2.7191223287780
0.9948730153613116 0.09724800971540194;2.8723567648032
0.8251165048655064 -0.09427303123566196;3.0340058654669
0.714347412009858 -0.053626443850220265;3.2106976836053
0.6405372748021703 0.008428502749583178;3.2510216015519
0.541544441407689 -0.01257988848386389;3.1777030183452
0.30626663106022217 0.0073686966609906104;2.1803732552350
-0.2712275552832076 -0.05033112968458962;1.978619677708
-0.7576520390144423 0.03495773076350554;3.0838245005980
-0.7673191466377529 -0.11110411122454987;3.2466921524183
-0.837895259359058 -0.0005813927283263853;2.80997173153
-0.9939407233582126 -0.10401065727613033;2.902975628636
-0.8088596793624354 0.09867723656666115;3.0954245421157
-0.6641334029754427 0.07789209363191911;3.3203850576915
-0.4836332684593787 -0.011896807507656301;3.0396120548174
-0.07378368319793227 0.03645640197622571;0.4046216425352
-0.1651737376383713 -0.08505328671930265;1.2544645834645
0.0838672313720844 0.09280609287103284;0.7303832398829
0.0023266479167179943 -0.022858961540334316;0.07898658843198
0.13871312200255956 0.24674205274963937;2.109259570605
0.07508973734709208 0.29398998023949774;2.196386429584
-0.019269719205911 0.015834640190410698;0.08703985616461
0.12298206100922929 0.20455607773299397;1.7352893131404
0.027040186997457277 0.12522454067802302;0.7474013784941
0.14047099511184608 -0.21447932437921846;1.895908976682
0.06325701954485868 -0.3217491376407359;2.349278214566
-0.0028203754747668786 -0.16579566423126713;1.0599859905886
0.17600538695044052 0.17602089092409812;1.8444232036449
0.15183137520128387 0.283087072779784;2.4020926424628
-0.030912303067647945 0.11497243367065219;0.6755068057690
0.2602531650781328 0.016129448775321242;1.8499633990415
0.3177935773427908 0.01235963182737733;2.2589248452525
0.08080803247953611 -0.005395913825104976;0.39465587814218
0.25995863991884127 0.05370292381729437;1.9016184880167
0.1606660017170168 -0.027076322331436767;1.037871640724
-0.20475510850612974 0.20154540445066077;2.1780352274972
-0.35903052210545683 0.2394676256809464;3.14912908542
-0.34249587448894947 0.11240514832453721;2.6005861159619
-0.01824753964120779 -0.013056768232069166;0.07682391697112
-0.1550794739654603 0.11097572284584215;1.3076448242582
0.029437167543774595 -0.05276383647860031;0.26563938649945
-0.14955274300546417 0.15238295310128472;1.5220505529591
-0.07136343310951132 0.09068464051731293;0.6513377178079
0.06370257495222115 -0.20651496902977493;1.5065497434129
0.0038484366686869498 -0.24126366910873562;1.6949243462773
0.04032155927552513 0.10842030718951237;0.6500567327944
-0.030083349811682737 0.09966398397855566;0.5602494998862
0.19072136222490607 -0.2149637031887903;2.1768571842651
0.21389239977483088 -0.3193515527026172;2.8702839845564
0.05281032663502688 -0.21325729085892484;1.5313042461838
0.13272553749245095 0.2488976853090172;2.0962379379924
0.036610433505929935 0.5295686976258316;3.1692864264733
0.02364649850980459 0.8520629101993057;2.7782124999234
-0.02260008501828642 0.7583596803235376;3.0690067739796
0.026418539898023265 0.7555397096591104;3.080066597157
-0.04448056514708187 0.87887351392015;2.73612509927
0.13616499434895019 0.9206147559015817;3.0313838358646
-0.0015558746779238686 0.9047819481491303;2.6283212694778
0.1197856384652036 0.9848867086612266;2.966981565030
-0.09424817660748469 0.8460194650017413;2.975876258461
-0.05729707499023762 0.7776514228749343;3.0656573723284
0.02010888146102932 0.8368377228621776;2.822480640376
-0.09777226790202251 0.9966245922826867;2.878747895382
0.09182324104977674 0.8112278738254737;3.0647264801840
0.05763509114411361 0.6727087419155628;3.275741690813
-0.008087723503095973 0.5113371860913285;3.1130522045501
0.02144156224567763 0.15473669873062257;0.9799187321846
-0.10967312169803285 0.25617414237841324;2.0484295147900
0.00075367200623426 0.09350042551291901;0.4813247469894
-0.24699765338443402 0.0805051525380328;1.876404403366
-0.22966606246669014 -0.018560678095653926;1.6082724196491
0.1684992767981064 0.10549151471611316;1.3779101420229
0.3117615765897468 0.03716350700961141;2.240762437894
0.20013245837071647 0.004758857566350416;1.3535566639175
-0.2713683036434162 0.04738139271792509;1.974015710967
-0.6023009414578959 -0.017691289188362658;3.250458239084
-0.9921863991861152 0.07573687489481207;2.773866700726
-0.9686266881889511 -0.023002456903578355;2.6011904784528
-0.9436156683008622 0.13261480283826257;3.0026300095714
-0.9181169487897777 -0.03270164031260056;2.6337814879448
-0.9614077109054237 0.12407410639898475;2.9618364573421
-0.8857386215593004 -0.056685067406519185;2.749035422781
-0.9188655120487711 0.06207887753129912;2.703823420208
-0.9391167336145887 -0.14205297040612094;3.0559209266900
-0.9001121281457596 -0.04085537441335185;2.680042385640
-1.0081193950757297 -0.04693142736719082;2.719899369627
-0.7645895513223653 0.07689453990126442;3.147904449159
-0.5283118020558462 0.018198406405407652;3.1543018407186
-0.07084122822631705 0.013956870219577845;0.33740662600681
-0.11686135927615254 -0.011634056227008156;0.6612070462764
0.2638839792556937 0.06212279120665318;1.9503682721152
0.4534448543954753 -0.005099456397750002;2.9394321200597
0.5542038782870615 0.012968077817998164;3.1989204775811
0.6300985165516977 -0.009078756413710982;3.253382813100
0.752132501509456 0.012817249089224304;3.079561917078
0.9990532105257424 -0.03641571685475322;2.672051598884
0.7853709575145268 0.06863491637299979;3.0698550429458
0.611766441257461 -0.002998862424574339;3.2504120376328
0.3382428142365803 0.011688309565822327;2.387565024863
-0.27052254880686977 -0.0502284792958803;1.973223868174
-0.8005507426412503 0.042339989779418385;2.968174047512
-0.812683684834917 -0.07821725080748894;3.016507320188
-0.9242034361496879 0.07535199576657804;2.742732858979
-0.8739647510607308 -0.12397885830305515;3.0374045400832
-0.8815462525332355 -0.04223323532343175;2.7247042125718
-1.0081952330205577 -0.026888684233761263;2.679591641163
-0.750871426665076 0.02383523518077841;3.090140566500
-0.4918716530660934 -0.011957397174672202;3.063361790961
0.03886377761155013 0.03047472474897022;0.2035869601987
0.2276454844963613 -0.017442629125323655;1.5907665353010
0.09887436757594009 0.025019643904675405;0.5440695959517
-0.018071574911140226 -0.22692504324150567;1.5853682651678
0.021405507367695087 -0.20234522987455078;1.3834718289774
-0.08214493787391683 0.23128138742297522;1.7624685491489
-0.014658739601449006 0.4635380443791254;2.976924618993
-0.012163706101172421 0.641827263735151;3.2516464853294
0.009287029024214986 0.920891909232532;2.604078832971
-0.03508758923420801 0.7451529180336225;3.116466946453
0.016807355406442716 0.6012185180495732;3.2494844698168
-0.011250936685960888 0.36038289918893185;2.5163748701036
0.05397088458537003 -0.23916890230225352;1.7420205477363
-0.03020346845596092 -0.723080081251934;3.161891407226
0.12094602814837815 -0.782244384443568;3.2474197782948
-0.009624471011708963 -0.8909027649818057;2.660226861356
0.14207852710104732 -0.918132307350112;3.0659708651010
-0.025447014216256114 -0.9127544903996241;2.6309493533763
0.13023305397129978 -0.9609612878858996;2.9954366185930
-0.04791728161810857 -0.8836794939229201;2.731875702987
0.06963385510059486 -0.922226106363826;2.7244840557209
-0.14149252647987273 -0.9310348138317459;3.054797580415
-0.05254666021242674 -0.9028421403839398;2.7020188641040
-0.019090826178888853 -1.00969645896144;2.6740262596956
-0.008874553382680603 -0.7586585720707387;3.0602742689892
0.0003057339376198488 -0.5186374934789777;3.129275657303
-0.004512450437575772 -0.04324277359608897;0.17253715539612
0.006447727979744499 -0.03446294960741658;0.13157884745982
-0.0889469919120637 0.17091209227927903;1.316656567262
0.039841027142724944 0.0520552241428375;0.2965928055940
-0.2664052904053953 0.07799210996626042;2.011653069269
-0.3539402572789174 -0.010802701320643357;2.4798270080846
-0.20920576556599324 0.02057598246675106;1.4403648190820
0.2534733058564743 -0.1133404500520774;2.044178384395
0.5356697643532513 -0.05487434635043692;3.2015462925036
0.8681215393622568 0.008984183862602607;2.7192949937746
0.7532575925176057 -0.07671716639383609;3.175730308638
0.6912636517881112 0.01689697537244815;3.2087162255987
0.6590945166407387 -0.022568183483589604;3.2473240113534
0.6432394484428595 0.016597985424691326;3.2528937775662
0.6357996868411286 -0.014826481798252432;3.2543663998015
0.6338460106847823 0.012605501038433956;3.2539182187016
0.6386197490396314 -0.01139147477466702;3.2524201374635
0.6593994229675445 0.010776070531340297;3.24146972443
0.7284600129446401 -0.012795143872007631;3.137711450471
0.9290691640445213 0.027549549829340127;2.612342485402
0.7746242350002936 -0.08678902180011555;3.1495749502507
0.6668940796741583 -0.0041368705110105125;3.233754810776
0.5443397364929827 -0.013006396390476113;3.1827787955265
0.2767947329466728 0.005646370900006428;1.97046625972
-0.24903381304360472 -0.06198451224552819;1.8381746990413
-0.6318195869306482 0.017380462882843187;3.256177784404
-0.9846541637817537 -0.10650860702135603;2.8974976810082
-0.9384119354795176 -0.0006079326224890519;2.5843195819452
-0.9892438992691197 -0.10560582464680796;2.9013231035588
-0.8540613671503969 0.1266515627068034;3.0939568883472
-0.7752563427969226 0.11913511187629869;3.257122077684
-0.7940581888516814 -0.041964639062844866;2.9877434785707
-0.9135177981989957 0.07141974788690578;2.7418518030941
-0.8776088985107016 -0.14762491040139025;3.1502110528951
-0.8764111989557178 -0.10105155207511318;2.9275500933996
-1.0001937441917947 0.08675019443255277;2.837209581421
-0.8325899404317807 -0.05539160514869379;2.8941503876526
-0.7604533317371176 0.021123703608967245;3.062044363744
-0.7869659439682621 -0.03664948824317028;3.0013526258806
-0.9528801329200087 0.0713719656665396;2.7148344008031
-0.8060414080352198 -0.13288374556160576;3.2383487340993
-0.6949416215474581 -0.11675320908971851;3.391660791803
-0.5901233943522481 0.014724432874221788;3.241268689933
-0.3964041518666843 -0.00665434864784982;2.701624356939
0.13594422194287037 0.02508452362465563;0.829920772270
0.4218611287690439 -0.00995536931290994;2.8171003263254
0.6369420324305125 0.012084730851109372;3.2530885586
0.9521546306728942 -0.02848055429268269;2.6021181317482
0.7835689403918668 0.057371833319613444;3.0487048185995
0.6791254121684254 -0.021318812184318234;3.227312989178
0.5719392888689846 0.015663417918307887;3.223880585984
0.35542001748537033 -0.009667581120748017;2.4879033216298
-0.22566687373514305 0.04471418501982198;1.6138696088562
-0.6723544627542796 -0.023861019170148642;3.236503525420
-0.8773985439567307 0.11672620802585724;2.9957729083778
-0.8595584283981761 -0.0828525371183383;2.8975148935005
-0.9090197993678358 0.02427669776638959;2.635753200971
-0.9487942291245594 -0.13640483372599133;3.0244595998071
-0.8944760714996354 0.030704834172547102;2.6736003036454
-0.9560233466430897 -0.10165290393813001;2.8439471598119
-0.8789411392662724 0.11281486393544674;2.9743789988990
-0.8684687858650046 0.049050117791147985;2.7736756084894
-1.009441723576159 -0.0032368236661724364;2.663382483249
-0.7498648197203597 0.05897041260561452;3.143480353416
-0.48438087808062485 -0.008910869642817038;3.0410390506224
0.05812484981895444 0.048034256123872854;0.3590898930757
0.2863106869829378 -0.015017010169342357;2.0438257475222
0.27822795734304406 0.014484081577169218;1.9845852821581
-0.0986090269307014 -0.035530064303911015;0.5660671230916
-0.12156344373774786 0.028796604558577292;0.721986122783
0.24110998981861598 -0.14608333163931186;2.106668507595
0.3967508192561844 -0.12515206419771144;2.9052262897960
0.3923006700023442 0.007037572884076609;2.6818962908093
0.15779249723315378 -0.027350821408301598;1.0141929349210
0.05963262355314605 0.21724970079752032;1.5816327247713
0.005223867322159098 0.15835295341727743;0.9973450637630
0.08581949981199785 -0.26448412746888894;2.0219096338442
0.005175861467409892 -0.5106320255285116;3.1108690444510
0.025877380288066028 -0.7594815963672924;3.0688221015538
-0.0681794598132903 -0.9631445637388281;2.7072743400475
0.11896267962607165 -0.7861742439353225;3.2303301210939
0.09320837529162729 -0.6340101213601145;3.3638053069606
-0.011577199230217133 -0.41324529428033935;2.780319568904
0.08297749542428341 0.11656772474313853;0.8814384756972
0.010556374149095563 0.3841804277769815;2.642530177049
0.010326605330258025 0.5304686411413609;3.1559243789887
-0.0039040660183677876 0.6512567586481239;3.245420055509
0.010579089575068604 0.8625135826596478;2.7362770484457
-0.03779026105502184 0.8483020942631085;2.8096696304708
0.07957129247961436 0.984840614146437;2.7753211914076
-0.12093550483816479 0.8069053941995061;3.1862329149793
-0.10313212484774978 0.6639221035532186;3.3794906024522
0.011251423892126994 0.4845746212122719;3.042204653703
-0.03875656832354511 0.0831276593006619;0.4702867240299
0.09659856716895203 0.18572829562751203;1.4664979856380
-0.05412037052923836 -0.025735704260358816;0.26268193219494
0.14232575702708805 0.14704398551080192;1.4402503129905
0.06318365579636767 0.05284607522225321;0.4057425466293
-0.05112806314739289 0.16170783651365497;1.1009637598129
0.09966313645498663 -0.1012142837216655;0.8740047314070
-0.01795332237745481 -0.035869049254654034;0.15580146035537
0.2683031483620687 -0.03332842886247314;1.9286781633831
0.3254711233721449 0.007840833979851788;2.306862897855
0.09902138421626477 -0.01904399002626603;0.5351314833516
0.21882152598789872 0.1280909216223968;1.8638922951504
0.07154317605795874 0.0171543792858143;0.3462293384780
0.12461412660406963 0.21631300733658226;1.8288450169326
-0.017286860324255623 0.12889946227878282;0.7621352541188
0.24751462495065224 -0.141823240586515;2.1290775100100
0.3115173279338518 -0.19736908199844494;2.760411747881
0.15529702237967138 -0.045857814939433694;1.033530274560
-0.13518969819963236 -0.21445488302276838;1.868429810611
-0.18001710202165766 -0.16938665160816932;1.82852297165
0.1400367164254141 0.12204012804293482;1.2655351221667
0.21655071027610606 0.17491393606681196;2.0972073904917
0.004617612462426951 -0.028898397103722356;0.10542187405776
0.14961254693329004 0.1612719171329656;1.5812732830068
0.0377456157363842 0.07397722583623598;0.4097947101955
0.20777820425790366 -0.047005096452374745;1.4724227994688
0.060302975296904426 0.043283485634483476;0.35133377178001
0.11818632662069331 -0.25457780125967666;2.071869803545
0.012291905873501846 -0.32741657511475236;2.3207259972056
0.025999049761395845 -0.13167163498616025;0.7969346653544
-0.19210962813096738 -0.06444837273869225;1.391632259498
-0.06434617702198575 0.0087324490240408;0.2921867306540
-0.10542479983918063 -0.22020953994844727;1.769123676784
0.02054422646179313 -0.16597082450367134;1.0735491853588
PointOptimal;ValeurOptimale
[ 0.02054423 -0.16597082];1.0735491853588464
Temps;Nb iteration
0.08526372909545898;1000