Point;Valeur
4.916814994484511 4.170763176048167;0.16358232993896
4.9130534052509764 4.1675723389825166;0.15871415808836
4.909288784401808 4.164378930389199;0.15383819654081
4.905521221201206 4.161183025988229;0.14895467067193
4.9017508052734335 4.157984701805024;0.1440638073227
4.89797762659249 4.154784034161663;0.13916583475930
4.894201775471684 4.151581099668118;0.13426098263150
4.8904233425534995 4.14837597521347;0.12934948193204
4.886642418798969 4.145168737957055;0.12443156495424
4.882859095477 4.141959465319439;0.11950746524944
4.879073464153782 4.138748234973268;0.11457741758397
4.875285616682103 4.135535124834314;0.10964165789574
4.871495645190368 4.132320213052175;0.1047004232500
4.867703642071704 4.129103578000911;0.09975395179514
4.863909699972901 4.125885298269878;0.09480248271715
4.860113911783538 4.122665452654316;0.08984625619503
4.856316370624333 4.119444120145527;0.0848855133540
4.852517169836572 4.116221379921824;0.07992049622059
4.848716402970141 4.1129973113386455;0.07495144767452
4.84491416377269 4.109771993918989;0.06997861140301
4.841110546177855 4.106545507343775;0.06500223185292
4.837305644293955 4.103317931442052;0.06002255418324
4.833499552392449 4.100089346181176;0.05503982421721
4.829692364896222 4.09685983165702;0.0500542883940
4.825884176368175 4.093629468084154;0.045066193720707
4.822075081499232 4.090398335785848;0.04007578772280
4.818265175096945 4.087166515184231;0.035083318396113
4.814454552073556 4.0839340867901806;0.030089034157136
4.810643307434263 4.080701131193554;0.025093183794019
4.80683153626545 4.077467729052991;0.020096016416994
4.803019333722715 4.074233961085824;0.015097781408655
4.799206795019191 4.070999908058197;0.010098728374479
4.795394015413529 4.067765650774858;0.005099107092829
4.791581090198054 4.064531270069155;9.916746514424276e
4.787768114686904 4.061296846792902;-0.004900840534001
4.783955184203986 4.058062461806221;-0.009900666907011
4.780142394071284 4.0548281959675325;-0.014900061683044
4.776329839596631 4.0515941301233545;-0.01989877496828
4.772517616062112 4.048360345098289;-0.024896556995620
4.768705818712069 4.045126921684837;-0.029893158174667
4.764894542741028 4.041893940633393;-0.0348883291416
4.761083883281961 4.038661482642046;-0.03988182080930
4.757273935394548 4.0354296283467725;-0.04487338441589
4.753464794053126 4.032198458311048;-0.04986277157542
4.74965655413491 4.0289680530160865;-0.05484973432661
4.7458493104083965 4.0257384928507145;-0.05983402518207
4.742043157521377 4.0225098581015315;-0.064815397177
4.738238189989276 4.0192822289427514;-0.06979360391951
4.734434502183645 4.016055685426564;-0.07476839963598
4.7306321883203095 4.012830307473041;-0.07973953922242
4.726831342447868 4.0096061748603535;-0.08470677829099
4.723032058436201 4.006383367215252;-0.08966987321766
4.7192344299648505 4.003161964002833;-0.09462858119007
4.715438550511863 3.999942044517292;-0.09958266025400
4.711644513341926 3.9967236878719254;-0.10453186936064
4.707852411495738 3.9935069729899384;-0.10947596841213
4.704062337778232 3.990291978594559;-0.11441471830806
4.700274384747587 3.9870787831997436;-0.11934788099070
4.696488644704136 3.9838674651006754;-0.12427521949013
4.692705209679347 3.9806581023645093;-0.12919649796875
4.688924171424971 3.977450772821045;-0.13411148176540
4.685145621401966 3.974245554053478;-0.139019937439
4.681369650769991 3.971042523389391;-0.14392163281238
4.677596350376463 3.9678417578915255;-0.14881633701331
4.673825810746229 3.964643334348877;-0.1537038205182
4.670058122070802 3.9614473292678847;-0.1585838551932
4.666293374198192 3.9582538188634353;-0.1634562143347
4.662531656622513 3.955062879050218;-0.16832067271020
4.658773058473746 3.95187458543411;-0.17317700659811
4.655017668507695 3.948689013303588;-0.17802499382688
4.65126557509609 3.9455062376212515;-0.18286441381354
4.647516866216544 3.942326333015497;-0.18769504760177
4.643771629442885 3.9391493737720245;-0.19251667789931
4.640029951935552 3.935975433826051;-0.1973290891143
4.636291920432036 3.932804586753881;-0.20213206739172
4.632557621237432 3.929636905765109;-0.20692540064822
4.6288271402152406 3.926472463694658;-0.21170887860711
4.625100562778133 3.9233113329951026;-0.21648229283212
4.621377973879006 3.9201535857290097;-0.2212454367605
4.617659458002047 3.9169992935612616;-0.2259981057358
4.613945099153955 3.9138485277517483;-0.23074009703931
4.610234980855275 3.910701359147957;-0.23547120992113
4.606529186131941 3.907557858177853;-0.24019124563056
4.602827797506993 3.904418094842822;-0.24490000744537
4.599130896992189 3.9012821387104046;-0.24959730070
4.595438566080002 3.8981500589078135;-0.25428293281735
4.591750885735733 3.895021924114998;-0.25895671332786
4.5880679363897015 3.8918978025580597;-0.2636184539040
4.584389797929468 3.8887777620027637;-0.26826796838221
4.580716549692417 3.8856618697481373;-0.272905072787
4.577048270458438 3.8825501926203003;-0.27752958535965
4.573385038442678 3.8794427969663636;-0.2821413265729
4.5697269312884785 3.8763397486483515;-0.28674011916167
4.566074026060465 3.873241113037328;-0.29132578814059
4.562426399237751 3.870146955007771;-0.29589816082554
4.558784126707423 3.8670573389319607;-0.30045706685354
4.555147283758048 3.8639723286743854;-0.3050023382020
4.551515945073334 3.860891987586486;-0.30953380920725
4.547890184726125 3.8578163785016204;-0.3140513165813
4.544270076172202 3.8547455637295656;-0.3185546994297
4.540655692244807 3.8516796050520483;-0.32304379926626
4.537047105148458 3.848618563717586;-0.3275184600289
4.533444386454041 3.8455625004370013;-0.3319785280936
4.529847607092942 3.842511475378825;-0.33642385228779
4.526256837352168 3.8394655481649096;-0.34085428390302
4.52267214686921 3.8364247778661835;-0.3452696767067
4.519093604627235 3.8333892229984086;-0.34966988695348
4.515521278950273 3.830358941518385;-0.3540547733946
4.5119552374986265 3.827333990819794;-0.35842419728
4.508395547264643 3.824314427729724;-0.36277802240761
4.50484227456844 3.8213003085050787;-0.36711611504856
4.501295485053752 3.818291688828875;-0.3714383440370
4.497755243684001 3.815288623807241;-0.3757445807352
4.49422161473868 3.812291167965958;-0.38003469904653
4.490694661809579 3.809299375247557;-0.3843085754209
4.487174447797472 3.806313299008365;-0.38856608885860
4.4836610349088 3.8033329920157675;-0.39280712091272
4.480154484652539 3.800358506445475;-0.39703155569240
4.476654857837277 3.7973898938790853;-0.4012392798640
4.473162214568281 3.794427205301537;-0.4054301826524
4.469676614244964 3.7914704910990995;-0.40960415584068
4.4661981155583454 3.7885198010571353;-0.413761093769
4.462726776488702 3.7855751843580636;-0.41790089333797
4.4592626543034175 3.7826366895795904;-0.4220234539972
4.455805805554786 3.7797043646928454;-0.4261286777522
4.452356286078399 3.776778257060914;-0.4302164691562
4.4489141509910874 3.773858413437347;-0.43428673530731
4.445479454689657 3.7709448799647545;-0.4383393858432
4.442052250849171 3.7680377021736486;-0.4423743329365
4.4386325924218095 3.7651369249812325;-0.4463914912884
4.435220531635697 3.7622425926905927;-0.45039077812233
4.431816119993892 3.7593547489897237;-0.45437211317595
4.428419408273573 3.756473436950891;-0.4583354186941
4.42503044652521 3.753598699029978;-0.46228061941990
4.421649284072107 3.750730577065886;-0.46620764258577
4.418275969509974 3.747869112280444;-0.47011641790359
4.4149105507065105 3.745014345277922;-0.47400687755466
4.411553074801411 3.7421663160449787;-0.47787895617871
4.408203588206264 3.7393250639507243;-0.4817325908625
4.404862136604548 3.7364906277466163;-0.4855677211284
4.401528764952117 3.7336630455668316;-0.4893842889212
4.398203517477411 3.730842354928579;-0.4931822385956
4.39488643768206 3.7280285927324988;-0.4969615169027
4.391577568341389 3.7252217952631614;-0.5007220729760
4.388276951505256 3.722421998189751;-0.5044638583170
4.384984628499102 3.7196292365668127;-0.5081868267803
4.381700639924648 3.7168435448351964;-0.5118909345580
4.378425025661183 3.7140649568228152;-0.515576140164
4.375157824866918 3.7112935057459433;-0.5192424044194
4.371899075980103 3.708529224210099;-0.5228896904317
4.368648816720768 3.705772144211621;-0.5265179635821
4.365407084092206 3.7030222971388627;-0.5301271915056
4.362173914382619 3.700279713773501;-0.5337173440743
4.358949343167076 3.697544424292369;-0.5372883933783
4.355733405309339 3.694816458268883;-0.5408403137075
4.352526134963938 3.6920958446748795;-0.5443730815328
4.349327565578384 3.6893826118823787;-0.5478866754866
4.346137729895158 3.686676787665448;-0.551381076343
4.342956659954425 3.6839783992023407;-0.5548562669999
4.339784387096261 3.681287473077381;-0.5583122324543
4.336620941963152 3.678604035283316;-0.561748959786
4.333466354502761 3.675928111223391;-0.5651664381371
4.330320653970596 3.6732597257137276;-0.5685646586861
4.3271838689329245 3.670598902985793;-0.5719436146320
4.324056027269521 3.667945666688742;-0.5753033011699
4.320937156176772 3.6653000398920486;-0.5786437154701
4.317827282170797 3.662662045088065;-0.5819648566559
4.314726431090547 3.660031704194787;-0.5852667257816
4.311634628101039 3.657409038558539;-0.5885493258098
4.308551897696809 3.6547940689569005;-0.5918126615893
4.305478263705285 3.6521868156014703;-0.595056739831
4.302413749290061 3.6495872981408874;-0.5982815690898
4.2993583769548405 3.6469955356639208;-0.6014871597327
4.296312168546743 3.6444115467024245;-0.6046735239240
4.293275145260193 3.6418353492345394;-0.6078406755984
4.290247327640598 3.639266960688003;-0.6109886304373
4.287228735588226 3.636706397943118;-0.6141174058465
4.284219388362136 3.6341536773364265;-0.6172270209316
4.2812193045840425 3.6316088146637444;-0.6203174964748
4.27822850224253 3.629071825183849;-0.6233888549108
4.275246998696878 3.6265427236217445;-0.6264411203031
4.272274810681468 3.624021524172299;-0.6294743183198
4.269311954309854 3.621508240503756;-0.6324884762101
4.2663584450790415 3.6190028857613292;-0.6354836227796
4.263414297873695 3.616505472570929;-0.6384597883668
4.2604795269706655 3.6140160130427526;-0.6414170048187
4.2575541460432555 3.6115345187750885;-0.6443553054667
4.254638168165712 3.6090610008580377;-0.6472747251028
4.251731605817736 3.6065954698774267;-0.6501752999549
4.248834470889066 3.6041379359185606;-0.6530570676631
4.24594677468386 3.60168840857008;-0.6559200672558
4.243068527925579 3.5992468969280096;-0.658764339125
4.240199740761439 3.5968134095995414;-0.6615899250032
4.237340422767165 3.5943879547071007;-0.6643968679383
4.234490582951748 3.5919705398924413;-0.6671852122704
4.231650229762117 3.58956117232046;-0.6699550036079
4.2288193710880595 3.5871598586834694;-0.6727062888034
4.225998014266862 3.5847666052051306;-0.675439115930
4.223186166088326 3.5823814176446973;-0.6781535342582
4.220383832799506 3.5800043013010314;-0.6808495942311
4.2175910201097 3.57763526101677;-0.6835273474422
4.214807733195258 3.575274301182529;-0.6861868466110
4.212033976704649 3.5729214257411765;-0.6888281455604
4.20926975476335 3.5705766381918633;-0.6914512991932
4.206515070978811 3.5682399415943475;-0.6940563634688
4.203769928445444 3.5659113385732244;-0.6966433953809
4.201034329749703 3.563590831322161;-0.6992124529337
4.1983082769750215 3.561278421608166;-0.7017635951202
4.195591771706886 3.558974110775853;-0.7042968818989
4.192884815037885 3.556677899751731;-0.706812374171
4.190187407572793 3.554389789048484;-0.7093101337615
4.187499549433594 3.55210977876928;-0.7117902233901
4.184821240264581 3.5498378686120713;-0.7142527066561
4.182152479237367 3.547574057873859;-0.7166976480134
4.179493265056129 3.5453183454551507;-0.7191251127489
4.1768435959625325 3.5430707298640893;-0.7215351669617
4.174203469740873 3.5408312092208734;-0.7239278775413
4.171572883723158 3.538599781262069;-0.7263033121466
4.168951834794317 3.536376443344918;-0.7286615391847
4.166340319397129 3.5341611924516894;-0.7310026277905
4.1637383335373945 3.5319540251939;-0.7333266478057
4.1611458727889925 3.5297549378167528;-0.735633669758
4.1585629322989615 3.5275639262033245;-0.7379237648433
4.1559895067925865 3.5253809858789666;-0.7401970049006
4.153425590578488 3.523206112015597;-0.7424534623973
4.1508711775536415 3.5210392994359063;-0.7446932104067
4.148326261208437 3.518880542617752;-0.7469163225895
4.145790834631771 3.5167298356983725;-0.7491228731739
4.143264890516004 3.5145871724786604;-0.7513129369371
4.140748421162046 3.5124525464274403;-0.7534865891860
4.138241418484342 3.510325950685721;-0.7556439057388
4.135743874015771 3.5082073780708756;-0.7577849629063
4.133255778912856 3.506096821080955;-0.7599098374740
4.130777123960453 3.503994271898807;-0.7620186066837
4.1283078995769245 3.5018997223963777;-0.7641113482158
4.125848095818982 3.499813164138781;-0.7661881401716
4.123397702386585 3.4977345883886226;-0.7682490610563
4.120956708627884 3.495663986109975;-0.7702941897610
4.118525103544032 3.4936013479726626;-0.7723236055467
4.116102875794128 3.4915466643562922;-0.7743373880267
4.11369001370003 3.489499925354366;-0.7763356171505
4.1112865052511065 3.487461120778456;-0.7783183731874
4.10889233810914 3.485430240162173;-0.7802857367105
4.106507499613079 3.483407272765292;-0.7822377885805
4.104131976783639 3.4813922075776755;-0.7841746099303
4.101765756328275 3.479385033323422;-0.7860962821493
4.099408824645679 3.4773857384647933;-0.7880028868687
4.097061167830597 3.475394311206108;-0.7898945059457
4.094722771678395 3.4734107394977776;-0.791771221449
4.092393621689756 3.4714350110402847;-0.7936331156460
4.090073703075215 3.469467113287971;-0.7954802709840
4.087763000759776 3.4675070334529705;-0.7973127700808
4.085461499387455 3.465554758509059;-0.7991306957083
4.083169183325836 3.4636102751955162;-0.8009341307794
4.080886036670467 3.461673570020895;-0.8027231583343
4.078612043249419 3.459744629266825;-0.8044978615274
4.076347186627672 3.45782343899178;-0.8062583236143
4.074091450111534 3.455909985034838;-0.8080046279386
4.071844816753041 3.454004253019343;-0.8097368579198
4.069607269354259 3.4521062283566213;-0.8114550970405
4.067378790471622 3.4502158962496363;-0.8131594288342
4.065159362420252 3.448333241696638;-0.8148499368734
4.062948967278153 3.4464582494948046;-0.8165267047581
4.060747586890447 3.4445909042437046;-0.8181898161036
4.058555202873627 3.4427311903489906;-0.8198393545295
4.056371796619642 3.440879092025833;-0.8214754036487
4.0541973493000505 3.4390345933024418;-0.823098047056
4.052031841870121 3.4371976780236286;-0.8247073683179
4.049875255072923 3.4353683298541213;-0.8263034509614
4.047727569443323 3.4335465322820333;-0.8278863784642
4.045588765311965 3.431732268622323;-0.8294562342441
4.043458822809244 3.4299255220200386;-0.8310131016495
4.041337721869294 3.428126275453752;-0.8325570639492
4.039225442233835 3.426334511738832;-0.8340882043234
4.037121963456043 3.4245502135306634;-0.8356066058535
4.035027264904368 3.4227733633279964;-0.8371123515137
4.032941325766349 3.421003943476103;-0.8386055241617
4.0308641250524255 3.4192419361699975;-0.8400862065298
4.028795641599526 3.417487323457552;-0.8415544812165
4.026735854074937 3.4157400872427353;-0.8430104306778
4.024684740979812 3.4140002092885755;-0.8444541372194
4.0226422806529225 3.4122676712203646;-0.8458856829879
4.020608451274155 3.410542454528642;-0.8473051499639
4.018583230868139 3.408824540572202;-0.8487126199534
4.016566597307686 3.407113910581077;-0.8501081745809
4.01455852831738 3.4054105456595978;-0.8514918952814
4.012559001476984 3.403714426789172;-0.8528638632941
4.010567994224829 3.4020255348313313;-0.8542241596545
4.008585483861221 3.400343850530473;-0.8555728651881
4.0066114475518555 3.3986693545168025;-0.8569100605036
4.004645862331014 3.397002027309086;-0.8582358259862
4.002688705104962 3.395341849317445;-0.8595502417916
4.000739952655097 3.3936888008461943;-0.8608533878396
3.9987995816412827 3.392042862096422;-0.8621453438079
3.996867568604923 3.390404013168823;-0.8634261891267
3.994943889972131 3.388772234066244;-0.8646960029725
3.9930285220568305 3.387147504696407;-0.8659548642630
3.9911214410639335 3.3855298048745195;-0.8672028516510
3.9892226230922265 3.3839191143258107;-0.8684400435201
3.98733204413751 3.382315412688107;-0.8696665179787
3.985449680095533 3.380718679514415;-0.8708823528556
3.9835755067648426 3.3791288942752837;-0.8720876256950
3.981709499849879 3.377546036361366;-0.8732824137516
3.979851634963695 3.3759700850858985;-0.8744667939864
3.9780018876308567 3.374401019686972;-0.8756408430621
3.9761602332902393 3.372838819330047;-0.8768046373391
3.9743266472978336 3.371283463110257;-0.8779582528708
3.972501104929428 3.3697349300547117;-0.8791017654002
3.9706835813833896 3.3681931991248235;-0.8802352503559
3.9688740517832786 3.366658249218578;-0.881358782847
3.9670724911805406 3.365130059172748;-0.8824724376644
3.9652788745571272 3.363608607765194;-0.8835762892686
3.96349317682796 3.3620938737169412;-0.8846704117946
3.9617153728436394 3.360585835694406;-0.8857548790446
3.9599454373928653 3.359084472311523;-0.8868297644858
3.958183345204964 3.3575897621318394;-0.8878951412472
3.95642907095229 3.356101683670591;-0.8889510821168
3.9546825892526796 3.3546202153968236;-0.8899976595387
3.9529438746718837 3.35314533573529;-0.8910349456107
3.9512129017258104 3.3516770230685538;-0.8920630120816
3.9494896448830046 3.3502152557389735;-0.8930819303484
3.9477740785668307 3.348760012050587;-0.8940917714545
3.946066177157777 3.3473112702710677;-0.8950926060873
3.944365914995725 3.34586900863361;-0.8960845045757
3.9426732663820423 3.3444332053387793;-0.8970675368886
3.9409882055819483 3.3430038385564664;-0.8980417726326
3.939310706826478 3.341580886427584;-0.8990072810501
3.937640744314737 3.3401643270659065;-0.8999641310180
3.9359782922158986 3.338754138559877;-0.9009123910454
3.9343233246713143 3.3373502989743153;-0.9018521292726
3.932675815796523 3.3359527863521565;-0.9027834134693
3.93103573968326 3.334561578716131;-0.9037063110334
3.9294030704014564 3.3331766540704555;-0.9046208889896
3.9277777820011366 3.3317979904025274;-0.9055272139881
3.9261598485143727 3.330425565684445;-0.9064253523037
3.9245492439571388 3.329059357874712;-0.9073153698346
3.922945942331248 3.327699344919769;-0.9081973321015
3.9213499176261286 3.3263455047555768;-0.9090713042464
3.9197611438206343 3.3249978153091195;-0.9099373510326
3.9181795948848204 3.323656254499949;-0.9107955368429
3.9166052447817474 3.322320800241643;-0.9116459256797
3.915038067469175 3.3209914304433124;-0.912488581164
3.9134780369012656 3.319668123011013;-0.9133235665362
3.91192512703026 3.3183508558491477;-0.9141509446525
3.910379311808123 3.317039606861913;-0.9149707779881
3.90884056518824 3.3157343539546997;-0.9157831286348
3.9073088611269036 3.3144350750353797;-0.9165880583014
3.9057841735849608 3.3131417480156715;-0.9173856283134
3.90426647652938 3.311854350812501;-0.9181758996129
3.9027557439347182 3.3105728613492116;-0.9189589327585
3.9012519497846476 3.3092972575568895;-0.9197347879255
3.899755068073476 3.3080275173756584;-0.920503524905
3.898265072807513 3.3067636187558063;-0.9212652031072
3.8967819380065905 3.3055055396591007;-0.9220198815561
3.8953056377054285 3.3042532580599326;-0.9227676188947
3.893836145955012 3.3030067519465103;-0.9235084733831
3.892373436824 3.301765999322023;-0.9242425028991
3.890917484399994 3.3005309782057095;-0.9249697649386
3.889468262790876 3.2993016666340553;-0.9256903166162
3.888025746126158 3.2980780426618312;-0.9264042146656
3.886589908558155 3.2968600843632263;-0.9271115154400
3.885160724263367 3.2956477698328963;-0.9278122749129
3.8837381674436093 3.29444107718698;-0.9285065486786
3.8823222123272023 3.2932399845641087;-0.92919439195
3.8809128331702443 3.2920444701264735;-0.9298758595739
3.8795100042576944 3.290854512060773;-0.9305510060025
3.878113699904615 3.2896700885792023;-0.9312198853235
3.876723894457194 3.2884911779203634;-0.9318825512463
3.875340562293892 3.2873177583502637;-0.9325390571058
3.8739636778265227 3.2861498081631884;-0.9331894558632
3.872593215501355 3.284987305682649;-0.9338338001071
3.871229149800118 3.2838302292622332;-0.9344721420544
3.869871455240984 3.282678557286459;-0.9351045335514
3.8685201063796835 3.281532268171703;-0.9357310260748
3.8671750778104284 3.280391340366954;-0.9363516707328
3.865836344166854 3.279255752354674;-0.9369665182662
3.864503880123002 3.2781254826516206;-0.9375756190494
3.8631776603943098 3.2770005098095947;-0.9381790230920
3.8618576597384022 3.2758808124162466;-0.9387767800396
3.860543852956092 3.274766369095864;-0.9393689391752
3.8592362148922117 3.2736571585100385;-0.9399555494204
3.857934720436482 3.2725531593584636;-0.94053665933
3.856639344524357 3.2714543503796247;-0.9411123171273
3.8553500621378496 3.270360710351498;-0.941682570637
3.8540668483063563 3.269272218092243;-0.9422474673561
3.8527896781074515 3.2681888524608995;-0.9428070544184
3.8515185266676157 3.2671105923580006;-0.9433613786058
3.8502533691630614 3.2660374167262844;-0.9439104863479
3.848994180820444 3.2649693045512276;-0.9444544237240
3.8477409369175897 3.26390623486175;-0.9449932364645
3.846493612784243 3.262848186730797;-0.945526969952
3.8452521838027574 3.2617951392759563;-0.9460556692246
3.8440166254086936 3.260747071659946;-0.9465793789743
3.842786913091608 3.2597039630912743;-0.9470981435511
3.8415630223956576 3.2586657928247758;-0.947612006963
3.8403449289202496 3.25763254016214;-0.9481210128814
3.83913260832058 3.256604184452425;-0.9486252046350
3.837926036308422 3.255580705092634;-0.9491246252189
3.836725188652525 3.254562081528104;-0.9496193172929
3.8355300411793487 3.253548293253142;-0.9501093231833
3.834340569773544 3.2525393198114294;-0.9505946848850
3.8331567503785378 3.2515351407964834;-0.9510754440632
3.831978558997092 3.2505357358521705;-0.9515516420544
3.8308059716918104 3.249541084673111;-0.9520233198690
3.8296389645856426 3.2485511670051013;-0.9524905181924
3.828477513862401 3.2475659626455964;-0.9529532773868
3.827321595767276 3.246585451444087;-0.9534116374931
3.826171186607281 3.2456096133025447;-0.9538656382325
3.8250262627517193 3.2446384281757314;-0.9543153190082
3.8238868006326374 3.243671876071678;-0.9547607189071
3.822752776745287 3.242709937052;-0.9552018767018
3.821624167648558 3.2417525912323146;-0.9556388308521
3.8205009499653504 3.2407998187825067;-0.9560716195068
3.8193831003830345 3.2398515999271944;-0.9565002805056
3.818270595653784 3.238907914945936;-0.95692485138
3.817163412595038 3.237968744173668;-0.9573453693591
3.8160615280898433 3.2370340680009697;-0.9577618713632
3.814964919087139 3.236103866874311;-0.9581743940139
3.813873562602261 3.2351781212965043;-0.9585829736316
3.8127874357171305 3.234256811826834;-0.9589876462385
3.811706515580699 3.233339919081433;-0.9593884475598
3.810630779409214 3.2324274237335398;-0.9597854130260
3.8095602044864956 3.2315193065137064;-0.9601785777746
3.808494768164317 3.2306155482101344;-0.9605679766518
3.807434447862668 3.2297161296688564;-0.9609536442143
3.8063792210700003 3.228821031794014;-0.9613356147313
3.8053290653435328 3.227930235548075;-0.9617139221861
3.8042839583094796 3.2270437219520427;-0.962088600278
3.8032438776633652 3.2261614720857077;-0.9624596824240
3.8022088011702153 3.2252834670878014;-0.9628272017611
3.801178706664804 3.224409688156242;-0.9631911911473
3.8001535720518844 3.2235401165482775;-0.9635516831640
3.7991333753063907 3.2226747335807366;-0.9639087101178
3.798118094473679 3.2218135206301497;-0.9642623040420
3.7971077076697 3.2209564591329496;-0.9646124966987
3.7961021930811967 3.220103530585609;-0.9649593195803
3.795101528965911 3.2192547165448264;-0.9653028039117
3.794105693652711 3.2184099986276395;-0.9656429806519
3.793114665541819 3.2175693585116107;-0.9659798804956
3.7921284231049124 3.21673277793492;-0.966313533875
3.7911469448853206 3.2159002386965265;-0.9666439709632
3.79017020949815 3.2150717226562744;-0.9669712216724
3.789198195630422 3.21424721173502;-0.9672953156593
3.7882308820411987 3.2134266879147093;-0.9676162823253
3.7872682475617365 3.2126101332385564;-0.9679341508181
3.7863102710955716 3.211797529811048;-0.9682489500341
3.7853569316186326 3.2109888597981286;-0.9685607086199
3.7844082081793347 3.2101841054271922;-0.9688694549738
3.7834640798987067 3.2093832489872614;-0.9691752172481
3.782524525970448 3.208586272828971;-0.9694780233506
3.781589525661038 3.207793159364728;-0.9697779009461
3.780659058309798 3.2070038910686804;-0.9700748774586
3.7797331033289465 3.206218450476853;-0.9703689800729
3.778811640203677 3.205436820187166;-0.970660235736
3.7778946484922242 3.20465898285949;-0.9709486711598
3.7769821078258987 3.2038849212156966;-0.9712343128211
3.7760739979091347 3.2031146180396735;-0.9715171869653
3.7751702985195585 3.202348056177387;-0.9717973196067
3.7742709895079827 3.201585218536926;-0.972074736530
3.773376050798449 3.2008260880884407;-0.972349463296
3.772485462388236 3.2000706478642478;-0.9726215252354
3.7715992043479414 3.199318880958843;-0.9728909474578
3.7707172568213982 3.198570770528855;-0.9731577548502
3.769839600025748 3.19782629979308;-0.9734219720791
3.7689662142514395 3.1970854520325194;-0.9736836235923
3.7680970798621756 3.1963482105903083;-0.973942733620
3.7672321772949653 3.195614558871754;-0.9741993261787
3.7663714870600877 3.194884480344321;-0.9744534250685
3.765514989741069 3.1941579585376;-0.9747050538791
3.7646626659946385 3.1934349770433004;-0.9749542359894
3.7638144965507543 3.192715519515253;-0.9752009945691
3.7629704622125164 3.1919995696693055;-0.9754453525810
3.7621305438562063 3.1912871112833847;-0.9756873327819
3.76129472243114 3.1905781281973895;-0.9759269577249
3.7604629789597155 3.1898726043132024;-0.976164249760
3.759635294537327 3.189170523594635;-0.9763992310380
3.758811650332304 3.1884718700673425;-0.9766319235082
3.7579920275858703 3.1877766278188484;-0.9768623489236
3.7571764076120715 3.1870847809984264;-0.9770905288408
3.7563647717977195 3.1863963138170783;-0.9773164846217
3.755557101602329 3.185711210547491;-0.9775402374354
3.754753378558022 3.185029455523934;-0.977761808259
3.753953584269491 3.184351033142211;-0.9779812178809
3.75315770041386 3.183675927859612;-0.9781984868995
3.752365708740661 3.183004124194825;-0.9784136357272
3.7515775910717126 3.182335606727852;-0.9786266845909
3.750793329301054 3.1816703600999734;-0.9788376535336
3.7500129053948212 3.181008369013614;-0.9790465624157
3.749236301391166 3.180349618232296;-0.9792534309171
3.748463499400149 3.1796940925805304;-0.9794582785378
3.747694481603679 3.1790417769437846;-0.979661124600
3.746929230255345 3.178392656268318;-0.979861988249
3.7461677276803202 3.1777467155611347;-0.9800608884575
3.745409956275307 3.17710393988989;-0.9802578440203
3.7446558985083462 3.176464314382764;-0.9804528735630
3.7439055369187497 3.17582782422841;-0.9806459955397
3.7431588541169387 3.1751944546757715;-0.9808372282352
3.7424158327843777 3.1745641910340727;-0.981026589766
3.741676455673397 3.173937018672639;-0.981214098083
3.740940705607075 3.1733129230208315;-0.9813997709710
3.7402085654791293 3.1726918895679184;-0.9815836260511
3.739480018253781 3.1720739038629704;-0.9817656807823
3.7387550469655846 3.171458951514738;-0.9819459524626
3.738033634719316 3.1708470181915134;-0.982124458230
3.7373157646898396 3.170238089621063;-0.9823012150646
3.736601420121958 3.169632151590462;-0.9824762397891
3.7358905843302574 3.169029189945987;-0.9826495490706
3.7351832406989507 3.1684291905929967;-0.9828211594220
3.7344793726817738 3.167832139495796;-0.9829910872031
3.7337789638017735 3.1672380226775037;-0.9831593486218
3.733081997651225 3.166646826219948;-0.9833259597357
3.7323884578914033 3.1660585362634937;-0.9834909364532
3.731698328252467 3.165473139006952;-0.9836542945347
3.7310115925333096 3.164890620707422;-0.9838160495942
3.7303282346013686 3.164310967680139;-0.9839762171002
3.729648238392489 3.1637341662983816;-0.9841348123769
3.72897158791071 3.1631602029932866;-0.9842918506060
3.728298267228184 3.162589064253745;-0.9844473468273
3.7276282604849147 3.162020736626225;-0.9846013159402
3.726961551888678 3.1614552067146526;-0.9847537727049
3.7262981257147647 3.160892461180259;-0.9849047317438
3.7256379663058707 3.160332486741435;-0.9850542075421
3.724981058071895 3.1597752701735873;-0.9852022144497
3.7243273854897767 3.159220798308982;-0.985348766682
3.7236769331033077 3.1586690580365957;-0.9854938783213
3.7230296855229645 3.1581200363019764;-0.985637563317
3.722385627425716 3.1575737201070657;-0.9857798354893
3.7217447435548543 3.1570300965100833;-0.9859207085265
3.721107018719798 3.1564891526253307;-0.9860601959896
3.7204724377959453 3.155950875623076;-0.9861983113117
3.7198409857244474 3.15541525272936;-0.9863350677995
3.7192126475120313 3.1548822712258673;-0.98647047863
3.7185874082308326 3.154351918449744;-0.9866045568738
3.7179652530182064 3.153824181793469;-0.9867373154517
3.717346167076501 3.153299048704672;-0.9868687671802
3.7167301356729125 3.1527765066859557;-0.9869989247507
3.716117144139285 3.1522565432947847;-0.9871278007345
3.715507177871884 3.151739146143273;-0.9872554075843
3.7149002223312677 3.151224302898048;-0.9873817576350
3.714296263042015 3.1507120012800813;-0.9875068631047
3.7136952855926095 3.150202229064525;-0.987630736096
3.7130972756351786 3.1496949740805134;-0.9877533885970
3.7125022188853483 3.1491902242110736;-0.98787483248
3.711910101122 3.148687967392866;-0.9879950795130
3.71132090818712 3.148188191616086;-0.9881141413400
3.71073462598555 3.147690884924259;-0.9882320295030
3.7101512404848425 3.147196035414085;-0.9883487554320
3.709570737715022 3.146703631235276;-0.9884643304486
3.708993103768403 3.1462136605903694;-0.988578765766
3.708418324799372 3.1457261117345707;-0.9886920724942
3.7078463870242095 3.145240972975583;-0.9888042616322
3.7072772767208653 3.1447582326734116;-0.9889153440779
3.706710980228777 3.144277879240226;-0.9890253306245
3.70614748394864 3.143799901140171;-0.9891342319624
3.7055867743422333 3.1433242868891824;-0.9892420586800
3.705028837932205 3.1428510250548496;-0.9893488212650
3.704473661301848 3.1423801042562043;-0.9894545301047
3.7039212310949354 3.141911513163559;-0.9895591954874
3.7033715340154636 3.141445240498342;-0.9896628276033
3.702824556827493 3.1409812750329174;-0.9897654365450
3.702280286354913 3.1405196055903977;-0.9898670323088
3.70173870948126 3.1400602210445;-0.9899676247954
3.7011998131494845 3.1396031103193343;-0.9900672238107
3.700663584361756 3.139148262389253;-0.9901658390669
3.7001300101792687 3.1386956662786636;-0.9902634801830
3.6995990777220142 3.138245311061861;-0.9903601566861
3.6990707741685767 3.137797185862835;-0.9904558780118
3.698545086755943 3.1373512798551113;-0.9905506535055
3.6980220027792594 3.1369075822615784;-0.9906444924227
3.697501509591665 3.1364660823542896;-0.9907374039303
3.696983594604046 3.1360267694542983;-0.990829397107
3.6964682452848603 3.13558963293148;-0.9909204809448
3.6959554491599085 3.13515466220436;-0.9910106643487
3.695445193812118 3.1347218467399305;-0.9910999561385
3.6949374668813637 3.134291176053484;-0.9911883650493
3.6944322560642213 3.1338626397084077;-0.9912758997318
3.6939295491137876 3.1334362273160288;-0.9913625687540
3.6934293338394637 3.133011928535452;-0.9914483806010
3.692931598106745 3.13258973307335;-0.9915333436765
3.6924363298369887 3.1321696306838023;-0.9916174663030
3.6919435170072665 3.1317516111681165;-0.9917007567232
3.69145314765008 3.131335664374647;-0.991783223099
3.690965209853213 3.1309217801986318;-0.9918648735176
3.690479691759478 3.1305099485819836;-0.9919457159827
3.6899965815665277 3.13010015951315;-0.9920257584243
3.6895158675266644 3.129692403026924;-0.9921050086949
3.6890375379466027 3.129286669204257;-0.9921834745714
3.6885615811872534 3.128882948172069;-0.9922611637555
3.6880879856635445 3.128481230103109;-0.9923380838744
3.6876167398442057 3.1280815052157522;-0.9924142424818
3.6871478322515454 3.127683763773848;-0.9924896470582
3.686681251461253 3.1272879960865034;-0.9925643050119
3.6862169861022123 3.126894192507951;-0.9926382236794
3.6857550248562223 3.1265023434373207;-0.9927114103263
3.6852953564578774 3.126112439318518;-0.9927838721478
3.684837969694308 3.1257244706400233;-0.9928556162697
3.6843828534049807 3.125338427934704;-0.992926649748
3.68392999648152 3.124954301779659;-0.9929969795720
3.6834793878674534 3.12457208279604;-0.9930666126613
3.6830310165580395 3.12419176164887;-0.9931355558695
3.682584871600062 3.123813329046876;-0.993203815983
3.682140942091592 3.123436775742289;-0.9932713997249
3.681699217181831 3.123062092530726;-0.993338313749
3.681259686070862 3.1226892702509446;-0.9934045646476
3.680822338009474 3.1223182997847267;-0.9934701589478
3.680387162298935 3.1219491720566763;-0.9935351031136
3.679954148290796 3.1215818780340467;-0.9935994035462
3.6795232853867024 3.121216408726591;-0.9936630665846
3.6790945630381637 3.120852755186349;-0.9937260985062
3.6786679707463783 3.120490908507512;-0.9937885055273
3.678243498061988 3.120130859826226;-0.9938502938039
3.6778211345849394 3.1197726003204362;-0.9939114694321
3.677400869964208 3.1194161212097002;-0.9939720384485
3.6769826938976444 3.1190614137550363;-0.9940320068312
3.6765665961317735 3.118708469258735;-0.9940913805000
3.6761525664615697 3.1183572790641927;-0.9941501653172
3.675740594730263 3.118007834555741;-0.9942083670877
3.6753306708291564 3.1176601271584885;-0.9942659915602
3.6749227846974026 3.117314148338129;-0.9943230444273
3.6745169263218065 3.1169698896007896;-0.9943795313259
3.674113085736651 3.1166273424928552;-0.9944354578383
3.6737112530234635 3.116286498600795;-0.994490829492
3.673311418310841 3.1159473495510177;-0.9945456517613
3.6729135717742425 3.1156098870096733;-0.9945999300661
3.672517703635806 3.115274102682502;-0.9946536697741
3.6721238041641215 3.1149399883146516;-0.9947068762005
3.671731863674075 3.114607535690544;-0.9947595546085
3.6713418725266047 3.1142767366336637;-0.9948117102100
3.670953821128551 3.1139475830064374;-0.9948633481660
3.6705676999324286 3.1136200667100318;-0.9949144735871
3.6701834994362503 3.113294179684206;-0.9949650915340
3.6698012101833246 3.1129699139071487;-0.9950152070178
3.669420822762069 3.112647261395307;-0.9950648250008
3.6690423278058084 3.112326214203226;-0.9951139503967
3.668665715992579 3.112006764423364;-0.9951625880712
3.6682909780449453 3.1116889041859777;-0.9952107428424
3.66791810472981 3.111372625658915;-0.99525841948
3.667547086858218 3.1110579210474727;-0.9953056227121
3.6671779152851673 3.1107447825942334;-0.9953523572130
3.666810580909406 3.110433202578884;-0.9953986276162
3.666445074673267 3.110123173318092;-0.9954444385086
3.6660813875624623 3.1098146871653194;-0.9954897944323
3.6657195106058893 3.1095077365106647;-0.9955346998849
3.665359434875468 3.109202313780713;-0.9955791593198
3.6650011514859115 3.1088984114383607;-0.995623177146
3.664644651594587 3.1085960219826743;-0.9956667577328
3.6642899264013016 3.1082951379487196;-0.9957099054014
3.6639369671481044 3.107995751907406;-0.995752624434
3.6635857651191293 3.1076978564653364;-0.995794919070
3.6632363116404028 3.107401444264652;-0.9958367935092
3.662888598079653 3.107106507982866;-0.9958782519060
3.6625426158461125 3.1068130403327014;-0.9959192983772
3.66219835639037 3.1065210340619602;-0.9959599369985
3.661855811204154 3.1062304819533377;-0.9960001718055
3.6615149718201767 3.105941376824301;-0.9960400067942
3.6611758298119277 3.1056537115269074;-0.9960794459216
3.660838376793505 3.1053674789476577;-0.9961184931055
3.6605026044194444 3.1050826720073594;-0.9961571522254
3.660168504384529 3.104799283660948;-0.9961954271227
3.6598360684236084 3.1045173068973595;-0.9962333216012
3.6595052883114185 3.104236734739364;-0.9962708394271
3.6591761558624176 3.1039575602434155;-0.9963079843298
3.658848662930578 3.1036797764994972;-0.996344760001
3.6585228014092506 3.1034033766309985;-0.996381170099
3.658198563230961 3.1031283537945216;-0.996417218243
3.6578759403672367 3.1028547011797754;-0.9964529080190
3.657554924828447 3.1025824120093977;-0.9964882429748
3.6572355086635904 3.1023114795388116;-0.9965232266260
3.656917683960174 3.1020418970560915;-0.9965578624527
3.6566014428439964 3.1017736578817967;-0.996592153900
3.6562867774790044 3.101506755368856;-0.9966261043824
3.655973680067091 3.101241182902366;-0.9966597172757
3.6556621428479468 3.1009769338995143;-0.9966929959260
3.6553521580988884 3.1007140018093864;-0.9967259436457
3.6550437181346744 3.100452380112824;-0.9967585637142
3.654736815307334 3.1001920623223005;-0.9967908593791
3.654431442006027 3.09993304198178;-0.9968228338557
3.6541275906568456 3.099675312666546;-0.9968544903277
3.6538252537226352 3.099418867983074;-0.996885831947
3.653524423702879 3.099163701568898;-0.9969168618366
3.653225093133476 3.098909807092466;-0.996947583085
3.6529272545866007 3.098657178252985;-0.996977998754
3.652630900670532 3.098405808780287;-0.997008111872
3.652336024029494 3.0981556924346965;-0.9970379254412
3.652042617343497 3.0979068230068973;-0.9970674424303
3.6517506733281397 3.0976591943177603;-0.9970966657812
3.6514601847344883 3.097412800218242;-0.9971255984063
3.65117114434889 3.097167634589222;-0.9971542431890
3.650883544992804 3.0969236913413756;-0.9971826029846
3.6505973795226727 3.0966809644150395;-0.9972106806199
3.6503126408297266 3.0964394477800705;-0.9972384788942
3.6500293218398356 3.0961991354357075;-0.9972660005788
3.6497474155133585 3.0959600214104386;-0.9972932484180
3.64946691484496 3.0957220997618613;-0.9973202251287
3.649187812863495 3.095485364576562;-0.997346933401
3.6489101026318007 3.0952498099699692;-0.9973733758996
3.648633777246566 3.0950154300862236;-0.9973995552608
3.648358829838175 3.0947822190980414;-0.99742547409
3.6480852535705406 3.094550171206584;-0.9974511349920
3.6478130416409766 3.0943192806413444;-0.9974765405076
3.6475421872799925 3.0940895416599723;-0.9975016931782
3.6472726837511766 3.0938609485481883;-0.9975265955135
3.6470045243510416 3.09363349561963;-0.9975512499984
3.6467377024088563 3.0934071772157234;-0.9975756590935
3.646472211286503 3.093181987705562;-0.9975998252348
3.646208044378316 3.0929579214857617;-0.997623750834
3.645945195110942 3.0927349729803657;-0.9976474382808
3.64568365694318 3.0925131366406626;-0.9976708899383
3.645423423365837 3.0922924069451136;-0.9976941081484
3.645164487901578 3.092072778399197;-0.9977170952291
3.644906844104775 3.091854245535287;-0.9977398534758
3.644650485561354 3.0916368029125296;-0.9977623851610
3.644395405888659 3.0914204451167118;-0.9977846925347
3.644141598735287 3.0912051667601372;-0.99780677782
3.6438890577809606 3.0909909624815173;-0.9978286432372
3.643637776736372 3.090777826945825;-0.9978502909557
3.6433877493430384 3.0905657548441843;-0.9978717231429
3.643138969373147 3.090354740893738;-0.9978929419398
3.642891430629444 3.090144779837547;-0.9979139494662
3.6426451269450517 3.0899358664444456;-0.9979347478209
3.642400052183345 3.0897279955089196;-0.9979553390821
3.642156200237803 3.0895211618510077;-0.9979757253074
3.641913565031876 3.0893153603161547;-0.9979959085339
3.6416721405188284 3.0891105857751087;-0.9980158907787
3.6414319206816232 3.088906833123802;-0.9980356740389
3.64119289953275 3.0887040972832143;-0.998055260291
3.640955071114102 3.0885023731992716;-0.9980746514950
3.640718429496845 3.088301655842736;-0.9980938495871
3.64048296878127 3.088101940209061;-0.9981128564871
3.6402486830966447 3.087903221318285;-0.9981316740954
3.6400155666010985 3.087705494214939;-0.998150304293
3.6397836134814647 3.087508753967895;-0.9981687489432
3.639552817953165 3.087312995670273;-0.9981870098899
3.639323174260048 3.0871182144393066;-0.9982050889591
3.639094676674284 3.086924405416254;-0.9982229879590
3.6388673194962 3.0867315637662722;-0.9982407086794
3.6386410970541765 3.086539684678293;-0.9982582528928
3.6384160037044895 3.0863487633649287;-0.9982756223539
3.6381920338311864 3.0861587950623344;-0.9982928188001
3.637969181845949 3.085969775030125;-0.9983098439515
3.637747442187986 3.08578169855124;-0.9983266995112
3.637526809323863 3.085594560931856;-0.9983433871656
3.637307277747412 3.0854083575012483;-0.998359908584
3.6370888419795606 3.085223083611696;-0.9983762654199
3.6368714965682365 3.085038734638376;-0.9983924593093
3.6366552360882127 3.084855305979242;-0.9984084918729
3.636440055141013 3.0846727930549296;-0.9984243647151
3.6362259483547517 3.084491191308639;-0.9984400794241
3.6360129103840095 3.084310496206014;-0.998455637572
3.6358009359097307 3.0841307032350693;-0.9984710407181
3.6355900196390767 3.083951807906052;-0.9984862904018
3.6353801563052937 3.083773805751342;-0.9985013881503
3.6351713406676183 3.083596692325361;-0.998516335474
3.6349635675111274 3.0834204632044537;-0.9985311338714
3.634756831646617 3.0832451139867745;-0.9985457848217
3.634551127910483 3.083070640292205;-0.9985602897923
3.6343464511646033 3.082897037762237;-0.9985746502355
3.6341427962962065 3.082724302059862;-0.9985888675890
3.633940158217756 3.082552428869482;-0.9986029432764
3.6337385318668245 3.0823814138968046;-0.9986168787070
3.6335379122059797 3.0822112528687255;-0.9986306752762
3.633338294222659 3.0820419415332405;-0.9986443343656
3.6331396729290466 3.081873475659351;-0.998657857343
3.6329420433619686 3.081705851036941;-0.9986712455629
3.632745400582753 3.0815390634766944;-0.9986845003659
3.632549739677126 3.0813731088099856;-0.9986976230797
3.632355055755098 3.081207982888788;-0.998710615018
3.6321613439508393 3.0810436815855757;-0.9987234774839
3.631968599422557 3.0808802007931946;-0.9987362117641
3.631776817352388 3.0807175364248085;-0.9987488191349
3.6315859929462944 3.0805556844137816;-0.9987613008591
3.6313961214339203 3.080394640713573;-0.9987736581872
3.631207198068502 3.080234401297648;-0.998785892357
3.631019218126739 3.080074962159384;-0.998798004594
3.6308321769086973 3.0799163193119696;-0.9988099961137
3.630646069737679 3.0797584687883064;-0.9988218681152
3.6304608919601167 3.0796014066409185;-0.9988336217891
3.6302766389454657 3.0794451289418534;-0.9988452583131
3.630093306086083 3.079289631782599;-0.998856778853
3.629910888797137 3.079134911273977;-0.9988681845639
3.6297293825164596 3.0789809635460506;-0.9988794765883
3.6295487827044766 3.078827784748038;-0.9988906560581
3.6293690848440736 3.0786753710482104;-0.9989017240937
3.6291902844404964 3.0785237186338064;-0.9989126818044
3.6290123770212444 3.0783728237109385;-0.9989235302886
3.62883535813595 3.07822268250451;-0.9989342706335
3.6286592233562884 3.0780732912581033;-0.9989449039159
3.6284839682758627 3.0779246462339085;-0.9989554312015
3.628309588510086 3.0777767437126227;-0.9989658535458
3.6281360796960915 3.0776295799933564;-0.9989761719935
3.627963437492631 3.0774831513935608;-0.9989863875790
3.6277916575799534 3.0773374542489282;-0.9989965013266
3.6276207356597086 3.0771924849133034;-0.9990065142502
3.6274506674548452 3.077048239758594;-0.9990164273538
3.62728144870949 3.076904715174682;-0.9990262416312
3.6271130751888805 3.076761907569341;-0.9990359580665
3.6269455426792323 3.0766198133681524;-0.9990455776341
3.6267788469876434 3.0764784290144056;-0.9990551012985
3.62661298394199 3.076337750969021;-0.9990645300148
3.626447949390837 3.0761977757104644;-0.9990738647284
3.6262837392033336 3.0760584997346623;-0.9990831063755
3.6261203492691068 3.0759199195549085;-0.9990922558829
3.6259577754981613 3.075782031701795;-0.9991013141682
3.625796013820786 3.075644832723106;-0.9991102821400
3.6256350601874536 3.0755083191837556;-0.9991191606976
3.6254749105687094 3.075372487665689;-0.9991279507317
3.6253155609551104 3.0752373347678104;-0.9991366531238
3.6251570073570765 3.075102857105888;-0.9991452687468
3.6249992458048323 3.074969051312476;-0.9991537984651
3.624842272348288 3.0748359140368495;-0.9991622431341
3.6246860830569654 3.074703441944898;-0.9991706036011
3.624530674019887 3.074571631719058;-0.999178880704
3.6243760413454775 3.0744404800582266;-0.9991870752754
3.6242221811614677 3.0743099836776864;-0.9991951881352
3.6240690896148227 3.074180139309024;-0.99920322009
3.623916762871626 3.0740509437000463;-0.9992111719697
3.6237651971169953 3.0739223936146978;-0.999219044548
3.623614388554974 3.073794485832998;-0.9992268386231
3.62346433340846 3.0736672171509496;-0.9992345549767
3.623315027919105 3.073540584380452;-0.9992421943832
3.623166468347222 3.0734145843492486;-0.9992497576091
3.6230186509716873 3.073289213900831;-0.9992572454134
3.6228715720898634 3.0731644698943623;-0.9992646585475
3.622725228017503 3.073040349204603;-0.9992719977552
3.6225796150886493 3.072916848721846;-0.9992792637731
3.622434729655565 3.072793965351822;-0.999286457330
3.62229056808862 3.072671696015633;-0.9992935791490
3.6221471267762197 3.0725500376496737;-0.9993006299436
3.6220044021247113 3.072428987205561;-0.9993076104219
3.6218623905582996 3.0723085416500595;-0.9993145212844
3.6217210885189584 3.072188697964995;-0.9993213632249
3.621580492466336 3.072069453147208;-0.9993281369300
3.6214405988776672 3.0719508042084454;-0.9993348430797
3.6213014042477063 3.0718327481753125;-0.9993414823470
3.6211629050886205 3.0717152820891878;-0.9993480553984
3.6210250979299197 3.0715984030061647;-0.9993545628938
3.6208879793183546 3.0714821079969585;-0.999361005486
3.6207515458178463 3.0713663941468456;-0.9993673838226
3.6206157940093906 3.0712512585555904;-0.9993736985431
3.620480720490987 3.0711366983373845;-0.9993799502817
3.620346321877543 3.071022710620758;-0.9993861396661
3.620212594800803 3.0709092925485297;-0.9993922673176
3.6200795359092535 3.0707964412777073;-0.9993983338514
3.6199471418680513 3.070684153979448;-0.9994043398765
3.6198154093589334 3.07057242783897;-0.9994102859961
3.619684335080136 3.0704612600554912;-0.9994161728070
3.6195539157463203 3.070350647842158;-0.9994220009004
3.619424148088484 3.0702405884259774;-0.9994277708615
3.6192950288538857 3.0701310790477563;-0.9994334832695
3.6191665548059633 3.070022116962008;-0.9994391386981
3.6190387227242544 3.0699136994369223;-0.9994447377152
3.6189115294043224 3.069805823754269;-0.999450280883
3.618784971657662 3.069698487209339;-0.999455768758
3.6186590463116284 3.0695916871108793;-0.9994612018916
3.6185337502093793 3.069485420781038;-0.9994665808292
3.6184090802097666 3.069379685555274;-0.999471906111
3.6182850331872793 3.069274478782308;-0.999477178271
3.6181616060319444 3.069169797824051;-0.9994823978410
3.618038795649281 3.069065640055552;-0.9994875653429
3.617916598960208 3.0689620028649114;-0.9994926812965
3.6177950129009537 3.0688588836532418;-0.9994977462156
3.617674034423013 3.068756279834578;-0.999502760608
3.617553660493039 3.068654188835829;-0.9995077249798
3.6174338880927914 3.0685526080967147;-0.9995126398273
3.6173147142190443 3.068451535069695;-0.999517505644
3.617196135883538 3.068350967219919;-0.999522322921
3.617078150112879 3.0682509020251443;-0.9995270921404
3.6169607539484723 3.0681513369756894;-0.9995318137812
3.616843944446457 3.0680522695743737;-0.9995364883181
3.6167277186776365 3.0679536973364403;-0.9995411162206
3.6166120737273815 3.0678556177895064;-0.9995456979536
3.6164970066955897 3.0677580284735004;-0.9995502339774
3.6163825146965918 3.0676609269406026;-0.9995547247476
3.616268594859095 3.067564310755178;-0.9995591707153
3.616155244326102 3.0674681774937267;-0.9995635723273
3.616042460254842 3.067372524744811;-0.9995679300256
3.6159302398167 3.067277350109005;-0.9995722442482
3.615818580197155 3.0671826511988414;-0.9995765154284
3.615707478595703 3.0670884256387314;-0.9995807439953
3.6155969322257784 3.066994671064921;-0.9995849303739
3.61548693831471 3.0669013851254423;-0.9995890749846
3.6153774941036274 3.066808565480028;-0.9995931782439
3.615268596847404 3.066716209800069;-0.9995972405641
3.6151602438145964 3.0666243157685735;-0.9996012623534
3.6150524322873627 3.06653288108007;-0.9996052440158
3.614945159561405 3.0664419034405865;-0.9996091859515
3.614838422945887 3.066351380567578;-0.9996130885565
3.614732219763389 3.066261310189866;-0.9996169522230
3.614626547349836 3.0661716900475975;-0.9996207773391
3.6145214030544155 3.066082517892171;-0.9996245642894
3.6144167842395323 3.065993791486193;-0.999628313454
3.6143126882807293 3.065905508603417;-0.9996320252105
3.6142091125666296 3.065817667028697;-0.9996356999311
3.614106054498872 3.065730264557925;-0.9996393379854
3.614003511492042 3.0656432989979665;-0.9996429397389
3.6139014809736025 3.065556768166622;-0.9996465055537
3.6137999603838455 3.065470669892567;-0.9996500357880
3.613698947175825 3.0653850020153026;-0.9996535307967
3.613598438815285 3.065299762385104;-0.9996569909311
3.6134984327805983 3.0652149488629483;-0.9996604165387
3.613398926562705 3.065130559320478;-0.9996638079641
PointOptimal;ValeurOptimale
[3.61339893 3.06513056];-0.9996638079641385
Temps;Nb iteration
0.05531907081604004;900