Point;Valeur
-6.759074257559337 2.5193626391552986;143.64688592893
-6.771130616792097 2.4772076294738037;142.11414999840
-6.784755595785403 2.4110753077381712;139.70126938808
-6.799624021132651 2.3267357477309365;136.574556813
-6.815527256736659 2.228212380704874;132.8361467221
-6.832342191994978 2.118247380188437;128.5399791076
-6.850010958868911 1.9986256668455284;123.70037897804
-6.868528774245828 1.8703934465833714;118.29485818009
-6.8879386100029425 1.7339932967577554;112.26107712311
-6.908332712212697 1.5893250860267092;105.48585858649
-6.92986289600332 1.4357260703338066;97.78018079470
-6.952765385608537 1.2718345635350101;88.82377718732
-6.977416003264202 1.0952294310776387;78.02933418433
-7.00446494861751 0.9015006008929463;64.12951141206
-7.035256181458585 0.6813047247919035;43.198667510963
-7.074163525207559 0.4038726842810742;31.10420189369
-7.079965994954313 0.3611805825184756;37.456276418555
-7.065317967829815 0.4634615544531382;18.930570434746
-7.017192668806026 0.8032543000830784;55.783246853834
-6.99446458843929 0.9629887877423278;68.86053108638
-6.987953901430185 1.0075954936260203;72.09124009847
-6.992882182216438 0.9709546117122284;69.45273315311
-7.006582305103818 0.8720413488439865;61.76480219025
-7.027997483197249 0.7184528188568093;47.41382417608
-7.058557859168532 0.5002099655466123;4.476407826298
-7.23944230972162 -0.7704700456519078;113.80657090924
-7.365858797900506 -1.6592034713720512;148.40970401302
-7.453694452375521 -2.277836923084713;168.3528979250
-7.5137477541794055 -2.702209603413303;180.76704510714
-7.553679737246847 -2.986035225324787;188.6143887303
-7.578994488706978 -3.167850494543248;193.47348167797
-7.593667718036844 -3.2754561602065;196.29158621761
-7.6005788506636645 -3.328963121126411;197.6764950754
-7.601816218482044 -3.342940146036856;198.0344927768
-7.598895370670499 -3.3279479365325186;197.64435526916
-7.592916291002356 -3.291642453975419;196.70061321052
-7.584677057127954 -3.23957161325741;195.34043196386
-7.574756201680093 -3.175751943682392;193.66105830998
-7.563572478660053 -3.1030865967745185;191.73150767821
-7.551428269453913 -3.023668606160787;189.60057321907
-7.538541118889641 -2.939000983173864;187.3024030525
-7.525066646957706 -2.8501564500096053;184.86042582541
-7.511115187333259 -2.757893309989658;182.29013028388
-7.496763858171664 -2.6627394106843094;179.60103560617
-7.482065303079807 -2.5650528688683156;176.79808114087
-7.467054000741307 -2.4650658426620033;173.8825926721
-7.451750794686637 -2.362915903423234;170.85293352040
-7.436166114475361 -2.258668296756719;167.70491438623
-7.42030222753712 -2.152331457289175;164.4320106306
-7.404154763497964 -2.0438674599882702;161.02541614109
-7.387713680000031 -1.9331985812059953;157.4739464550
-7.37096378320256 -1.8202107518974475;153.76378815728
-7.353884871347896 -1.7047543713543076;149.87807436798
-7.3364515307970555 -1.5866426757289414;145.79624433256
-7.318632575604531 -1.4656475849779889;141.49311399856
-7.3003900777782285 -1.3414926402276253;136.93753598220
-7.281677876714389 -1.2138422258700747;132.09044657907
-7.262439367427736 -1.0822856365214286;126.90195510029
-7.242604218994272 -0.9463134902615619;121.30686522352
-7.2220834074002624 -0.8052820803027174;115.21749084788
-7.200761428470775 -0.6583575531680688;108.51150286844
-7.178483466470635 -0.5044240172013119;101.00990984240
-7.155032769096476 -0.3419216634051404;92.4333522843
-7.130086847773201 -0.1685336682414402;82.30354661295
-7.103120376080879 0.01950727935929858;69.67348842353
-7.073137874105068 0.22932619366332385;52.08372089939
-7.037552676897514 0.4793954035887469;12.629653525708
-6.955577690393916 1.0603975394891272;75.96442406203
-6.904577962309658 1.4210092881728091;97.20488692852
-6.874259465270219 1.6342455456066898;107.81303293572
-6.858393565494126 1.744371924997228;112.90286072618
-6.852834221978464 1.7809073729242382;114.54321796291
-6.854747998665302 1.7640615812115075;113.79374328278
-6.862188151872267 1.707746324086522;111.24513903724
-6.873829431195753 1.6214533688494126;107.22072286478
-6.88879684915203 1.5114689777785961;101.86007438946
-6.90655792869078 1.381639674595182;95.14319705658
-6.926865960783835 1.2337769617688878;86.86173049289
-6.94975937343835 1.0676645179805229;76.49441314156
-6.9756619594495834 0.8803504546788268;62.779893335899
-7.0058009342097645 0.6631852713090948;41.5477458838
-7.044806687199152 0.383373226204067;33.633091388963
-7.052481926541776 0.3268179917936236;41.32802496742
-7.041048493155755 0.40639382770685495;29.92437352881
-7.009112826541656 0.6321025615194055;37.5566906905
-7.004359077546538 0.6645582396859158;41.7370036331
-7.017673553772781 0.5685141157743565;27.604575249047
-7.052904658060694 0.316752013729322;42.5362501101
-7.062181659254372 0.24960320685876672;49.94339335192
-7.054852182988287 0.3004983023105318;44.43790685860
-7.033595894452548 0.4504607500622136;21.066289721611
-6.984566358466044 0.798348313419678;55.75327711875
-6.96112286137509 0.9639756507847919;69.26934715994
-6.953978955312658 1.0133362016059837;72.81493441316
-6.9582994033472305 0.9808741182327155;70.50699555277
-6.971353680404093 0.8861049642690938;63.28431739374
-6.991966545374861 0.7375029979495813;49.892594935513
-7.021128581669359 0.528163506618688;18.79172918294
-7.079961706250218 0.10820036468451211;62.72355522730
-7.1118623760421205 -0.12029551131050353;79.15418553793
-7.126299378657657 -0.22481805049013937;85.62426719516
-7.12858060566696 -0.2431213356896251;86.70558251557
-7.122040727741132 -0.19886850989499666;84.05872372997
-7.108774875551381 -0.10688223072084573;78.27397810421
-7.089962481991073 0.024540100778971355;69.1764487828
-7.065910769460563 0.19331722593085388;55.342424705173
-7.035492362232508 0.40760154941941185;29.589749672083
-6.989373828049571 0.7340815627419497;49.584934246458
-6.96963684701934 0.8728298199926277;62.24536950783
-6.966362212227839 0.8943098448006293;63.98405558802
-6.974861277307115 0.8318994251686671;58.80205813092
-6.992977085448938 0.7010215287155241;46.07398877865
-7.021471353261094 0.49637798123072935;5.83269971291
-7.163268448630073 -0.5091627148474778;101.1365699263
-7.260272786252554 -1.1977764044073678;131.36254160583
-7.325955946245123 -1.66514775972482;148.41286057945
-7.369240321399756 -1.9745020779825464;158.69448673576
-7.39637664255641 -2.1700555299976862;164.8629072419
-7.411817637792889 -2.283258465317033;168.32944305379
-7.418757513380294 -2.3366409330265787;169.93815934085
-7.4194951796167095 -2.346396472077477;170.2282010149
-7.4156874314306505 -2.32417999447315;169.557674805
-7.4085283527462495 -2.2783798570024762;168.1699833164
-7.39887755307233 -2.2150258888761667;166.23250265394
-7.387352272556004 -2.138440743139415;163.86050867856
-7.374393704361155 -2.0517083373596674;161.13259245072
-7.360314794298266 -1.9570110500492763;158.10085363622
-7.345334666228663 -1.8558722608793574;154.79772208559
-7.329603345303907 -1.749330295356436;151.24049789260
-7.313219401988625 -1.6380623646421182;147.43426737799
-7.2962423836598305 -1.5224717134375396;143.37358419130
-7.278701345606237 -1.402747245622616;139.04311777473
-7.260600373097951 -1.2789019133923856;134.41731516488
-7.241921648051323 -1.150793753501127;129.45895430115
-7.222626307836351 -1.0181312773945796;124.11623352352
-7.202653008418825 -0.8804625300911012;118.31764477252
-7.181913637536298 -0.7371437969600003;111.96310088103
-7.160284814456816 -0.5872781426210489;104.90808674247
-7.13759214226835 -0.42960199601660753;96.93343365531
-7.113580173909582 -0.2622693044783928;87.68156144054
-7.087849765394821 -0.08240194239859089;76.4999058167
-7.059704951908291 0.11500794460601907;61.947606693319
-7.02765497154379 0.3406637645973848;39.172485155771
-6.986186095087259 0.6340535237790108;38.23819517249
-6.974041960167901 0.7185615582897377;48.21624775828
-6.979611018122104 0.6768370212656262;43.58331188714
-6.999733814711318 0.5314239680131378;20.392034300421
-7.048887202388505 0.17928360681261402;56.38414723782
-7.072467651342517 0.009543412075381341;70.07601505614
-7.079688915998114 -0.04366134381828257;73.84527827684
-7.07540834438608 -0.014974603307603043;71.83374686919
-7.062422695378053 0.07571835883015816;65.07242186190
-7.042043140295458 0.2191637047266652;52.6356639287
-7.0137081053070816 0.4195072164192308;26.9396747810
-6.966855355619964 0.7524293782488105;51.70804838396
-6.945956517588144 0.9000498003871368;64.65148757620
-6.941375372990385 0.9310335304288394;67.05346366445
-6.94837938364334 0.879178346931831;62.98912056977
-6.964566576684529 0.7617043881896425;52.628121604235
-6.989698897573832 0.580426021906041;30.339691447456
-7.031215994458048 0.2824482700445681;46.06572954247
-7.046426113507876 0.1723559693233114;56.96504666200
-7.0452241408977665 0.17937364947333567;56.3303632483
-7.031838304389528 0.27334029247348135;47.053846353537
-7.007069299188782 0.4486521430560577;20.606143385473
-6.954842053475359 0.8204737254148744;58.062808547537
-6.928501466355164 1.007238331413102;72.63904823436
-6.918719639000676 1.0754641982582231;77.28218067676
-6.920505773874368 1.060820922658323;76.31230783995
-6.930899001077354 0.9845288931488698;71.0345841087
-6.948298786674488 0.8581153610685976;61.29443794277
-6.972421626274261 0.6837191602335089;44.479407033755
-7.005823695768195 0.44323844122306366;21.84214370113
-6.998229850585347 0.49607566490928573;7.982032850528
-7.0806224364787935 -0.0914468446509224;77.02263411509
-7.131912207544336 -0.45774503045933035;98.33365266575
-7.162314039050887 -0.675744455584806;109.05735830604
-7.17806982578132 -0.7898957028034322;114.27105570916
-7.183361431304243 -0.8299154595360109;116.04205667747
-7.181063684806901 -0.8161908728944853;115.43475890522
-7.173164760834608 -0.7627911231338116;113.04747247251
-7.161030122276708 -0.6793545718376784;109.21438220510
-7.145574762487578 -0.5723177629598629;104.0915131617
-7.127373966346739 -0.44570380442028207;97.68620938282
-7.106726267123337 -0.30156846315864905;89.84118387918
-7.083668007163447 -0.14009970492724272;80.14677869160
-7.05791167179603 0.0408290423580282;67.65427794861
-7.028579655013467 0.24757209495340207;49.67215821210
-6.992901445727486 0.5000519779382514;10.539719715008
-7.033240032908293 0.210690896730092;53.31885570335
-7.04966023672598 0.09213578813880044;63.65664433559
-7.050643005176853 0.08370400915621476;64.3265898269
-7.04040861609084 0.1552837959644421;58.37252512131
-7.020839248568863 0.29352984264923676;44.68312237837
-6.9907621768052834 0.5069902137591544;13.551429454364
-7.020387063373904 0.2943884844537107;44.579752441596
-7.0263831035942115 0.25058651168940793;49.33633648731
-7.016543702057486 0.3198525956267963;41.55889181233
-6.992435853615888 0.4911089869831698;4.685604949544
-7.124704485900995 -0.4450703089587678;97.63430858969
-7.214500199297823 -1.0809979755880368;126.57777032175
-7.2747193668968215 -1.5082581645973088;142.76735170178
-7.313833782703437 -1.7868380142298907;152.40007650782
-7.337753842009928 -1.958501104295809;158.04331204705
-7.350677532869591 -2.0528592683434623;161.06015027392
-7.355608862568471 -2.0910684516696283;162.26448720149
-7.354704645787782 -2.088294787377747;162.17489086293
-7.3495151900879625 -2.055422681508207;161.13443192810
-7.341154295976409 -2.0002591607673894;159.37478031188
-7.330420435023939 -1.9283910005810887;157.05349726989
-7.3178835453045705 -1.8437977500962712;154.2770057972
-7.303947328192591 -1.749291091583202;151.11526441928
-7.288893946006526 -1.646829611742743;147.6113026700
-7.272915985105801 -1.5377435293836406;143.78736956881
-7.2561391232772365 -1.4228937588815147;139.64868730125
-7.238637916483927 -1.3027824000167476;135.1853432879
-7.220446360491981 -1.1776263416687758;130.37252301381
-7.2015642848432835 -1.047401412547988;125.16897260781
-7.181960107441552 -0.9118607421245544;119.51316907839
-7.161569904439718 -0.7705268964171663;113.31597106044
-7.140291937981848 -0.6226515317302013;106.44707392211
-7.117974300899349 -0.46712565465002864;98.7091747422
-7.09439001711081 -0.3022997134630395;89.78446878407
-7.0691850375679275 -0.12560879698436606;79.10791258458
-7.04175515447296 0.06731309126299312;65.49331785153
-7.010874881508558 0.28530037861387475;45.44170551000
-6.972780170620733 0.5554199051738642;26.340588064099
-6.971329205184815 0.5637166932869488;27.909021330653
-6.995278798393606 0.3905160187005141;31.466210459466
-6.990614841200621 0.4224794692469591;25.760909876965
-6.960031997118396 0.6403335996438467;39.51623836109
-6.9552203231058884 0.6736311527210286;43.60569940723
-6.967659547580793 0.5833426296190833;31.3128798712
-6.999072291713066 0.35727818069429557;36.44318666548
-7.002917613713504 0.3286857029473568;40.24475020871
-6.988336036406052 0.43205044930125747;23.761521207435
-6.948193912852059 0.7187050636363336;48.6032549747
-6.933044000392589 0.8261820522505294;58.81085849612
-6.933728626367288 0.820013642683151;58.275638122959
-6.946145357985961 0.7296480404856692;49.74559533437
-6.969240856857333 0.562756706604751;27.788824373827
-7.0113083135634975 0.26019197327549254;48.133158053342
-7.027620176580282 0.1420637267018309;59.343358551210
-7.027754812728 0.13966123445663886;59.547126849374
-7.0160557038504034 0.22191277482644933;52.023839247637
-6.993984507130607 0.37845924261474456;33.30151191842
-6.956772757075202 0.6436772889597172;39.994218007001
-6.9468765203775575 0.7132536411115037;48.05788877378
-6.954086776173531 0.6602266338225564;42.05823624655
-6.975935065597044 0.5023527063379049;12.566590175278
-7.0476146320433255 -0.011734505756398783;71.33332640125
-7.090353510060114 -0.3189485835972306;90.67564701004
-7.113911889639259 -0.4892827414212619;99.79659941199
-7.124083291654524 -0.5641903533610635;103.55247533035
-7.1246775307577295 -0.5708733021847853;103.87881828762
-7.118263185552336 -0.5276311357189633;101.7307270604
-7.106565937176668 -0.4467269119021827;97.5871070426
-7.090705741558948 -0.3360903928758234;91.61901990017
-7.07133258336697 -0.20029040478803095;83.7148798090
-7.048672821880191 -0.040863639999702606;73.35764740178
-7.022438054045988 0.144345428427872;59.0891469165
-6.991301227340845 0.36495552285444177;35.219205427911
-6.94858858468804 0.6690014101115564;43.17823443852
-6.933351273306875 0.7763056708300979;54.39904627179
-6.934929388716349 0.7631095550799711;53.15099509648
-6.949152599700541 0.6593060481170113;42.03036913779
-6.976147647946685 0.46408312722876804;15.057957189623
-6.949543306412232 0.6538771448787059;41.372447337168
-6.946835166892669 0.6722610885792943;43.582328421
-6.9608077285791214 0.5709642051635464;29.430351586135
-6.994748714783831 0.3265931929651704;40.3626575445
-7.002328484413866 0.27121310856526964;46.839477190066
-6.992942699494689 0.33739223974563565;38.96851381853
-6.968104279259292 0.5143967059197827;17.0161758544
-6.99090060958274 0.3502100649675973;37.2479426733
-6.988859046797142 0.36406545872900276;35.29710008605
-6.967553124974288 0.5160394696934063;17.515033273879
-6.991769161455727 0.3418577044664218;38.369442710511
-6.991316898391479 0.344444754894939;38.0222392894
-6.972592620590553 0.4779725781258713;9.08449982825
-6.881817511934045 1.1299047383333831;81.04418174821
-6.823693183588985 1.5467068050263686;104.00670804957
-6.787602682303243 1.8045521257220027;115.95609146885
-6.766977415882613 1.9506796744073465;122.21088157331
-6.7573870137185965 2.0170142672446696;124.94805664554
-6.755767167615907 2.025677483194342;125.30309264051
-6.759981085988557 1.9921233405226952;123.93356635368
-6.768539996002912 1.9271405116832583;121.23500330405
-6.780416661905772 1.8381906070995193;117.43961067627
-6.79491919581502 1.7303154013818993;112.6644676606
-6.811606822459155 1.6067436820571988;106.93201522353
-6.830237409598611 1.4692704359558422;100.16905355470
-6.850743055939893 1.3184349018794113;92.17855425316
-6.873238691802008 1.1534621274426624;82.55690158809
-6.898088996503124 0.9717870996344743;70.45479219822
-6.926134095235692 0.7674424557892079;53.67112649669
-6.959641111685831 0.5242482394331289;20.000930722249
-7.019091532636757 0.09553147644850352;63.049249179522
-7.0516001442769145 -0.13980103551376216;79.84500137841
-7.0666366052801015 -0.24988818055000037;86.58923830469
-7.069519518636039 -0.27292675280751194;87.9331053512
-7.06360326053649 -0.23295486238963892;85.58050496576
-7.051014160009381 -0.14516892424840272;80.17541496348
-7.032986054224793 -0.018345413785072817;71.65189728817
-7.009943869189552 0.14455717601704832;58.9226806344
-6.981137978223145 0.34903384788655795;37.22279901843
-6.941233886470086 0.6335793371988496;38.988521196173
-6.929771001154614 0.7141132971572152;48.393501616824
-6.935695649558449 0.6698510237962947;43.48317833930
-6.956015477525153 0.5223096624671677;19.638639464637
-7.00641180180151 0.1591845286530334;57.62451329263
-7.03124760753591 -0.020529047367421616;71.78715936848
-7.03968846389133 -0.0827562738289612;76.07750976080
-7.0366371489862924 -0.06268018627336844;74.71717006788
-7.0249860571044875 0.019004236600158056;68.91371448708
-7.0062458633229685 0.15155026170418762;58.2815082729
-6.980472957184244 0.33467996430455266;39.09297330211
-6.943695479742221 0.5971172329122467;33.937518638166
-6.937188721173726 0.64231587096698;40.16415492456
-6.949707534214396 0.550926885250119;26.096292216170
-6.985566967232243 0.2920955870890786;44.28914018967
-6.9961142392901845 0.2150992195540372;52.40913057729
-6.990509169592855 0.25405052198793654;48.46785523159
-6.971972995290899 0.38587703111286653;31.68577637385
-6.936352308995405 0.6406275691053717;39.96780407306
-6.927584385278011 0.7024374212443752;47.20308545944
-6.935844079682536 0.6418234882790552;40.12604744346
-6.959214548630235 0.4726496815774763;10.827161885791
-6.911903140134195 0.8125757255715315;57.89552262354
-6.889131307687703 0.9756793387680857;70.81797449001
-6.88215886202427 1.024766342198274;74.26898792761
-6.886321384532791 0.9934481324475808;72.08902395590
-6.898943195113137 0.9010752503194787;65.23232023476
-6.918798430221161 0.7565924877508126;52.746537427618
-6.946506647982894 0.5557023131750081;27.07915173185
-6.992534635535637 0.22345971069029924;51.556349077607
-7.012758283165157 0.0766406511812977;64.46178502262
-7.016728443402894 0.04648143239627145;66.80283235526
-7.009144201278589 0.0992293308084958;62.64394001537
-6.992393140493169 0.2178056865246672;52.100214515452
-6.96667898783039 0.4008739143189419;29.094442843109
-6.923843942327388 0.7073304205213906;47.77322391269
-6.906915179991579 0.827552406291761;59.233771426653
-6.906165795695906 0.8313459598949231;59.56199745562
-6.917226496223386 0.7501465816539484;52.152450661938
-6.938626103857033 0.5946255878094978;33.672888590438
-6.974967358387712 0.33188346265332347;39.35177545609
-6.983913273214663 0.26620812687686224;47.09844309649
-6.97565161370774 0.32424306884328224;40.32342969629
-6.952285071484056 0.49095028983430855;8.752640116409
-7.014815337388862 0.04193261906647244;67.12260280454
-7.050267145838603 -0.21311851259778902;84.30174548145
-7.067932730687567 -0.34099244133112117;91.71078947562
-7.07320006489077 -0.3803136347859467;93.87036914195
-7.0695388889275375 -0.3558923208541299;92.53206791441
-7.059219091816334 -0.2839130577880747;88.4736727249
-7.043672835930274 -0.17454569375038914;81.92455481243
-7.023671040895003 -0.033213977862525695;72.59239325637
-6.999320267274897 0.13943276559110693;59.23068892580
-6.969633725938926 0.35061998706041586;36.791418400604
-6.9288941960310115 0.6416698645249954;40.226994061207
-6.916238536155163 0.7309301043147923;50.28882697203
-6.920720464733519 0.6969702952030683;46.721967303310
-6.938842189030407 0.5649694540298646;28.9259649739
-6.97616605942332 0.2950944150059966;43.79946427276
-6.987633086079838 0.21125656120645095;52.662205164205
-6.982783435100144 0.24472724447994793;49.31154801242
-6.96506447538862 0.3707633783779975;33.84718733356
-6.931471840359079 0.6111615754744317;36.184323651409
-6.925996465971874 0.6493416265805555;41.21900973849
-6.938802535207239 0.5559898819109239;27.32897743577
-6.973629204582311 0.30436995744661205;42.68528514546
-6.982852878165673 0.23691653706524124;50.098705114198
-6.975686370650623 0.28727880781576376;44.67586952914
-6.954811424457067 0.43625181767364596;21.811682756378
-6.907566807077236 0.775274538744364;54.632183182070
-6.885549949374243 0.9325519133954178;67.73963232457
-6.8795688300212525 0.9741515475902122;70.80315318413
-6.884909307523714 0.9340397446864291;67.8559238853
-6.898990092808924 0.8308823103682769;59.60631264647
-6.9209154781854965 0.6712432685768299;43.877405083372
-6.952802691255227 0.440049146359429;20.85485822474
-6.9428276771878945 0.5105943534003119;16.931989370588
-6.976589105065681 0.2667998159280808;46.926730724488
-6.986503296004269 0.1944845201407215;54.21756551233
-6.980897033501578 0.2336852718722876;50.39326897881
-6.96293080477797 0.3617474899630815;35.11264028190
-6.9299057385376495 0.5982962557678511;34.390607857168
-6.925843183749953 0.6264354127859988;38.340319316689
-6.9409493319929965 0.5165961143568979;18.69294246562
-6.989235525589974 0.16824703668346314;56.62048630032
-7.012336973156627 0.000919953910021587;70.08762026656
-7.019294068107539 -0.0505247912483202;73.73392386387
-7.014886970171432 -0.020443296142658413;71.62102992946
-7.001863627710973 0.07148093500377496;64.74319543989
-6.981494645165373 0.21622190627170407;52.10616498028
-6.953147372921519 0.41848418763589956;25.521328900089
-6.905072190551176 0.7631689615445333;53.54438142155
-6.882698195045833 0.9227412554967374;67.04056870670
-6.876556772505529 0.9652550712403524;70.20136631083
-6.881858663147557 0.925208441115743;67.23301580204
-6.896000680016618 0.8214156020097158;58.84152785223
-6.918116519328554 0.6602189533314353;42.647199673795
-6.950592586827301 0.42459098192603134;24.220655535882
-6.945705381962613 0.4584240357476236;15.523830777567
-6.897291592634772 0.8063147045045433;57.52784363649
-6.873761613045296 0.9747116943390668;70.89914701501
-6.866199873936568 1.0277647762474609;74.61805056851
-6.869865094538724 0.9996726817234902;72.67579305708
-6.882022064716088 0.9102280015617925;66.10732710722
-6.901370412618134 0.768909667319891;54.12539743032
-6.928339867162579 0.5727589149988115;30.483956469964
-6.970895180888332 0.2646423556195202;47.071915234628
-6.987322085809043 0.14478565862878678;58.633969714529
-6.987466422124491 0.14213569147798188;58.861339714303
-6.9757051888421895 0.22518565199358503;51.15939087987
-6.953439055170196 0.3839452536626444;31.58326156749
-6.915067628369955 0.6589791756222323;42.55114713228
-6.903175552749052 0.7432794319267985;51.67795313285
-6.907822576066842 0.7083538193288323;48.11144713582
-6.925610367002502 0.578737455240435;31.51036677925
-6.960675974495342 0.3248061874261027;39.99336520094
-6.969006062299795 0.2635560484128364;47.15932505224
-6.960343138960532 0.3247021467787886;40.00058787938
-6.9365804640397455 0.4946961857125536;11.664507312931
-6.978756959786963 0.190483253301103;54.48636302302
-6.996909079102352 0.05901569576072199;65.64646717723
-6.99957937602963 0.038723353582022835;67.20274874086
-6.991129100520026 0.09826785076937958;62.5193686081
-6.973748852662572 0.2219923590793606;51.44420726586
-6.947437744166291 0.410065228187627;26.975596396827
-6.9023506366909695 0.7337373507737663;50.7569962128
-6.882873539256138 0.8727535206525224;63.19872932082
-6.8794833925639995 0.8956417922890763;65.02111782976
-6.887590325112159 0.835511320460359;60.1245776166
-6.9050120864057 0.7081775747914731;48.13351276900
-6.932164110697063 0.5107812681863497;17.41810933934
-6.9919676623456235 0.07856573636760911;64.08555483924
-7.024957966265128 -0.1606183666827367;80.90735615645
-7.040496952146286 -0.2743553250426269;87.78159206612
-7.04388941232747 -0.3008576422544998;89.30561740237
-7.038499489641662 -0.26430252810172705;87.1908035444
-7.026478038436059 -0.18010420459003995;82.11616167589
-7.009104455800146 -0.05738896475321152;74.10179413979
-6.986899682571697 0.10018909199350891;62.31805758206
-6.959394257216504 0.29612893699300913;43.41274662139
-6.923173095532734 0.5552183673171196;27.58346508987
-6.921722461042277 0.563979291375686;29.16441850777
-6.944425081180539 0.39883739789413225;28.911864443075
-6.937053272878048 0.45079751519207467;17.474701788666
-6.89188072260506 0.7758024339085545;54.87834502264
-6.87129942273379 0.9232013686593024;67.1918268406
-6.866433751986538 0.9569478342610128;69.70692030708
-6.872727071694835 0.9099602862519293;66.18386241644
-6.887745414561444 0.7998929124879612;57.08219997037
-6.910851608224926 0.6314694269329549;39.25725091528
-6.9454389079158325 0.3804019832727994;31.966298766766
-6.9490872412203695 0.352721212506554;36.11054825649
-6.932514543615279 0.4710109318938059;9.821817321389
-6.849531136359557 1.069839924449247;77.53499858211
-6.797468906800105 1.444869869157858;99.16900296148
-6.766121799427964 1.6697078638072518;110.11884212189
-6.749269146534504 1.7893210604121996;115.5225380596
-6.742753268722179 1.833824178024806;117.47093764650
-6.743722082944421 1.8239147135285916;117.04268363239
-6.7502065021380595 1.773910600476258;114.84790292321
-6.760855189120386 1.6936602440809096;111.23349824108
-6.774761109013223 1.5897938102428972;106.37226975776
-6.791348836337185 1.4665378992539988;100.2974199567
-6.810307532249456 1.3262016162738857;92.89732264575
-6.831566655443925 1.1693549940842964;83.85602235090
-6.855330613152601 0.9945831481053495;72.46262575020
-6.882247840001148 0.7972728571051064;56.91874240120
-6.914112850824074 0.5645612216987439;29.44372281899
-6.961017764638505 0.22380633081015544;51.09420797042
-6.981823891103285 0.07161831962056808;64.51586457853
-6.986278638135095 0.037453572191370146;67.15891791945
-6.979151138545809 0.08686448080407036;63.29323286641
-6.962897577334352 0.20217213387635924;53.19495442785
-6.9378805238705255 0.38086384343285823;31.728889002665
-6.897640154254151 0.6698001504245141;44.07937810219
-6.883772577031076 0.7683824036048642;54.300781278052
-6.88628792950313 0.748617016971117;52.415047101815
-6.901289745255415 0.6386687614501205;40.32872400804
-6.929436340223007 0.4339093909747699;21.53918976664
-6.917886536980002 0.5162081811216384;19.43098601443
-6.94507435302711 0.31905669375953316;40.43894985971
-6.947852763946281 0.29810309982591293;42.998356008074
-6.933732036906977 0.3991050389524702;28.60711463641
-6.899112771952037 0.6482632977588026;41.53832477655
-6.8903332162173605 0.7107022423606699;48.60427075143
-6.898084182608582 0.6536058555655962;42.19382286737
-6.920143547689309 0.49312584097433865;11.964772658712
-6.994317537993308 -0.0429055244526273;72.97594791352
-7.039182888434544 -0.3678053692938059;92.94388730312
-7.064548081704893 -0.5524672550328221;102.5742544908
-7.076286934966476 -0.6392487909437301;106.79941830514
-7.078285692251228 -0.6561158569531812;107.59952626062
-7.073182658316288 -0.622014051727768;105.96855177052
-7.06277041938388 -0.5497854298188871;102.43116377369
-7.048240745534392 -0.4479411864183539;97.22613083027
-7.030334460166848 -0.32174402875376507;90.36241802323
-7.009418557733836 -0.17376269064182553;81.58247633288
-6.985481331872429 -0.0038319377498121643;70.15870086332
-6.9579604430098065 0.1921984921884226;54.06130444131
-6.924892302855064 0.4286324205177995;22.593754765224
-6.869937063641517 0.8238855546993591;59.3545846007
-6.841190227765179 1.0297234034866318;74.97854041480
-6.8292279711903845 1.114097499953235;80.51238571993
-6.828943117755163 1.1139037712999664;80.50276935672
-6.837230138553494 1.0516298334719048;76.46150888368
-6.852268449337582 0.9405041229695744;68.65860707857
-6.8733012047227655 0.786084234607243;56.03676137009
-6.9010215714815475 0.5834701961534625;32.77686110464
-6.942451968272028 0.28209606959445166;44.73855281358
-6.95734328048081 0.17273831660937675;55.825402919474
-6.955813974161234 0.1820907262860884;54.96155819201
-6.942038614626844 0.2799860286757785;44.96753240261
-6.91648895000895 0.46312196092900765;12.382447566754
-6.84173655422708 1.0030147094001707;73.1698844075
-6.796232686837037 1.3309355487952714;93.2547688849
-6.770133083102091 1.5179960004960777;102.97155167145
-6.757562727976881 1.606727181792436;107.27423718689
-6.7546472609880315 1.6252332765606692;108.15186345719
-6.758764639525967 1.5925725736395273;106.60462163512
-6.768138687480925 1.5216841039752154;103.16364707569
-6.781591810164902 1.42117123344854;98.07663107669
-6.798393181387088 1.2963988338921308;91.36751493937
-6.818178622493114 1.1500743055050675;82.80854853231
-6.840947864962052 0.9822708564731006;71.74526979956
-6.867209606765509 0.7893848086832858;56.40500357358
-6.898677094181297 0.5591195461481328;28.875785658445
-6.945699624451481 0.21681526217964886;51.56811866961
-6.966747120210276 0.06258964383053872;65.05079165813
-6.971491270734071 0.026291460420343984;67.83334143130
-6.964701500997886 0.07339559283560985;64.19226358188
-6.948872911286273 0.18590261294618327;54.52507379100
-6.924513171253359 0.3602427645700857;34.56277797996
-6.886590244750769 0.6330319429075739;39.87842897645
-6.876046770046756 0.7077999179759221;48.508009859665
-6.882501758690044 0.6595483972022702;43.14266911316
-6.903213732904903 0.5081690259450607;17.814507308853
-6.957239801773737 0.11611959558630391;60.6861990509
-6.985434872689542 -0.08920669760045491;76.00183124573
-6.99694527764812 -0.17409935261958695;81.49608389483
-6.996815144628639 -0.17503299179224935;81.55225050538
-6.988146933720211 -0.11438300302719889;77.66548281137
-6.972793237242584 -0.005459600374493043;70.14860459684
-6.95158930215017 0.14580183116147888;58.1204236056
-6.924068634713947 0.34290752384653966;36.979337193695
-6.885138381631706 0.6229310978140509;38.61609289136
-6.874417139763391 0.6989059312820814;47.60538967960
-6.881007328682796 0.6495839371960858;41.995617555625
-6.9022513264719185 0.49424997027203066;13.387337969365
-6.969521688905728 0.006404516210248623;69.26453111019
-7.00884154976653 -0.2794516641704087;87.81887802492
-7.029728609748021 -0.4323134873925053;96.2837587666
-7.0377664296407625 -0.492566800961451;99.42118959084
-7.036595365894384 -0.48648538130471386;99.10647920897
-7.028643670822453 -0.4315544557480175;96.23640637943
-7.015511376746296 -0.33926231632554815;91.21297463609
-6.998188425366227 -0.2166835323241472;84.07940506731
-6.977157115956639 -0.06721976579023839;74.46321708290
-6.952356399930185 0.10966418648363277;61.16053521503
-6.922789593410808 0.32129530190753874;39.77430687877
-6.883678645539905 0.6024590843495763;35.89322776634
-6.874175432227437 0.669437298227139;44.40404489433
-6.882701562828267 0.6059319342412149;36.39270845959
-6.907897635420747 0.42183704340433426;23.558235789717
-6.8970387512486235 0.49932640322639243;15.404697965922
-6.9339341354720405 0.2313154618713673;49.97852989040
-6.9471429124590065 0.13470983462616262;59.01511230553
-6.945070225972529 0.1485753081286742;57.80292126810
-6.931537396961481 0.24530560826576367;48.52362211067
-6.907320281758763 0.4194244104589473;24.04890429092
-6.860794446483601 0.755495304620793;53.39713952072
-6.8395104109012115 0.9084865075907496;66.4166544916
-6.8342005607474094 0.9454681595464465;69.19849878542
-6.84019373489299 0.9003274946472897;65.7921478884
-6.855004233914451 0.7911652141206564;56.71075690921
-6.877979291427743 0.6228313476782023;38.7307494477
-6.912625218861317 0.370095311627076;32.85594991486
-6.917005829430977 0.33694499086188556;37.6479411521
-6.901842957050242 0.4455543809861495;17.58090494681
-6.851392374198221 0.8104068296778661;58.42592545413
-6.826104396315171 0.9925902125260881;72.60123669662
-6.816959190318323 1.0574166150484432;77.01931569134
-6.819111126138356 1.0400563131638998;75.8640940750
-6.829692886521996 0.9613817405337824;70.3832980275
-6.847177703804264 0.832566599723384;60.34140922505
-6.871374696427845 0.6551168294150247;42.80498462340
-6.905209356258227 0.40799040214781734;26.26618382871
-6.903732503650173 0.4172522610063945;24.395478638381
-6.874321858720882 0.6293534344051315;39.62802738612
-6.870104752922437 0.6587828994233524;43.251607403715
-6.882914537008238 0.5647132490610393;30.192093225049
-6.9151465262475 0.32993423640956276;38.535170160389
-6.920855113749645 0.28748389894023946;43.79132802177
-6.909239756929114 0.37059846827168785;32.707729956449
-6.879579393439816 0.584654058627806;33.40303848609
-6.878432827486572 0.59197753455796;34.50572117006
-6.897552756290588 0.45234874852526774;15.332524965150
-6.866512845759345 0.6769762115535167;45.36192332390
-6.858886824739096 0.7315653894070118;51.131519219819
-6.866721501904341 0.6737960609555171;45.006594775142
-6.887749558959195 0.5202348843317052;21.437650588683
-6.935367431810394 0.17407466369811714;55.43087650968
-6.957810237532256 0.010252747027524323;68.86780171321
-6.964185650660688 -0.03735375208804166;72.30432094177
-6.9592393934261905 -0.0031124038199416004;69.84606008959
-6.9456508193678745 0.09364159728624911;62.38269307460
-6.9245473939614754 0.24485388855306672;48.47037442125
-6.894772157852567 0.4590759994503353;12.799306519567
-6.818916769565813 1.0085135934393463;73.75679535835
-6.772497914805616 1.3439842924048389;94.12356113940
-6.745634189770146 1.537081402266194;104.05396433885
-6.7324109983620986 1.6307487686079067;108.54512633231
-6.72891938720546 1.6534239318909794;109.60644719838
-6.732507478341227 1.624437079179097;108.25330649424
-6.741372167393568 1.556959804370237;105.03252996293
-6.754309139798779 1.4598134912515568;100.2126231937
-6.770556966983805 1.3385992617634916;93.85099434307
-6.789709430173468 1.1963352516050905;85.7837040652
-6.811695123936696 1.033607501226903;75.50476537163
-6.836867857371339 0.8479192793088672;61.71563721576
-6.866438159343526 0.630571160230993;39.91760271249
-6.905367307473494 0.34570090466913234;36.24421348719
-6.9148823264859915 0.27470341289301475;45.13656733316
-6.906545810482073 0.33345557382012436;37.91868671891
-6.882207534244922 0.5085714199127749;18.719038815781
-6.901176499238635 0.3697443433029006;32.66808789682
-6.893963998442902 0.4210811298944972;23.309004045
-6.859062490096209 0.6736571285003314;45.1079826776
-6.848670883535207 0.7481391933439956;52.86107552994
-6.8540168999449165 0.7081735257435127;48.85748251319
-6.871988202808625 0.5764450532085437;32.3117439642
-6.906476663528405 0.32490105192958385;39.030056647704
-6.914091606332263 0.2684968523066513;45.807466112078
-6.904586849946023 0.3363352983253769;37.500661544169
-6.87919292200517 0.5195936147961134;21.562734308
-6.892510574247015 0.42201267732489844;23.064603246676
-6.87237018837566 0.5675655171577374;30.89724414249
-6.879861382492715 0.5124530787543347;19.81203866147
-6.920147044748038 0.2193919573566504;50.971194469582
-6.936141845438632 0.10244848128867853;61.56535688851
-6.9366200910191465 0.09787227784775021;61.94143293975
-6.925776885961641 0.1752799673371427;55.20173890548
-6.905274628219602 0.32273198393915015;39.28603520065
-6.872644928163828 0.5583544590973384;29.360776787421
-6.872136152840503 0.5608740667745071;29.798964766676
-6.894857541620537 0.3948034491054301;28.418928429915
-6.887256142891078 0.4490938123248734;15.921111533287
-6.838337738221058 0.8039187411670061;58.022142654653
-6.814233586743737 0.9781456674463036;71.71225063872
-6.806057418918857 1.03627754311217;75.73222788074
-6.809056786859296 1.0128992746241183;74.14444085276
-6.820455655289314 0.928277722030437;68.08262707486
-6.8388548671575515 0.7926949806966448;57.03999870760
-6.864365900561376 0.6054776015545069;36.67592065640
-6.901832673452148 0.3316395538252089;38.072194679439
-6.9111999430504 0.26210153862654834;46.45774530339
-6.903199176964187 0.3187694133107769;39.75151375695
-6.8799569435739745 0.4862630246533962;11.399995089224
-6.9234067578873155 0.17025037994451914;55.626200224013
-6.942855679006667 0.028239817016885854;67.39470379702
-6.946834724977858 -0.0017683715638744518;69.62604145945
-6.939783616644133 0.048053042032766655;65.87533805256
-6.924078476739656 0.16056255351442117;56.49898691949
-6.900298957932638 0.3316968461953359;38.03684009975
-6.8646985992886105 0.5888909128669739;34.331505240524
-6.85859081615083 0.6319303725964176;40.22192202126
-6.871182417279414 0.5391331002107028;25.91595972008
-6.906978470606243 0.2779274090676244;44.65559905065
-6.917784679598596 0.19826215119163482;52.97374401640
-6.9126598743619505 0.23423760764446377;49.38784431131
-6.8949027320830565 0.36195680388765517;33.711910961879
-6.8614072372052615 0.6041876907894104;36.555158739549
-6.855617064356381 0.6451136689133135;41.87864392474
-6.86775913617215 0.5556880825201809;29.018720876838
-6.900372499442852 0.3176122454776358;39.847972658
-6.906990229230212 0.2684589669934112;45.70435489522
-6.896734943845818 0.3418664336892375;36.60740414465
-6.870361503923641 0.5324733427864551;24.61882794884
-6.878954069459925 0.4691077361819758;6.428361946816
-6.777649749396195 1.2090292425953224;86.61535588638
-6.711130195418765 1.694385585487309;111.56731838182
-6.6683318745913045 2.0058088353697188;124.97899829821
-6.642264840359146 2.194376752158756;132.44127841403
-6.6281581145256565 2.2950239875346554;136.25776870451
-6.622679362264769 2.332195314495801;137.64178515125
-6.623480626850128 2.323144454539854;137.30865358914
-6.628903686304533 2.2800783388921397;135.70444097035
-6.637780189744242 2.21161437750162;133.11303905240
-6.6492933301914325 2.123790809925873;129.71233309533
-6.662881435473748 2.020772088817595;125.60535048778
-6.678171079376656 1.9053391784594569;120.83717057576
-6.694931730414492 1.7792227569499137;115.40209541310
-6.71304704760658 1.6433149357962384;109.24206919523
-6.732500588467069 1.497775866028177;102.23395797486
-6.753376908570203 1.3420282948210176;94.15723970362
-6.77588496675287 1.1745900986804698;84.61734195737
-6.800426515503162 0.9925804628115293;72.84150437787
-6.8277899089907095 0.7903162791278746;56.96406165539
-6.859877240239712 0.5540375940449191;28.920575070636
-6.9071836872013765 0.20758563699247895;51.94491740446
-6.928611492269144 0.04961198961590174;65.63898946766
-6.9337889168819435 0.009873657338204722;68.65286187887
-6.9274948508697225 0.05357230826344592;65.32464060453
-6.912275287156781 0.16222842263206882;56.20623428402
-6.888809263912952 0.3309960629823644;37.92053889740
-6.853413548766873 0.5868574345532094;34.26078982058
-6.847464415716518 0.6286172532535518;39.99895759867
-6.860239870076453 0.5341866759154079;25.242063035900
-6.896837044110319 0.26662382263408;45.751900988752
-6.908624571779155 0.17960502059825564;54.59151438694
-6.904624266125598 0.20738213722195742;51.930493768956
-6.888394142046795 0.3241194517102735;38.81001326460
-6.8587276987172 0.538762188664057;26.173473126231
-6.863197391672689 0.5051172134189766;18.492795123777
-6.903660010002636 0.2097852053390875;51.685586619705
-6.920004457772469 0.08981733936192338;62.40445445746
-6.920916829085888 0.08192812739906553;63.04370777356
-6.910613162910043 0.15549125284729354;56.78250089641
-6.890883282307269 0.29759665871279534;42.13169275326
-6.860043690636319 0.5206819310585606;22.409946585670
-6.868069661274625 0.46110967763123684;10.324098855079
-6.807222501930479 0.9043128523433788;66.4344932702
-6.772821977575798 1.1543299558651587;83.43603551219
-6.755702416411806 1.277895331292865;90.66909008404
-6.750600182952006 1.313428671597062;92.64581071322
-6.754154077687503 1.285523800475479;91.10044555809
-6.764189157629714 1.210139244491367;86.78468919464
-6.779361940319058 1.0971735559500915;79.88056721359
-6.798998950749172 0.9516405026297139;69.98746979075
-6.823141417179082 0.7733488428301579;55.511157086595
-6.853170277007228 0.5523665233843283;28.79030953393
-6.899050084921749 0.21635844400613402;50.982994419902
-6.919195485147762 0.06786956930911123;64.1309712514
-6.923197846780605 0.03688640343244212;66.54544916969
-6.915737048003408 0.08932038229934514;62.39700387
-6.899181877966044 0.20798375772896427;51.800047975636
-6.873713458980052 0.3916745093127449;28.457458152308
-6.8308478741096685 0.7024520728008952;48.595798226582
-6.813459858818165 0.8276170189757786;60.31326108022
-6.8120096240036245 0.8365494646581024;61.06586334601
-6.822115978713119 0.7611898027800581;54.417175640266
-6.84208782817922 0.6139471361682223;38.216062578096
-6.874675117384825 0.3749502223960178;31.282070406123
-6.876605188209215 0.35956328172040897;33.69333540133
-6.85760305878467 0.496837045369019;16.331684166872
-6.885730274219504 0.2911404963138956;42.80874405347
-6.89028888566616 0.25705880097466777;46.68964491373
-6.878877305993523 0.3392166460427221;36.633517693391
-6.85171729821792 0.5361494180657693;25.85571925692
-6.858322415694542 0.48715403324649126;12.988333720204
-6.916101125111628 0.06587009818164197;64.2534556861
-6.947751735944067 -0.16549339755411713;80.54176017013
-6.962363757324855 -0.2732086763146271;87.09091663227
-6.96510184969694 -0.2948384965858009;88.34597242109
-6.959235028758019 -0.2540978455645623;85.96104057066
-6.946840136122737 -0.16600576984656368;80.56571947418
-6.92912645624164 -0.03925913001458581;72.09922228195
-6.906519982776743 0.12315466890900592;59.51585001537
-6.878326261816828 0.32642726036872194;38.3308853092
-6.8396825482903285 0.606201032407282;37.23220246987
-6.829713421043078 0.677172816108392;45.93627365919
-6.83728379998336 0.6203574093614483;39.130592844777
-6.860337061133909 0.4507951861756049;14.11935593798
-6.828563633631101 0.6816977110601503;46.44344758648
-6.819964608386864 0.7434612862527465;52.78993846134
-6.826589519269282 0.6940321524027159;47.78201240313
-6.845758324367786 0.5530512151060669;29.0844501455
-6.883400174381108 0.27752233663601866;44.33575300351
-6.895502592065904 0.1881536487164411;53.633835130510
-6.891531631561708 0.21584387575494077;50.931792589686
-6.875087698138991 0.33440844365183914;37.21456055693
-6.844537812401341 0.5559280870586203;29.60368819466
-6.845268349767037 0.5494937180620243;28.477413493998
-6.86987756439548 0.3690526998767646;32.10924966578
-6.866533968953561 0.39251719774189286;28.13394836900
-6.839655094296405 0.5877158897664184;34.659203954588
-6.839687325648326 0.586628334977155;34.50117055234
-6.859562951273405 0.44080508798556184;17.27406972108
-6.834374862406522 0.6239934414767659;39.64309953205
-6.833149839813506 0.6322476477244381;40.69224896856
-6.849065545564854 0.5153556008678292;21.53932475973
-6.892599627119663 0.19720870730376439;52.74450577343
-6.911487971596396 0.05854990790746706;64.77165681075
-6.914686371441676 0.03401004061721094;66.67309466047
-6.9066681601581905 0.09102949024841842;62.1591201981
-6.889675971068507 0.21336574842327632;51.149651873824
-6.863735784847533 0.4009817752240995;26.5128493862
-6.81878561133047 0.7275704487358063;51.27750236296
-6.799107980144223 0.869726641139741;63.86365842756
-6.795326056721102 0.8957430439973871;65.90908992033
-6.802875133813095 0.8389444812804203;61.363315634538
-6.819517978512817 0.7157353709768418;50.09947067196
-6.845364144358175 0.5254449903424103;23.875809327615
-6.893051934572523 0.17616992875874044;54.70937605359
-6.915458161613794 0.011253625295158165;68.3669259728
-6.921794554671004 -0.03662323384593502;71.84551817571
-6.91681706790231 -0.002137879593444199;69.35337239887
-6.903195861289382 0.09530473521818117;61.77531156976
-6.882027586693067 0.24781200330715653;47.55075818742
-6.852017447909075 0.4649837783562158;6.752828431483
-6.727979236571045 1.3724490122169957;95.93850554614
-6.64396030809581 1.9863954125405825;124.33051638478
-6.587645594587665 2.3968064747040647;140.13536300699
-6.551022612188823 2.6623601708897278;149.47348061079
-6.528535047097723 2.823818488383629;154.8765949588
-6.516255395504356 2.9100382246746417;157.68706168916
-6.511385404257061 2.941608451386504;158.7052063876
-6.511924513698387 2.933269431272774;158.43998870759
-6.516441114019094 2.8955842662943843;157.22720876165
-6.523911781281576 2.8361155180123476;155.2926517835
-6.533607197192015 2.760261308464554;152.78874990914
-6.545010799924598 2.671852320695494;149.81708081547
-6.557760680237158 2.5735787656906965;146.4426364489
-6.571608144803123 2.4672952852593295;142.70295424146
-6.586388344012774 2.3542374042920766;138.61379876987
-6.601999747339829 2.235173059050278;134.17230608465
-6.618390255879932 2.1105053930452415;129.35800166433
-6.635548514387621 1.9803373756831066;124.13168377475
-6.653499645559605 1.8445039797559644;118.43166619010
-6.672305315486162 1.7025726489344457;112.16605835816
-6.692068977854413 1.553805945093453;105.19809597687
-6.712948837627028 1.3970679315899963;97.31756152845
-6.735184892508156 1.2306280392913307;88.18030177433
-6.759156865789216 1.0517399759885933;77.16074049065
-6.785525699643033 0.8556118407058553;62.89534944183
-6.815684365040333 0.6321210364884371;40.96905151865
-6.854479483346949 0.34595872636112257;35.22806917797
-6.863489876996893 0.2780033907360995;43.971272040172
-6.854493168177805 0.34193068752057365;35.795973575546
-6.828733586088907 0.5286840226107739;25.00529845252
-6.837178180826252 0.465629623209035;4.32165334006
-6.683716692978172 1.6011191390594801;107.47609888470
-6.577306609355795 2.388033120787242;139.8706849286
-6.5039151349699 2.9298723860973506;158.36573060830
-6.4541635582468775 3.2960032630874347;169.72461508108
-6.421459388703433 3.535277940286141;176.75382448188
-6.401098227919471 3.6826121204879065;180.9467829260
-6.389701367001213 3.7631176890830496;183.19818567509
-6.384834590756945 3.794910753459496;184.08097298700
-6.38474152028548 3.7910797679722257;183.977190017
-6.388154256622809 3.761085401791633;183.14811297793
-6.394157834110133 3.711764047095451;181.77519848291
-6.4020927453938095 3.648050420720136;179.98548603252
-6.4114846551647355 3.5734992613725822;177.8680505943
-6.421993642294935 3.490662534343524;175.48498954959
-6.433377521481199 3.401362332126095;172.8789151177
-6.445465343692333 3.306888280757256;170.07812959503
-6.458138272264957 3.2081401822498874;167.10021690862
-6.4713158161777935 3.1057308389255693;163.95452168017
-6.484945966639819 3.0000598381050767;160.6438239114
-6.498998191730435 2.891366056198006;157.16541068061
-6.513458541663736 2.779764438276419;153.51167201860
-6.528326336782514 2.6652709841059083;149.67029193553
-6.54361207564158 2.547818647968793;145.62405725029
-6.559336330078096 2.4272659007221873;141.35025747486
-6.575529503839568 2.3033988920627464;136.8195878344
-6.592232437040239 2.175927372121892;131.9943780345
-6.609497960602502 2.0444736369108316;126.82582132418
-6.627393674898965 1.9085525178149363;121.24960986541
-6.646006505679023 1.7675383986204896;115.17885568357
-6.665450108286059 1.6206114634751596;108.49205709068
-6.68587725971748 1.4666675804772709;101.01125931034
-6.7075018325829765 1.3041583061263227;92.45870589724
-6.730641362740097 1.1307806216903322;82.35919540395
-6.7558112229570595 0.9427898571142341;69.77339143048
-6.783982769189399 0.7331144301108916;52.27105449294
-6.817656886333486 0.48350730980547507;13.707661836064
-6.892226078615761 -0.06482520991753393;73.50576815060
-6.937589465457957 -0.3992474837545094;93.86819438861
-6.963503025982563 -0.5914283578084409;103.77679149794
-6.975821564560958 -0.6842935688483405;108.23904151220
-6.978426768309636 -0.7062486842013191;109.26542460784
-6.973960574046408 -0.6765899923533772;107.87047799589
-6.964225475910037 -0.6084546241794744;104.59894714820
-6.950429981203023 -0.5106266648069148;99.71557151612
-6.933341726145916 -0.3886617211347644;93.27089374086
-6.913372972586488 -0.24551298735502486;85.0873325697
-6.890597946949266 -0.08165530692522488;74.6272539478
-6.864653886007431 0.10564682109121815;60.4952194188
-6.834267605183828 0.3258262563658163;37.614350232630
-6.793789154230377 0.620501478809932;39.9000653301
-6.781128187496104 0.7113989561465573;50.18814162443
-6.785364842446695 0.6784385455372297;46.725484750764
-6.803015976060508 0.5471762238317467;29.07778883822
-6.83940246210442 0.2787388449544469;43.50980918479
-6.85038932675852 0.1967211742043918;52.23850378551
-6.845342026617713 0.23230157357633036;48.64075363328
-6.827564809133833 0.36128964400888586;32.414863208471
-6.793442096547915 0.6104050531819072;38.6191745651
-6.786010964848479 0.6637005596187304;45.10997385209
-6.795620138241284 0.5919138441514266;36.10271242545
-6.821522380795849 0.40063223771222306;25.467869027657
-6.813725121295894 0.45687868976109647;8.628263463441
-6.7287134045684365 1.0817834953958954;79.34397654191
-6.67480862772713 1.4774233802156431;101.6153703228
-6.6418233010533925 1.7186029867523214;113.05857100070
-6.623498431962992 1.8513916789984572;118.89016426352
-6.615630612714377 1.9067917526614728;121.2413545429
-6.615323682702626 1.9062045396567961;121.2188072734
-6.620567207757614 1.8645149824563163;119.45723762662
-6.629969675592287 1.7920477548868239;116.32999327486
-6.642581959518268 1.695863972735922;112.0436193480
-6.657779660445617 1.5806271125586844;106.68082313226
-6.675187503753903 1.4491608197515862;100.21206512979
-6.694638061111576 1.3027550529977994;92.4761856144
-6.716166586553346 1.1412074960497391;83.1074168685
-6.74006292745444 0.9624468855980918;71.3181100259
-6.767067733936652 0.7610995669591595;55.092978592560
-6.799189240857553 0.522509167587903;24.571654449373
-6.850481616154151 0.14371641395440066;57.09063728904
-6.876134249263569 -0.04668236070542553;72.1072112728
-6.885433168240578 -0.11706047695796795;76.91757984893
-6.883313258607021 -0.10368428600257391;76.02355465485
-6.872709358374416 -0.02806724933933935;70.77083670109
-6.855220589619156 0.09812099136675007;61.008451816655
-6.8311515070128594 0.27274679912163735;44.06571055832
-6.797981291688528 0.5144853505205285;22.91429588227
-6.803350708674785 0.4735159434255865;10.356759359276
-6.873173701921008 -0.0396964074631469;71.5925409480
-6.91482918479128 -0.3465206678038228;90.84215575958
-6.937799829669314 -0.5166687809079402;99.93054420755
-6.947725558939002 -0.5915061530780705;103.67486931002
-6.948317641425955 -0.5981937634289609;104.00094261334
-6.9420792815084305 -0.5550107587054046;101.86060455397
-6.930693031023408 -0.47421181800965206;97.73211971804
-6.915251800558518 -0.36372772977506784;91.78785290535
-6.896391477191564 -0.22813903868671626;83.92031983193
-6.874337193844433 -0.06901245347440893;73.62321080928
-6.848818205310586 0.11573180659926033;59.473189241676
-6.818575327432274 0.33545611094662997;36.014252186928
-6.777436963661822 0.6357172686091863;42.02993397797
-6.763388610767599 0.737071713126364;52.91312425177
-6.7658767563928 0.7169219760970772;50.93922615678
-6.7810034745419445 0.6039230006119415;37.99308028
-6.809979064442138 0.38929008723595226;27.320737001247
-6.806301006861763 0.4150361869520415;21.99125096100
-6.772614299561629 0.6617458096011577;45.09475992855
-6.7629272793315796 0.7318872912425427;52.42659153325
-6.76873452542899 0.687949455646515;47.968915046777
-6.787126911769527 0.5514059993245639;30.157712901135
-6.82316535999759 0.28525691165178124;42.493391448553
-6.833558377864603 0.20767320181495844;50.953368946006
-6.82777703821304 0.24892618480634862;46.64279473703
-6.808895010512091 0.3864888698218446;27.80269476586
-6.770526504435529 0.6675636155022944;45.76667174280
-6.7571776924649525 0.7645585917562716;55.52694039147
-6.759565739733565 0.7456612181572042;53.76730252426
-6.773907796779824 0.6387492015840122;42.44581219886
-6.800415541263019 0.44240530896217584;14.192224082981
-6.771849672920102 0.651831896064877;43.99276559280
-6.766296343895232 0.691827209989386;48.40583679162
-6.776217504505545 0.6178324323765272;39.86453573668
-6.800521014511773 0.4380137628965329;15.670760019766
-6.774879037991567 0.6260726810712421;40.908016802091
-6.7726416860718395 0.6418043561947813;42.82451611792
-6.7868358580229575 0.5365237456560219;27.584325023900
-6.821895749547881 0.27783374713498316;43.33869377500
-6.831887098181283 0.20342569133118976;51.34650568214
-6.825917001445228 0.24625716058865382;46.90116247326
-6.806981141427913 0.3843869644559983;28.132278610189
-6.768867522113477 0.6637643475519622;45.37419838660
-6.755830278147463 0.7585674422358614;55.001070456222
-6.758561050739439 0.7371994647144059;52.986922219202
-6.77333814657764 0.6271031176181006;41.059333432926
-6.800703518867444 0.4244397297573484;19.53992821127
-6.785935626638832 0.532159355427354;26.80341856214
-6.800452428180884 0.42452333714370144;19.50972510106
-6.776200898267549 0.6023913118180001;37.87696360518
-6.776314991222919 0.6008506520038764;37.670807944266
-6.794411817765591 0.4669007922560687;7.284967546899
-6.901322183574979 -0.31755127310775505;89.12833533146
-6.972058592350632 -0.8372189288913858;115.0657060896
-7.017928351321677 -1.175189295903513;129.16937621155
-7.046172406200404 -1.3845411608536944;137.1800620311
-7.061776022470388 -1.5017486498482235;141.46613332532
-7.068246217154088 -1.552427014195154;143.27833359233
-7.068071129273269 -1.5547202546649443;143.35749340495
-7.0630212512513655 -1.521518092023743;142.16946912543
-7.054355611192268 -1.461970707482976;140.01552855017
-7.042965731262594 -1.3825446324411885;137.0908083116
-7.029477032238338 -1.2877653638137803;133.51756375177
-7.014320349428313 -1.1807402650118402;129.36458394493
-6.997781986412647 -1.06352388750564;124.6580051855
-6.980037919026652 -0.9373670198556148;119.38581588439
-6.961175699350126 -0.802875524832469;113.49647110500
-6.941205829812371 -0.6600918801090208;106.89008746454
-6.92006233502008 -0.5084972485169262;99.39728646976
-6.8975888544345 -0.3469067388627779;90.73240551829
-6.873498619885002 -0.17317167744388137;80.38184125439
-6.847272018198882 0.016579574720275547;67.28268089013
-6.817850047364748 0.23020927097617327;48.469567288047
-6.78218872952134 0.4902497521513003;17.430141362130
-6.79500132780934 0.3939664758483661;26.06163980310
-6.7783097466286195 0.5154545623514382;23.696479438905
-6.794709836563969 0.3934319906420321;26.156529353605
-6.780747419230873 0.4953289776739379;18.88520874069
PointOptimal;ValeurOptimale
[-6.78074742  0.49532898];18.88520874069395
Temps;Nb iteration
0.05428338050842285;1000