Point;Valeur
-0.333102887035551 4.058337132075101;10.231063950003
0.0760169576596893 3.706970020209182;9.515430643966
0.15630617222895998 3.260699648460091;8.837168543868
-0.5021722504772841 2.8443683753674254;8.62295221177
-1.030067820494205 2.551438108563724;8.148141638282
-1.0940888978261196 2.017136963590884;5.770980285876
-0.6657844967910909 1.8595902338156722;6.525017182191
-0.17630277382849124 1.7652637323595282;5.8445275795513
-0.23441470132802217 1.8871225928900086;5.899683751653
0.3438732603637639 1.8371667171487427;6.381422663427
0.9968509259839384 1.936235739837395;5.407247256468
1.038842582096225 1.8025454805259824;5.905746565999
0.7095050589237762 2.036876548619726;6.541844769994
0.45030203673211855 1.6790817614860543;6.5765603659375
0.02749463828120402 1.1193864989304603;3.2880268078523
0.27150908937905677 0.8903997350184047;3.809927241605
0.1636465121467108 0.7234803069261152;3.5184615792540
-0.17953057119462698 0.5779886491425275;3.5619444732336
-0.10040177979331455 0.2281492058887043;1.8075134613297
0.6049377645856154 -0.09831883921241541;3.366286164603
0.6070954248347908 0.2725542494967331;3.8844034083973
0.47057871610467383 0.3144095767048922;3.7542380918479
0.01120126016088846 -0.041376210730491525;0.1694723342136
0.2887251718785233 0.29414882495418876;3.077685235299
0.21896955052669442 0.2790693151556311;2.690765970617
-0.4075811385314756 -0.4556439737412022;3.9676897962396
-1.2686806905600754 -1.0421849372508487;5.3343930158037
-1.8939575503405288 -1.097785653577685;5.814135403809
-1.6070909810586849 -0.6723453726732807;6.550505652029
-1.0853766967332221 -0.23704547696369632;4.025474484808
-1.084723626279651 -0.12449877346517668;3.3864189053825
-0.3110106193895734 0.27378984085446734;3.0866540837024
-0.18724190305313043 0.2663884566330049;2.467291035280
0.3632580799529243 -0.586258223521428;4.106803869530
1.0251547796314995 -0.5439981219390849;4.732755398602
1.1274471062418667 -0.43947255763379484;4.973743674531
0.6144535391556073 -0.057071966433172305;3.29333300215
-0.38463936309131463 -0.3683915341178298;3.679128801625
-0.724654747774274 -0.5779652488816466;4.581191450020
-0.9081314446256976 -1.0538662188718588;3.853552043638
-0.7914597987543354 -0.7662396043105004;4.406638481774
-0.704593643909231 -0.5093032334243858;4.504771624508
-0.5489771851003337 -0.02591845881742083;3.1968626102290
-0.11259397128906057 -0.1044226512003813;0.9747467234461
-0.6439785670848507 0.6213824454743401;4.584327712504
-0.9231740947831832 0.40987667997762395;4.359397252624
-0.5059798360741877 -0.3166830602314094;3.842239470255
0.26972345357485816 -0.8967150615483308;3.798836345528
0.9915713134241229 -0.6436471730380391;4.588730645756
1.1331837868763952 -0.38187245112758195;4.862998270929
0.48127830683056394 0.2866828882269904;3.698675263727
-0.18814218695930662 0.9046243280867375;3.3417399847988
-0.6332100987658207 0.8191244868271117;4.5593827352023
-1.009863523118861 1.1919058282044628;4.713803810385
-0.8255756119329193 1.1172764273928197;4.4655413835026
-1.0648568312986433 0.6031364770397124;4.834458980989
-0.5535180234236028 -0.16738716180282565;3.4894464477117
0.1749576489992699 -0.6053305291961284;3.577471019974
0.7541034341169737 -0.9097739921901744;4.251767258461
0.3607628720257358 -0.4155937170187552;3.744347526508
-0.6779249770461062 0.6325516869133201;4.60215743320
-0.9106975507314083 0.8524763425722307;3.8912509127105
-0.49814717163278066 0.8564306643654598;4.506152237143
0.38627582618024203 0.9879113624861369;4.375854630095
1.0952520817662346 0.44609255504763456;4.855286265358
1.3543766205697536 -0.12913816645482268;5.178730028703
1.2708046235774542 -0.39810636458998305;5.524067563566
0.6966683706184915 -0.5568171711680644;4.557164445165
0.0008520042975472819 -0.567117430868417;3.2149239022176
-0.18824968854412732 -0.39456151356331715;3.1027429348805
0.19984686027559845 0.2156313890516688;2.2331300296183
0.20407577347696487 0.4434228622019475;3.330870267567
-0.17362046410085513 0.4368672402085067;3.210424875453
-0.10854456892948403 0.13769600166629742;1.1692039267726
0.6059010812879008 0.45628229896372047;4.335532075895
0.6510769328812562 0.8912578740997121;4.507243002131
0.8965246384563479 0.575149477699177;4.561253037362
0.6377221556124087 -0.025382355951819147;3.2597234462699
0.2097393698467936 -0.10986500799209015;1.710487350960
0.34457057577160116 0.829587455605489;4.143681628731
0.28094150233912096 1.077423334269236;4.2195997819091
-0.2292899620344333 0.5365738271823866;3.646689714196
-0.3381657115486529 -0.17572855373316765;2.805021481983
-0.13903785006607744 -0.487714932544443;3.265095679082
0.03694781938437272 -0.8424544112719519;2.8262932618728
-0.5476236263410076 -0.444645451217943;4.229610996489
-0.9747658598432678 0.5258977927427613;4.617638443337
-0.5002787588308399 0.5426122877424204;4.32604159256
0.1717659233049451 0.34582747078012677;2.8272431261501
0.4536440681794785 -0.16041826833953665;3.225117372290
0.5070583986552802 -0.27028165958053735;3.709737132654
0.31942163245299515 -0.018502873390440044;2.272819597981
-0.6568490109502987 -0.5222439074139502;4.493964772245
-0.5745836974354939 -1.082505494618091;4.912605266666
-0.4487338840211983 -1.1148929859046866;4.93860172690
-0.0022931018735633524 -0.5734720082662461;3.2226090229029
-0.33684364046581466 0.3451471637441067;3.4546697493354
-0.5042165291337409 0.8399836289036486;4.512907405354
-0.6962999318186348 0.6141439378833647;4.597837418077
-0.8179398622375154 0.2709620747971789;3.8609379548386
-1.1512308831469524 -0.27254754496498873;4.55324560520
-0.9597714639526039 -0.625108203968038;4.569426002695
-1.1976820592343822 -1.1860011099657686;5.530897840838
-1.0320922029933786 -1.3870819047520317;5.939629145817
-0.9474456405478432 -1.315657688894369;5.5029949966552
-1.0632981467270617 -0.5162389134902136;4.832749092951
-0.18143703924616517 0.06343155628170893;1.301127606922
0.04083040794307213 0.11280294376429056;0.6839489692521
-0.6652725932387965 -0.5710380103614919;4.556294605744
-0.31206469377792406 -0.8074673893094897;4.036173946543
0.4444589012486602 -0.9137114646726172;4.435957325911
1.1934192957040184 -0.8918825180958448;4.761936348068
1.7963879166571697 -1.049730297800657;5.958434614018
1.3836815737602093 -0.5152772741307579;6.068346280847
0.35693682922576997 0.4793091791851072;3.892942555041
0.27475307164640905 0.5119391256417765;3.733802440629
-0.1516947250120687 0.2909850937550085;2.4490987954851
0.043943080460221495 -0.2278139131727288;1.629681726000
-0.19087767759142538 -0.35200799500095115;2.930234910746
0.017913247792906956 -0.09957312100906307;0.5375491815109
-0.8261790411259894 -0.36387958469732246;4.208499973038
-0.9612006198155569 -0.4602249106974978;4.515634559054
-0.6766546220746384 -0.43954210136050237;4.371862174580
-0.25665479013627224 -0.1556481685743391;2.2545772420514
-0.14967075036601435 -0.45287058168153066;3.1904978611620
0.17055038385552185 -0.6584202879135106;3.5846138438295
0.02225479871117117 -0.8080246209097816;2.9178588037562
0.3432434437534174 -1.1218777363200614;4.68836848747
0.49126250521777304 -0.8844731631899363;4.502389408672
0.5165701066291915 -0.7351869632506446;4.524288597883
0.3713358669760689 -0.5381679372928598;4.049102783404
-0.12323803115864207 -0.031209150906504335;0.7399887933206
-0.08054171718108227 -0.0989189453211774;0.7505980656706
0.34441109605363635 0.8279158311454689;4.143715851562
0.6119013042565542 1.0652754337045995;4.827768635187
1.089984232467613 0.5192297158418111;4.92900504523
0.903312005694306 -0.15092737778256493;3.129995106904
0.8094508242414814 -0.5155916893023289;4.526921614046
0.9173402742176884 -0.9131264076888191;3.6972043756936
0.8810494609491556 -0.25228327370324866;3.716765461424
1.0872848546862792 -0.47541431353674274;4.873345124865
0.6769839914074338 -0.6816569453142934;4.6082962373
0.13403004047216827 -0.8189238955714356;3.212126656500
0.49832356511847886 -0.9814445587891961;4.60470392962
1.1125621171041082 -0.5693738065541009;5.029010533171
1.2255294898521483 -0.07419454924643021;4.218728392554
0.6843488964115811 -0.15844160815795982;3.53540464300
-0.2054171143033513 0.2768382995667696;2.6141038963721
-0.7687317667089067 0.4524536197144915;4.430979043769
-0.6234919448564046 0.566631704818075;4.521542661187
-0.36977808813217183 0.5328305866769605;4.0355611667546
0.1663216822989234 0.23562073426851754;2.173077044815
0.1921974488573805 -0.0951411572730913;1.510107469189
-0.3346851525937962 0.31641358964275196;3.3458549402618
-0.600496541042126 0.46317905733254755;4.341719502167
-0.7748381096772372 0.46516822041037703;4.454438528928
-0.8463354746922964 0.2552281344111079;3.761139228806
-1.1001946342578268 -0.48310324057793497;4.932650383723
-0.4439049375879571 -0.974843686538815;4.504845225977
0.08494242069731639 -0.44654756186538713;3.0042524584326
-0.0744211904634689 0.20924536171877295;1.563154653902
0.20920167357470631 0.5510345329041263;3.6115141698734
0.07089866289855196 0.767462191083753;3.1250661319820
0.08497751445863112 1.1410954356243639;3.5969133630
-0.15176224120147147 0.8073384711165847;3.318824344477
0.04722663253578965 0.4421127468033814;2.9262398220234
-0.5180149312773188 -0.574830570441234;4.401787105831
-1.1441877603114554 -0.3950734245883245;4.948097932115
-1.3164401200293332 -0.022998907647219402;4.776952302634
-1.0200828105012336 -0.09913033647758512;2.951961387228
-1.1081661999614894 0.4373447715758311;4.889605386113
-0.46875856369837177 1.1476969191970232;5.108202280599
0.10724049855736606 1.5432825152717933;5.735193712855
0.3514692374976031 1.7933240075784518;6.423726452986
0.452116387561036 1.8136010314388833;6.61038854449
0.47224530217274674 1.8327882582256003;6.631378483893
0.388806793780214 1.8453086421746776;6.496241572697
-0.05375605793437793 1.912216503657079;5.005142711631
0.13243723968963267 1.8341403768225557;5.496299989812
-0.21549744465274878 1.9379729690437468;5.770020655579
-0.2192917696235598 1.742548131901921;6.041805754719
0.101493397316986 1.5468368850237746;5.729379383830
0.047688502228134116 1.0528810589236763;2.901123515533
-0.04563175441323526 1.0463471038779237;2.863786720756
0.48774617179288177 0.5038105306685604;4.238005501813
1.0793038214228132 -0.426767365834981;4.754500577068
1.1133620415914822 -0.8287957538741907;4.431300368148
0.31639240882645603 -0.48605829262248185;3.796939187515
0.4033563364498822 0.43648115698726037;3.912160264758
0.23581163326810078 0.7070538450012294;3.8040660068650
-0.4783871383593929 1.1139502013613076;4.98087212658
-0.9620204821790865 0.8326923965723406;3.9282442097443
-0.7415786581382222 0.7548211472660207;4.5092613612903
-0.5414286565929088 0.6914577966765566;4.538857613603
-0.15483159321079876 0.5427005195158873;3.4342684624431
-0.1663746629475545 0.017308922425220308;1.0734157833999
0.3383887649229884 0.34082210580971584;3.4451843794908
0.5694297271240611 0.3983038161977057;4.16480032103
0.6647027299699491 0.18834812382867908;3.644224989716
0.9730579993939871 -0.16399619612743896;3.2061483397951
0.5990115052789092 -0.07235612206768435;3.3102559034519
-0.30682769868911575 0.04029705177090907;2.2122280729331
-1.1369068068441979 -0.443859014535875;5.022139410909
-1.6604941196138578 -0.9296128957853532;6.233760282401
-1.8217503445999488 -0.4459056042384716;6.601795695605
-2.040851561750276 0.5128728130867802;6.880866281648
-1.338437508532909 0.5443406751502695;5.939579769323
-0.8631899241894707 0.5473377990428216;4.550711831837
-0.4020574407636496 0.37969052275191034;3.7607728148905
0.3495482616395522 -0.5461273424037956;4.008555773100
1.261553674065014 -0.412445892196747;5.511362734010
1.9101193491661403 0.06256271544745196;5.033796052244
1.868031638813588 0.15054203348896245;5.496630146327
2.0616702678496854 -0.3784413549268404;6.741831339962
1.566068765940549 -1.0376413262147604;6.35562145164
0.8480169303070755 -1.1838639613043447;4.807307737620
0.1677103517525087 -0.7685934374351369;3.466820798679
0.1098764576533065 -0.23451652448311;1.8940101819874
-0.5251006484263137 -0.7065637547534949;4.5260902879340
-1.1822501246841624 -0.7729854685446443;5.018694415459
-1.5317502224180801 -0.9769638272283657;6.2451753734122
-2.105258913746716 -0.6169460177781757;7.029127712480
-2.192631144591734 -0.2510640686065592;6.8913995577915
-1.3624919089601613 0.06432185084307307;5.082440706746
-0.9558912478772733 -0.3084811986583723;4.015079486805
-0.6525672912480935 -0.41048302592171904;4.292656818769
-0.20838987503975687 -0.22655173213344726;2.3456173074783
-0.49295846418143774 0.7406977338267317;4.493601508619
-0.7471793786648468 0.915782324081988;4.270643849562
-1.24411232429218 0.6581995327662828;5.552548417820
-1.3464300834223317 0.40955261272326327;5.834204921788
-1.001281710198875 -0.045009264467959276;2.69665917273
-0.8288621071166671 0.08005594723607584;2.9745526561414
-0.8671569504766389 -0.29322383243301653;3.923481152704
-0.8528602765629887 -0.43646150191741084;4.400001093921
-0.8464672326506335 -0.4191168534947221;4.360096796141
-0.8476761920179939 -0.09547022358652318;2.9760873106316
-1.1609219898953744 -0.4054443179854463;5.049035723719
-0.9564443222936418 -0.5975884031480693;4.591590677471
-0.9924573616971291 -0.9553433615994877;3.594400344323
-0.7609548680212381 -0.2645931227835705;3.8832950604794
-0.5337254502974165 -0.2079279606893426;3.575565402903
0.11506089674041453 0.2493830128423819;2.022496843530
0.32744340448144166 0.3478864973390868;3.43176945392
0.18720902508047044 0.1167277696738809;1.5756127843241
-0.7762041601616143 0.23410187671000812;3.7439242842299
-0.9568732912657701 0.039327924457508295;2.6226846543582
-0.3770782949510969 0.40312094983071267;3.756380306232
0.028627365358946277 0.6484275367053225;3.258195260581
-0.214795192081302 0.8980807045445154;3.5003815490574
0.052224498571808164 0.6282212575295854;3.28870803368
-0.17380643509420646 0.10215108382093385;1.4012790410270
0.2551643347985154 0.294700414393695;2.9344343582533
0.30272166780759546 0.14430563474433514;2.4879905379446
-0.41051607537675383 -0.14699114148926481;3.0287770536923
-0.8961856717988124 0.14038155961369517;3.0817669861537
-0.579888776126705 -0.07684350324791617;3.3016737661372
0.10462742170811001 0.2349757768212638;1.8754742880400
0.32416535770367744 0.1720323031534714;2.7191346150838
0.07489020740827732 -0.20049311399386865;1.4948210872752
0.1622589832903319 0.03294503997093079;1.0615582718188
-0.5526915044058449 -0.5069400214162214;4.352717048622
-0.7710293203670837 -1.352042588694677;5.877727060914
-1.2575635557603153 -2.217366991319815;7.690619234707
-1.5525571213953302 -2.820072166837421;9.261528395919
-2.0703780551749755 -2.6078204362161457;9.165137721360
-2.1530000194899324 -2.2966879123675144;8.752211249623
-1.4095541265150549 -1.5556223549450228;7.445407724284
-1.091175050663583 -0.37913595509020115;4.673417742778
-0.8710397507690565 -0.06621161693451105;2.8125425469156
-0.9339301787605818 -0.2973249910392598;3.9420804794670
-0.7687514163868383 -0.18131288150862027;3.5247981602372
-0.7319686391830778 0.21771910089496102;3.720511629478
-0.6532177722833824 0.259643793749436;3.881728573011
-0.459472008007469 -0.07271594787789099;3.0262428421948
0.13915234018179157 0.1879547365726396;1.7023271116474
0.27180644349957966 0.03527343281167314;1.9575143883647
-0.32173092861208624 0.16142267484433276;2.6634888718325
-0.7146288149870188 -0.19356751142076933;3.6410497693358
-0.7849958068096161 -0.09690624662625519;3.1541670258551
-1.2186711678038886 0.15516137366127825;4.447968482086
-1.2089095625500192 0.08018434425507492;4.107214477557
-0.21979516996952897 -0.12426249620369534;1.852286127196
-0.01605272999750329 0.1711754529264654;1.1130230914833
-0.2521341386635141 -0.27660379150347136;2.8353330294756
-0.12440570869422962 -0.36115293852597297;2.736079487933
0.10050255698115065 0.11618739173249265;0.9750052155003
-0.17465521269576414 0.009964726295608628;1.1381905249526
0.3515648643169923 0.15644400939752617;2.7979489221206
0.675778138150104 -0.1713765814964841;3.583745488205
0.8668041370195914 0.009224553515844364;2.7231661650091
0.7630664773743434 -0.5438872675662754;4.556614260878
0.9724326875025465 -0.9629513108759847;3.575677279829
0.5479394188021148 -0.41669989258229057;4.17125918189
-0.5739737907194785 0.25163967401348997;3.778323744700
-0.759235607722372 0.7849542065685954;4.432495983001
-1.255557724545877 0.3580702845628641;5.372385140182
-1.4449271429325181 -0.12423040730829155;5.535649233660
-1.3598081405109923 -0.28736365709407535;5.6395739678154
-0.8278079127287061 -0.16870051083237136;3.355687804878
-0.1622512412587167 0.162333541335189;1.668917666520
-0.19403878291876225 -0.08921750847653637;1.4990392500088
0.42269090494472333 0.43389766230800825;3.9535597698155
1.0421812487054367 1.0400374527707277;3.848218775550
1.1827367135060107 1.1642637666059878;5.315644934409
0.7151569765524997 0.6879134798790952;4.595155916675
0.10693630120324804 0.06377091942212731;0.7236920045251
0.20834525061725867 0.1655449475506074;1.9911330668204
-0.35619623050284815 -0.3601128428587638;3.5673685685231
-0.7710301767759566 -0.7456280842929693;4.479613278460
-0.6231845949337163 -0.8702859645479205;4.542346363663
-0.4567881572552603 -0.8098980106872464;4.440305467009
0.018766679905823314 -0.7948823053559099;2.9570617442968
-0.11371583316310008 -0.8411070284340508;3.067678888787
0.4709851329305019 -1.0365276595149229;4.697430090790
1.228225248664991 -0.38035563841760345;5.300508589299
1.9547712131435564 -0.08269105562366397;5.058356669786
1.9708865994434974 -0.1334679304139918;5.309032275557
1.817680297901128 0.5555888137694303;6.664012997680
2.0631735876234862 0.8988234356387892;5.7987243968523
1.3959617865604725 0.5980393904483466;6.136703324928
0.7634045235832667 0.07048378716042925;3.1347107156668
-0.0963203746375465 0.19174150938401924;1.5118002685544
-0.5469945481180137 -0.11316635010052972;3.332117943853
-0.9053474603072319 0.1880304145065489;3.3405124256208
-0.578775674359556 0.023399535383167525;3.2352025155456
0.2453918800369792 0.19031425110265568;2.3591229743307
0.8236743922054135 -0.14926131891909614;3.270734562273
0.6009302648069877 -0.023747784083314405;3.2529749555053
0.048062182789740615 -0.11175408940697162;0.6983969971290
0.3886809469945174 0.3585948221436015;3.6618510872415
0.5136490799522146 0.5906907344538328;4.41532508162
0.5356731517210496 0.7425121368209702;4.5473703213608
0.4801968893677898 0.8510429625642931;4.480607043092
0.19034297102578113 0.8303799444920386;3.45880729074
-0.034341336570222675 1.2170523399204831;4.07571402192
0.12183124925078748 1.1090490424470216;3.5255577867633
-0.5116663709299369 0.5761371502967141;4.393515732841
-0.9401973884673156 -0.4369258094081221;4.441967583963
-0.34705724284352746 -0.5870723004414022;4.067140808255
-0.06906697546450552 -0.831354316801335;2.933707051275
-0.502890743177655 -0.7749606164611299;4.511923461580
-0.9577897032210873 -0.9359004274543753;3.6024503825134
-0.3980879909851309 -0.7146781520027938;4.303410656854
0.09233720893805447 -0.4396860867789555;2.9947840238842
-0.008923822127547498 0.1528892955267176;0.9528208103197
0.1325622455944867 0.2673712346692625;2.219162097336
-0.27242715903619497 -0.20506640877145316;2.5883279613041
-0.32586373122673007 -0.2894546007660171;3.210631685119
0.03726066709432907 0.05659677689459797;0.3101517046850
-0.29833452836097973 -0.2948063837961853;3.1206519320436
-0.29892059126677395 -0.30826352845668703;3.1779155969787
0.17930897559251102 0.16438029557366496;1.792939154646
0.23588460005662204 0.20978297673130197;2.4070417199376
-0.34319538210556877 -0.3486656865334026;3.487938816696
-0.7717519442185651 -0.7626104981072557;4.449507298061
-0.579761264096758 -0.6799177236209532;4.571235739062
-0.233975216944926 -0.49854936996112414;3.579041131729
0.04214475285513081 0.2299861368728588;1.643703702995
-0.2221670468829699 0.7176215434955713;3.748019070640
-0.0069596120313968335 0.6825463778962253;3.2170120973327
-0.23113461206377403 0.7036044985208104;3.7881328153745
-0.05446519792654536 0.6826758689200643;3.2600567962384
-0.1374852042748228 0.7774750148244682;3.323478571886
0.43358558851841145 1.049803428522213;4.667323807330
1.1017418000107055 0.5143768716910693;4.970098906276
1.286255156952944 -0.11599630667504013;4.7599469250645
1.0508448147592002 -0.4286971575491158;4.6596344377075
0.8925492068360585 -0.7446105100295943;4.29730057378
1.280909655798586 -0.9656035894574279;5.297778362266
1.3659383897101192 -0.7372742454330155;5.971329317997
1.084187108394321 -0.5771451595203156;4.91795643465
0.8383254336513974 -0.2851501502149457;3.90596077362
0.8020604721729412 0.2228575065844538;3.6612112794264
0.7865152388198038 0.4383437971211225;4.404338504761
0.7973771007013881 0.5143917562992013;4.52611526349
0.8269519652905546 0.49893256843288625;4.506396908926
0.8401060549769076 0.3178710865380835;4.040823660821
1.0330583760717758 -0.433351324119437;4.615638008736
0.2985129367086796 -1.1622405745265696;4.721546952002
0.15950648685669133 -1.5853986136947982;5.901695941084
-0.2925666514641731 -2.2363681484258757;7.2657523035177
-0.6111193619117856 -2.5599391451492;8.50571010757
-1.1939145209869366 -3.0240626772016697;8.141839851948
-1.5460013798519292 -2.9497370037018573;9.234449499107
-2.2627544590331192 -3.070078025938155;9.545588830988
-3.040160401109925 -2.6326050210033554;10.23409648564
-3.4028883915201096 -2.1183181906321242;10.413121219992
-3.6864522161827566 -2.0097493802076145;10.317422070213
-4.336085040016591 -2.163401939852007;11.63814021684
-4.961528682623074 -1.8248986032980246;11.210049699901
-5.0527229614359905 -1.6914972364205592;11.9637177758
-4.7125850167594905 -1.7975466956254784;11.886590235043
-4.3356668684549025 -2.041231606713098;11.307904819287
-3.544496696583906 -1.4680712782084995;10.714269910452
-2.5770107807317704 -0.46175134517815875;8.511775696967
-1.8649505162340505 -0.5496945880802554;6.661485632649
-1.0784853909122254 -0.5985788133240673;4.885829861261
-0.4645409880613074 -0.5332886136607399;4.245351640345
0.14292207357828746 -0.15686749647263154;1.5096481384651
0.26542919418226224 -0.14284833455326404;2.2516219163917
-0.30210300363533676 0.2884257829225806;3.109905338997
-0.5807967081904185 0.4293828582900246;4.249073629678
-0.7435575701358664 0.3736766399219001;4.24864003112
-0.88618292783723 -0.10565799642644191;2.927139746075
-0.7642488926734795 -0.06463018409556143;3.1187112438244
-0.8500638238889375 0.10286013124684273;2.999130297135
-0.9828150061258685 -0.49587395610844026;4.604365206937
-0.49976242631458406 -1.3085591671470045;5.8057548994489
0.3603765066746098 -2.0617859637592;6.688622463232
1.027658740338535 -2.391603031441383;7.76806160724
1.285543800681785 -2.493826255438674;8.725513593059
1.287390342962415 -2.413361153967637;8.553730207289
0.9373064780686425 -1.9691597422871225;5.434351684151
0.8945978626480864 -1.7118501464242555;6.1815008005688
0.9830623560748499 -1.4188162320675637;5.987521896787
0.7042498400848468 -0.37363553734550115;4.239472881507
0.2876863708420079 -0.07228181389625454;2.1461332031871
-0.19328232743419382 -0.8252238028237275;3.4825384460012
-0.3893984276331243 -0.8433504104422915;4.282124473006
-0.3838039160323106 -0.8478846890206682;4.265463283147
-0.01243059414936254 -0.8629660550146792;2.735968365438
-0.437623826175594 -1.0046357339760337;4.551070259736
-1.0347500088426358 -0.5718429521574473;4.758642581998
-1.0199568848835676 -0.03604545129544123;2.7330266921462
-0.6898574805600349 -0.29560766595106297;4.010365864665
-0.2386434708849312 -0.20558842100396235;2.4003475646619
-0.28642841433506794 0.8448571271962694;3.9067976325746
-0.08581932178834747 1.240653149492608;4.362265682110
-0.06206727601187198 1.1856965839673568;3.8768231154869
0.20598365222484447 0.18550004337160164;2.091087539983
0.05006896614653278 -0.1422549883534141;0.939821528709
0.13397417933933015 0.35371963296172126;2.7297509512676
-0.2308992442750033 0.6762399876847653;3.7915969322610
-0.23765026795841135 0.8470044154143945;3.673917946381
0.46624203958110766 0.8426542331549349;4.457378580658
1.1088419484649563 1.287494134101781;5.679329759491
1.34903935522152 1.445474444643885;7.130276967210
1.3229973010641565 1.4023068308469937;6.958493292087
0.9130212620395406 1.0242459947573392;3.7331152135682
0.7325013776344844 0.8728792059337703;4.353290696777
0.6291801112381736 0.8283447975564963;4.556477088747
0.5021145630078534 0.8234568244463765;4.510515290128
0.14030514925219334 0.8270211045661992;3.2212428353756
0.3333457118307499 1.1793391895393417;4.935534837738
0.3240019566008399 1.0423996186469227;4.284709038541
-0.23468433438536046 0.8089298892543764;3.706896125715
-0.4831092988431268 0.59760506231649;4.373757771794
-0.520917657028958 0.2457060252624933;3.6653307359030
-0.3331380660486095 -0.049307376569190486;2.3939887850376
0.44513992379902123 0.4546328279361005;4.052752883480
0.9691361980039519 1.229290388290002;4.947163570839
0.8620513159082637 1.8041139492408982;6.011461683177
1.253540452473509 1.4427901304494586;6.8359162999210
1.295490101982717 0.797381739369775;5.583891882650
0.8616041133653789 0.17906027896624643;3.3458710243
0.4414631716780985 0.17127011411255177;3.2185655354439
-0.616992613653512 -0.5932797908187476;4.543488882432
-0.5443601563196137 -0.6563807729638014;4.521899399673
-0.3189416730883318 -0.6331897414913312;4.04635649857
0.2065174206467995 -0.5401050259242919;3.583525552862
0.33813728746691823 -0.256911198162491;3.1317882640221
-0.08096599701511853 0.1629883140134345;1.219497782928
0.00922425750062228 0.09684693095787622;0.5087005840802
-0.5860063710012768 -0.49378370398556237;4.377212462461
-0.960531002320342 -1.3220939334564863;5.540632422513
-0.4958700930658708 -2.1282387923051838;7.17759293609
0.11943057109003441 -2.6375178464317033;7.908380668426
0.48375072959158855 -2.8340883140507622;8.617602354222
1.1987010678181693 -2.8849321079831265;8.156275412471
1.895282580808717 -2.948821360789812;8.148925400569
1.7839367847363794 -2.8639753468322477;8.764113055407
2.0031019786523463 -3.0085607791147355;8.006147519876
1.4149318937202198 -2.4713234515280265;8.950740936667
0.6949115065466005 -1.268591118101499;5.621952576031
-0.13248012510039975 -0.24212629056074242;2.0487265680231
-0.5459308917930732 0.13208642791790703;3.3777550835388
-0.8343123143717637 0.0006388370190242854;2.8215486036709
-0.6222727683476809 0.42187508891973996;4.286457276594
-0.29786549613188984 0.6142847981632905;3.9671844241706
0.2536893722095078 0.9794519464215072;3.761740389649
0.6456589494902998 0.6726481231944357;4.605279093590
0.8447481611181551 0.2942705238019354;3.941075415286
0.8571703269664281 -0.3080954464150265;3.9929252773136
0.9637905535259471 -0.909167448166317;3.6565920546638
0.7524511061878255 -0.5315053564890367;4.544122804608
0.4949724390514818 0.06357443569270405;3.119477302499
-0.023322935935960132 0.11224188552324055;0.6401536604797
0.2707358245542645 -0.28661612666430786;2.966796190271
0.2137050021812499 -0.3332406650194487;2.9350025354743
-0.2756586569148569 0.19221465090897305;2.5443527867098
-0.42926609745569994 0.3382249780218617;3.716421980603
-0.3072968825954923 0.16834552606177006;2.613440121268
0.7342987289743754 -0.26861659831357837;3.9139240016782
1.0260624165491257 -0.4851369417126314;4.688584037394
0.6633648174992279 -0.7002099326007785;4.606748954569
0.17197739096109438 -0.8363584445735915;3.355033676832
0.5333838100387356 -1.011449862542976;4.694835846627
1.1683253589978417 -0.492464924966147;5.225537415452
1.4222511569118712 0.13315558347472234;5.477706887806
1.3980173851010589 0.46587911763230044;6.069697757235
0.9916698822025835 0.741511227082591;4.326802255161
1.114916384974384 0.974543467986559;4.112982101534
0.3784702301930112 0.48035945542480885;3.9510260657197
0.4466448916756056 -0.7882129701522734;4.42098313025
0.3991285131916757 -1.4034762858311804;6.004137727358
0.08909851414641179 -1.8287540335223864;5.343817203724
0.4359598006980571 -1.353065930971904;5.893809145260
0.8828428198803238 -0.6543661469640858;4.505164119256
0.4026787114222631 0.3778545222407663;3.7573422334060
-0.4836771055621266 0.5708129948345259;4.339095290196
-0.6673833310589091 1.0185861462032029;4.600175162930
-0.9952109158161024 0.7161007569911892;4.41910997314
-0.6794269500548027 0.45493209292647585;4.403021594317
-0.18324641602778446 -0.0731497184437696;1.349779531689
-0.22861343332004858 0.10489698158752359;1.8295514342298
0.40953972510207726 -0.4018199568570908;3.840598191609
0.9805462200810368 -0.9380488106467136;3.601864795002
0.9182483555232054 -0.824490837331525;3.9843659072977
1.039501159493235 -1.1183237238013077;4.256304939429
0.6253370774677023 -0.6508505183201145;4.5900442572613
-0.016207771728454445 0.02579273803638915;0.11071253752517
-0.1301430715388805 0.1736666617035531;1.5497947298433
0.39980794415599674 -0.415617863181085;3.8510415577404
0.9358357491999012 -0.9659726184114645;3.6005743143378
0.7957471209067842 -0.8481821028747352;4.212731083616
0.8565655933388718 -0.9126847454014119;3.8733724166077
1.2617399410743193 -1.0101268195502757;5.21749473850
1.3380329413601466 -0.7597208614480008;5.836530518493
1.0148640918789267 -0.5966164178762083;4.694542449936
0.8139746761752835 -0.32654180329145677;4.0862899522889
0.7691097042179611 0.26046343441646547;3.8606321594971
0.7756651050740816 0.6273293702744369;4.585048713641
1.148657608317744 1.089351920838894;4.674499025676
1.0750868900482733 1.0694170500653437;4.122509855321
0.6528640262070871 0.5056412416021676;4.467154183404
-0.14393997130839664 -0.25238572534215054;2.1714190416633
-0.6548607139530762 -0.7660699212534854;4.581273008313
-0.93206850593332 -0.3703567867653361;4.2444922425545
-0.30863764528890414 0.47344067247129673;3.7444677975470
-0.42938161734317554 0.6800445830262726;4.353856355860
-0.35503223379857807 0.8141064246953718;4.18364825427
0.2368545372705516 0.8982302292804075;3.623893582097
0.7161468057956375 0.8300184855975911;4.445616596449
0.7117214474211251 1.2991620152212016;5.735839655874
0.8148684654870577 1.472339750103306;6.208886817998
0.9942881038667485 1.5221753054033278;6.248294974414
0.7338049032154941 1.455694586911828;6.248546549324
0.5335916596540392 1.0741491372879937;4.879857994378
0.0968934583409563 0.8425933648182603;2.9952936324079
0.2634044584726176 0.7778827413241645;3.865241080435
0.03749825070428564 0.7241904956514624;3.167689587788
0.23184714084773253 0.8228620629053512;3.675503230481
-0.08429557067164237 0.8770621441287945;2.858893419903
0.3232009288598532 0.9028857710703289;4.048200020784
0.6050460824055444 0.8548169370214324;4.556660179728
1.100566863497517 1.085485240265743;4.345257886180
1.0733437774328412 0.7925886615997225;4.371356754660
0.6607139849943275 0.7250158267842783;4.600085877816
0.12400619615627717 0.6059458277708497;3.4301510700633
0.16117637022776954 0.2868402054658342;2.465649265481
-0.7778812456378712 -0.4259851202881765;4.377983896392
-0.8518037818449632 -1.0024805126990868;3.891490507991
-0.993109278979003 -0.8278758074534167;3.9758429629574
-0.5787603243147929 -1.0843939852566575;4.9181576625980
0.04026305284071263 -0.651433896695498;3.267782541580
0.11843877548662274 -0.05163157281441555;0.7599969216071
-0.3217047494357839 -0.3127853353733905;3.2842386331694
-0.4466176736976469 -0.2616616849150114;3.5287875335363
-0.2728463860769273 0.1452908969818611;2.309865939027
0.24176224038650868 -0.09127735045027335;1.8741613653878
0.3742811051277982 0.13311531760776663;2.827627850316
0.12553582699122628 -0.10696868037627058;1.075841117592
0.12629526447561928 0.6821114771391422;3.4325543002275
-0.3875824602532438 0.27980970941353944;3.402833225566
-0.9375828477751995 -0.07813339527606833;2.742960759436
-0.7183449185210854 0.039290564565294034;3.1818600158221
-0.44382813485252415 -0.1835330199942435;3.265465301597
0.2219985244728354 0.18225882285348252;2.172679455967
0.52140367200741 0.14930347604949426;3.376076065181
0.8657715042367691 -0.27238557385368733;3.827450934392
0.6416934607784414 -0.493394026237673;4.438559449536
0.3104555171350415 -0.513721646991924;3.8411361317489
-0.16799071586943304 -0.2703105502971552;2.3979767034760
-0.09024655090752015 0.18915064497183842;1.4650708632232
0.08355620276111006 0.10522687884795728;0.8075986338045
-0.8173303871071542 -0.27309577854748107;3.8707925058917
-1.014426707375073 -0.4251264452605339;4.5457469223734
-0.6292765876037445 -0.4423207405262576;4.335484375766
-0.07504028851034739 -0.16473227534795393;1.2086391716473
-0.6380316531148245 -0.038688444456652454;3.271232785175
-0.7433543744576595 -0.23046254247248865;3.7615423791214
-0.8485138412413408 0.045530686358433436;2.8236044004905
-0.9524316262861705 -0.48773014765062056;4.5474350247311
-0.7073369428510862 -1.3476107751296027;5.934395883034
-0.5944746941663099 -1.8636452687947362;6.6351177621350
-0.5065192089411813 -1.682672678029633;6.624909832844
-0.32982180008021156 -1.368880835017052;5.769548637046
0.3600367851952623 -0.4132229635928908;3.735785911978
1.005950746146559 -0.37427380086350226;4.375735294626
1.0418067194834244 -0.1309930330368943;3.201213942502
0.3754852890325078 -0.12184692032024039;2.7983626892214
0.3190316790476825 0.8012193177363137;4.0652955414825
-0.0068167790865004685 0.9435170729943639;2.5829457120057
0.5318800306076137 0.5965562584168105;4.449528834378
0.8674809818130109 -0.002668926309779107;2.719340582721
0.6054664510043606 0.0020616512007405885;3.2479616078625
-0.027870523283703985 -0.011379153252454846;0.10911663138396
0.07831677021920047 0.04512861780804745;0.4612391735478
-0.7867761445717496 -0.4746402990205447;4.470988586998
-0.7857776703542335 -0.9926414275893174;4.154723167105
-0.9817374975151408 -0.7642071122411253;4.226774640388
-0.611090305205338 -0.7509454488437808;4.593680035423
-0.05749759987708902 -0.7301840270920494;3.186013069636
-0.12032900692070997 -0.7287508719912275;3.3558915051213
0.30132463846641677 -0.8875496756111717;3.952810143861
0.5826910273318765 -0.7642765526627736;4.582368929363
0.8632080762319813 -0.7866405153004301;4.209666231624
0.6329123474594074 -1.3169002962832281;5.868886764192
0.39836784030859873 -1.5317775752373393;6.319270274918
-0.08749945886394256 -1.6562650872250309;5.73969279358
-0.18010783163195832 -1.7185554263181315;5.933105789919
0.20399459857550473 -1.8984359458558429;5.727969354241
0.25787087709690737 -1.7313141607508773;6.183904144820
0.014651323210691208 -1.526101936966407;5.596287430890
0.16075838822375854 -0.9012692063676199;3.1874748700457
-0.11973915638823862 -0.23497203147059254;1.9403459762257
0.37207105412455166 -0.3612120825894805;3.6201045693660
0.6005220071116997 -0.20234073977269695;3.6585648051131
0.998045196492501 0.27663924168774334;3.926299454044
0.7423481454757562 0.5752529299581497;4.58022753896
0.5255344150608339 0.7808614287351457;4.538750139801
0.015709387571221978 0.8473833284723531;2.785465817780
0.24002430406960773 0.9078796457431091;3.637445350900
-0.019497454459249663 0.8105244502074928;2.9073473942045
0.3187146134726423 0.9182229149220563;4.03299791698
0.46765328030702 0.7606073665101272;4.457215054058
0.4335093344930068 0.5860650749110062;4.264966489524
0.12535222827094844 0.21490691983440646;1.822293196798
0.6747878655697996 0.18562198622066103;3.633299467043
0.6228767963445847 -0.5811988798595819;4.536601980775
0.6633485366259245 -0.6547297022829862;4.605811762665
0.7315038299700253 -0.7469250026978689;4.532487882985
1.0542774220413063 -1.0535660458839122;3.951245174594
0.6881910586844084 -0.6785599959714126;4.607164893501
0.19252220951100252 -0.17126047679479872;1.921004540398
0.5993467197737453 -0.7109134696677863;4.59248767016
1.3366102978239351 -0.5689337951617897;5.942127076232
1.803332355667734 -0.37648440708216957;6.480421276467
1.5179494688902067 0.34311427710668907;6.207639139537
0.8123603129980188 0.9795935323333707;4.025034705268
0.15636862787464256 0.977674866702937;3.1661775702740
0.43555845314066616 0.7777049067065611;4.398330614770
0.5291170034868585 0.5898651256592098;4.437624318637
0.4264437028940743 0.25058238816512096;3.431433710757
-0.30834173720443747 -0.10093692784106018;2.3646852227868
-0.8132894651309981 0.0916389985357629;3.058237728578
-0.399592154149156 -0.42971866785422536;3.886050105394
0.33185199563147033 -0.9933807943749955;4.183008753240
0.9676656207789449 -0.8421852403770936;3.891014038043
0.924255514921229 -0.885494369545736;3.758175044983
1.2227528279534985 -1.163659454712528;5.555867753798
1.117680403207669 -0.9945036395518866;4.147298042638
0.5471798575616194 -1.2879225470075188;5.758287023254
-0.10909528547614811 -1.1462585284639741;3.7292275966124
-0.4436369797265335 -0.6642730471034868;4.370568152654
-0.5546467062656021 -0.0506401238434373;3.2290463405253
-0.49614502106959346 0.008695994046285349;3.07429167133
-0.04117672025436653 -0.095138513450292;0.5579692867868
-0.540005567017665 0.45085183771339465;4.2295800994391
-1.1129691955061012 1.1676379970965995;4.9265750988007
-1.2758627933995785 1.541124195235517;7.0782937445678
-1.0236662445342612 1.863688411427133;5.637257188459
-1.3999270337562182 1.4922277646174607;7.3384337954105
-1.6358404298422164 0.8328628065896619;6.3679355465269
-1.7945231556745695 0.2216665007212344;5.976666594879
-2.086082732241446 0.4891131989643704;7.014348500474
-1.7602626865958184 0.817456956794758;6.250302976702
-1.4674770255422764 0.8190866985569669;6.1927439479521
-0.6305869481156549 1.0570189424268503;4.777645637499
0.3175672505902687 0.28919557884645775;3.1764981866267
0.9780613531978809 0.525296408835449;4.622738189760
1.0164289443536108 0.7357079813947571;4.397958693918
0.6017862637886189 1.3280942555561062;5.915938287192
0.07677974956097755 1.6751825556766167;5.699241707704
0.34265215226709056 1.9804817583566812;6.418874462639
0.47071810288859917 1.6676330548814922;6.587412000111
0.5005179925939729 1.1855732738424187;5.307623661471
0.40869692591384466 0.8524418533821472;4.334092949014
0.03381789463311463 0.5330775865965942;3.1739160166846
0.2993768204844566 -0.24886286744594055;2.9281362795167
0.25619111968201025 -0.7105745066285254;3.876988794319
-0.506434434649886 -0.7060907954061582;4.501464815934
-0.7970975032971062 -1.0567203932768483;4.284039641888
-0.8855438894616976 -0.48959909821162206;4.50046644769
-0.95141326639235 0.5426150992698238;4.5934621524618
-0.8496675061688701 0.27371217762301636;3.8456354869926
-1.1002860966901076 -0.3249474903527517;4.519887264514
-0.6906584129984479 -0.8712947450288464;4.451098037256
-0.22571282611408877 -0.6797532046850311;3.773453150980
-0.1257891918750474 -0.3809587017187226;2.836060257920
0.31980466222930853 0.8042688381804082;4.06657050792
0.5951259010507267 1.3443480258669869;5.972529202861
0.9878071460150191 1.746327861157667;6.031612942190
0.4450787704170568 1.7918314310674215;6.602926744342
-0.3401300360487216 2.19275691723475;7.193288192934
-1.0228349783115165 2.113935763052636;5.978163115017
-1.2019591615972545 1.7186468547112068;6.799301539349
-0.963692682319885 1.239396239097688;5.017822574437
-1.305223962800008 1.0002801282529235;5.477287926994
-1.3238355639599257 0.9715962046328598;5.555230183896
-0.7013107262474982 0.9322290633675737;4.403731042524
0.23853780820299475 0.888337814277037;3.63903676373
1.216356095782774 1.1661724706330876;5.531077075801
1.95518274225621 0.8789128664588324;5.626591777106
2.086110396365218 0.8310286388943606;6.20122062663
1.4354864356232886 1.2587471928534586;6.8362303902896
0.8148398158651221 1.373720167332872;5.903508381853
0.2758878356078994 1.1275502583329873;4.440344093407
0.3403314137551935 0.8421642302304094;4.124413548490
0.08726192972002506 0.5688343568845593;3.308415272668
0.16218367970836514 -0.16705926832437845;1.699112880644
-0.18853535028727483 -0.5567616334315283;3.55802061702
-0.11137183244077498 -0.8110436617591994;3.137210886463
0.3387285139994745 -0.8514532954945515;4.115620066863
0.7153283553387757 -0.9022124389367597;4.373050287287
1.0368383521431213 -1.1270244237481353;4.306411542440
0.6779649011698559 -0.7043896265305865;4.603168206587
0.18144048145250974 -0.16243781516250988;1.7950437780056
0.5572161059284684 -0.6941049617080719;4.5565778482340
1.3090903009292487 -0.6734714571037528;5.815442906370
1.8526300261567283 -0.8432071445980098;5.940471439728
1.281268270694695 -1.0785962174195145;5.527481364581
1.0569209402211097 -0.3705802462314478;4.515111557115
1.0787515617112113 -0.36736346794860253;4.585776366181
0.5849405533609084 0.04063374628588001;3.255057146123
-0.2498870712232255 -0.23556483419963525;2.619698814308
-0.7741080796894549 -0.1200730127878504;3.2632911574646
-0.2507661917073629 0.23498844058855176;2.621364251229
-0.1499575614779587 0.04485618053308796;0.9871158201043
0.6452737823539437 0.5623975555219319;4.53449336495
0.32023752789623094 1.2084594895467364;5.040411563595
-0.15829059381320215 1.5938565368775945;5.905468755636
-0.31774771181770983 1.8420950025778833;6.295045301948
-0.16359337019998227 1.7495835482647621;5.825952719376
0.14942869195388753 1.8917569817773434;5.4437814718686
-0.08791563740971048 1.7811580466387984;5.489593055935
0.1528286371017754 1.7877531280443582;5.702511976178
-0.08841125538279088 1.885446716333714;5.176510569937
0.42475598997725666 1.8948646958656157;6.570225315899
1.2237135702497774 1.9933061383340813;6.5618145928072
2.137640391671617 1.6806467435414416;7.983183319295
2.7186973250497584 1.3562561188749822;9.03831996835
2.483781730451771 0.4329950883013146;8.33134000393
1.745944407026156 0.18797665658729046;5.922509615665
0.43979512091284745 -0.09337223921309773;2.9974640563530
0.05017877711303831 0.1631302752125136;1.1099384061516
0.3144587258221037 -0.279341173830899;3.124004581294
0.2600151020894866 -0.37390024121868703;3.283680952950
-0.1818253191271974 -0.0412707094161604;1.2430995699436
-0.08157783263958507 -0.2055163030404332;1.5592244401876
0.062078449651239126 0.5112107101943605;3.1587160990387
-0.57413413543771 0.8611226175506175;4.559242978896
-0.9426661955991099 0.3979449524242966;4.343197607128
-0.2495950619353201 -0.3624750056109243;3.2014297298164
-0.44160283519038973 -1.05596017562252;4.7045196888588
-0.5211823009863814 -1.2271965314995597;5.500872917103
-0.5425949523304658 -0.9134363539570725;4.561350285797
-0.44423939607975316 -0.6870726328726675;4.387864931339
-0.09153396566524447 -0.3329866680707392;2.4856733954008
-0.7056535380431708 0.6132033697161003;4.5983982149037
-0.546221992544605 0.36448970849813234;4.046462546778
-0.06338327649530406 -0.19112023626879326;1.380146531873
-0.13168671991727743 -0.3119729015532688;2.49330611215
0.25133801819904933 0.12117512098318223;2.0620127789735
0.23814566612566354 0.09917494938000149;1.877048301334
-0.7050176810941979 -0.35143729708673443;4.180774419313
-0.8192463941273388 -0.688965223563095;4.503963372069
-1.224559116481162 -1.189357680275377;5.703895820329
-1.2817145851181477 -1.32517247668228;6.586947722129
-0.9522679523960741 -1.1098224228893967;4.083843150530
-1.1865711494465592 -0.8432229417426341;4.838687778665
-0.8792028108326185 -0.7615638930306727;4.261463571017
-0.7334051998511903 -0.7639863549456967;4.508292747262
-0.6774923698665674 -0.8282522424358146;4.510766238138
-0.7729036744401274 -0.9196209355962439;4.178982012044
-1.3455900890378967 -0.8739978401996368;5.70732078154
-1.8955123356559946 -1.0941939668431182;5.792142795049
-1.615682032369386 -0.7035939475493831;6.5339881749504
-1.1190322663274173 -0.33453758214913487;4.6434287979785
-1.1394441535499396 0.344496313599863;4.775897768420
-0.4695504068475287 1.1558444348451664;5.144267923690
0.1027964938156476 1.8091654294944677;5.451926209887
0.3518643070979253 1.7208477804203688;6.440052088125
0.43946315167882455 1.5628943371519184;6.4249810996
0.4009301309665588 1.1683893422667215;5.072623221166
-0.02757432173116947 0.8423962720488598;2.8128510142474
0.06384889201869015 0.5361010051420461;3.215012629631
-0.2760429025840749 -0.3127192990361296;3.103198533226
-0.31950971270062534 -0.8407643359447905;4.046917737317
0.03379632315424008 -0.5728961033205984;3.2362421951266
-0.1652457404326651 0.008840803201776715;1.0573610210493
0.13711117086649366 -0.04842070888588995;0.8938276234053
-0.4042368252133603 0.2339582091489853;3.3002711406482
-0.7233182686784602 0.13362773244442192;3.409602937565
-1.0537738263665468 -0.3552477733046543;4.4497627022010
-0.7278507325187884 -0.7745324841719197;4.50203796640
-0.4453852250890997 -0.6864823315519595;4.389696578212
0.11115354373391728 -0.532091904170417;3.2995568392202
0.19576832862274363 -0.1592587249145101;1.871479287315
-0.6693680616463404 -0.29445988071308554;3.999742473485
-0.6476414865504158 -0.08833719353966901;3.3509293049005
-0.6512766100208778 -0.09367256696591864;3.3619528093344
-0.6996052162240795 0.1977268570618198;3.6667867914300
-0.7052055667618214 0.06934140506846437;3.2559127540290
-0.9330828131838459 0.03319408358832528;2.617785648104
-0.32603564324762624 -0.05731922429586295;2.3642625426339
-0.4000914112153252 0.7777215641368429;4.3175714757891
-0.28776852563347355 0.8424997799906422;3.914369960296
0.4579240108084085 1.0007146239833553;4.583345804901
1.143477630685441 0.3553567119180945;4.830978688517
1.4772558511812826 0.08144790691121961;5.5514096930828
1.8606676407178344 0.18389875977249137;5.679751803121
1.5041304099151636 -0.3569590188254821;6.201451312940
0.7419192295215238 -0.8432073788066348;4.370257706307
-0.296592234842767 -0.46510017053855535;3.6878369953233
-0.8629971288057696 0.49798821604266963;4.506646447458
-0.4004039769476142 0.5392134622999765;4.119894332255
0.17723341529998726 0.3948629279239412;3.065533804873
0.3155552967690248 -0.039436445466572934;2.268653272508
0.02824362833605437 0.07846284851343549;0.41163777182452
0.6410587554439504 -0.6416764429686028;4.593849615827
0.6778288226434486 -0.35930043404134726;4.1895478504083
0.7859649454260274 0.2651871384058371;3.8655604386921
0.9330823607228199 0.8082624451063829;4.034280665156
0.7055829728906997 0.2614235136906107;3.896583198199
0.3902020524309936 0.14836130574140505;2.9487353456386
-0.7850890645955552 -0.3808814000769505;4.2668182596034
-1.3098032310457455 -0.8018958136907133;5.645831080165
-1.7590006552099615 -0.7451358836385447;6.440061364372
-1.660241887812242 -1.155892420218185;6.682929884463
-1.5029272551912403 -1.1599673449225187;6.634590513410
-1.011419740640759 -0.7113341677830529;4.466955069247
-0.6412783443879448 -0.1782555739447802;3.608118302444
0.07494817265413523 -0.2363138293941477;1.7774361256794
0.27855888678036117 0.08900866073041214;2.131179535094
0.02389525264243625 -0.1070087306002992;0.6016845374610
0.46017001643547756 0.6170670052562437;4.3559498682808
1.1419100976238599 0.5837348766159086;5.14728739463
1.380325990141858 0.52998460369671;6.067318367552
1.2958007728709817 0.40802140467838804;5.643387247895
0.6578581266914763 -0.01068796836072422;3.242575048642
-0.31491311206087325 0.3090873858206095;3.244138673720
-0.8283069274235844 0.3904247318471028;4.286814417664
-0.6191282955191917 0.22252575789861073;3.7397414649240
-0.14850502748023015 -0.18429849716994556;1.7307697405653
-0.215135602420792 -0.014421392336005034;1.4847453778759
0.6243306107546989 -0.3325107872401055;4.074891313845
0.6344357444955993 -0.47522181628837934;4.401398049007
0.5479825758396837 -0.43276776399228456;4.2057118122658
0.24402343989160225 -0.12032138432453737;2.007170018441
-0.4539262048210121 -0.6455251688489105;4.373861468593
-1.2787628926709873 -0.9052815094744211;5.310284215291
-2.24523933143997 -0.6451842213732526;7.5977053516240
-2.8786565145601477 -0.40692338886414925;8.514364663113
-2.7214174816729444 0.10405701150718183;7.751159360303
-2.5077680309765324 0.31022683053772676;8.223274460443
-2.0109545045574797 0.3326935813279404;6.44216970433
-1.66668786198929 0.09128984473043364;5.738245212704
-1.0524655421705067 0.09177356334613149;3.053326183819
-0.7467139186266483 -0.19870881233161816;3.629072939189
-0.3514074212765034 -0.09121401926495476;2.5887450222086
0.7921656011918089 0.19047599951597782;3.5265851701318
1.2544159270288757 0.17943476331714253;4.77745887886
1.3539400609883594 -0.12309907640618944;5.161115101831
1.0396441857648937 -0.0638739841706146;2.885270241810
1.2264655475782489 0.12006774867248823;4.3673956680796
0.8118094302080026 -0.11554471466722538;3.151756163244
0.3374993446763733 0.10047333203269324;2.5368624326433
-0.17387067320393468 -0.7399762468688095;3.5369308272314
-0.3857416074456818 -0.785635922651164;4.279953157412
-0.3909868093744968 -0.8216192003087383;4.289297677165
-0.05552052298215543 -0.8537984238334377;2.830603887526
-0.4950285988248509 -1.0870216110061435;4.896799709143
-1.0500076554409126 -0.566342395066088;4.804807825420
-0.9635351867706539 0.07337479869988295;2.726398791156
-0.8372157178295078 0.28344111678042394;3.899310249981
-0.7448231254338746 0.13971170722539222;3.396724921286
-0.8430723860220296 -0.12828173042534663;3.127502199192
-0.9004631356604976 0.2769010014045873;3.834149111404
-0.8234487157666547 0.4593502176006731;4.4448788445515
-0.7949261517804804 0.5140179917610407;4.525767428255
-0.7856141897500699 0.4520369578271918;4.431263660581
-0.7801648420913809 0.12800092560680254;3.279649396520
-1.1097872066830632 0.25200253514154236;4.230075452361
-0.8168431855045745 0.04573089145053588;2.9228803426141
-0.6319800426925684 0.1698005517244795;3.577918908488
-0.25189887006674216 -0.12459656945752368;2.0806472153827
0.04290281108342431 0.508915057300781;3.1290076616296
-0.4624842699400634 0.9564153356756494;4.513068644085
-1.0604982119734645 0.5641530286242553;4.838533348240
-1.0866464849052848 0.07757416585886179;3.188284116001
-0.44648701297346627 0.4365345291844168;4.015238969937
0.10653822516904732 0.75569043016853;3.257656963938
0.21848831608289787 0.7917740080013977;3.6554110489672
-0.21436463884977108 0.9067582045451292;3.4925000986131
-0.32285900130393236 0.764326368468757;4.0940358912862
-0.10512797327126996 0.5918620048395724;3.372137720483
-0.06507264721138362 0.12232152764807142;0.839848500376
0.2300124059717742 0.8498083784608799;3.6319571794364
0.22402992307221467 0.8413071846895128;3.612459154919
-0.3919188590529057 1.007118556756331;4.436054987042
-1.2211005717726087 0.48142912181615827;5.440502249554
-1.9750970566995663 -0.2796524053980213;6.14069349869
-2.1433502724285773 -0.9317107865828976;6.197780719411
-1.7520171779445004 -0.9745738410842748;6.007143934077
-1.2974013519785088 -0.8499927487339057;5.4989540004055
-0.7339536992184903 -1.2658311473733204;5.551905806853
-0.20109793405678178 -1.2871675854595712;5.047422619703
-0.23665487305711036 -0.5807842680196368;3.7421162584071
0.5499105698289284 0.4085264686780088;4.156506886678
0.5644635028435687 0.6388769598798223;4.531910000879
0.5175220857916296 0.8071732924340654;4.5291508158519
0.32070325276059775 0.8355151319677332;4.05406703184
-0.4487780089625959 1.0427378051129983;4.676875743815
-1.07196622748083 0.2790075097756486;4.18613913090
-1.1250286048125735 0.09777466941347962;3.5276376093
-0.17144282008823786 0.0717917443268535;1.2496339940378
-0.0635255387151864 -0.11982548957034773;0.8150754387224
-0.019776000100226676 0.7432460897629402;3.106550322255
-0.021620358278343976 0.44869446547931713;2.927962268125
0.09159211199298897 -0.6682543440114387;3.348085179072
-0.1716089541008247 -0.8330960525829008;3.3595803153524
0.1644210154203464 -0.8360983701310739;3.317615229290
0.00608572351035061 -0.8587879035159603;2.7455591290125
0.3954799703941221 -1.1598222698451064;5.0203327656790
0.681546730322941 -0.9275353933604082;4.450692788747
1.090739473361349 -1.1569173318395949;4.738142279814
0.9577438181809665 -0.8847796574250415;3.729901207118
0.9920056062323873 -1.0011585313513247;3.6159717807842
0.7372315525688797 -0.426958636933921;4.374784979442
0.44225931330024093 0.12641171314859412;3.0883240455266
-0.12427835796151687 0.15677705195505431;1.3956667832649
-0.1436556143449626 -0.19541726313328883;1.779944165090
0.2301092950522603 0.050343217491398584;1.661792371525
0.11273805863358946 -0.18429019415472045;1.5334540652791
-0.1174450767513219 0.41895932804037816;2.976323629933
0.2605936586089196 0.916078309705427;3.7485169242340
0.38840121989653087 0.7174508835443314;4.281104657760
0.2463113655937885 0.4342248755977142;3.4416170135805
-0.42915918518609186 -0.5210142975912992;4.151263038427
-1.2742325513342767 -0.3808156968243569;5.504594626425
-1.9172103636225097 0.13451082268788428;5.327726297406
-1.9081166572715107 0.3619949187713905;6.421545591426
-1.851418953813419 0.44932840551933145;6.604541827753
-1.821340259256341 0.44121831183274524;6.595451577465
-1.8134556182836057 0.2626728728811757;6.117058722188
-2.116218579589925 -0.37006284375284804;6.927854095023
-1.7550610277201981 -1.029260386002955;6.058014460206
-1.3670986189785472 -1.2172095815727937;6.4878119845570
-0.6531104377684721 -0.764182332371284;4.583199909839
0.17958568794356677 -0.14916122491974848;1.702368187034
0.7391940622906503 -0.2055060835000384;3.665098599695
0.4779647952883174 0.4219194216063977;4.050534642494
-0.15160815622353324 0.8851226195790407;3.1588904955558
-0.5138557939113328 0.6501974354795118;4.476988995850
-0.7161786467951516 0.3354503215430614;4.137737763479
-1.1241333365990156 -0.44372162930889336;4.967763143115
-0.8687648248759035 -0.9508414772218827;3.787760179857
-0.8766496252387992 -0.7105621609781246;4.404020334395
-0.8656968346020539 -0.5266287922446486;4.536901757388
-0.8535301612689942 -0.09801061807325451;2.970562797632
-1.0776916532682608 -0.45706175455700665;4.809227345170
-0.6338126774452542 -0.8586518876810185;4.537979728670
0.062229819017143306 -0.5661507279369105;3.2612238696592
0.2493068849960412 -0.08202885391688719;1.8986052305755
-0.13223397865890435 -0.24012844924272608;2.0337923784941
0.01440622884420914 0.052446584056717815;0.2308116001981
-0.3977595139475032 -0.6562981124021949;4.267609263436
-0.8717162253361557 -0.5951345174757598;4.556464398954
-0.6429969204585818 -0.5395550949022824;4.5058058283
-0.27883624877812796 -0.2867371289907779;3.0030755209621
0.34140198686049983 0.8152497888285681;4.138029729734
0.8308436339409558 1.2751024622529457;5.412161880441
0.7286533635651009 1.4836184281374012;6.318353855195
0.7368499155759857 1.5000921755545846;6.346290078310
0.8487780189990242 1.281302080961966;5.4124251246
1.1365368588843388 0.29019793134891814;4.551513030203
0.8200751659176899 -0.05276162700020093;2.927105951479
0.5067856304248768 0.10606238142259483;3.231457300564
-0.30314635230500364 -0.3272109956079335;3.268638902885
-0.8578985330325519 -0.6036000640258415;4.556338158380
-0.5100057672675382 -1.0952554352888018;4.941858816978
-0.018164245536663237 -1.0025496219730552;2.6531958245229
-0.318495807097742 -0.8427749827009435;4.041991031155
-0.3464216756495616 -0.7181379447243148;4.1699378567742
-0.058880253092975954 -0.5237457277498333;3.182667529942
-0.226264791558173 0.12196927099690036;1.8880509136160
-0.0037280798747743316 0.29282573892902475;2.0863567863286
-0.23649057497481266 -0.11528450135211654;1.9315686740525
-0.027820032020280105 -0.014245942956322422;0.11423538484732
PointOptimal;ValeurOptimale
[-0.02782003 -0.01424594];0.11423538484732276
Temps;Nb iteration
0.0865774154663086;1000