Point;Valeur
2.0224551175550376 0.5466465349288825;0.8657082062436
2.04245507516254 0.5666459547039251;0.8531484521410
2.056908414296603 0.5812779270259781;0.8436940377826
2.0688715094341554 0.5934767728604284;0.8356314397729
2.0793417418477453 0.6042098580687083;0.8283997492665
2.0887901712582284 0.6139364363603862;0.8217340169959
2.0974830838366243 0.6229169887934435;0.8154845806847
2.105588277069386 0.631316051848023;0.8095572383306
2.113219523748213 0.6392453961422945;0.8038882026241
2.1204581591187046 0.6467850469315176;0.7984319391335
2.1273647081853646 0.6539946302696228;0.7931546162727
2.133985649762209 0.6609199848582418;0.7880302958669
2.140357592931465 0.6675972503797732;0.7830385818763
2.146509981384365 0.6740555180070005;0.7781630985635
2.1524669139659736 0.680318616600627;0.7733904665093
2.1582484106297426 0.6864063559378295;0.7687095909405
2.163871317244836 0.6923354160159317;0.7641111533672
2.1693499676962964 0.6981199982940703;0.759587239799
2.1746966783875448 0.7037723124171491;0.7551310632439
2.1799221242433444 0.7093029465339618;0.7507367528230
2.1850356291698394 0.7147211535300073;0.746399190980
2.1900453936155 0.7200350753959663;0.7421138860177
2.19495867511816 0.7252519213294648;0.7378768710260
2.199781933188984 0.7303781107238386;0.7336846228421
2.2045209467818228 0.7354193891505656;0.7295339963763
2.209180910432277 0.7403809233212924;0.7254221709032
2.2137665136168243 0.7452673795053778;0.7213466057557
2.2182820067779323 0.7500829887959662;0.7173050034885
2.2227312566548423 0.7548316018241062;0.7132952790278
2.2271177929633463 0.7595167349336869;0.7093155336627
2.231444848022357 0.7641416093922426;0.7053640329811
2.2357153905871434 0.7687091848794103;0.7014391880443
2.2399321548920543 0.7732221882427219;0.6975395392372
2.2440976657061538 0.7776831383122513;0.6936637423462
2.2482142600508745 0.7820943674158852;0.6898105564989
2.2522841061077874 0.7864580401154709;0.685978833672
2.2563092197478833 0.7907761695907716;0.682167509526
2.260291479038486 0.7950506320222287;0.6783755953647
2.2642326370219226 0.7992831792634219;0.6746021710573
2.268134333011054 0.8034754500454114;0.6708463787905
2.2719981026068568 0.8076289799157388;0.6671074175258
2.2758253866101765 0.8117452100822893;0.6633845380752
2.2796175389735622 0.8158254953064182;0.659677038709
2.2833758339162054 0.8198711109667249;0.6559842612290
2.287101472307403 0.8238832593979293;0.6523055874479
2.290795587408258 0.827863075593941;0.6486404360242
2.294459250048864 0.8318116323508741;0.644988259610
2.298093473307059 0.8357299449160049;0.6413485422787
2.3016992167464987 0.8396189751999381;0.6377207971878
2.305277390263457 0.8434796356000723;0.6341045644700
2.308828857585689 0.8473127924794724;0.630499409308
2.31235443946108 0.8511192693375011;0.6269049201854
2.3158549165690445 0.8548998497053831;0.6233207072879
2.3193310321834417 0.8586552797952506;0.619746401044
2.3227834946125485 0.8623862709275936;0.6161816507917
2.326212979438521 0.866093501759988;0.6126261235434
2.329620131575928 0.8697776203355693;0.6090795028689
2.333005567167099 0.8734392459700068;0.6055414878538
2.3363698753296207 0.8770789709911667;0.602011792146
2.3397136197701176 0.8806973623461469;0.5984901430740
2.3430373402761755 0.8842949630870282;0.5949762808327
2.346341554097976 0.8878722937471184;0.591469957729
2.3496267572289877 0.8914298536170595;0.5879709374879
2.3528934255947997 0.894968121929052;0.584478994596
2.3561420161580764 0.8984875589581208;0.5809939137107
2.3593729679465882 0.9019886070469262;0.5775154890918
2.3625867030108054 0.9054716915600758;0.5740435240868
2.3657836273169472 0.9089372217746882;0.5705778306427
2.3689641315806207 0.9123855917116376;0.5671182288542
2.372128592045911 0.9158171809124697;0.5636645465404
2.3752773712140547 0.9192323551662057;0.5602166188500
2.3784108185258033 0.9226314671901636;0.5567742878913
2.3815292710009066 0.9260148572678639;0.5533374023855
2.3846330538380416 0.9293828538477744;0.5499058173419
2.387722480978035 0.932735774105336;0.5464793937534
2.3907978556331537 0.9360739244712659;0.5430579983100
2.3938594707849554 0.9393976011286309;0.5396415031298
2.396907609652869 0.9427070904805915;0.5362297855059
2.399942546135634 0.9460026695912964;0.5328227276677
2.4029645452274733 0.9492846066013354;0.5294202165569
2.4059738634107344 0.9525531611200595;0.5260221436155
2.4089707490266496 0.9558085845959232;0.5226284045856
2.411955442625635 0.9590511206664569;0.5192388993214
2.4149281772985423 0.9622810054891742;0.5158535316101
2.417889178990002 0.9654984680547589;0.512472209003
2.420838666795209 0.9687037304837116;0.509094842659
2.4237768532409696 0.9718970083071508;0.5057213471888
2.4267039445523197 0.9750785107335165;0.5023516405130
2.429620140905268 0.9782484409011359;0.49898564372913
2.4325256366668295 0.9814069961183839;0.4956232809800
2.4354206206229234 0.9845543680913541;0.49226447933272
2.4383052761949626 0.9876907431407417;0.4889091686615
2.441179781645862 0.9908163024076821;0.48555728153841
2.44404431027591 0.9939312220498893;0.4822087531274
2.446899030609342 0.9970356734282642;0.47886352108515
2.449744106571927 1.000129823284475;0.4755215254655
2.4525796976602745 1.00321383391061;0.4721827086292
2.4554059591032007 1.0062878633104972;0.4688470151575
2.458223042015623 1.0093520653538475;0.4655143917696
2.4610310935455235 1.0124065899233108;0.46218478724474
2.4638302570141537 1.015451583054893;0.4588581523465
2.4666206720500314 1.0184871870720784;0.4555344397521
2.469402474716952 1.021513540714144;0.4522136039834
2.472175797636407 1.0245307792586122;0.4488956013420
2.47494077010467 1.0275390346386537;0.4455803898465
2.477697518204859 1.0305384355551996;0.4422679291730
2.48044616491415 1.0335291075844804;0.43895818059780
2.4831868302065376 1.0365111732809247;0.4356511069427
2.4859196311512655 1.0394847522758408;0.4323466725228
2.488644682007114 1.0424499613718763;0.4290448430957
2.491362094312911 1.0454069146336251;0.42574558581420
2.494071976974258 1.048355723474772;0.4224488691791
2.496774436346813 1.051296496741484;0.41915466299594
2.499469576316257 1.0542293407924406;0.4158629383317
2.5021574983749413 1.0571543595759512;0.4125736674746
2.5048383016957385 1.0600716547037805;0.4092868238943
2.507512083202858 1.062981325522238;0.4060023822050
2.5101789376399433 1.0658834691805796;0.4027203181283
2.512838957635578 1.0687781806964936;0.39944060845945
2.5154922337663614 1.0716655530196;0.39616323103298
2.518138854617465 1.0745456770920818;0.39288816469113
2.5207789068410276 1.0774186419073026;0.38961538925257
2.5234124752123703 1.0802845345661674;0.3863448854826
2.5260396426841414 1.0831434403315383;0.3830766350647
2.528660490438413 1.0859954426804508;0.37981062057243
2.531275097937014 1.088840623354724;0.3765468254429
2.5338835429699382 1.0916790624094068;0.3732852339513
2.536485901702125 1.0945108382598447;0.3700258311861
2.5390822487185 1.0973360277268935;0.3667686030246
2.541672657067477 1.1001547060805679;0.3635135361107
2.5442571983029585 1.1029669470821999;0.3602606178320
2.546835942524853 1.1057728230252226;0.3570098362986
2.5494089584182027 1.1085724047743082;0.3537611803222
2.5519763132910027 1.1113657618035147;0.3505146393963
2.554538073110702 1.1141529622328592;0.3472702036767
2.557094302539556 1.116934072863835;0.34402786396259
2.5596450649687124 1.1197091592136976;0.34078761167883
2.5621904225511813 1.1224782855485536;0.3375494388582
2.5647304362337944 1.125241514915459;0.33431333812490
2.5672651657880783 1.1279989091735025;0.3310793026773
2.5697946698400864 1.1307505290237796;0.3278473262731
2.5723190058993297 1.133496434038411;0.3246174032136
2.5748382303867925 1.1362366826887016;0.32138952832852
2.5773523986619624 1.1389713323724007;0.31816369696220
2.579861565049171 1.141700439440153;0.31493990495937
2.5823657828629485 1.144424059220884;0.3117181486517
2.584865104432674 1.147142246046718;0.3084984248449
2.5873595811264756 1.1498550532769456;0.30528073080591
2.589849263374369 1.1525625333213754;0.3020650642503
2.5923342006906704 1.1552647376626588;0.29885142333124
2.5948144416957937 1.1579617168784813;0.29563980662695
2.597290034137327 1.1606535206626245;0.29243021313020
2.59976102491054 1.1633401978455833;0.2892226422371
2.6022274600782267 1.1660217964145614;0.2860170937367
2.6046893848900066 1.1686983635329067;0.282813567800
2.607146843801016 1.1713699455588722;0.2796120649736
2.6095998804901424 1.174036588063986;0.27641258616257
2.61204853787761 1.1766983358507654;0.27321513262
2.6144928581421745 1.1793552329700678;0.27001970597779
2.6169328827377214 1.1820073227375956;0.2668263081509
2.6193686524094733 1.1846546477504405;0.26363494141654
2.621800207209725 1.1872972499028451;0.2604456083616
2.6242275865131326 1.1899351704015546;0.2572583118839
2.626650829031512 1.1925684497807039;0.25407305518371
2.6290699728283333 1.1951971279165319;0.2508898417561
2.6314850553327696 1.197821244041358;0.2477086753839
2.63389611335334 1.2004408367574653;0.2445295601300
2.636303183091196 1.203055944050426;0.24135250033032
2.638706300153069 1.2056666033020669;0.23817750058706
2.641105499563851 1.2082728513032874;0.23500456576184
2.6435008157788227 1.2108747242662417;0.23183370096924
2.645892282695591 1.2134722578364439;0.22866491157038
2.648279933665685 1.2160654871044454;0.22549820316671
2.650663801505874 1.2186544466172065;0.22233358159398
2.653043918509148 1.2212391703891727;0.21917105291637
2.6554203164554364 1.223819691913022;0.21601062342073
2.657793026622085 1.2263960441703934;0.21285229961093
2.660162079793976 1.2289682596418723;0.2096960882025
2.662527506273476 1.2315363703171538;0.20654199611727
2.6648893358900887 1.2341004077047046;0.20339003047812
2.667247598009864 1.2366604028412789;0.20024019860403
2.6696023215445663 1.2392163863011634;0.19709250800511
2.671953534960666 1.241768388205264;0.19394696637768
2.6743012662880337 1.2443164382297769;0.19080358159971
2.67664554312844 1.2468605656147906;0.18766236172622
2.6789863926638677 1.249400799172821;0.18452331498472
2.68132384166462 1.2519371672967983;0.18138644977089
2.6836579164972125 1.2544696979680539;0.17825177464433
2.685988643132065 1.2569984187641765;0.17511929832438
2.6883160471510523 1.259523356866537;0.17198902968604
2.6906401537548303 1.2620445390677082;0.16886097775602
2.6929609877699927 1.2645619917787108;0.16573515170882
2.695278573656075 1.2670757410360018;0.1626115608630
2.697592935512391 1.269585812508482;0.15949021467742
2.699904097084692 1.2720922315041068;0.1563711227476
2.7022120817716746 1.2745950229765353;0.153254294802
2.704516912631372 1.2770942115314883;0.15013974070013
2.706818612387332 1.2795898214331525;0.14702747042550
2.709117203434695 1.2820818766100774;0.14391749408631
2.7114127078461383 1.2845704006613523;0.14080982191008
2.713705147377673 1.2870554168624413;0.13770446424090
2.715994543474286 1.2895369481708219;0.13460143153640
2.7182809172754907 1.2920150172315428;0.13150073436474
2.7205642896207336 1.294489646382864;0.12840238340155
2.7228446810546765 1.2969608576613636;0.1253063894271
2.7251221118323996 1.2994286728073958;0.12221276332351
2.7273966019244087 1.301893113270015;0.11912151607177
2.729668171021601 1.304354200212002;0.11603265874930
2.731936838540125 1.3068119545148333;0.11294620252710
2.7342026236260746 1.3092663967833913;0.10986215866718
2.7364655451601076 1.3117175473506204;0.10678053852009
2.7387256217620304 1.314165426282199;0.10370135352228
2.7409828717951634 1.3166100533808747;0.10062461519376
2.743237313370689 1.3190514481908937;0.09755033513573
2.7454889643519094 1.3214896300023324;0.09447852502810
2.747737842358391 1.3239246178552757;0.09140919662730
2.7499839647700117 1.3263564305438724;0.08834236176397
2.752227348730945 1.3287850866203994;0.08527803234078
2.7544680111535387 1.331210604399106;0.08221622033029
2.7567059687221462 1.3336330019602411;0.07915693777273
2.7589412378968583 1.336052297153672;0.07610019677400
2.7611738349171 1.338468507602589;0.07304600950365
2.7634037758052985 1.340881650707203;0.06999438819279
2.765631076370292 1.3432917436481855;0.06694534513223
2.767855752210849 1.3456988033902528;0.06389889267045
2.7700778187189385 1.3481028466854759;0.0608550432118
2.7722972910830914 1.350503890076612;0.05781380921467
2.774514184291622 1.3529019499004367;0.0547752031895
2.776728513135751 1.3552970422909034;0.051739237697251
2.7789402922127326 1.3576891831822118;0.0487059253474
2.7811495359288525 1.360078388311976;0.045675278796483
2.783356258502456 1.3624646732242034;0.042647310746186
2.7855604739668163 1.3648480532722087;0.03962203394184
2.787762196173005 1.3672285436215383;0.03659946117076
2.789961438792732 1.3696061592527806;0.03357960526060
2.7921582153210194 1.3719809149644369;0.03056247907785
2.7943525390789374 1.3743528253754935;0.027548095526311
2.7965444232162446 1.3767219049281987;0.024536467545546
2.7987338807139697 1.379088167890639;0.021527608109429
2.800920924386939 1.3814516283593319;0.018521530224691
2.803105566886283 1.3838123002617861;0.015518246929458
2.8052878207018597 1.386170197358846;0.012517771291927
2.807467698164694 1.3885253332473118;0.009520116408858
2.809645211449239 1.3908777213621102;0.006525295404399
2.8118203725757813 1.3932273749787922;0.0035333214285911
2.813993193412611 1.3955743072156528;0.0005442076562220
2.8161636856783208 1.3979185310362243;-0.0024420327146403
2.8183318609439176 1.4002600592512569;-0.005425386463747
2.820497730634995 1.4025989045209575;-0.008405840349974
2.822661306033818 1.4049350793571367;-0.011383381112540
2.824822598281386 1.4072685961253129;-0.014357995472218
2.826981618379442 1.4095994670466805;-0.01732967013246
2.829138377192451 1.411927704200223;-0.020298391780623
2.8312928854495785 1.4142533195245532;-0.023264147089030
2.8334451537465326 1.416576324819969;-0.026226922716127
2.835595192547527 1.4188967317502845;-0.029186705307607
2.8377430121870337 1.421214551844716;-0.03214348149742
2.8398886228716584 1.4235297964997533;-0.0350972379089
2.8420320346818704 1.4258424769809257;-0.038047961155895
2.844173257573748 1.4281526044244868;-0.04099563784344
2.8463123013807565 1.4304601898393172;-0.04394025456924
2.8484491758153334 1.432765244108538;-0.04688179792439
2.8505838904705856 1.4350677779911625;-0.049820254494360
2.8527164548219135 1.4373678021237846;-0.052755610860035
2.854846878228596 1.4396653270221846;-0.05568785359863
2.8569751699353483 1.4419603630829547;-0.05861696928465
2.859101339073853 1.4442529205849302;-0.06154294449072
2.861225394664315 1.446543009690888;-0.06446576578860
2.8633473456168885 1.4488306404489435;-0.06738541975002
2.8654672007331583 1.451115822794097;-0.07030189294754
2.867584968707579 1.4533985665496436;-0.07321517195544
2.869700658128867 1.4556788814285955;-0.07612524335056
2.8718142774813993 1.4579567770351245;-0.0790320937131
2.8739258351465584 1.4602322628659323;-0.08193570962757
2.876035339404055 1.4625053483115964;-0.08483607768334
2.8781427984333083 1.464776042657931;-0.08773318447574
2.88024822031462 1.4670443550872163;-0.0906270166066
2.882351613030575 1.469310294679643;-0.09351756068520
2.884452984467182 1.4715738704144041;-0.09640480332890
2.886552342415158 1.4738350911710907;-0.0992887311639
2.888649694571123 1.476093965730827;-0.10216933082630
2.890745048538729 1.4783505027774655;-0.10504658896205
2.89283841182994 1.4806047108988298;-0.10792049222853
2.8949297918660606 1.482856598587888;-0.11079102729476
2.897019195978964 1.485106174243864;-0.11365818084228
2.899106631412097 1.4873534461733273;-0.11652193956569
2.901192105321651 1.4895984225913896;-0.11938229017346
2.9032756247775904 1.4918411116227333;-0.12223921938850
2.9053571967647183 1.494081521302705;-0.12509271394889
2.9074368281837217 1.4963196595783455;-0.1279427606084
2.909514525852171 1.4985555343094903;-0.13078934613743
2.9115902965055422 1.5007891532697377;-0.13363245732313
2.913664146798175 1.5030205241474017;-0.13647208097043
2.9157360833042856 1.5052496545466671;-0.13930820390257
2.917806112518907 1.5074765519884168;-0.14214081296162
2.9198742408587743 1.5097012239112164;-0.14496989500905
2.921940474663327 1.5119236776722667;-0.1477954369263
2.9240048201955697 1.514143920548372;-0.15061742561581
2.926067283642979 1.5163619597367917;-0.15343584800058
2.9281278711183765 1.5185778023561416;-0.1562506910257
2.9301865886608143 1.5207914554473356;-0.15906194165861
2.9322434422363997 1.5230029259743874;-0.16186958688930
2.93429843773915 1.5252122208253083;-0.16467361373129
2.936351580991824 1.5274193468129191;-0.16747400922192
2.938402877746713 1.529624310675719;-0.17027076042295
2.9404523336864594 1.5318271190786397;-0.1730638544210
2.942499954424827 1.5340277786139325;-0.175853278328
2.94454574550747 1.5362262958018584;-0.17863901928250
2.946589712412748 1.5384226770915586;-0.18142106444827
2.9486318605523874 1.5406169288617646;-0.1841994010167
2.9506721952723085 1.5428090574215991;-0.18697401620662
2.952710721853272 1.5449990690112583;-0.18974489726430
2.9547474455116602 1.5471869698027876;-0.19251203146457
2.956782371400147 1.5493727659008052;-0.195275406110
2.9588155046083737 1.5515564633431007;-0.19803500853611
2.960846850163708 1.5537380681015456;-0.20079082610246
2.96287641303181 1.5559175860826067;-0.20354284620244
2.96490419811738 1.5580950231280846;-0.20629105625906
2.966930210264773 1.5602703850157909;-0.20903544372627
2.9689544542586295 1.5624436774601629;-0.2117759960893
2.9709769348245176 1.5646149061129153;-0.21451270086546
2.972997656629585 1.566784076563756;-0.21724554560387
2.975016624283124 1.5689511943409404;-0.21997451788652
2.9770338423372134 1.571116264911835;-0.22269960532833
2.979049315287267 1.5732792936836593;-0.22542079557762
2.981063047572673 1.5754402860040269;-0.22813807631653
2.983075043577331 1.5775992471614844;-0.23085143526135
2.98508530763023 1.579756182386156;-0.23356086016
2.9870938440059978 1.5819110968503005;-0.23626633880704
2.9891006569254874 1.5840639956688598;-0.2389678590147
2.9911057505562746 1.586214883900072;-0.24166540864285
2.993109129013209 1.5883637665459045;-0.24435897558404
2.9951107963589574 1.590510648552731;-0.24704854776751
2.9971107566044783 1.5926555348117608;-0.24973411315909
2.9991090137095706 1.5947984301595806;-0.2524156597617
3.0011055715833717 1.5969393393787283;-0.2550931756157
3.0031004340848417 1.5990782671981363;-0.25776664879928
3.0050936050232377 1.6012152182936465;-0.26043606742849
3.0070850881586413 1.603350197288559;-0.2631014196580
3.0090748872023525 1.6054832087540307;-0.26576269368110
3.0110630058174586 1.6076142572096068;-0.2684198777301
3.013049447619199 1.609743347123709;-0.2710729600770
3.0150342161754877 1.6118704829140567;-0.27372192903300
3.0170173150072834 1.6139956689481347;-0.27636677294957
3.018998747589115 1.6161189095436586;-0.27900748021844
3.02097851734946 1.618240208969056;-0.28164403927191
3.0229566276711752 1.6203595714437864;-0.28427643858
3.02493308189194 1.6224770011389653;-0.28690466666656
3.02690788330464 1.624592502177553;-0.289528712077
3.028881035157779 1.6267060786350003;-0.29214856341489
3.0308525406559412 1.6288177345395074;-0.29476420931705
3.032822402960069 1.630927473872509;-0.2973756384663
3.034790625187958 1.6330353005690459;-0.29998283958721
3.0367572104146014 1.6351412185181802;-0.3025858014471
3.0387221616725837 1.6372452315633654;-0.3051845128565
3.040685481952403 1.6393473435028332;-0.30777896266
3.0426471742029078 1.6414475580900145;-0.31036913978289
3.0446072413316236 1.6435458790338617;-0.31295503313885
3.046565686205107 1.645642309999226;-0.3155366317227
3.048522511649283 1.6477368546072186;-0.31811392456444
3.0504777204498623 1.6498295164356347;-0.320686900738
3.0524313153525937 1.651920299019214;-0.32325554936504
3.0543832990636406 1.6540092058500175;-0.32581985960811
3.0563336742499505 1.6560962403778055;-0.3283798206780
3.0582824435394937 1.6581814060103484;-0.33093542183038
3.0602296095216652 1.660264706113757;-0.33348665236677
3.0621751747475523 1.662346144012802;-0.33603350163475
3.0641191417302878 1.664425722991267;-0.33857595902824
3.066061512945321 1.6665034462922643;-0.3411140139876
3.0680022908307443 1.668579317118492;-0.3436476560001
3.069941477787574 1.670653338632662;-0.34617687459996
3.0718790761800756 1.6727255139576926;-0.3487016593683
3.073815088336011 1.6747958461770365;-0.3512219999339
3.075749516546974 1.6768643383350237;-0.3537378859731
3.077682363068606 1.6789309934370782;-0.35624930721006
3.07961363012096 1.680995814450128;-0.35875625341686
3.0815433198887088 1.6830588043027188;-0.3612587144138
3.0834714345214445 1.6851199658854847;-0.363756680069
3.085397976133907 1.6871793020512393;-0.36625014030237
3.0873229468063093 1.6892368156153925;-0.3687390850774
3.0892463485845427 1.691292509356155;-0.3712235044103
3.091168183480463 1.693346386014816;-0.3737033883655
3.0930884534721077 1.6953984482959674;-0.37617872705669
3.0950071605039713 1.6974486988678357;-0.37864951064726
3.0969243064872383 1.6994971403624635;-0.3811157293503
3.098839893300038 1.7015437753760023;-0.3835773734289
3.1007539227876615 1.7035886064689547;-0.3860344331961
3.1026663967627854 1.7056316361663801;-0.38848689901556
3.104577317005736 1.7076728669582013;-0.3909347613009
3.106486685264681 1.7097123012993636;-0.3933780105168
3.1083945032558833 1.711749941610106;-0.39581663717861
3.1103007726638965 1.7137857902762337;-0.39825063185253
3.1122054951417804 1.7158198496492674;-0.40067998515603
3.1141086723113447 1.7178521220466896;-0.40310468775785
3.1160103057633144 1.7198826097521926;-0.40552473037819
3.11791039705757 1.7219113150158343;-0.4079401037888
3.1198089477233433 1.7239382400543477;-0.4103507988134
3.121705959259402 1.7259633870512665;-0.4127568063275
3.12360143313426 1.7279867581571495;-0.4151581172586
3.1254953707863895 1.7300083554898167;-0.4175547225866
3.127387773624383 1.732028181134508;-0.41994661334386
3.129278643027156 1.7340462371441103;-0.42233378061502
3.131167980344115 1.736062525539334;-0.4247162155375
3.1330557868954036 1.7380770483089318;-0.4270939093018
3.134942063971976 1.7400898074098616;-0.42946685315115
3.1368268128358663 1.7421008047674678;-0.4318350383817
3.138710034720344 1.7441100422756999;-0.43419845634336
3.1405917308300477 1.746117521797278;-0.43655709843895
3.142471902341206 1.7481232451638502;-0.4389109561250
3.144350550401759 1.750127214176194;-0.44126002091196
3.1462276761315535 1.7521294306043596;-0.4436042843635
3.148103280622491 1.7541298961878773;-0.44594373809775
3.1499773649387 1.7561286126359097;-0.44827837378654
3.1518499301166734 1.7581255816274037;-0.4506081831560
3.153720977165448 1.7601208048113084;-0.4529331579866
3.1555905070667305 1.7621142838066444;-0.4552532901133
3.1574585207750583 1.7641060202027066;-0.45756857142538
3.1593250192179623 1.7660960155592516;-0.45987899386691
3.1611900032960847 1.7680842714066316;-0.46218454943680
3.1630534738833345 1.7700707892458818;-0.4644852301887
3.1649154318270405 1.7720555705490042;-0.46678102823170
3.166775877948058 1.7740386167589572;-0.46907193572944
3.168634813040953 1.7760199292899335;-0.4713579449012
3.1704922378740803 1.7779995095274244;-0.4736390480215
3.1723481531897413 1.7799773588283412;-0.47591523742045
3.174202559704344 1.7819534785212556;-0.4781865054835
3.1760554581084777 1.783927869906442;-0.4804528446521
3.177906849067058 1.7859005342560006;-0.48271424742324
3.1797567332194676 1.7878714728140965;-0.48497070634991
3.1816051111796493 1.7898406867969752;-0.4872222140411
3.183451983536268 1.7918081773931314;-0.4894687631619
3.1852973508527564 1.793773945763458;-0.49171034643377
3.187141213667516 1.7957379930413226;-0.4939469566341
3.1889835724939535 1.797700320332688;-0.49617858659708
3.190824427820639 1.7996609287163188;-0.4984052292131
3.1926637801114337 1.8016198192438249;-0.5006268774294
3.194501629805517 1.803576992939738;-0.5028435242497
3.196337977317565 1.8055324508016768;-0.5050551627347
3.198172823037836 1.8074861938004951;-0.5072617860019
3.2000061673322606 1.8094382228803174;-0.5094633872256
3.2018380105425632 1.8113885389586866;-0.5116599596374
3.203668352986313 1.8133371429266307;-0.5138514965260
3.205497194957091 1.81528403564886;-0.516037991237
3.2073245367245398 1.8172292179637575;-0.518219437174
3.209150378534445 1.8191726906835182;-0.5203958277979
3.2109747206088652 1.8211144545943048;-0.5225671566261
3.2127975631462076 1.8230545104562301;-0.5247334172345
3.214618906321306 1.8249928590035973;-0.5268946032566
3.2164387502855036 1.8269295009448328;-0.5290507083833
3.2182570951667735 1.8288644369626832;-0.5312017263636
3.220073941069746 1.8307976677143039;-0.5333476510041
3.221889288075843 1.8327291938313144;-0.5354884761698
3.2237031362433237 1.8346590159198695;-0.5376241957833
3.2255154856073904 1.8365871345607787;-0.5397548038255
3.2273263361802362 1.8385135503095937;-0.5418802943355
3.2291356879511213 1.84043826369666;-0.544000661410
3.2309435408864995 1.8423612752272116;-0.5461158992070
3.2327498949300213 1.8442825853814704;-0.5482260019382
3.2345547500026464 1.846202194614678;-0.5503309638770
3.2363581060026885 1.848120103357213;-0.5524307793546
3.238159962805918 1.8500363120146397;-0.5545254427607
3.2399603202655816 1.8519508209677673;-0.5566149485437
3.2417591782125026 1.8538636305727836;-0.558699291210
3.243556536455142 1.8557747411612495;-0.5607784653282
3.2453523947796534 1.8576841530402357;-0.5628524655206
3.247146752949934 1.8595918664923046;-0.5649212864719
3.2489396107076867 1.8614978817756758;-0.5669849229249
3.250730967772499 1.8634021991242105;-0.5690433696814
3.252520823841875 1.865304818747492;-0.5710966216026
3.2543091785913134 1.8672057408309377;-0.5731446736087
3.256096031674353 1.8691049655357834;-0.5751875206791
3.257881382722591 1.8710024929991729;-0.5772251578526
3.259665231345807 1.872898323334254;-0.5792575802272
3.2614475771319302 1.8747924566301724;-0.5812847829606
3.2632284196471604 1.876684892952146;-0.5833067612698
3.2650077584359654 1.8785756323415226;-0.5853235104313
3.2667855930211727 1.8804646748158629;-0.587335025781
3.26856192290396 1.8823520203689135;-0.589341302715
3.2703367475639267 1.8842376689707243;-0.591342336689
3.2721100664591583 1.8861216205676867;-0.5933381232178
3.273881879026227 1.8880038750825552;-0.5953286578763
3.275652184680277 1.8898844324144994;-0.5973139362993
3.277420982815003 1.891763292439161;-0.5992939541817
3.2791882728027373 1.8936404550086714;-0.6012687072779
3.2809540539944813 1.895515919951733;-0.6032381914028
3.2827183257199333 1.8973896870736304;-0.605202402430
3.284481087287499 1.8992617561562626;-0.6071613362969
3.286242337984352 1.9011321269581989;-0.6091149889956
3.2880020770764764 1.9030007992147409;-0.6110633565822
3.289760303808671 1.9048677726378571;-0.6130064351717
3.2915170174045825 1.906733046916352;-0.6149442209397
3.2932722170667548 1.9085966217157884;-0.6168767101220
3.2950259019766377 1.9104584966785978;-0.6188038990145
3.2967780712946095 1.9123186714240843;-0.6207257839739
3.298528724160026 1.914177145548408;-0.6226423614170
3.3002778596912163 1.916033918624681;-0.62455362782
3.3020254769855164 1.9178889902029603;-0.6264595797243
3.303771575119309 1.9197423598102838;-0.6283602137247
3.3055161531480186 1.9215940269506824;-0.6302555264814
3.3072592101061535 1.9234439911052572;-0.6321455147139
3.3090007450073022 1.9252922517320792;-0.6340301752024
3.3107407568441647 1.92713880826637;-0.6359095047879
3.3124792445885753 1.9289836601203998;-0.63778350037
3.314216207191501 1.9308268066835825;-0.6396521589170
3.315951643583077 1.9326682473224301;-0.6415154774460
3.3176855526726023 1.93450798138062;-0.6433734530431
3.3194179333485616 1.9363460081789898;-0.6452260828530
3.3211487844786416 1.938182327015577;-0.6470733640815
3.322878104909747 1.940016937165606;-0.6489152939952
3.324605893467964 1.9418498378814912;-0.6507518699216
3.3263321489586444 1.94368102839288;-0.6525830892493
3.328056870166341 1.9455105079066741;-0.6544089494279
3.329780055854872 1.947338275606988;-0.6562294479678
3.331501704767296 1.9491643306552002;-0.6580445824407
3.333221815625916 1.950988672189958;-0.6598543504794
3.334940387132311 1.9528112993271853;-0.661658749777
3.3366574179673116 1.954632211160074;-0.6634577780907
3.338372906791014 1.9564514067590808;-0.6652514332345
3.340086852242761 1.9582688851719707;-0.6670397130863
3.341799252941177 1.960084645423775;-0.6688226155849
3.3435101074841653 1.9618986865168384;-0.6706001387301
3.345219414448877 1.9637110074308073;-0.6723722805829
3.346927172391717 1.965521607122607;-0.6741390392658
3.3486333798483687 1.9673304845264499;-0.6759004129625
3.350338035333754 1.9691376385538646;-0.6776563999181
3.352041137342056 1.9709430680936442;-0.679406998438
3.3537426843466953 1.9727467720118792;-0.681152206892
3.3554426748003365 1.9745487491519689;-0.6828920237089
3.3571411071348924 1.9763489983345885;-0.6846264473780
3.3588379797614754 1.9781475183576678;-0.6863554764521
3.3605332910704266 1.9799443079963994;-0.6880791095448
3.3622270394312785 1.9817393660032696;-0.68979734533
3.3639192231927684 1.98353269110798;-0.6915101825477
3.365609840682813 1.9853242820175145;-0.6932176199924
3.3672988902085033 1.9871141374160708;-0.6949196565250
3.368986370056098 1.9889022559650609;-0.6966162910666
3.370672278490995 1.9906886363031442;-0.6983075225999
3.372356613757704 1.9924732770461135;-0.6999933501694
3.3740393740798638 1.9942561767869977;-0.70167377288
3.3757205576602183 1.9960373340960051;-0.7033487899019
3.377400162680579 1.997816747520452;-0.7050184004619
3.37907818730183 1.999594415584825;-0.7066826038514
3.3807546296638966 2.001370336790745;-0.7083413994232
3.3824294878857137 2.003144509616888;-0.709994786591
3.384102760065253 2.004916932519084;-0.7116427648319
3.38577444427945 2.006687603930176;-0.7132853336824
3.387444538584216 2.008456522260086;-0.7149224927421
3.3891130410143826 2.0102236858957387;-0.7165542416721
3.3907799495837234 2.0119890932010813;-0.7181805801952
3.392445262284893 2.0137527425170334;-0.7198015080961
3.394108977089412 2.015514632161469;-0.7214170252210
3.395771091947641 2.0172747604292143;-0.7230271314780
3.397431604788781 2.0190331255919673;-0.7246318268371
3.3990905135207967 2.0207897258983554;-0.7262311113299
3.400747816030436 2.0225445595738316;-0.7278249850500
3.4024035101831673 2.0242976248206936;-0.7294134481526
3.4040575938231816 2.0260489198180442;-0.7309965008550
3.4057100647733236 2.0277984427217377;-0.7325741434360
3.407360920835118 2.0295461916644006;-0.7341463762365
3.4090101597886573 2.0312921647553206;-0.7357131996592
3.4106577793926625 2.0330363600805508;-0.7372746141687
3.4123037773843863 2.034778775702724;-0.738830620291
3.4139481514795915 2.036519409661102;-0.7403812186150
3.4155908993725426 2.0382582599715438;-0.7419264097904
3.4172320187359517 2.0399953246264864;-0.7434661945292
3.4188715072209153 2.0417306015948014;-0.7450005736054
3.4205093624569445 2.0434640888219144;-0.7465295478548
3.422145582051881 2.0451957842296777;-0.748053118175
3.423780163591869 2.046925685716337;-0.7495712855258
3.4254131046413248 2.0486537911565144;-0.7510840509284
3.427044402742886 2.050380098401142;-0.75259141546
3.4286740554173885 2.0521046052774725;-0.7540933802851
3.4303020601637915 2.0538273095889763;-0.75558994659
3.431928414459206 2.055548209115357;-0.7570811156552
3.4335531157587766 2.057267301612494;-0.7585668888068
3.435176161495719 2.0589845848123782;-0.7600472674395
3.4367975490811844 2.0607000564231255;-0.7615222530082
3.438417275904269 2.0624137141288044;-0.7629918470296
3.440035339332012 2.0641255555895572;-0.7644560510826
3.4416517367092596 2.065835578441467;-0.7659148668078
3.4432664653587057 2.0675437802965178;-0.7673682959079
3.444879522580761 2.069250158742488;-0.7688163401473
3.446490905653599 2.0709547113430995;-0.7702590013525
3.4481006118330746 2.0726574356377734;-0.7716962814120
3.4497086383526017 2.0743583291415884;-0.7731281822759
3.4513149824232494 2.076057389345466;-0.7745547059566
3.4529196412335743 2.0777546137157783;-0.7759758545281
3.454522611949599 2.0794499996945373;-0.7773916301267
3.456123891714814 2.081143544699278;-0.7788020349501
3.457723477650073 2.0828352461229946;-0.7802070712584
3.4593213668535467 2.0845251013340738;-0.7816067413733
3.4609175564007324 2.0862131076763517;-0.7830010476786
3.4625120433443053 2.087899262468902;-0.7843899926199
3.46410482471415 2.0895835630060855;-0.7857735787047
3.4656958975172527 2.0912660065574715;-0.7871518085024
3.4672852587376854 2.0929465903677764;-0.7885246846444
3.4688729053365277 2.094625311656784;-0.7898922098238
3.47045883425184 2.096302167619371;-0.7912543867958
3.4720430423985693 2.0979771554253324;-0.792611218377
3.4736255266685205 2.099650272219442;-0.7939627074472
3.4752062839303064 2.1013215151213367;-0.7953088569461
3.4767853110292637 2.102990881225421;-0.7966496698766
3.478362604787427 2.104658367600865;-0.7979851493031
3.479938162003449 2.1063239712915602;-0.7993152983519
3.4815119794525726 2.1079876893160505;-0.8006401202110
3.4830840538865404 2.109649518667378;-0.8019596181305
3.484654382033547 2.1113094563131294;-0.8032737954221
3.486222960598179 2.112967499195352;-0.8045826554592
3.487789786261347 2.1146236442304356;-0.8058862016774
3.4893548556802876 2.116277888309169;-0.8071844375738
3.490918165488378 2.117930228296543;-0.8084773667074
3.492479712295209 2.119580661031748;-0.8097649926989
3.49403949268646 2.121229183328161;-0.8110473192308
3.495597503223787 2.122875791973153;-0.8123243500474
3.4971537404448636 2.1245204837281255;-0.8135960889548
3.4987082008632715 2.12616325532844;-0.814862539820
3.5002608809684106 2.127804103483335;-0.8161237065745
3.5018117772254613 2.1294430248757843;-0.8173795932076
3.5033608860753698 2.1310800161625747;-0.8186302037729
3.50490820393468 2.1327150739741496;-0.8198755423849
3.506453727195554 2.134348194914535;-0.8211156132200
3.5079974522256654 2.135979375561286;-0.8223504205162
3.509539375368153 2.1376086124654363;-0.8235799685730
3.5110794929415627 2.1392359021514635;-0.8248042617517
3.512617801239757 2.1408612411171144;-0.8260233044753
3.514154296531846 2.142484625833396;-0.8272371012283
3.515688975062137 2.144106052744478;-0.828445656556
3.5172218330501055 2.1457255182677346;-0.8296489750684
3.5187528666902534 2.147343018793511;-0.8308470614325
3.5202820721520656 2.1489585506851445;-0.8320399203800
3.521809445579998 2.150572110278868;-0.8332275567031
3.5233349830933673 2.1521836938837944;-0.8344099752559
3.524858680786222 2.1537932977817182;-0.8355871809537
3.526380534727383 2.1554009182271514;-0.8367591787734
3.527900540960319 2.157006551447217;-0.8379259737535
3.5294186955030873 2.1586101936415916;-0.8390875709938
3.5309349943482373 2.1602118409823916;-0.8402439756556
3.5324494334628076 2.1618114896141414;-0.841395192961
3.5339620087881793 2.1634091356536542;-0.8425412281959
3.535472716240069 2.1650047751900217;-0.843682086704
3.5369815517084033 2.1665984042844664;-0.8448177738930
3.5384885110573077 2.1681900189703307;-0.8459482952309
3.5399935901249795 2.169779615252915;-0.8470736562473
3.541496784723674 2.1713671891095054;-0.8481938625331
3.5429980906395784 2.1729527364892625;-0.8493089197404
3.5444975036327717 2.1745362533131023;-0.8504188335827
3.545995019437164 2.1761177354736567;-0.8515236098347
3.5474906337603893 2.177697178835197;-0.8526232543321
3.548984342283798 2.17927457923357;-0.8537177729721
3.5504761406622816 2.1808499324760438;-0.8548071717131
3.5519660245243303 2.1824232343413663;-0.8558914565743
3.5534539894718464 2.1839944805795604;-0.8569706336364
3.5549400310801613 2.1855636669119165;-0.8580447090410
3.5564241448979046 2.18713078903088;-0.8591136889909
3.557906326446953 2.1886958425999907;-0.8601775797499
3.559386571222341 2.1902588232538096;-0.8612363876428
3.5608648746922738 2.191819726597865;-0.8622901190554
3.5623412322979546 2.193378548208536;-0.8633387804347
3.5638156394535154 2.1949352836329306;-0.8643823782883
3.5652880915460283 2.196489928388901;-0.8654209191850
3.566758583935373 2.1980424779649366;-0.8664544097543
3.5682271119541826 2.1995929278200665;-0.8674828566868
3.5696936709077653 2.2011412733837803;-0.8685062667339
3.5711582560740696 2.2026875100559957;-0.8695246467075
3.572620862703533 2.204231633206888;-0.87053800348
3.5740814860190784 2.2057736381768915;-0.8715463439870
3.5755401212160463 2.207313520276662;-0.872549675220
3.5769967634621005 2.2088512747868583;-0.8735480042375
3.578451407897161 2.2103868969581604;-0.8745413381525
3.579904049633321 2.2119203820112174;-0.8755296841423
3.5813546837548214 2.213451725136485;-0.8765130494438
3.582803305317935 2.2149809214942238;-0.8774914413546
3.58424990935093 2.216507966214381;-0.8784648672326
3.5856944908539647 2.218032854396511;-0.8794333344965
3.5871370447990847 2.2195555811097387;-0.8803968506252
3.588577566130086 2.22107614139266;-0.8813554231581
3.590016049762481 2.2225945302532315;-0.882309059695
3.591452490583418 2.22411074266874;-0.8832577678960
3.5928868834516328 2.2256247735857206;-0.8842015554816
3.594319223197378 2.2271366179199132;-0.8851404302326
3.5957495046223347 2.228646270556067;-0.8860743999897
3.5971777224995787 2.230153726348018;-0.8870034726543
3.5986038715734945 2.2316589801185525;-0.8879276561874
3.6000279465597 2.2331620266592744;-0.8888469586106
3.6014499421450377 2.23466286073063;-0.8897613880052
3.6028698529874403 2.2361614770617657;-0.8906709525128
3.604287673715939 2.2376578703505277;-0.8915756603348
3.6057033989305127 2.239152035263312;-0.892475519732
3.6071170232021164 2.2406439664350333;-0.8933705390273
3.60852854107257 2.24213365846903;-0.894260726600
3.6099379470545108 2.243621105937055;-0.8951460908921
3.6113452356313474 2.2451063033791305;-0.8960266404038
3.6127504012571654 2.2465892453035714;-0.8969023836956
3.6141534383566847 2.2480699261867585;-0.8977733293875
3.6155543413252484 2.249548340473272;-0.8986394861590
3.616953104528716 2.2510244825757124;-0.8995008627495
3.618349722303396 2.2524983468746185;-0.9003574679575
3.619744188956023 2.253969927718446;-0.9012093106411
3.621136498763715 2.255439219423518;-0.9020563997178
3.6225266459738834 2.256906216273888;-0.9028987441646
3.6239146248042093 2.2583709125213662;-0.9037363530174
3.6253004294425866 2.259833302385407;-0.9045692353718
3.626684054047052 2.2612933800530572;-0.9053974003821
3.6280654927457747 2.262751139678905;-0.9062208572619
3.6294447396369907 2.264206575385015;-0.9070396152841
3.6308217887889227 2.265659681260887;-0.9078536837803
3.6321966342397958 2.267110451363367;-0.9086630721410
3.63356926999774 2.2685588797166063;-0.9094677898157
3.6349396900408237 2.270004960312056;-0.9102678463127
3.636307888316888 2.271448687108313;-0.9110632511990
3.6376738587436352 2.272890054031182;-0.9118540141003
3.639037595208506 2.274329054973549;-0.9126401447009
3.640399091568675 2.2757656837953353;-0.913421652743
3.641758341651006 2.277199934323512;-0.9141985480297
3.643115339252038 2.2786318003519637;-0.914970840418
3.6444700781379247 2.2800612756415592;-0.915738539829
3.6458225520444256 2.2814883539199866;-0.9165016562369
3.6471727546768293 2.2829130288817474;-0.9172601996764
3.648520679709991 2.2843352941881814;-0.9180141802404
3.6498663207882553 2.28575514346736;-0.9187636080792
3.6512096715254887 2.2871725703141306;-0.919508493401
3.6525507255049656 2.2885875682899153;-0.92024884647
3.653889476279459 2.2900001309228735;-0.9209846776203
3.655225917371102 2.291410251707734;-0.921715997222
3.6565600422714697 2.2928179241058584;-0.9224428157205
3.6578918444415094 2.294223141545151;-0.9231651436109
3.65922131731157 2.295625897420043;-0.9238829914484
3.660548454281324 2.2970261850914637;-0.9245963698447
3.661873248719817 2.2984239978868426;-0.9253052894691
3.663195693965432 2.299819329100108;-0.926009761047
3.6645157833258852 2.3012121719915877;-0.9267097953644
3.665833510078256 2.3026025197881057;-0.9274054032591
3.6671488674689368 2.3039903656828415;-0.9280965956292
3.668461848713657 2.3053757028354167;-0.9287833834289
3.6697724469975084 2.3067585243719066;-0.9294657776690
3.6710806554748934 2.308138823384678;-0.9301437894167
3.6723864672696314 2.309516592932616;-0.9308174297961
3.67368987547482 2.3108918260408884;-0.9314867099874
3.6749908731530194 2.3122645157011035;-0.9321516412272
3.6762894533361825 2.3136346548712665;-0.9328122348082
3.6775856090256256 2.31500223647578;-0.9334685020792
3.6788793331921443 2.3163672534054696;-0.9341204544450
3.6801706187759984 2.3177296985175984;-0.9347681033662
3.6814594586869442 2.3190895646358536;-0.9354114603591
3.682745845804243 2.320446844550345;-0.9360505369957
3.6840297729767344 2.3218015310177464;-0.9366853449034
3.6853112330228295 2.323153616761169;-0.9373158957650
3.6865902187306165 2.3245030944702942;-0.9379422013185
3.687866722857815 2.325849956801325;-0.9385642733571
3.689140738131896 2.327194196377106;-0.9391821237288
3.690412257250096 2.3285358057870793;-0.9397957643367
3.6916812728794817 2.3298747775873583;-0.9404052071385
3.692947777657015 2.331211104300829;-0.9410104641465
3.6942117641895833 2.3325447784170628;-0.9416115474273
3.6954732250541253 2.3338757923925235;-0.9422084691022
3.6967321527975967 2.3352041386504814;-0.942801241346
3.6979885399371586 2.3365298095811724;-0.9433898763889
3.6992423789601605 2.33785279754186;-0.9439743865130
3.7004936623242646 2.3391730948568;-0.9445547840556
3.7017423824575273 2.340490693817377;-0.9451310814071
3.7029885317584883 2.34180558668227;-0.9457032910114
3.7042321025962144 2.343117765677341;-0.9462714253655
3.705473087310466 2.3444272229958547;-0.946835497019
3.7067114782117794 2.345733950798593;-0.9473955185772
3.707947267581513 2.3470379412137756;-0.9479515026939
3.709180447672035 2.3483391863373217;-0.9485034620783
3.7104110107067863 2.3496376782328987;-0.9490514094916
3.7116389488804127 2.3509334089320095;-0.9495953577469
3.712864254358862 2.3522263704341295;-0.950135319709
3.714086919279602 2.353516554706806;-0.950671308296
3.71530693575164 2.354803953685774;-0.951203336477
3.7165242958557267 2.3560885592751095;-0.9517314172731
3.71773899164448 2.3573703633473153;-0.9522555637544
3.7189510151425154 2.3586493577434893;-0.9527757890448
3.7201603583466567 2.359925534273508;-0.9532921063184
3.721367013225991 2.3611988847160266;-0.9538045287999
3.7225709717221718 2.362469400818833;-0.9543130697648
3.7237722257494394 2.3637370742988097;-0.9548177425388
3.7249707671949213 2.365001896842268;-0.9553185604977
3.7261665879187333 2.3662638601050006;-0.9558155370675
3.7273596797541955 2.3675229557124764;-0.9563086857236
3.7285500345080136 2.368779175260073;-0.9567980199912
3.7297376439605006 2.3700325103132514;-0.9572835534447
3.7309224998657453 2.371282952407682;-0.9577652997074
3.7321045939518487 2.37253049304955;-0.9582432724518
3.733283917921145 2.3737751237156703;-0.9587174853988
3.734460463450399 2.3750168358537116;-0.9591879523175
3.735634222191043 2.376255620882481;-0.9596546870254
3.7368051857694344 2.3774914701921106;-0.9601177033879
3.7379733457870694 2.3787243751442704;-0.9605770153179
3.739138693820856 2.3799543270724537;-0.9610326367756
3.740301221423369 2.3811813172822074;-0.9614845817686
3.741460920123095 2.382405337051346;-0.9619328643513
3.7426177814247086 2.383626377630292;-0.9623774986246
3.7437717968093756 2.38484443024229;-0.9628184987358
3.7449229577349965 2.3860594860836932;-0.9632558788783
3.746071255636534 2.3872715363242714;-0.9636896532913
3.747216681926296 2.3884805721074622;-0.9641198362595
3.7483592279942557 2.3896865845507365;-0.9645464421129
3.7494988852083577 2.390889564745852;-0.9649694852263
3.7506356449148406 2.392089503759192;-0.9653889800192
3.751769498438599 2.3932863926320995;-0.9658049409557
3.7529004370834573 2.3944802223811705;-0.9662173825437
3.7540284521325957 2.3956709839986656;-0.9666263193347
3.7551535348488576 2.396858668452828;-0.9670317659240
3.7562756764751066 2.3980432666882137;-0.9674337369499
3.75739486823465 2.3992247696261177;-0.9678322470933
3.758511101331591 2.4004031681648907;-0.9682273110779
3.759624366951216 2.401578453180408;-0.9686189436692
3.7607346562604165 2.4027506155264304;-0.9690071596747
3.7618419604080677 2.4039196460349443;-0.9693919739434
3.762946270525446 2.405085535516682;-0.9697734013653
3.7640475777267386 2.4062482747614977;-0.9701514568713
3.7651458731093763 2.407407854538819;-0.9705261554326
3.7662411477545206 2.408564265598087;-0.9708975120604
3.7673333927275348 2.4097174986692034;-0.9712655418058
3.7684225990784603 2.410867544463051;-0.9716302597590
3.769508757842459 2.4120143936718983;-0.971991681049
3.770591860040316 2.413158036969917;-0.9723498208444
3.771671896678925 2.4142984650136756;-0.9727046943504
3.772748858751844 2.4154356684427083;-0.9730563168108
3.773822737239763 2.4165696378799866;-0.9734047035069
3.7748935231110523 2.4177003639323975;-0.9737498697566
3.7759612073222946 2.418827837191398;-0.9740918309146
3.777025780818847 2.4199520482335215;-0.974430602371
3.7780872345354237 2.4210729876209465;-0.9747661995544
3.779145559396605 2.422190645902033;-0.9750986379243
3.780200746317485 2.423305013612012;-0.9754279329783
3.7812527862042318 2.4244160812734785;-0.9757541002473
3.7823016699547343 2.4255238393971017;-0.9760771552963
3.7833473884591657 2.426628278482212;-0.9763971137240
3.78438993260065 2.427729389017402;-0.9767139911619
3.7854292932559215 2.428827161481285;-0.9770278032743
3.7864654612959328 2.4299215863430343;-0.977338565757
3.787498427586572 2.4310126540632;-0.9776462943394
3.788528182989287 2.4321003550942546;-0.9779510047794
3.789554718361833 2.4331846798814327;-0.978252712867
3.7905780245589495 2.4342656188633476;-0.9785514344229
3.7915980924330746 2.435343162472794;-0.9788471852961
3.7926149128350928 2.436417301137445;-0.9791399813659
3.7936284766150505 2.4374880252806403;-0.9794298385396
3.7946387746229493 2.4385553253221763;-0.9797167727531
3.7956457977094944 2.4396191916790597;-0.980000799969
3.796649536726866 2.4406796147663026;-0.9802819361795
3.7976499825295384 2.441736584997795;-0.9805601973997
3.798647125975074 2.4427900927870523;-0.9808355996730
3.7996409579249733 2.443840128548187;-0.9811081590678
3.800631469245468 2.4448866826965863;-0.9813778916772
3.8016186508084235 2.445929745649992;-0.9816448136187
3.802602493492162 2.446969307829268;-0.9819089410334
3.803582988182358 2.4480053596593243;-0.982170290085
3.8045601257729227 2.4490378915700264;-0.9824288769626
3.8055338971669657 2.450066893997188;-0.9826847178726
3.8065042932776247 2.45109235738347;-0.9829378290460
3.807471305029091 2.452114272179373;-0.983188226733
3.808434923357491 2.453132628844219;-0.9834359272064
3.8093951392119076 2.4541474178471416;-0.9836809467550
3.810351943555332 2.4551586296680936;-0.9839233016885
3.8113053273656567 2.456166254798922;-0.9841630083346
3.812255281636715 2.4571702837443747;-0.984400083038
3.8132017973793024 2.4581707070231915;-0.9846345421616
3.814144865622154 2.4591675151691255;-0.9848664020
3.8150844774131185 2.4601606987321527;-0.9850956791956
3.8160206238201204 2.4611502482794974;-0.9853223899089
3.816953295932305 2.4621361543967653;-0.9855465506455
3.817882484861138 2.4631184076891244;-0.9857681778419
3.8188081817415305 2.4640969987824666;-0.9859872879474
3.819730377732937 2.4650719183245826;-0.9862038974234
3.8206490640205635 2.4660431569863754;-0.9864180227427
3.8215642318164456 2.4670107054630295;-0.9866296803887
3.8224758723607426 2.4679745544753016;-0.9868388868550
3.823383976922856 2.468934694770757;-0.9870456586442
3.824288536802663 2.4698911171249924;-0.9872500122674
3.825189543331756 2.4708438123429897;-0.9874519642435
3.8260869878746737 2.4717927712603824;-0.9876515310983
3.8269808618302 2.4727379847447897;-0.9878487293639
3.827871156632582 2.473679443697118;-0.9880435755778
3.828757863752883 2.474617139052962;-0.9882360862820
3.829640974700256 2.4755510617840013;-0.9884262780226
3.8305204810232723 2.476481202899273;-0.9886141673486
3.8313963743112787 2.4774075534467386;-0.988799770811
3.832268646195768 2.478330104514602;-0.9889831049634
3.833137288351705 2.4792488472327854;-0.9891641863585
3.8340022924989796 2.4801637727744072;-0.9893430315497
3.8348636504037557 2.4810748723572282;-0.98951965708
3.835721353879937 2.481982137245177;-0.989694079527
3.8365753947905685 2.482885558749856;-0.9898663154124
3.8374257650493497 2.4837851282321046;-0.9900363812877
3.8382724566220254 2.4846808371034714;-0.9902042936933
3.8391154615279452 2.4855726768278927;-0.9903700691638
3.8399547718415326 2.486460638923189;-0.9905337242273
3.8407903796937863 2.487344714962672;-0.9906952754053
3.84162227727386 2.488224896576834;-0.9908547392111
3.842450456830571 2.489101175454953;-0.9910121321494
3.843274910673977 2.4899735433467;-0.9911674707150
3.8440956311769647 2.4908419920638845;-0.9913207713923
3.8449126107768397 2.4917065134821246;-0.9914720506542
3.8457258419769227 2.492567099542469;-0.9916213249609
3.846535317348202 2.4934237422532926;-0.9917686107596
3.8473410295309525 2.4942764336918857;-0.9919139244829
3.848142971236401 2.4951251660062512;-0.9920572825485
3.8489411352483924 2.495969931416907;-0.9921987013576
3.8497355144250713 2.4968107222186773;-0.9923381972947
3.850526101700574 2.4976475307824515;-0.9924757867258
3.85131289008676 2.4984803495570516;-0.9926114859982
3.852095872674916 2.499309171071054;-0.9927453114391
3.852875042637509 2.500133987934611;-0.9928772793548
3.853650393229945 2.50095479284139;-0.9930074060296
3.8544219177923003 2.501771578570391;-0.9931357077249
3.855189609751152 2.502584337987878;-0.9932622006784
3.8559534626213208 2.503393064049273;-0.9933869011026
3.8567134700076964 2.5041977498010954;-0.9935098251843
3.8574696256070578 2.5049983883828895;-0.9936309890836
3.858221923209894 2.505794973029227;-0.9937504089325
3.8589703567022355 2.5065874970715827;-0.99386810083
3.859714920067533 2.507375953940443;-0.9939840808616
3.8604556073884737 2.508160337167142;-0.9940983650576
3.8611924128488875 2.50894064038603;-0.9942109694325
3.861925330735613 2.5097168573363287;-0.9943219099638
3.8626543554404034 2.5104889818643334;-0.9944312025950
3.8633794814617985 2.511257007925295;-0.9945388632347
3.8641007034071015 2.512020929585642;-0.9946449077554
3.8648180159941896 2.512780741024801;-0.9947493519927
3.865531414053534 2.513536436537554;-0.9948522117439
3.8662408925301146 2.5142880105359158;-0.9949535027671
3.8669464464853145 2.5150354575512957;-0.9950532407807
3.8676480710989187 2.515778772236597;-0.9951514414613
3.868345761671067 2.5165179493683296;-0.9952481204436
3.869039513624196 2.5172529838487203;-0.9953432933189
3.869729322505021 2.517983870707835;-0.9954369756342
3.870415183986476 2.5187106051056802;-0.9955291828910
3.871097093869749 2.5194331823344283;-0.9956199305446
3.8717750480862003 2.5201515978204303;-0.9957092340025
3.872449042699383 2.520865847126478;-0.9957971086239
3.873119073907024 2.521575925953884;-0.9958835697183
3.8737851380429977 2.5222818301446996;-0.9959686325447
3.8744472315793486 2.5229835556837803;-0.9960523123103
3.875105351128245 2.523681098701068;-0.9961346241696
3.875759493443983 2.5243744554736085;-0.9962155832235
3.876409655424994 2.5250636224278624;-0.9962952045178
3.877055834115828 2.525748596141751;-0.9963735030429
3.8776980267091177 2.5264293733469003;-0.996450493731
3.878336230547623 2.5271059509307903;-0.9965261914601
3.8789704431261502 2.527778325938863;-0.9966006110441
3.879600662093554 2.528446495576695;-0.9966737672402
3.8802268852547503 2.5291104572122727;-0.9967456747440
3.8808491105726355 2.529770208377956;-0.996816348188
3.881467336170093 2.530425746772772;-0.9968858021448
3.88208156033192 2.5310770702644954;-0.9969540511187
3.8826917815067965 2.5317241768917547;-0.9970211095515
3.8832979983092244 2.532367064866228;-0.9970869918186
3.8839002095214754 2.533005732574747;-0.9971517122279
3.884498414095509 2.5336401785813782;-0.9972152850197
3.8850926111548425 2.5342704016295237;-0.997277724364
3.88568279999654 2.5348964006440564;-0.9973390443645
3.8862689800930545 2.5355181747333555;-0.9973992590486
3.8868511510940773 2.5361357231913955;-0.9974583823752
3.8874293128284703 2.5367490454998127;-0.9975164282293
3.888003465306058 2.537358141329891;-0.9975734104222
3.888573608719502 2.5379630105446225;-0.9976293426904
3.889139743446088 2.5385636532007014;-0.9976842386944
3.889701870049548 2.5391600695505803;-0.9977381120182
3.8902599892818293 2.539752260044329;-0.9977909761681
3.8908141020848697 2.5403402253316574;-0.9978428445721
3.8913642095923184 2.540923966263847;-0.9978937305784
3.8919103131312642 2.5415034838955957;-0.9979436474552
3.8924524142239587 2.5420787794870012;-0.9979926083895
3.892990514589467 2.5426498545053806;-0.9980406264861
3.8935246161453256 2.543216710627102;-0.9980877147670
3.8940547210091534 2.5437793497393937;-0.9981338861706
3.8945808315003156 2.544337773942142;-0.9981791535503
3.895102950141405 2.544891985549687;-0.9982235296745
3.8956210796598705 2.5454419870925116;-0.998267027225
3.8961352229894852 2.5459877813189373;-0.9983096587976
3.8966453832718466 2.5465293711968098;-0.9983514368987
3.8971515638578262 2.547066759915151;-0.998392373947
3.897653768309014 2.547599950885718;-0.9984324822732
3.8981520003991004 2.5481289477446443;-0.9984717741152
3.8986462641152237 2.5486537543539036;-0.9985102616221
3.899136563659313 2.5491743748028752;-0.9985479568511
3.8996229034493344 2.5496908134097307;-0.9985848717670
3.9001052881205998 2.550203074722932;-0.9986210182420
3.900583722526966 2.550711163522571;-0.9986564080546
3.901058211741924 2.5512150848217026;-0.9986910528892
3.9015287610598532 2.551714843867686;-0.9987249643355
3.90199537599703 2.5522104461433828;-0.9987581538877
3.9024580622927134 2.5527018973684;-0.998790632943
3.90291682591014 2.5531892035002812;-0.998822412805
3.9033716730375083 2.553672370735606;-0.9988535046780
3.903822610088841 2.5541514055110293;-0.9988839196672
3.904269643704926 2.554626314504347;-0.9989136687820
3.904712780754091 2.5550971046354594;-0.9989427629324
3.905152028333004 2.555563783067274;-0.9989712129290
3.905587393767394 2.5560263572066266;-0.9989990294830
3.9060188846127284 2.556484834705015;-0.9990262232052
3.906446508654861 2.5569392234594503;-0.9990528046060
3.906870273910583 2.5573895316131363;-0.9990787840949
3.9072901886281506 2.557835767556101;-0.9991041719801
3.9077062612877658 2.5582779399257727;-0.9991289784679
3.908118500601968 2.55871605760759;-0.9991532136627
3.908526915516024 2.5591501297354085;-0.9991768875665
PointOptimal;ValeurOptimale
[3.90852692 2.55915013];-0.9991768875665609
Temps;Nb iteration
0.06694269180297852;1000