Point;Valeur
3.8246689959058022 -2.872222154732874;-0.12362346394683
2.629945464309018 -1.677498800968043;-0.2861819783538
3.168697065056135 -2.1506003283133466;-0.06523247432474
2.140505809900503 -1.1423869820981887;-0.06741545267160
3.112818019095207 -2.018554306621597;-0.20927561598323
2.7150030002320595 -1.587895450431987;-0.28778266705023
2.602554013770906 -1.4786926584024118;-0.1223391275806
3.368143779243784 -2.220898588165739;-0.07125422050578
3.815610254903045 -2.7151808272930382;-0.1495285969358
3.923447135429403 -2.8438928047613308;-0.07063954724058
3.5631370554245665 -2.4160704552613086;-0.10428387370325
3.130553855770217 -1.9428402946429726;-0.22457814312891
2.9596873541338526 -1.7721936296287293;-0.018924851025263
3.2931145440019374 -2.0947858851396868;-0.004310481527843
3.1402645568578613 -1.9371189974028062;-0.22223101573303
2.9245169628119854 -1.7223461225174375;-0.000816604436639
2.8441108730688045 -1.6451869946902646;-0.11389370502757
2.1794046974057943 -1.0108106765651264;-0.03066887216336
2.686816654434409 -1.4139541096405288;-0.1968243246462
3.264366938808722 -1.9470723030789467;-0.10210640397432
2.8221869590854802 -1.4875126468146105;-0.2588052450243
2.468263683764408 -1.1605574426260852;-0.21924416619043
1.824089657242122 -0.6026691119240599;-0.13331043962154
2.530126919327417 -1.0890269590554746;-0.16090180553951
2.014254790341186 -0.6172342284112111;-0.4714540085826
1.8452455528605882 -0.5069156979778122;-0.11393286699378
2.4388678055495268 -0.8873805794290635;-0.3657222590823
2.539093443332745 -0.9729228766477757;-0.23694247788647
2.070114034111232 -0.546564901368882;-0.4304036053787
1.681217949070777 -0.2948993631097856;-0.271285853755
0.9773946207379044 0.06274900288424995;-0.6803332732362
1.560748031232015 0.18658489531299938;-0.6181412772317
1.4958205773296678 0.16105886241812964;-0.5427067045481
1.9395871244125016 0.32965312013478076;-0.26601502599960
2.4301657100518193 0.6409397701725124;-0.2537547322574
2.773549294149367 0.9794940565151482;-0.041298397460941
2.9803331768316053 1.2493473442357887;-0.20372476020276
2.7265278171641283 0.8679709016298207;-0.004002457211773
2.6508961577804144 0.781554100222665;-0.14146180500821
2.286138876354668 0.3982738838585706;-0.019175999217318
2.090456730554019 0.27563073838421204;-0.4701903068521
1.954046704524557 0.21079137732013442;-0.26012659700309
2.4753887077498553 0.4326652689097008;-0.2530223209684
2.841328765092121 0.6914578475854316;-0.022146607811532
3.0122224308586634 0.859619100113316;-0.28872932242346
3.0227470533161025 0.8719227864751579;-0.28762648942662
2.980653959351038 0.8229591631313106;-0.2697736825540
3.1497220894630122 1.0114677751624108;-0.07830832149886
2.8587490849034842 0.641716899047021;-0.027861903281106
3.0760569228020906 0.8352699078915284;-0.26164332007272
2.868816899530213 0.6125129949534122;-0.03179882697250
3.1091164039214547 0.8167903864087884;-0.22883339154780
2.814624413201507 0.509554397316436;-0.004436299215595
2.7128708454949226 0.4360948921315489;-0.17564570692730
2.2492474754040863 0.12535353746411992;-0.14911661543497
1.7269600704348693 -0.008800201928108237;-0.20084513741826
1.114706627708538 0.007841573286193827;-0.6444013787230
0.5259874487291263 -0.017828794568938516;-0.9349954626604
0.4555448605091265 -0.0032557906749914444;-0.8008356332399
1.0615799042484084 -0.03381071028491542;-0.7737819649352
0.8807804316832264 0.00771113572642014;-0.2457986908514
1.5031669936108538 0.05417497895621599;-0.5419035645968
1.8463018400313382 0.16329971245063046;-0.008426263641822
1.9600141138285534 0.2519069393530214;-0.2912299874778
2.356531019113706 0.6948689930480154;-0.12851931235366
2.6504875976016753 1.3462431358140836;-0.08734434816655
2.861342076756004 2.0209914954281403;-0.07796845624164
3.0238369551293243 2.6438588284199733;-0.05217183820268
3.1427501919576852 3.156152852330804;-7.054357044605509e
3.147443302910083 3.179373198115457;-0.00320726871829
3.1793877430442032 3.337013587183332;-0.10503391364076
3.2812629480861006 3.817085592715519;-0.016588273527387
3.3427422766732806 4.127589167832968;-0.10044874990088
3.2707292720551324 3.7596330842235397;-0.0004072583838713
3.2821041751341866 3.8137111642884403;-0.015539173557999
3.3490404027729843 4.124653986042243;-0.09939720507774
3.2673107678138433 3.742496024001934;-0.00018862339227445
3.258665559768702 3.704949162451517;-0.00799977207964
3.200679537919508 3.459838444856858;-0.15258119925639
3.190488190545184 3.4188793311827963;-0.14750094830321
3.245500561030113 3.6345661901677535;-0.047159706672006
3.1086444599097316 3.124171760565935;-0.011273641462215
3.015685928204166 2.822233192680256;-0.16748967683418
3.145539395247346 3.1973671460044524;-0.0070749171262650
3.2227774805681366 3.4353584712020755;-0.15272032834075
3.216203441330322 3.4141036533417366;-0.15118887275450
3.254027881514931 3.5352164083594295;-0.10671216123973
3.081927058708262 3.0207672199102755;-0.09287577887642
2.8387510774031885 2.436501805341651;-0.17938503013195
2.5693490562113808 1.913450393690814;-0.2434250378470
2.253243027233018 1.4122334289551626;-0.33961850109581
1.9337248696331126 0.9973462283080612;-0.35719973368696
1.3192373686343783 0.35264833278088825;-0.07558022316910
1.9338903206994602 0.7231050940994201;-0.4688484810008
2.1217209695099135 0.8822907347544262;-0.050690359713319
1.7275037810539047 0.5087466071196138;-0.019783915243023
1.4254812167346356 0.3022771711263774;-0.3938665977029
2.165064992771684 0.7341263214503748;-0.07218405104026
1.7836824096009927 0.37564530245146294;-0.0018813848728980
1.7043457740213535 0.32909038419752795;-0.1716174256452
1.1028830008898631 -0.02706979997029696;-0.6833114715688
0.5504264872069322 0.019658928530619693;-0.9050075848895
0.19902262480379945 -0.02572204984036533;-0.1272863902950
-0.4142659040026199 0.2952493939330494;-0.9317613208203
-0.5164689385569781 0.5813363488053089;-0.0018908386556581
-0.46237517191539335 0.3473174956094523;-0.8269861600267
-0.0024569850343152955 -0.5755851651198394;-0.836517748272
-5.301175814461387e-05 0.3667195182512505;-0.33536029768510
-6.0763124149230956e-05 1.3126407240904108;-0.00033402075051067
-6.103262771105739e-05 1.3460132531300812;-0.03339559282223
-6.37215463274026e-05 1.663206649498849;-0.4273042741662
-5.830885401388986e-05 1.103364440047971;-0.6828402318790
-5.351691132837849e-05 0.6088593603186108;-0.6958589853523
-4.761543376250948e-05 -0.05225227603689375;-0.904270330116
-8.276631648869342e-05 0.40728706310686297;-0.563704371783
-0.0001839108821181154 1.042861021250789;-0.7856994931604
-0.00018159667850583018 1.0334120508404916;-0.7838877844970
-0.0001958979561955005 1.0897793203596595;-0.7218205377621
-0.00010877611717040308 0.7726380117003986;-0.005090416385871
-9.277558744656824e-05 0.6709962960052334;-0.3610220619691
1.45278744073592e-06 0.05622374387139506;-0.8897487521437
-0.0009805476188036108 -0.36218973336288646;-0.3108199194231
-0.005061432647505373 -0.9116310311301672;-0.3908825449544
-0.013193036463051002 -1.3820880262384185;-0.12222380464556
-0.022508315958592373 -1.6834314995856625;-0.3557451604573
-0.0065510084089388035 -1.331619645070616;-0.012705061696120
-0.00841940439563759 -1.443462170834488;-0.34290832188053
-0.01627166827931018 -1.8199042756783754;-0.0031297282923244
-0.014622840244017382 -1.7683352839349145;-0.07923635462068
-0.007017609856287679 -1.5176093883250643;-0.5721738785971
-0.010696767015139209 -1.7318650657750647;-0.18443031018787
-0.002224508589757415 -1.3799769711252883;-0.11562902138348
-0.004280852970428389 -1.7007117252179977;-0.29358160967802
-0.00020862387277968165 -1.319244732854738;-0.0026310834118146
-0.00023747881054153475 -1.3748367230015894;-0.10057758708500
-0.0004267571303475453 -1.6865680107215129;-0.3449595980357
-1.7276634716409953e-05 -1.2971762556602586;-0.003534818982046
-2.5226449752814752e-05 -1.2300514276420274;-0.15097343133174
-6.490604504260293e-05 -0.8354395015563304;-0.07447684960273
-9.391441913128268e-05 -1.1492377210607763;-0.5034755827976
6.766964059662825e-06 -0.6810510013980382;-0.30768812925750
-0.0002592943988742983 -0.1685038762389447;-0.27996614839070
0.004007335974417169 0.33231082774542897;-0.16413638054957
0.039167870947060285 0.7286469479808761;-0.09495073152321
-0.08276495628828603 0.4258360788895083;-0.7036482121921
-0.6640533818462812 0.8534836164221358;-0.7416736952497
0.032558799054737686 0.6970247271894215;-0.22447998855287
-0.08701466372030264 0.2775518312023141;-0.029496709904017
-0.4121907348448528 0.4530523752707258;-0.6778744868109
0.59847587881796 0.1156333256621832;-0.6925070163630
-0.3374105429274725 0.027542971331494595;-0.19191042030465
-1.0702179078771081 0.06450096044198539;-0.7594756510980
-0.79813617115399 0.05409541379503218;-0.006570672674770
-0.946637949654475 0.06054566006512249;-0.5623434902507
-1.5790274610859063 0.09096497819646915;-0.6126296859257
-1.4616091684495955 0.08583768001994158;-0.4188672266541
-1.9670391488782228 0.11058498138869449;-0.2739875636701
-2.371387853758129 0.13072321876794835;-0.005253430462439
-2.4513278332712356 0.13464664829976644;-0.12457709235572
-2.7642314091059443 0.15046111541387253;-0.13185452680998
-2.462986940907102 0.13487805432849725;-0.1502188612050
-2.7889646097018463 0.1525161646226053;-0.08367127207243
-2.5238361109147567 0.13783360228461136;-0.28244468201509
-2.808133761141075 0.15402087404293613;-0.052054922276403
-2.5822431422973335 0.1408708036186338;-0.3607044238279
-2.6871447488985365 0.14695995987673172;-0.29152158126590
-2.4037700124372425 0.129945593678289;-0.037179810809593
-2.6294615560394985 0.1435913037929205;-0.3626999536089
-2.5325580247507897 0.13764483411629277;-0.2984260707259
-2.831434343888393 0.1564426710287451;-0.022659557210197
-2.6546727876856226 0.14502296063582282;-0.3403295423197
-2.4450735930369345 0.1313954470063889;-0.11091625189219
-2.8133922504942483 0.15613624328578019;-0.04435977106591
-2.5659044106246185 0.13860762149871161;-0.3463830350929
-2.762720170319426 0.15235746510762918;-0.13476317677208
-2.3875337312953393 0.12415396099838193;-0.01745531779195
-2.5705307257555536 0.137301073134797;-0.351015525479
-2.7543639123962262 0.1509917150057094;-0.15246112151654
-2.3571226943714616 0.1187713860156896;-0.00023101361662486
-2.379697959326094 0.12047787020033239;-0.01040143868831
-2.5338298320929424 0.13214660812490248;-0.30014423547958
-2.8818545004145335 0.1604418130561963;-0.0004967829040754
-2.9130113606826864 0.16316994731716114;-0.016151000240563
-3.0895797545341264 0.17879003894037254;-0.2719391275078
-3.2682406420543657 0.1952614781235907;-0.13330436599868
-2.903581111575308 0.15878857083236209;-0.009059143281224
-3.0445482696009827 0.1718088173301275;-0.21774573317896
-3.380904373364537 0.20513271520376747;-0.0024558932386689
-3.311115657482448 0.19770774862473328;-0.06542958802391
-2.987040923015015 0.16236991962849506;-0.1191061762302
-3.3824204277447323 0.20396073491345676;-0.0020395282075309
-3.317658020532771 0.19642071588143012;-0.056593779221068
-3.0045193886757966 0.15923231702023494;-0.1496292676509
-3.411230069769581 0.2052052584589879;-0.0017971076954387
-3.4718898291446667 0.21302670415780484;-0.047038315701134
-3.748449297346681 0.2502744009267154;-0.16057293873923
-3.446384727610685 0.2045623477445061;-0.02114859501331
-3.6516767287786087 0.2326096022813187;-0.22972307665462
-3.6530461646950085 0.23277702752814816;-0.22971356259346
-3.648364637175135 0.23205656982067133;-0.229615733673
-3.665238527286615 0.2344891157967616;-0.22824790872784
-3.6019551648213994 0.22512850283755656;-0.2092274958737
-3.8352709202061677 0.25932560828572576;-0.04856692203803
-3.513343901396769 0.20634745739662705;-0.10035650487685
-3.916470063469143 0.267516985233637;-1.4435195889526098e
-3.910048987233925 0.26642580575349406;-0.00046098748091740
-3.873373055570284 0.26001067905553954;-0.014858320503033
-3.665674123813547 0.22347764256950498;-0.2283027574967
-3.594660535649333 0.21205551260424574;-0.2023923594819
-3.8940849146078396 0.2599275286270419;-0.0043688860781621
-3.7703244227222545 0.23745409823370714;-0.13329887793730
-3.3271695038050653 0.15570027369049658;-0.04715958117616
-2.925306645315636 0.09730743944504128;-0.02478259540536
-3.253463997422371 0.1326017869619363;-0.16362494772097
-2.740344589503648 0.05794622523175286;-0.1902384242529
-2.1455702719982104 0.006205519820394141;-0.42243900122147
-1.6697858126257172 -1.4782053301702971e-05;-0.404712885404
-0.9279545171531841 -0.00010423921838670111;-0.4687928126877
-1.7141412432709606 -0.0004530618358213206;-0.24536660016849
-1.1677767137142858 0.0006435312666977606;-0.41893741861674
-0.5381097959200908 -0.003113002182676997;-0.9254343313552
-0.37009808842291636 0.0066163182928577705;-0.3542574842941
-1.0375214058772046 0.15259208082633105;-0.7842922160360
-0.9874385667352858 0.06260340174567408;-0.7106432646886
-1.3358737993377114 0.3350412600441629;-0.10753451493568
-1.686777180305104 1.1584603882333682;-0.4489597494461
-1.8317729488220598 1.8955029530231546;-0.36112028700423
-1.7726086063121942 1.4697623065370493;-0.0428264031328
-1.6079492666654394 0.7238986984630934;-0.0915687977494
-1.2913580887903189 0.05466691726662709;-0.006876245878226
-1.173063317862501 0.03107792993874238;-0.392572422927
-0.5822019750121391 -0.05387027719702228;-0.8029347797725
-0.107646381274275 0.1993796286207887;-0.04342839906733
0.03770027623800018 -0.7497307783545363;-0.037491535439527
0.023647607416129042 0.011114826613900619;-0.9754552650336
-0.20146620103838078 -0.2743608459001944;-0.20052533795852
-0.5669408150954215 -1.1850834669321253;-0.0005594568525575
-0.5808788595960551 -1.2380835091245408;-0.08077322375684
-0.737003051203194 -1.7837895037246132;-0.15774642220621
-0.8914158560451877 -2.3328378005866695;-0.21935725520542
-1.010557545119737 -2.762472171452897;-0.041404360175672
-1.078107367804013 -3.0116095537390284;-0.24925764877957
-1.0137186150704274 -2.7734607009767602;-0.05674627447505
-1.0957997274005105 -3.0626677891424783;-0.16927971182785
-0.9976744002234531 -2.722843490362329;-0.004653607465527
-1.0261808833722765 -2.81882837579358;-0.1338176082077
-1.139218046637851 -3.185574830560046;-0.0038012083617917
-1.11466257639501 -3.104521600033743;-0.09303631075145
-1.0076794920825098 -2.7662770508829215;-0.04471758917573
-1.100295159431422 -3.047495528113711;-0.19032115958015
-0.982146363614277 -2.6994579847017097;-0.0006120793693070
-0.9691340736474251 -2.661275217969589;-0.026355471003696
-0.8825889625743105 -2.4133051442190405;-0.3463678928212
-0.971176086245819 -2.6612468169851593;-0.025626530184714
-0.8792927521839741 -2.4086244149874845;-0.3400756595841
-0.9855743857785549 -2.6934345319825583;-0.0016102752876158
-0.9601955465642659 -2.6255453639395143;-0.07926152571243
-0.793874596312206 -2.2056486785214506;-0.002189755892938
-0.7584966813913867 -2.114914674918253;-0.1645875277050
-0.4991971801894527 -1.5225671224907213;-0.5875464181731
-0.3467759696127968 -1.1572576254717348;-0.23728425514407
0.012312952354011142 -0.39574651221671964;-0.4998391402517
0.06684864567116822 -1.2090273589545533;-0.2256558402779
-0.006447126354363494 -0.659814009390718;-0.42200496006278
0.011324241602605627 -0.01863575471289669;-0.9828615470017
-0.26221771738647554 0.140552029551459;-0.044235187438560
-0.8955444470472838 0.2824115069824953;-0.5200114669699
-1.7841043680789572 0.45535553911976645;-0.0014741228315091
-1.8534649373388687 0.466378109246272;-0.10799537672125
-2.3406866504348804 0.5492422913134637;-0.033086455189100
-2.6042463800128797 0.5920959236705374;-0.3245431400084
-2.316153980898057 0.5453765697546807;-0.008040078335606
-2.4573872736850424 0.5692992775258946;-0.27248708450786
-2.859657590759449 0.6401658946616693;-0.028447757772068
-3.083084879560728 0.6789161799024287;-0.2839777391531
-2.9877428950824787 0.6625723300864034;-0.2335884642687
-3.2869351735218753 0.7156974897194603;-0.014354526698491
-3.1257635555780805 0.6873718754300522;-0.24725044531473
-2.8536945106007185 0.6377141467239102;-0.02198049333461
-3.0746009691909713 0.6794004765233509;-0.2869317509868
-3.008231388927005 0.6669579285230971;-0.25926965125443
-3.2657315209234343 0.7162537675899421;-0.03274318940180
-3.0049134164342526 0.6656799184433534;-0.255441156120
-3.2834558348291445 0.7217171702941555;-0.015915296932291
-3.0899186311657245 0.6826073778028183;-0.2801171341850
-2.9350153293922996 0.6507849433195733;-0.14531577046825
-3.3837030974020603 0.7500683657666894;-0.033460839456867
-3.642235774344924 0.8086202262593533;-0.1902656172049
-3.374449783311768 0.746385971624743;-0.02418532258053
-3.607244589032179 0.8013008975160989;-0.21932095717689
-3.451536481308976 0.7640907799855056;-0.12241186848548
-3.829457556487175 0.8585183134165674;-4.558054105651053e
-3.818955127369098 0.8559235085346013;-0.0013146431718624
-3.761254677459056 0.8413756093680635;-0.03794599577005
-3.470832063072039 0.765893078477748;-0.1488772927103
-3.8564886402642684 0.8700075502270239;-0.005075955271261
-3.9692033759824166 0.9013197197058305;-0.11161560220561
-4.299344068564607 0.9968469603202398;-0.00834483121366
-4.162872931179673 0.9563408146810312;-0.13922612905940
-3.8676785285362776 0.8668289715816614;-0.0096484004357
-4.031280484227958 0.9156993871682934;-0.16987708586645
-4.2364528321629225 0.9785034912739102;-0.058232597660215
-3.9078380890455984 0.8724537268804263;-0.03972402870941
-4.2154522927290206 0.9714959829594033;-0.08144378908827
-3.8635702946027175 0.8498268952521447;-0.006075940221317
-4.002026117569224 0.8958886611434954;-0.14365325525157
-4.319538609514507 1.0066532533853763;-0.0014206291801164
-4.254742748953806 0.9831720495500005;-0.04020108242493
-3.942754917792371 0.8671906066475777;-0.07408692759475
-4.326988736569577 1.0098413422384855;-0.0003251062257593
-4.295088797490728 0.997375260662751;-0.01022560603321
-4.115347587122316 0.9263239290145644;-0.1778366282425
-3.945326110693135 0.8604110718780186;-0.07527267366835
-4.357855628323433 1.023725224406974;-0.0039847351166680
-4.473117204437564 1.0731676877986256;-0.09704905595906
-4.8117465476248205 1.226214307454637;-0.0003762158298345
-4.777491424428193 1.2098757735566363;-0.010447323266358
-4.597195388222374 1.1231549047647402;-0.14936417286622
-4.484784379413504 1.0706248836733627;-0.10646156713372
-4.838664458708524 1.237696441733384;-0.002033082399676
-4.923654809321591 1.2809108594659242;-0.052941557927468
-5.251606018491575 1.4549120666225424;-0.009721352081980
-5.079127654144868 1.3568858660846317;-0.12438107902368
-4.973594573441682 1.2986911053922003;-0.09273664940769
-5.287434878017905 1.4716938816221277;-0.0003691990621876
-5.250011395067857 1.4498324482638463;-0.010890428726352
-5.049247268880443 1.3317243353216455;-0.12701474475349
-5.093076748666611 1.35622974168961;-0.12053170441264
-4.915168966401319 1.2542398187964199;-0.04175607495359
-5.29000061574976 1.467376235033802;-0.0002726127429010
-5.2539306079586865 1.4452504382417093;-0.009851789228113
-5.039515729871878 1.312627341449695;-0.1248579692923
-5.160588183293476 1.3836805360256015;-0.0789187820808
-4.758957890663665 1.1311974545443884;-0.032417889060029
-4.3633208572331235 0.9020140211087873;-0.00015034019586884
-4.397044848334321 0.9192203861694644;-0.010052086002782
-4.666268238362313 1.0593229908939665;-0.12223338024235
-4.261248912798139 0.8211007965185079;-0.06682722980845
-3.717210230477909 0.5257161934906713;-0.16378563583335
-3.1329210497083997 0.2650597039413834;-0.2880053998850
-3.0429175700357325 0.24083445435154283;-0.22229655918368
-3.6853512438715548 0.4290659729059406;-0.2090952060203
-3.3480657958915523 0.27854599545196906;-0.017626816750166
-3.0053045774217644 0.16518804932593367;-0.15158366591311
-3.6660126857861526 0.33687222047284954;-0.2257157843171
-3.5278611106708757 0.2763919349708792;-0.1274084695858
-4.034041022877018 0.4813753686069888;-0.1031159406533
-4.43295414363681 0.7363699346097838;-0.010816519539422
-4.6085379889994025 0.8931531181626153;-0.15182649740771
-4.662440459895271 0.948987958216257;-0.13917046999285
-4.464505560661423 0.7330642951857457;-0.02993503088125
-4.754138985105808 0.9895446279264377;-0.061468937002939
-4.416180510218875 0.6142968762271661;-0.00039639996552939
-4.455216949200443 0.6434764108107953;-0.014879729468006
-4.685397967495222 0.822412761526946;-0.13969016221226
-4.47263092958281 0.6210498131583929;-0.023673097489810
-4.761636726070537 0.8401863310867823;-0.08013324070068
-4.38738315680283 0.47852185184392504;-0.008342271600243
-4.195976124940983 0.363391445460747;-0.18055759324368
-4.0322722004472595 0.2843738805092392;-0.08002473254919
-4.509579173696422 0.48575493719639046;-0.03885773126627
-4.853172008896785 0.7127733694876;-0.023038331199696
-4.583217798453087 0.46865013181741055;-0.10328406722994
-4.9490326515586345 0.7058770813208113;-0.003064130006362
-5.054143619226078 0.8012490447321574;-0.07589950258317
-5.382947037602692 1.1319281322666048;-3.495227252779916e
-5.393542913077326 1.1463588807636313;-0.0010997552827208
-5.455519883267202 1.2301382584643132;-0.032836056793910
-5.737454114365892 1.621914235071712;-0.012188951083674
-5.549678336917051 1.303065409696569;-0.09643644938947
-5.74379406329817 1.5733240574021217;-0.015083691009975
-5.527490582842572 1.2310147083327059;-0.07758730072442
-5.822569852436165 1.6034521528676067;-0.0011398407916100
-5.887588315270316 1.705084736871541;-0.03512991582195
-6.170803394597222 2.1486455300263425;-0.00035958627896267
-6.135355522866751 2.0823731755561607;-0.012897576971570
-5.931300063581397 1.7208208281550608;-0.06071977206823
-6.2255515279037725 2.1501591157874134;-0.00510672911346
-6.361082496711809 2.3829387508538877;-0.07921137968442
-6.395335985631868 2.4462027188387623;-0.07407581981241
-6.251943866956885 2.1787227830103677;-0.016102175094042
-6.49275766851994 2.5728765722013227;-0.017919768075058
-6.251301548621413 2.14492677972309;-0.011795651627032
-6.4733964291078205 2.4784440417973017;-0.041213730593744
-6.173618154217477 2.0027739578537838;-0.008989357261280
-5.961424226023332 1.7213245973995395;-0.07486040129735
-6.254246875199202 2.0631296270455937;-0.004951660075401
-6.4166219013311 2.2785428669833476;-0.0794042838355
-6.391953196853772 2.243003940734325;-0.07713120546628
-6.511660595645004 2.4104875997858946;-0.035634507133167
-6.171940555703486 1.9305696101452394;-0.017827958185283
-5.855486456570401 1.558489416010078;-0.005007444322281
-6.053265926149736 1.7567552596899652;-0.09018307252525
-5.930819490649474 1.6229119249907553;-0.04587053462835
-6.361111458237122 2.063650684787016;-0.0467424755129
-6.71805303249133 2.488146227798308;-0.021224918188760
-7.008884477960434 2.8736566766548837;-0.0006809841936056
-6.947794879038307 2.784514061608881;-0.023960006745651
-6.64711322447777 2.367733815054861;-0.00040828095696938
-6.593231440755243 2.301710944954628;-0.01811681876925
-6.272858861865948 1.9213629567578052;-0.0007364627251036
-6.353398807295378 2.0056126762942053;-0.03469495059510
-6.754611003740946 2.4328094642813802;-0.02740061678408
-7.0935617085996 2.8369388750286912;-0.005098480983649
-7.26600833341387 3.0636991557828326;-0.058304166963
-7.139745359459028 2.8894496014483995;-0.023775302853208
-7.451681667742251 3.2918331170483874;-0.0018963463518911
-7.559125554476225 3.442800630918174;-0.045352105223823
-7.772712834771789 3.7461266984982013;-0.00022273783012204
-7.735313559837145 3.6902528872986253;-0.008335590240323
-7.51824484746875 3.3738090358315476;-0.025768039916194
-7.831121254387531 3.790744344203502;-0.006423738907544
-8.02445435639479 4.065068329180416;-0.03359571462991
-7.76858017793797 3.6953717558049135;-0.0024425365414833
-7.634438344245084 3.514702646799096;-0.05219300032026
-7.513587737849006 3.357143489627488;-0.02217112190520
-7.855249003555478 3.778488661237841;-0.010027741533864
-8.10810040458763 4.1087247356395755;-0.00836286296616
-7.87730758299919 3.796706947072388;-0.017299025618731
-8.182305187106097 4.181119215007063;-0.0010673045991574
-8.27371339510673 4.3032593385126985;-0.030225706743501
-8.541788385609767 4.659361492631974;-0.002683155765502
-8.679937064537338 4.850953248866478;-0.03884949844512
-8.687384326535451 4.86119954749182;-0.03873543882363
-8.655561270541048 4.815676003901899;-0.036582230329542
-8.79545571442217 5.011581656473605;-0.009365846031038
-8.54229173438039 4.656482435309625;-0.00257149427942
-8.70020099099276 4.8673065497252885;-0.038092060583612
-8.611225754639737 4.745520916960188;-0.023370099106026
-8.93011844881865 5.162381949131712;-0.012519387028424
-9.212811926617341 5.540957276132391;-0.0003448358412121
-9.270198218319171 5.6211225793149096;-0.011899041403017
-9.539523324638626 5.990039954161363;-5.1829384367208513e
-9.561665782443223 6.0217518910068835;-0.0019319227880235
-9.696613353711758 6.212695304653415;-0.029268303442061
-9.698991678049282 6.215784107242308;-0.029259333145820
-9.688805912974633 6.200797795283288;-0.029072321282168
-9.7377754701582 6.2706924347028155;-0.02501555905860
-9.523807584281505 5.966855374814466;-0.000387581439925
-9.448882165361413 5.863981271154797;-0.016769791256676
-9.1041138448583 5.409417158031977;-0.019883164472888
-8.728669789522453 4.9487660928691435;-0.028994838095748
-8.363761038471942 4.528619804897083;-0.03196775579279
-7.961197386142162 4.091131700405504;-0.043449528509091
-7.653411325336787 3.77415367125748;-0.01836477408085
-7.134196840030256 3.2604658254253227;-0.06082186407596
-7.187764051899817 3.309123208790512;-0.05284670059067
-6.75686952128218 2.9068053749347946;-0.06727756758054
-6.505618091722228 2.686145070628463;-0.002430859103347
-6.214318465041498 2.439473942104944;-0.04122884756689
-6.9433859809543605 3.0700653138393066;-2.869446091331696e
-6.940531658698348 3.0677474504573645;-3.552767259008234e
-6.910983378978969 3.0394508684856825;-0.004143729103181
-6.600996349556311 2.738838677597505;-0.014797560744941
-7.126760114894061 3.228438806437622;-0.05936138401253
-7.304686723875125 3.408749949786652;-0.0060648787344017
-6.977252595557978 3.067656564303248;-0.00201952509393
-7.188606931310532 3.275851068408467;-0.0557905112789
-6.87126192666456 2.952609965062872;-0.026415652236349
-6.2959941808989255 2.39564966595485;-0.06738754405718
-6.778366732350164 2.818224495879593;-0.06882399471751
-6.67924639718351 2.722809609801452;-0.04142317748214
-7.225305101756627 3.2421626712507234;-0.05118675221754
-6.879637767285563 2.881432562607976;-0.03458190340259
-6.372203495215015 2.3851611061491482;-0.07950968070668
-6.365535076866484 2.3789131881482284;-0.07935146591308
-6.423909745079282 2.4294358114267163;-0.06810735704114
-5.98944668132098 2.039678252886607;-0.08464344853006
-5.600812717815433 1.7196837859780825;-0.07150699264789
-4.922807138714639 1.1758688635013845;-0.033651982981752
-5.598250855411004 1.6457209704053446;-0.08496629113574
-5.117721240923141 1.2251046910097327;-0.12309189691437
-4.857029342629297 1.0368260738178885;-0.00029968618872163
-4.780019069533928 0.9876372580016854;-0.04046287658077
-4.109153379635747 0.5225624655117822;-0.17468803410353
-4.551805685799592 0.7228618797393709;-0.10478151201269
-5.1810448427884985 1.117978072647517;-0.10698599801654
-4.786628289641531 0.7760718607212214;-0.06759566320410
-4.205627140670185 0.3691654971655366;-0.17619222111909
-3.882858715490138 0.24258524068059148;-0.00989912881712
-3.531837057625515 0.14072273830590842;-0.1217645253976
-4.276946375727575 0.31549244028783646;-0.1219065909769
-3.758590634984863 0.07093546447919141;-0.15748090148667
-3.186103697100279 -0.00767059172254346;-0.2629655388916
-2.754546464180463 0.00038190050326203373;-0.16090008479911
-1.99703205217057 -0.0008152216605413945;-0.34843319142737
-2.741439322492779 -0.004489960018840884;-0.18918620732526
-2.1727506920117285 0.009005722424880798;-0.3645005792174
-1.5977764477224246 -0.031044100650501616;-0.5941201144170
-1.2494656261744745 0.0865469923477142;-0.07953566415301
-0.6610998952712984 -0.5859584614247665;-0.2574807065630
-1.3017148201648547 -1.7738251816209636;-0.2932975899994
-0.9948183933747055 -1.0522973731475325;-0.36026957686169
-1.4612624093266995 -1.7835321836398523;-0.03821189043292
-1.2857220931229827 -1.4734725032972316;-0.23130308461436
-1.6425831741130286 -2.0238389355924653;-0.3688259270443
-1.6580197770599927 -2.0494694572148062;-0.36099405056463
-1.577003646597237 -1.915304823786286;-0.18253809790346
-1.866289431936306 -2.3649104286899423;-0.15647784213355
-2.0900234886003357 -2.7177714880166635;-0.005709934656911
-2.1481908084685273 -2.811698401700271;-0.127048430530
-2.333289177791019 -3.1068890074704814;-0.012723542653160
-2.2509331950807794 -2.9737609985704783;-0.191607804475
-2.1078722614798036 -2.7469295110737404;-0.030146155749769
-2.249253160918406 -2.965841958301101;-0.19875149494816
-2.109072278264328 -2.748386555905934;-0.0319878781487
-2.2631677758111857 -2.982015188752639;-0.17644996392994
-2.0803123846919886 -2.7060156536988487;-0.0008916557744894
-2.110286051164629 -2.750623652509351;-0.034511074103978
-2.2845764931078856 -3.0074193655598824;-0.134690445110
-2.053277500913912 -2.6707849211432095;-0.011044695044032
-1.938497197171984 -2.506483318295647;-0.27746246028519
-1.813019067695171 -2.329025831233282;-0.05475396393968
-2.0808728098655003 -2.6965463534092886;-6.67758180942878e
-2.09053303332423 -2.7098726395882915;-0.0033430232639562
-2.1611547442701813 -2.807455209585242;-0.13333946314701
-2.4462803079334092 -3.192517171427121;-0.05773699827218
-2.6679577791589706 -3.4889958627025557;-0.02025526672594
-2.522727705947658 -3.295460382270361;-0.17854274871372
-2.6202047700026228 -3.424901742852829;-0.09641458615304
-2.371318586303523 -3.0996398817233493;-0.004393824179946
-2.2862109955129255 -2.98857044114966;-0.15303905577853
-1.9828827150555077 -2.6015131450771865;-0.13843039824645
-1.5899940108862665 -2.1148882201374617;-0.3535036567981
-1.3814400798076691 -1.8553446484358975;-0.027899857973921
-1.0800219414404089 -1.4832128896012282;-9.210690434636273e
-1.1001652833042994 -1.5085044835972552;-0.02253705372162
-1.4090137056617686 -1.890148517985476;-2.7156139341430557e
-1.4190967589527048 -1.9022469448992998;-0.004340306160945
-1.5518377329497672 -2.062101004732393;-0.3568271359028
-1.7684911340457357 -2.319168680352271;-0.015283586639245
-1.9944645117860087 -2.581901590629372;-0.15286138217756
-1.5372382634606248 -2.0688167371153043;-0.3539954246193
-1.7742369074846518 -2.343436080027061;-0.03868335979050
-2.106068686309447 -2.7164642613030585;-0.010296715258595
-2.274280239166749 -2.9007274628033572;-0.22392042756936
-2.1475821390715844 -2.763628744395419;-0.07380130083538
-2.5284670951413366 -3.1755657096214116;-0.09924087113110
-2.8593727775325797 -3.523342122955482;-0.04046366870709
-3.1083394108697338 -3.779695303241675;-0.03089491739970
-2.886444247929226 -3.5543278541111762;-0.07746464939198
-3.174998618972462 -3.850594008069841;-0.0013635608196640
-3.22792462212829 -3.904090937704385;-0.036738588282526
-3.4621523363024997 -4.140208049402511;-0.03901500722607
-3.227760552795928 -3.906542535071024;-0.03800849649390
-3.472771185371953 -4.153635669868891;-0.02779396571515
-3.2551347802676607 -3.936689107311706;-0.06891881903707
-3.5293639728311956 -4.212966203819396;-1.4168867652306362e
-3.5235280524046626 -4.207143669949859;-0.00042543645068234
-3.4907524891600517 -4.174522824775194;-0.012980222973482
-3.3127834027570064 -3.99719482425553;-0.12025707113833
-3.4566454245916263 -4.14181999552949;-0.04060737015131
-3.169351259885092 -3.8550128448220238;-0.0013345647119635
-3.2376864894994513 -3.9242305363434173;-0.05287291869542
-3.5629325336530404 -4.2524063980569435;-0.010027358218754
-3.7327780788260347 -4.421167588721961;-0.10402016603445
-3.6261338832057004 -4.316008177745931;-0.06152910381694
-3.923705460737282 -4.611100935778528;-0.003846946149440
-4.032608273049305 -4.717730260019633;-0.07546324714211
-4.242681381199289 -4.922692194210302;-0.006499646606699
-4.102328903150156 -4.786814223965729;-0.09000039443778
-4.016845566143022 -4.70360206302737;-0.06563211604140
-4.2850918232444615 -4.966005652102682;-0.000618107238299
-4.333028444542033 -5.012399116440091;-0.018082528809347
-4.5640562036554515 -5.235929956981062;-0.03451111737951
-4.295179253914817 -4.977400969412932;-0.0026158811235466
-4.398997686043331 -5.078239429166802;-0.06066458307816
-4.646388855069593 -5.317986947687009;-0.00012065061380189
-4.623599988948422 -5.296076058200062;-0.003867448251270
-4.493203364680911 -5.170621653252378;-0.07335518905263
-4.323473628357866 -5.006491388919815;-0.013907944024099
-4.574034956345409 -5.250600166414872;-0.0264778436836
-4.271313774911276 -4.957584365001653;-4.07182418875071e
-4.266171484024119 -4.952529420464501;-0.0002140007617143
-4.228345898340224 -4.915479642610123;-0.01116003042525
-3.9666072051557366 -4.658652778394606;-0.02927181334557
-4.3477532515575 -5.036793095288809;-0.030550576606521
-4.691765948516197 -5.374043111045508;-0.01064057876392
-4.920987184065374 -5.596463448111124;-0.03721373047426
-4.611331703250506 -5.2973979204824175;-0.005401330136796
-4.430652158474693 -5.121015724288591;-0.0767224594671
-4.570452003712151 -5.258367365366742;-0.024938127718521
-4.225850604993321 -4.9207822843870765;-0.010331079811790
-3.955073168589556 -4.652174794935891;-0.022983773241087
-4.3350367300873724 -5.0327964298306656;-0.025310909045977
-4.687377254801708 -5.38150268415676;-0.011491552208772
-4.938807853686251 -5.627803511268451;-0.022960001895982
-4.6290331956433866 -5.326040552959772;-0.00038804583350689
-4.575479727879871 -5.273343373037561;-0.018836380836532
-4.245822968222195 -4.9481672312873;-0.0019068694648298
-4.116102542087807 -4.818751738472737;-0.0813228876350
-3.8158155115936725 -4.5179345776200135;-0.03719055286723
-3.3306365567229053 -4.027406549078511;-0.12730163735197
-3.3699277725632095 -4.068026010122055;-0.11584123124595
-3.012292053969848 -3.7004625267278954;-0.13140673931307
-2.5270571095619423 -3.196833799233938;-0.11686776299937
-3.2246430254807166 -3.9250191661035547;-0.04703211935917
-3.6938741659793592 -4.3959673550791605;-0.10698204259640
-3.762004365892629 -4.462858584079761;-0.08402004860582
-3.415491790509124 -4.123279052065303;-0.07053922456399
-2.9514746235172837 -3.660317288482516;-0.1526125362225
-2.989012539460047 -3.6988447604757275;-0.14041358703341
-2.6734701862156593 -3.3766930667998527;-0.10223940879975
-2.062342122547063 -2.7468525891496713;-0.008934619011073
-2.3653099396670623 -3.0741361086044625;-0.01708307933022
-1.9857381904217943 -2.6760845835821314;-0.04526600230701
-1.3990357174996375 -2.051718252931902;-0.18779744043751
-2.1976549162342893 -2.913198703192112;-0.2288657125140
-2.2636758543596693 -2.977637887870615;-0.18006039574637
-1.836199562082096 -2.562338325087974;-0.28581124145503
-1.7035891946853545 -2.4257955910845066;-0.07366352953226
-2.243548982821231 -2.98744230438441;-0.18481113122479
-1.858443856679531 -2.611804122688479;-0.2409664389486
-1.4328460577336426 -2.175325613926021;-0.3685701674354
-1.4897379460983444 -2.2384852719837824;-0.29552747391413
-0.952460954334004 -1.6611611392475083;-0.11708266755932
-1.576762845652524 -2.386713832523786;-0.004370427067678
-1.4495735340776377 -2.2583287976233755;-0.30467989944202
-1.0090255510182204 -1.8034308378478832;-0.4702414974851
-1.1859633517734411 -2.012325899276096;-0.006302121877426
-1.022846635260053 -1.829944132057754;-0.4764099179362
-0.9424763805068385 -1.7355598755473416;-0.2878399359942
-1.5866511922738473 -2.4677608089893086;-0.03218896349273
-1.8778561119547068 -2.7478960022703514;-0.05036540874087
-1.5385624059730443 -2.4384421192933257;-0.000140334134972
-1.5596296804549756 -2.459156131280856;-0.011839036609011
-1.7538106196537548 -2.649969655356191;-0.2705683279657
-1.5165570676172333 -2.426025195431348;-0.004138934319302
-1.3922283860094327 -2.301638738447903;-0.29366465555030
-0.9283816263094933 -1.8249227029124566;-0.4506128121166
-1.237905284961327 -2.1972797841350733;-0.2715422835382
-1.7117764103367872 -2.7047389488587386;-0.24670066914742
-1.3960412477568236 -2.402880992434302;-0.11032850789911
-0.9341041026228161 -1.924699059049855;-0.433181071693
-0.5975845681988525 -1.5164363145653976;-0.5283664416414
-0.1659942870677733 -0.9178854273324709;-0.4913405089386
-0.5347240150321759 -1.7546451152389948;-5.7753095385635175e
-0.5437282759161621 -1.7665301712177535;-0.004783750792621
-0.6291215644599037 -1.8798893941126626;-0.30884242612426
-1.0445648193259887 -2.3735965480984555;-0.3648139402963
-1.1380257059324026 -2.4582108908597338;-0.2579267377707
-0.7386768499504889 -2.1099217100043552;-0.19516031646862
-0.3193007427684544 -1.635723042977932;-0.41574184647604
-0.013524426453863814 -1.0706333992668613;-0.7618587691912
-0.003707659231513713 -0.797147386949518;-0.004287506621392
-0.005380232568868399 -0.9239067147301611;-0.4497112871949
-0.019674353017277053 -1.6247316273273587;-0.5412230081353
-0.003656537788219595 -1.2670608344240475;-0.04422176685026
-0.000316512513836866 -0.9606212014956579;-0.6123170796517
-0.0009596493207352797 -1.5003276921882764;-0.53216179582
-0.001924515188272672 -1.8542804609051216;-0.009052776277872
-0.002451799559513499 -1.9694223680997842;-0.27189543607699
-0.004775597691103903 -2.366999647698497;-0.0017498828485809
-0.005214744191673671 -2.412648621981771;-0.04497927989135
-0.007506024146871661 -2.631850422737358;-0.3635475585467
-0.006381181465034337 -2.550857780505147;-0.32221134054763
-0.00921418277780446 -2.780066502884251;-0.10818066177004
-0.00408484423148765 -2.477879913108827;-0.17548370063997
-0.0071363333269647035 -2.8259233541047712;-0.03365640091232
-0.004504039030844849 -2.633350587759131;-0.362714305660
-0.0036327213185703227 -2.5394234872478245;-0.30386860081812
-0.005872417271838801 -2.8214583185718602;-0.039316060557401
-0.0032636845750607453 -2.6006855035908347;-0.3676311289985
-0.003612944934408602 -2.650198148530362;-0.34947706839245
-0.002228986408703386 -2.4729044073667055;-0.16421844188475
-0.004381839429560396 -2.870195515937425;-0.0010819492253931
-0.003998654790346759 -2.828718149058301;-0.03032880507519
-0.002099121858177594 -2.6110727354033556;-0.36912705958024
-0.002104683166213762 -2.612463072617191;-0.36910946354104
-0.0020737775192344234 -2.606451559235569;-0.3688158879218
-0.0022049671777184788 -2.6337227324184997;-0.36249954064680
-0.0015511787238178035 -2.5070654363465;-0.24060816032848
-0.003373740836199261 -2.9553534822938095;-0.06026141727385
-0.005783847625934056 -3.2603211639075775;-0.15659547689636
-0.0012310295100395954 -2.908142349546449;-0.009200943299151
-0.001643135446930287 -3.0450596019595855;-0.21108689569747
-0.0029908377575400664 -3.3793976871746545;-0.005338713968956
-0.002327316207152354 -3.2806030415469385;-0.1223131389924
-0.00025683167124987893 -2.9135452922387057;-0.012956823144109
-0.0003556639710360695 -3.0828978198970542;-0.2609607128451
-0.0005526624830944836 -3.3202939388614334;-0.06087771413260
-0.0001379684231505847 -3.004761014648474;-0.1425905465927
-0.0002458464931193049 -3.4045757741657274;-1.2941698611557439e
-0.00024856434138703285 -3.4094858002528876;-0.0003420834413406
-0.0002632245394067318 -3.436568772121278;-0.009893592394982
-0.00034783120713155626 -3.5831636695147657;-0.1845018274345
-0.0005713342740938228 -3.8646238799564463;-0.02822485559835
-0.0002741499193428341 -3.63816029790823;-0.2260184291614
-0.0003303709381623495 -3.731829328874011;-0.18932300442037
-0.0001179100585519728 -3.450501768415627;-0.01956260545843
-0.00016243639410784886 -3.6715888131629892;-0.2284885869628
-0.00014431731791428155 -3.614016640515578;-0.2130334062635
-0.00020174312550959623 -3.825802650459901;-0.06985842714055
-4.6184959646617193e-05 -3.4661014147972726;-0.033724044316032
-4.251864271495421e-05 -3.76183543542306;-0.15421271782439
-5.121804859006867e-05 -3.392363004433706;-0.0011278316599355
-5.095618920967964e-05 -3.330553289594688;-0.04747838448065
-4.963766911665192e-05 -2.9617988196981297;-0.06989517350123
-4.891643447378835e-05 -3.401534554030209;-3.1907683045670735e
-4.896020464408543e-05 -3.3910061644417753;-0.0014227048947631
-4.9253126404641e-05 -3.319569886619403;-0.061871771731474
-5.059070607801564e-05 -2.904225181114134;-0.0068633363517281
-5.1096807507039907e-05 -3.0758546139509764;-0.2532757087826
-5.300767071442174e-05 -3.429819071331816;-0.0063264410226602
-5.501318535200611e-05 -3.5793216430598576;-0.18016713281295
-6.310535150317314e-05 -3.9401711864176607;-0.0012785633062135
-6.646578062854093e-05 -4.002923114640808;-0.038673992136270
-8.730500716215346e-05 -4.308149021635337;-0.1008901394645
-3.386599159854492e-05 -3.953003494834671;-0.004924547035379
-2.4913063823661173e-05 -4.07831662031385;-0.12045619562061
1.565633738777965e-05 -4.438306742558783;-0.00091506576811
1.6723852508430696e-06 -4.386558047259186;-0.02417716491583
-5.474311706252188e-05 -4.13130792370388;-0.16816082545166
-5.9924238284868864e-05 -4.367138752537313;-0.03995204130537
-4.55113626361586e-05 -4.047886142280211;-0.08635950408120
-3.620760746496069e-05 -4.445915099023887;-0.00013236058587913
-3.755857934341732e-05 -4.425037305946573;-0.003955990629490
-4.44900017356391e-05 -4.308432873729711;-0.10058008833899
-5.608478014735164e-05 -3.905524964214576;-0.0034273212838644
-5.1799092226475205e-05 -3.7836324246556154;-0.1254592640059
-4.605636258950844e-05 -3.296177445505802;-0.09681808394968
-6.380420402961724e-05 -2.7608011708232616;-0.1475809428306
3.850592865586507e-05 -2.1326691856324898;-0.4436842013160
-0.0005734173852917669 -1.7097992250035572;-0.260829007447
0.010877549572332694 -0.9110992463427671;-0.3885681256321
0.565990451189277 -1.7266127309492885;-0.00477486837457
-0.4466053031640327 -1.624026689725701;-0.35309953257744
0.7185843078869905 -1.063793101785664;-0.016124692590055
-0.0014940292307683567 -0.88860997104631;-0.2813741672860
-0.009395011652411652 -1.5514890090779208;-0.6159809506120
-0.013077534096420962 -1.6349831229061065;-0.5146763497139
0.011824523231157706 -1.2345625752547436;-0.13488016263424
-0.02715211783420817 -0.7577588325644543;-0.023002138962848
0.04645827221126477 -0.519713943010864;-0.9361616759097
0.03438210879907994 -0.5046694971890102;-0.9292462322860
0.12133543249576706 -0.6516286873577893;-0.4055558013992
-0.7808514747279462 0.040352427905273824;-0.00038351149233201
-0.5774364520911585 0.03884910760760986;-0.8253575209676
0.5512441633418862 0.005217245485025335;-0.9040080985037
-0.030822906842749243 0.002406529572823598;-0.9657517605365
0.5349724804271306 -0.023540218006776727;-0.9283659028297
0.26423704782706897 -0.01655166577222871;-0.0003090209417071
0.32209523944554447 -0.018647884154460146;-0.12418853546646
1.1307519121091942 -0.05606254486420496;-0.5770616576185
0.41607220852952054 -0.020664913075613058;-0.6146926403029
1.170168631408795 -0.06881656390620917;-0.39851756428987
0.5842320801029609 -0.017952907178681796;-0.8036429403392
0.11140250403670654 0.005333691757632111;-0.6132667444474
-0.5149610306311261 -0.05175809164619782;-0.9360053623232
-0.5353111551909604 -0.055549607433087005;-0.9253538242855
-0.3978349400566309 -0.028419752101060975;-0.5163300159284
-0.984498262342535 -0.11933670320671032;-0.7169096766622
-1.2652216014387534 -0.1951775427568498;-0.020985056997692
-1.109679173623031 -0.14132090284528398;-0.6301065043895
-0.7174224511803657 -0.02299644573253433;-0.137948513700
-0.3125053306553797 0.009577621485663428;-0.0880897617446
-0.6574773179375457 0.03753014478220023;-0.42918232604175
-0.1260657714163177 -0.05133806566967094;-0.46654810317276
0.37700893641142486 0.5266044957057237;-0.4897046580076
0.08176650575429134 -0.3205856622302792;-0.15772706090738
0.18179274336452692 -0.9896282929029669;-0.7506689767965
0.21658196661599782 -1.3023654532463522;-0.0031710357989991
0.22598434387723748 -1.394844713767828;-0.2278549560164
0.2884644245189986 -1.9553876083871606;-0.2924140378882
0.33423800718931485 -2.377742891398109;-0.029047700667091
0.35408155038297967 -2.5672558388455355;-0.36395545846973
0.3625562809497063 -2.6498731830114575;-0.3188884954656
0.33740293956878287 -2.40857563592146;-0.07803748045202
0.37071991452166303 -2.7107707556316116;-0.20095804174979
0.3317586723236035 -2.3640279909865978;-0.01410351783102
0.34891630439856225 -2.511464662406803;-0.2971687270388
0.3840628178010553 -2.807797222443222;-0.02453373611267
0.3627329832036983 -2.627098823172797;-0.34763725973375
0.3408618540194583 -2.4460704504378437;-0.15700897538587
0.3908240836415072 -2.8343643018121996;-0.004075846380888
0.3808143998775859 -2.7556685799515552;-0.10472561904384
0.3347597932517078 -2.410470734242392;-0.08088852276438
0.38186227494251634 -2.74750483408462;-0.12043847140302
0.329837647345297 -2.391808791413723;-0.04771614565184
0.37097332426369084 -2.6674909149597013;-0.2879226540388
0.3205784842944952 -2.344657380975812;-0.0015823094356717
0.32930670885897373 -2.4011844655834413;-0.06283193773577
0.3805044264389579 -2.7214859877500537;-0.1750862815267
0.31285258905352753 -2.3285378256761153;-0.0006855227058383
0.30648144878730177 -2.2897282311624334;-0.03187646539736
0.26230243645834356 -2.0278802415757;-0.4468578560256
0.3085182188491196 -2.303886090209391;-0.015245148510664
0.27511238052301085 -2.1134672483515287;-0.4456673548018
0.22479282888549218 -1.8275421073851985;-0.0014800819159582
0.2365347712662922 -1.8976637680930781;-0.11076069366701
0.32778255211918295 -2.391641924013542;-0.04702920166800
0.39156530297815473 -2.6956824021428263;-0.2267268747457
0.2953455664301599 -2.2873885532191394;-0.03721900820929
0.23365545415358754 -2.00079160480843;-0.39054448723855
0.3222249189589419 -2.42678682627545;-0.10983673859422
0.419123429409794 -2.815375434048198;-0.013090530438882
0.3771258660073469 -2.665950463785355;-0.2891345284836
0.2814831854695611 -2.3225679584694;-0.004190573397827
0.2575970768667729 -2.2224287686846473;-0.19018137128455
0.12961815163121204 -1.713553518478765;-0.23020552776323
0.018583983430476847 -1.1230059167305195;-0.6129539648707
-0.009473255230972887 -0.5318063691724936;-0.9316351033868
-0.0031291990318653793 -0.40777192204659124;-0.5664664888680
-0.022936573103263358 -1.133086154697158;-0.5721959904859
0.01813072376487051 -0.6243164215455153;-0.6156409333701
-0.060222018251546376 -0.03676670536429705;-0.8301959896523
0.9702525476987455 0.22788105626030625;-0.7296296776475
1.5490906688705661 0.2932586284745056;-0.615994341261
1.4111852428486233 0.280669810909732;-0.3252432388188
2.164979045899464 0.3738614325785991;-0.30198566673933
1.6561467578942217 0.3135822884050618;-0.34855888588653
1.0508811398205258 0.22264953331964255;-0.7559007788120
0.7490249977401047 0.17030596298961742;-0.009308240800517
0.5645896888916104 0.13546591908542668;-0.8184876082293
-0.013911749963719577 0.004795724532892898;-0.9921712369315
0.1506916786885396 -0.04984383227277534;-0.3340513878119
-0.5778433183332997 0.2306272963393154;-0.6283508604249
0.017045806496866378 -0.07759490681456294;-0.7882371273689
-0.11644804007195836 0.581849889999121;-0.7671421072641
-0.006146329726222005 0.04335137828681046;-0.9321101719404
0.051010984126896426 -0.33390320262007406;-0.1884373455087
0.14823852951416158 -0.863772534785626;-0.2262180378989
0.25603533264119177 -1.3448213289773956;-0.08445138815742
0.3308616738245571 -1.6371576406073214;-0.403076451799
0.2231858415633321 -1.2594249043044363;-0.022671825159150
0.1805666229935366 -1.0901905851110747;-0.677479740487
0.09200741824970873 -0.7312835735139483;-0.0720377162226
0.028502137912263484 -0.40444822094590327;-0.5534686046299
0.09960939615153729 -0.977532637407134;-0.6904677354769
0.1587558799528676 -1.2962506801559854;-0.0002364210325862
0.15509964596179268 -1.2795703474410376;-0.010186933425251
0.1303588458117501 -1.1677316819450283;-0.3855834497568
0.022761914297801597 -0.6841885163450654;-0.28955429575874
-0.0143318543021098 -0.1780474912301938;-0.22724241285736
0.07626187548024813 0.2951444997704772;-0.0637335740143
0.24397665616526804 0.5627812444089635;-0.6734244892258
-0.20270842227677094 0.13512482305616325;-0.011680642666043
0.04043563694919533 0.06676253355863618;-0.79503957383
-0.4927257624245997 -0.3261813988357447;-0.7776878421651
0.15439210494608063 -0.10257846834393469;-0.1943248843006
-0.48593655597437807 0.15433469966376856;-0.9326079910911
-0.5986669106659834 0.17592066901393355;-0.6188151397769
0.11165979993407948 0.01977941517070808;-0.6023028458587
-0.5778202421187238 -0.091806059744486;-0.8014472068888
-0.13237195191140844 -0.02240163716685871;-0.4777262624631
0.47508930491981144 0.09386696266771168;-0.8929958947979
0.7179120208797343 0.14943115850399052;-0.08336703452076
0.3983911965284477 0.06971593719177699;-0.5478397725814
0.9343573427410928 0.19478406256725422;-0.5872331405078
1.3226775417513 0.3083834661418171;-0.05782466725388
1.5374389011786278 0.3796130608526937;-0.6110181295673
1.45253361318151 0.34976039669668413;-0.5150879454689
1.7325388842455332 0.4484042550615383;-0.03610488642032
1.5636271545885143 0.383867198101966;-0.5737180759840
1.3612916477785788 0.309715080267677;-0.16745280606336
1.7167566863368466 0.435531108609851;-0.07280930817231
1.4747896852472506 0.3382684392281217;-0.5627343811854
1.7085028219585727 0.424666784498845;-0.09904256358443
1.4239836582778849 0.30790300617821903;-0.392821427611
1.8158178632753348 0.4548235959810728;-0.029118320696293
1.973873704402472 0.5238982134176025;-0.4431206428079
2.142386907663679 0.6026715501979384;-0.22272680268286
1.8288770130622631 0.44325161449126543;-0.04494570607582
2.032272702056452 0.5333647683837739;-0.47459534445805
1.9761548733003917 0.5064717687209853;-0.43976210221628
2.168868834489293 0.5978856022235783;-0.15682171825186
1.8481759238954343 0.42981151614926993;-0.07584980397267
2.1218462925400736 0.5533832123996607;-0.3133112899259
1.7888773940848774 0.37964137373063434;-0.000294759253189
1.7692488787371499 0.37122063973606767;-0.01211712657909
1.6378432404406806 0.3156797257980299;-0.4109457986446
1.1872597962629525 0.1294059022586009;-0.2973987433378
0.6417670241438345 -0.01298634605670812;-0.521585040381
0.03440965574357302 0.02102817367947283;-0.9422070046980
-0.23269501987903374 -0.41292396012022675;-0.8653408816848
-0.4009256490384368 -1.0783881386947771;-0.4978103426077
-0.2174897124934148 -0.26421481925993695;-0.2091635164557
-0.5702328117526225 -0.8933872145121902;-0.7762469338164
-0.5032029203602489 -0.7403475801940471;-0.3120648176377
-0.82489878403743 -1.3549773302190335;-0.6085216901420
-0.760977424787651 -1.2194106372411742;-0.3197315406657
-1.0179616099340718 -1.7151352198117777;-0.3417583247074
-1.1942082667367913 -2.0611074384206782;-0.00989251411200
-1.2456004028114662 -2.164078834635105;-0.21846929185516
-1.401158036874185 -2.470179048100228;-0.01863532990006
-1.3346597936044502 -2.337957874288927;-0.289853393526
-1.2008205575054434 -2.0783722171860255;-0.028074373678095
-1.2964869117571285 -2.260115211463364;-0.36869195079291
-1.3088062257930244 -2.2837684833865706;-0.36335352980047
-1.2630596879853344 -2.1963786576778697;-0.29370065587544
-1.4193556928261128 -2.487744477372602;-0.0028734847098392
-1.3865015280230906 -2.42600839778315;-0.08165230998287
-1.2231748899142305 -2.1268847874121763;-0.1213598970709
-1.4258512404633332 -2.4839934334350224;-0.00288428973237
-1.3896402809711075 -2.420052588945099;-0.08815557289595
-1.2055691282593344 -2.1033078478299454;-0.06396675448729
-1.3853968641797885 -2.4065194426051857;-0.11464102258494
-1.174380477248322 -2.0618192309950003;-0.004118693675854
-1.2280088944912335 -2.1501029985748183;-0.1713873084509
-1.4797213153688857 -2.549008581775398;-0.04906007429700
-1.6360226213632654 -2.789738283121232;-0.19985925312001
-1.4471504313058852 -2.506409416095276;-0.0024053846274598
-1.487958788204463 -2.568467535857612;-0.08014510878424
-1.6900120542436303 -2.8695001667473674;-0.04792871974455
-1.5260002598988196 -2.6316343682905625;-0.20637504697811
-1.7375652601610518 -2.9376900583086902;-0.0008637386954356
-1.7624301080773401 -2.9728794516958157;-0.024206764859022
-1.8899777472923345 -3.152229167139098;-0.22760358256685
-1.850020500363971 -3.096746856910307;-0.20785271285141
-1.9778906037563697 -3.2742218443644653;-0.07053532947865
-1.7772563682087497 -3.0022538382123067;-0.059542156448205
-1.9803184593338916 -3.2794553696637;-0.0635388863172
-1.7765859698776296 -3.009838139234904;-0.06738345320707
-1.996484941050254 -3.3033856052329527;-0.03254638387309
-1.830477821212871 -3.0883404813721103;-0.19188542651501
-2.01714574174017 -3.3326967188145136;-0.007309978619633
-1.928994685933528 -3.219857472270079;-0.16468949667325
-1.693460082153834 -2.91933220537456;-0.007494226500143
-1.591302827362848 -2.7849807277805247;-0.23834878862389
-1.337340754802693 -2.451990270289198;-0.08394373575473
-1.0001905369278294 -2.0042727351894007;-0.18292034247661
-0.5442351248797015 -1.3901850288324151;-0.5118783141181
-0.9296727797265913 -1.9936969135512346;-0.2944163136422
-0.5126247086390587 -1.468449162776491;-0.6178037111780
-0.5607964281828367 -1.5496610435062446;-0.47664799115717
-0.1735040839908089 -0.9697297967339331;-0.6982061933164
-0.3725933610517045 -1.5145312297129612;-0.6190719985282
-0.3909618263398895 -1.5513519182789208;-0.591445438171
-0.23906337269933295 -1.2632102636814255;-0.013815004491929
-0.14708290481846564 -1.0338855165581762;-0.7855310552994
-0.13741975872283838 -1.0023842914848002;-0.7607745546534
-0.23925693919891114 -1.3396939567714563;-0.0641517180460
-0.4310989177845226 -1.795507377375962;-0.0037675229592676
-0.4912168215594538 -1.9012545364450963;-0.2551627559444
-0.8402411336012876 -2.436094635928309;-0.35355667183758
-0.9839283478781983 -2.6007760838144134;-0.10702307276830
-0.6458246671842691 -2.2490078755838043;-0.004022943973685
-0.5764209708813538 -2.153831436289773;-0.21134135781081
-0.21491830050017457 -1.649031491789406;-0.4280790512698
0.009684380525567887 -1.0742464703399635;-0.7557539056378
0.0009603429640400937 -0.7645643998280216;-0.013561636196983
6.990979078495482e-06 -0.5359203268647261;-0.9279174746512
-5.783054569670776e-05 -0.34623508140051384;-0.2285872821977
-0.00012432600377881064 -1.0739088611581553;-0.7564373128617
-4.746745597159776e-05 -0.8063407291712721;-0.013510304074867
-4.4867484772810886e-05 -1.0029091068213314;-0.7439599981738
-3.752856883489205e-05 -1.331458556965447;-0.012509170071429
-3.0316954431140348e-05 -1.505388883909847;-0.5449770758421
-7.091671187419988e-06 -1.8867635761098125;-0.05394925989205
2.5433031701913882e-05 -2.1837495600001158;-0.33713909044826
-4.426325502654034e-05 -1.7881998258152667;-0.038508839842861
-4.87429197676005e-05 -1.5210366909232533;-0.5787425663268
-4.7441579655832585e-05 -1.8131609337880028;-0.007429690321058
-4.8391724828204535e-05 -1.6887285493559396;-0.3371323493934
-5.1551793240544615e-05 -1.1443388743531764;-0.5251372290614
-4.590352151643614e-05 -0.5512294256518966;-0.9040888432289
-6.093325195452084e-05 -0.2716132593905529;-0.003400516918402
-8.952410538389733e-05 -0.3691409146220767;-0.3486491069699
-0.0007190025069251584 -1.040278711289593;-0.7857082741804
-0.0007688927750571955 -1.0494954196081114;-0.7839430731760
-0.00041190556409263345 -0.9904371421297646;-0.7134622377264
-0.001615261230760838 -1.348971755468012;-0.0387890754535
-0.004337419887920613 -1.598264976095028;-0.5938363883931
0.000779404492828463 -1.398475747208518;-0.17568516697435
0.0035366411825628837 -1.8498241090084875;-0.005740657550916
0.005326520930202652 -1.9389692854013358;-0.18299869490331
0.01686897096474791 -2.320896783528194;-0.018764871222407
0.005234405758782772 -2.1753250883572894;-0.3582840346730
-0.0040825683708063405 -1.840118430112699;-0.0011038926283260
-0.005126549309970551 -1.8814694951559332;-0.0443385848621
-0.013069548944343146 -2.1327272255697545;-0.4435402684195
0.002696462813075281 -1.9159629887082033;-0.11994898641916
0.009437035425937271 -2.2909353560153196;-0.06295358445194
-0.0051990325027074236 -2.016352397183719;-0.3949228991396
-0.01627918482440649 -2.3407604838031197;-0.0035819010785764
-0.009650540763705452 -2.269214416906661;-0.10859999931386
0.011265261493750105 -1.9166743345050883;-0.12186480445179
0.04505492328978135 -2.3027964606229268;-0.04196019479773
-0.02470611758962818 -2.066581110258255;-0.4703922657319
-0.0449292141300602 -2.178685085415344;-0.3488265539943
0.08232802909241349 -1.7910230379981138;-0.03083953993418
-0.09686372725319731 -1.5485260538672705;-0.6160006328008
-0.18840210641907773 -1.6398859855897916;-0.46834105532291
0.5693758647405179 -1.1551445353789176;-0.011323402022990
-0.21307815538784103 -1.0015697249451374;-0.777037171079
-0.5535636749486302 -1.1615398563454942;-0.012578254080155
0.12913389150807653 -0.9891116349638573;-0.7316959940640
0.5545846345965076 -1.385032276691243;-0.5090646268452
1.4940681837482712 -1.815406549593659;-0.0003833600540565
1.4066590767579124 -1.7956122866609436;-0.08265176406430
0.5546913571054015 -1.5181110428960662;-0.5609943438313
0.08590599919615105 -1.1775781658250934;-0.35916558334234
-0.13082619414598276 -0.5115033555426869;-0.9342096177615
-0.043889584917101654 -0.43553725141492916;-0.7226747685220
-0.36367160933630743 -1.064848401737128;-0.6048539706507
0.3476268164718343 -0.5932773862417595;-0.274061532544
-0.5822280059620213 -0.07701656624759023;-0.792552782116
0.3569710201859966 -0.011748822950833085;-0.28413277997764
1.230140870678344 -0.03376850504776636;-0.14898741086586
0.6801458879696904 -0.020692044608552014;-0.3107622791244
-0.002477817471310595 0.0011947471233582085;-0.9997257215000
PointOptimal;ValeurOptimale
[-0.00247782  0.00119475];-0.9997257215000838
Temps;Nb iteration
0.08625054359436035;1000