Point;Valeur
-7.705164647118905 -2.4857926683026808;175.5076568239
-7.270551926384742 0.380207545667826;38.55023666779
-7.423640571449097 -0.9193084013832804;121.28634229667
-7.058340641584999 1.292011401405441;89.12541399408
-7.210838744839928 -0.19488975045323254;84.5767948871
-6.78721164506961 2.3613056295095554;137.89594512215
-6.794729739417577 1.759340859434427;113.9468163251
-7.55251922274803 -4.222935277717642;218.96146902796
-7.866204135415196 -7.157536986509921;278.8816732792
-7.849049682466132 -7.810291473419532;290.3035668645
-7.572002650398667 -6.619126220037337;268.21224505421
-7.063717267978889 -3.687810441530479;204.6453802343
-6.185626429728833 2.2271607437693812;135.85202375125
-5.734207605764329 4.763390482625846;210.62706176159
-5.604802498590858 4.709482679743486;209.69472276447
-5.772976426406765 2.251160058150378;138.53008522145
-9.898016797417444 -33.44606101708385;586.7357842895
-12.8858392760512 -60.11544220061508;786.0052622313
-15.002136197301331 -79.96260464221596;906.7652222218
-16.450436956443085 -94.63531789662471;986.6823972602
-17.387472374128244 -105.3761144359781;1041.2239906608
-17.934153180006703 -113.1256923971252;1078.6989728197
-18.18382803236406 -118.5977030176793;1104.1842748177
-18.208591744231445 -122.33418690877635;1121.0179228048
-18.064131519572165 -124.74713114367677;1131.4968318447
-17.79345913392269 -126.14980592938124;1137.2493280447
-17.4297886710159 -126.78047451910173;1139.453294754
-16.998757071323492 -126.82036990966424;1138.972737279
-16.520138511577585 -126.40734290987916;1136.4475871791
-16.009168643187408 -125.64623309245296;1132.354964495
-15.47756797358423 -124.61675424703627;1127.052137481
-14.934333150696784 -123.37949243490407;1120.8072810748
-14.386349126207595 -121.9804696143551;1113.8218486667
-13.838863030771712 -120.45461644372749;1106.2470386759
-13.295851229606958 -118.82841520765426;1098.196023848
-12.760303833189479 -117.12191119429069;1089.7530947721
-12.234445378592742 -115.35024334469912;1080.9805299629
-11.719906128148153 -113.52480891119328;1071.9237757167
-11.21785513703271 -111.65414943578567;1062.6153602449
-10.729103697693754 -109.74462449958823;1053.0778544900
-10.254185819649136 -107.8009238208615;1043.326111462
-9.795440889421293 -105.82645619661184;1033.3749832026
-9.35251298073814 -103.82364616221548;1023.2285482871
-8.925026354875747 -101.79415600320442;1012.8815063365
-8.51259257140054 -99.7390544866933;1002.330676651
-8.114815817082205 -97.65894394287358;991.5703951330
-7.7312968916864975 -95.5540554528475;980.5928526445
-7.361636181208293 -93.42431953975283;969.3883202356
-7.005435864534041 -91.26941795674011;957.9452825749
-6.662301538041043 -89.08882078393579;946.250494784
-6.331843397444509 -86.88181198284092;934.2889729249
-6.013677079905755 -84.64750573290857;922.0439242458
-5.707424241876873 -82.3848552297502;909.4966197108
-5.412712932257676 -80.09265511297474;896.6262079541
-5.129177800010296 -77.76953826871637;883.4094664502
-4.856460167325856 -75.41396739275622;869.82048202
-4.594207986848597 -73.02422137475585;855.8302485507
-4.342075696425099 -70.59837624573092;841.4061644884
-4.099723974906755 -68.13428008903577;826.5114058406
-3.8668193975709007 -65.629520927533;811.1041410958
-3.643033979728968 -63.08138610767971;795.1365416159
-3.4280445941501343 -60.486811069214845;778.553522712
-3.221532228111834 -57.84231450258356;761.2911237941
-3.023181037158587 -55.14391565102665;743.2743960469
-2.832677128059681 -52.38702767167945;724.4146049178
-2.6497069677651393 -49.56631818887968;704.605458621
-2.473955263742704 -46.675523832884416;683.717918415
-2.3051020730595577 -43.70719857180922;661.592886258
-2.1428187507799525 -40.652363971469335;638.0306130621
-1.9867620873717287 -37.500009193554845;612.7748477918
-1.8365655043841282 -34.2363513390009;585.4881688790
-1.691825224873464 -30.843694494891487;555.7117097071
-1.5520773187686556 -27.29857485331869;522.7953390083
-1.4167568216515076 -23.568533027908426;485.7668494257
-1.2851177380545329 -19.605957450831642;443.0597521158
-1.1560540073610517 -15.33468627154059;391.8543246543
-1.027604416191224 -10.614086927377011;326.04442381056
-0.8949043755524189 -5.095662251147795;226.00410479691
-0.7090004636236938 4.508296555414008;212.3019988403
-0.5844205432483451 10.3884518303317;322.3523807728
-0.5029302740276012 13.577813858125289;368.54149964711
-0.4527183929168877 14.755798101315037;384.2015592281
-0.42589082325355254 14.380632370311261;379.289867369
-0.4172828625387832 12.74837598773367;357.1201223931
-0.423939264655101 10.01041067689875;316.4596876
-0.44544284365453163 6.120756433134418;247.4570672329
-0.48921430265318105 0.29669114011822284;54.34433216285
-0.4978327310340614 -1.683169411151889;129.92752089506
-0.4769597726180117 -0.3748403493896253;61.50494100544
-0.5209416416393394 -5.767110014864877;240.29936624368
-0.5377929078231355 -8.28681350246167;288.0131125257
-0.534295542464684 -8.63451491572833;293.98867932123
-0.5146369744677339 -7.208054746021686;268.62238030446
-0.4802120488120263 -4.075347562865739;202.02720621360
-0.41953265685580954 2.216363271435757;148.91123381080
-0.3883358501237438 5.124631881696677;226.43930373516
-0.37905828440195666 5.4865060124757425;234.2984545098
-0.388619541429329 3.659539394403743;191.35586239074
-0.42353903032563134 -1.0970085890503407;104.91954254926
-0.43037231124392317 -2.4156740472977636;155.5796584903
-0.41284447163904986 -0.6962377777368514;83.63880562600
-0.4517770329507752 -5.806900383742505;241.11293820781
-0.46697064101733454 -8.096671216211673;284.68014773836
-0.4642040998572087 -8.23933000462762;287.1752224408
-0.44694890631862444 -6.600896886620917;257.0565104255
-0.41581964613321065 -3.164052809525062;178.02228360762
-0.33896364948855884 6.36063203091674;252.27676555736
-0.2888375513550512 12.279966487431679;350.51303900395
-0.2576709235220819 15.576465020838748;394.75931754698
-0.24038871782623394 16.91121016500729;411.3229880531
-0.23359485713884984 16.739733209708394;409.2331861481
-0.23506680058907306 15.369381195255226;392.1286255474
-0.24350539739494637 12.986583752073068;360.4583675215
-0.25852556499773083 9.652280325472342;310.76785058906
-0.2812583695899781 5.206421629341431;228.25569737455
-0.3221100572545827 -1.9540140559167671;139.91993881246
-0.3412828737391774 -5.579449220807471;236.32981855090
-0.344523591806237 -6.605713980440086;257.1354807168
-0.3351240025289124 -5.53338037153592;235.35190273970
-0.3136908402267127 -2.387132843327619;154.63219441618
-0.5168943692513992 -36.7013185772529;605.9330138670
-0.6647972699640302 -62.315208885370126;789.521172917
-0.770272240697454 -81.3518693488031;902.0778988370
-0.8431956192856752 -95.39929190702553;976.8535743460
-0.8911798770651762 -105.65542580267535;1028.0179718773
-0.9201020123922723 -113.02737247585246;1063.2739363225
-0.9345022424631446 -118.20334693047332;1087.344442622
-0.9378890356253926 -121.70608355625996;1103.3352898694
-0.9329737062446408 -123.93289331943019;1113.3812779606
-0.9218512553654921 -125.18587789241192;1118.9937084198
-0.9061399373785687 -125.69479370314201;1121.264451483
-0.8870890522889628 -125.63438880147453;1120.9937032493
-0.8656622404217074 -125.13756584057974;1118.7738700656
-0.8426018807906213 -124.30538474177685;1115.0466606150
-0.8184789024113183 -123.21466829176451;1110.143018394
-0.7937313306490418 -121.92378741980576;1104.3116400989
-0.7686941320468375 -120.47706298530514;1097.739669416
-0.7436223349748446 -118.90811546038768;1090.5678968408
-0.7187089495598326 -117.24241417057037;1082.9020278514
-0.6940988665793534 -115.49921737316868;1074.8210948675
-0.6698996414534132 -113.69304862809649;1066.383769325
-0.646189869385588 -111.83482012209285;1057.6331153066
-0.6230256894868326 -109.93268714897145;1048.6001777305
-0.600445842873615 -107.99269783386097;1039.3066936258
-0.5784756038881441 -106.01928687611955;1029.7671400912
-0.5571298406452185 -104.015650437542;1019.9902781594
-0.5364153953906269 -101.98403042271062;1009.9803117394
-0.5163329378556089 -99.92592964677014;999.7377511345
-0.49687840798976246 -97.84227423209364;989.2600483572
-0.47804413813833413 -95.73353564997697;978.5420546598
-0.45981972654975173 -93.59982183153113;967.5763379112
-0.44219271445031233 -91.44094448124866;956.3533875845
-0.42514911101056463 -89.25646797870336;944.8617274495
-0.40867379988201075 -87.04574391178699;933.0879499618
-0.39275084985321207 -84.80793424374676;921.0166813175
-0.3773637528461813 -82.54202531556597;908.6304819059
-0.3624956017351451 -80.24683424408823;895.9096830200
-0.3481292224738919 -77.92100876594704;882.8321569681
-0.3342472664465907 -75.56302114263124;869.3730137857
-0.32083227158580063 -73.17115636903056;855.5042133337
-0.3078666976453769 -70.7434945634705;841.194076140
-0.2953329361903358 -68.27788705425112;826.4066694494
-0.2832132992931898 -65.7719252618782;811.1010356728
-0.27148998619954706 -63.222900981012025;795.2302176915
-0.2601450264804233 -60.627756017981646;778.7400172929
-0.24916019692958188 -57.983018266431394;761.5673966698
-0.2385169065489784 -55.28472006056978;743.6383935627
-0.22819604047216832 -52.528292833458465;724.8653605829
-0.21817775008463336 -49.70842936941037;705.1432450193
-0.2084411678821099 -46.8189006791391;684.3444731707
-0.19896401469035346 -43.85230768101583;662.3117488748
-0.18972204703539983 -40.79973645441571;638.8476342781
-0.18068825833417723 -37.650265989717845;613.698979233
-0.1718316835823083 -34.390241128141426;586.5327314677
-0.16311553431481546 -31.00215321118362;556.8965304612
-0.15449413079065324 -27.46282481233107;524.1505850676
-0.14590749741599385 -23.740261262843454;487.34051523370
-0.13727092488087053 -19.78767214558629;444.93410899892
-0.12845198318944887 -15.53054771255017;394.18896798167
-0.11920829615666921 -10.832398524288957;329.22705997795
-0.10893908955852957 -5.361287980249982;231.64602584706
-0.09268328249209735 3.4810306194879255;186.67197359967
-0.0837881668351095 8.667694517303122;294.5074553563
-0.08017935856899511 11.214815064141701;334.9835181864
-0.08058241247564281 11.771461993572371;343.19389040885
-0.08423862252088887 10.751324987738776;327.99020699273
-0.09082791636802107 8.371640866816636;289.4355458657
-0.10065979828919133 4.578156017050649;214.0628850543
-0.11762710571467032 -2.2245810275857325;149.2537562302
-0.12677914784766056 -5.57585935492321;236.23471177213
-0.13005626937367304 -6.36953233986837;252.4813748768
-0.12850627212229734 -5.064803130857123;225.1535586860
-0.12195640360850378 -1.5625077808496313;125.10504085893
-0.12912873516858833 -3.662181367957276;191.4713324146
-0.12970440348831977 -3.0683171055290157;175.26962913527
-0.12302810302598309 0.5093901693224412;71.45974015667
-0.12553827473345566 0.4434815292721175;66.68131971673
-0.14899810734240163 -7.663009960827656;276.9239417477
-0.16342790225572698 -12.508237456811202;353.7720082730
-0.17110198736903287 -14.960737886648031;386.89320422008
-0.1736278472905225 -15.606187374865243;395.14875215507
-0.17215231989933794 -14.841391529767126;385.34739131133
-0.16746011104696484 -12.918853088745937;359.53028721689
-0.1599904705871474 -9.955590651228892;315.62726756601
-0.14966865157603304 -5.867486025014543;242.33206894936
-0.13413552804859186 0.31059866276278214;55.813893487977
-0.1287622717710743 2.7866554672755264;167.02653121072
-0.13147862009436187 2.3466585192122578;153.28111413228
-0.14407790400654286 -1.5519943350922158;124.68595503275
-0.14743806205381604 -2.1629836434651715;147.1767708933
-0.14168036455607652 0.483238215631256;69.59948120308
-0.14703847077878937 -0.6815481612431658;82.66755312665
-0.1399797446665562 2.4541550455290286;156.74977645858
-0.14175781847550425 2.5605514690351607;160.1095356795
-0.15301839737652054 -0.46506232611101206;68.31111324892
-0.1528545961913279 0.2492036852233066;49.99536914793
-0.17103000736710244 -4.866636519464228;220.70946421514
-0.17964247603407346 -7.076014842885689;266.11206706881
-0.18089000514667203 -7.060583695388445;265.82193688357
-0.1759386884534016 -5.146711964639577;226.96872147963
-0.16410339973058777 -1.0511231293558634;102.6357876744
-0.16690955666060234 -1.4180185247029637;119.19061078453
-0.15697052321843513 2.175699973537977;147.5926192001
-0.15717299190865675 2.649270446177707;162.8566358260
-0.16749189682897672 0.10143487223209657;31.903094672566
-0.1633688402571445 1.8672665484074107;136.73656209256
-0.17024256950108002 0.4029638927521533;63.554902228781
-0.15559127169815878 5.244673500591057;229.10568008983
-0.15026623807581926 7.2604037710159615;269.54567159619
-0.1521776889841783 7.100302656019685;266.558063817
-0.16052256299558532 5.066048789450159;225.1715187700
-0.17691214423343388 0.8142065362113113;90.31428029015
-0.17821083559600462 0.7952990988301605;89.25995339577
-0.20069567414467893 -4.935098811994049;222.25788140140
-0.2116991558439046 -7.6646066375864255;276.95623673670
-0.2140097176414572 -8.135644031230052;285.3363922371
-0.20931235865724865 -6.763485335569392;260.1733469357
-0.1980390351636531 -3.601193598330161;189.8764639315
-0.17283603272536482 3.462240674008024;186.16121666274
-0.15977280778529512 7.169721411184111;267.8569901394
-0.15557028284325847 8.409454464497161;290.0848654166
-0.15839402980555045 7.707000460674721;277.7087468110
-0.16761854453362776 5.283589194719367;229.95280462697
-0.185209335185342 0.7027070817037888;83.90531088961
-0.18769241279047358 0.21520055597138832;46.44985136654
-0.14245608180778604 12.544846505489598;354.28275871304
-0.11118280072317022 20.899797799697176;457.2605027411
-0.08995478741897125 26.32466342339884;513.1739732023
-0.07607312609473055 29.559894817781725;543.7888285251
-0.06763076661646213 31.14261029743401;558.1545589354
-0.06326769170287291 31.465554374199826;561.0406685854
-0.062013896652469036 30.815848485606345;555.2192770757
-0.06318374075541403 29.40168457984957;542.3322024505
-0.0663038797088348 27.370893704696286;523.2709124758
-0.07106520671035536 24.823454870125804;498.33020335758
-0.07729421168856311 21.818785362103135;467.2044145494
-0.08494415102714853 18.377205128723695;428.784734333
-0.09411623079133331 14.471688115879735;380.5146150026
-0.10515556494022105 9.993761327615376;316.22630807472
-0.11908566378404109 4.597664987394274;214.51716594709
-0.14986943063260452 -6.900193444626283;262.7849694209
-0.1700093057271252 -14.42140015265803;379.85729169381
-0.18225818857034584 -19.050828703375686;436.5745328355
-0.18856774247783706 -21.529893487337173;464.10510850770
-0.1903699810655437 -22.383014159599835;473.20882928874
-0.18872468509377355 -21.983476097478057;468.9673084521
-0.1844105080286825 -20.593202356233874;453.8992403866
-0.1779821340241064 -18.386919505596058;428.90162830406
-0.16979827631722605 -15.463332362406462;393.33640643939
-0.16000742842824928 -11.838241120409627;344.16957198436
-0.1484128745953407 -7.387780140738895;271.90727961062
-0.13349395483561258 -1.4528970468735842;120.64223615544
-0.13010574967591437 0.21313650004388585;46.247071067952
-0.13907932984122143 -2.652889082208976;162.98146627916
-0.14026013167240173 -2.551261826356328;159.83145423789
-0.13311163741374202 0.7373390076300277;85.9567972437
-0.13579815511681786 0.45317709926646055;67.4033734923
-0.16753748096350476 -10.167113525268721;318.96184109178
-0.1882994334218615 -17.110876674334285;413.75535725537
-0.20083837476246638 -21.356400897669154;462.23221733640
-0.20715697098469069 -23.586144247947782;485.75802961273
-0.20874430953172493 -24.287751040684014;492.9283781589
-0.2067135435696038 -23.81092393736256;488.06669459274
-0.2018917341305247 -22.403228402508972;473.422774488
-0.1948793387999141 -20.232813817558984;449.9112746352
-0.18608456687428246 -17.40064744269452;417.24312255164
-0.17572670033459303 -13.940202001671594;373.4681772537
-0.16377117242072772 -9.790224146295358;312.99598701982
-0.1495654228857477 -4.652112151806763;215.79124529835
-0.1232236625875614 5.223428593239694;228.64365947022
-0.10699305994471892 11.365493664655261;337.22471059510
-0.0979686812286135 14.80419614944506;384.8599872890
-0.09427657363849412 16.225366526940377;402.90518487158
-0.09468080817885706 16.098862483675223;401.3318140567
-0.098397134214363 14.739667629987004;384.02050292443
-0.1050113542797513 12.335508507046328;351.3168058277
-0.11451113465234164 8.937584989065709;299.0546017988
-0.12767202681819623 4.3322577663570785;208.23557164860
-0.15421161470313896 -4.805247304683326;219.3126252386
-0.1703938303491077 -10.325058492824368;321.4291043169
-0.178944702807771 -13.223708640430843;363.7467888878
-0.18172993758157752 -14.156046019651939;376.34778439282
-0.18005624338733398 -13.559673635106058;368.33722286683
-0.1747991966316809 -11.708384853697895;342.2778890598
-0.16641271249018294 -8.718045565977619;295.36639201654
-0.1546366218532421 -4.43900983308598;210.79370649758
-0.13301994189382632 3.511762955745648;187.49093251962
-0.12128981797670167 7.963715639326691;282.29674115406
-0.11668908973944062 9.871766014033993;314.29033284449
-0.11757358991452391 9.83121951624269;313.644375671
-0.12307374610532013 8.187047305062288;286.22629037144
-0.13317313598628933 5.010800643548798;223.9428840238
-0.15076441691779546 -0.5625191332620734;75.1149193805
-0.15768414266371672 -2.527405346989733;159.0843970643
-0.15579138672357853 -1.5151959497492316;123.20159636379
-0.13725119312909057 5.125513369080132;226.49043366002
-0.12796725537950435 8.62487002303482;293.7772225513
-0.12550473597577702 9.799711892866812;313.1411442930
-0.1284466590119898 9.154517774009737;302.66032559932
-0.13619099923115324 6.944965998218568;263.6281529139
-0.14938500863043763 3.0516036143243364;174.7805159710
-0.2201153371045704 -18.62064611903799;431.61987970291
-0.2705666683039078 -34.348747324543794;586.1815833887
-0.30558773397247263 -45.639232585177574;675.6720060055
-0.3288328958974657 -53.59099489982405;732.1628030218
-0.34309428545630805 -59.02036930352067;768.3513864218
-0.3505164958492737 -62.53848257700155;790.917025645
-0.35275079433284795 -64.60457416243172;803.8739198844
-0.35107013028944944 -65.56439785410888;809.8225562897
-0.3464562841585459 -65.67845814035348;810.5264118602
-0.3396664183301877 -65.14300132034045;807.2158947240
-0.33128411189922147 -64.10571799577181;800.7640056339
-0.32175859331891066 -62.67753170351565;791.7947487461
-0.31143494754784173 -60.94146600123203;780.7532499907
-0.3005773927340375 -58.9593176117751;767.9525866356
-0.2893872224851001 -56.77667399242361;753.6056425231
-0.2780166293050212 -54.426675428830464;737.8468275007
-0.2665793359017808 -51.932818990990036;720.7465528727
-0.2551587391607367 -49.31102396594177;702.3201696753
-0.24381409756984856 -46.57111813233025;682.5322663214
-0.23258515161344723 -43.717855474803116;661.2965582471
-0.22149544973879481 -40.75153316157715;638.4709029312
-0.21055453837454569 -37.66823248102944;613.8460171659
-0.19975905100502608 -34.459655380033794;587.124870762
-0.18909255199100608 -31.112447048427068;557.8866407633
-0.17852368210639105 -27.60674462066283;525.5224559979
-0.1680014865163139 -23.913366336995825;489.1141539004
-0.15744514220983302 -19.988236918942352;447.1832587589
-0.14672025720180368 -15.760192039979355;397.0923275640
-0.13557425046136234 -11.098858327061695;333.25089369963
-0.12338418838126397 -5.692988258422066;238.7017941146
-0.10584248410511476 2.4888809038767246;157.85726552550
-0.09658746212729066 7.0406016737604125;265.4385973718
-0.09330269746356042 8.965881536466892;299.52843230871
-0.09463644871694436 8.87568666692286;298.01845727261
-0.09992068164672185 7.104975416099684;266.64872551023
-0.10934982722477801 3.6444449171040043;191.00006792451
-0.12935862094670716 -4.060318031377165;201.60516705228
-0.1410459736842517 -8.353875686954893;289.1327506116
-0.14655787261968053 -10.158178472354209;318.8208785462
-0.1473029406156317 -10.051802333065714;317.14772369925
-0.14415465533216704 -8.371121120965407;289.4310475833
-0.13737982061144452 -5.188237341033466;227.87979472071
-0.12516374150648524 0.29002159364127866;53.937854411942
-0.12235221532797909 2.095203415738715;144.84178028434
-0.12772031687953075 0.7675546730307801;87.69961024880
-0.10612540986945673 9.888044451352277;314.5497588327
-0.09281781523711596 15.635528756246837;395.5158469437
-0.08551118152906152 18.904051671204694;434.88620253345
-0.0826752682144701 20.31293268888382;450.79712461701
-0.08327277359878237 20.298836992272886;450.64070418894
-0.08661625428232378 19.16688396232623;437.89827657955
-0.09228818478356825 17.120469686506084;413.86694096714
-0.10011043220230109 14.27452788703614;377.9141344586
-0.11018384816650059 10.645448674030995;326.37067550713
-0.12314281179042603 6.068971159996081;246.44851016856
-0.1424497055217608 -0.5834629262216184;76.49660200937
-0.15156463488944316 -3.5522926099390393;188.57984492611
-0.1529144473560008 -3.730810822835904;193.25759311274
-0.1470533599990028 -1.299509763486109;114.1040561040
-0.16281107383708635 -6.186210600831355;248.82464061230
-0.17027118378740413 -8.321547307091302;288.57424480981
-0.1713566220076741 -8.35455165569304;289.1457788396
-0.16719117962232782 -6.635311265816667;257.69473324017
-0.15783544243590364 -3.1307037584241444;177.04340966990
-0.1290070468826604 7.079620846605386;266.17115153940
-0.11076139910417375 13.58182732159205;368.63253590742
-0.1000820199119584 17.383686219260767;417.0352779461
-0.09498195693976505 19.171050071077325;437.9455969905
-0.09411914523488936 19.42406682348723;440.8254846029
-0.09659913689222187 18.4774573391848;429.9520789583
-0.10186617037877779 16.55476146667338;406.973135094
-0.10965802100877498 13.783623374437052;371.3603089768
-0.1200465831296045 10.185020977375798;319.2363383094
-0.13374396069756428 5.579671174852066;236.30815221696
-0.155386824021842 -1.4649839839856558;121.14494276162
-0.16632236889370877 -4.925257468908737;222.0337800973
-0.1692883901680808 -5.7372307343352285;239.6294599945
-0.16569796821161475 -4.355720045024043;208.80853930192
-0.15490300552317157 -0.518543231148413;72.12505581562
-0.15717909944756076 -0.8315600499367162;91.30188771738
-0.14442735279323834 3.8082194480897607;195.23980855342
-0.1406949934344975 5.49588229748708;234.52735294686
-0.14419177905702582 4.848476036703062;220.2863898080
-0.15498409502792337 1.932767455913245;139.11381820215
-0.1340579471046762 8.953661161468197;299.3223457512
-0.1222083631138282 12.990353095279787;360.5180302661
-0.11700207924851179 14.81900205141622;385.05162132576
-0.11686252837813117 14.963926225021858;386.929410007
-0.1208016896214312 13.774123767775501;371.2318925992
-0.12831041115419434 11.455912829843742;338.56212989982
-0.1394142070746829 8.059547121274427;283.98859789821
-0.1553090042086406 3.3003561284745118;181.76063118634
-0.1395093937527918 8.311917791305543;288.39919738890
-0.1321240670476884 10.696720390509538;327.1544205346
-0.13109284880446656 11.093936102171295;333.17171783279
-0.1352107382707857 9.901973405317193;314.7697553346
-0.14402999852438245 7.305850817447077;270.38809651271
-0.1583871680274329 3.1302902202030225;177.01758849957
-0.10293939307710616 19.858913886744105;445.7311947725
-0.06260063256123095 31.7726051465797;563.7709624047
-0.033252060911254405 40.09680869410268;633.3199896193
-0.011969691978992003 45.72397660072706;676.2949347658
0.0033635975346866832 49.314787865049496;702.3449179314
0.014295541666561823 51.36186530086679;716.7720571340
0.021963737634400494 52.23373654226091;722.8292955586
0.027207059905261285 52.20639684943768;722.6401633374
0.030645370659839525 51.48641891252483;717.6406155732
0.032737295405233506 50.22804797442464;708.8177411361
0.03382244382484416 48.545911717387334;696.8492189397
0.034152430166580955 46.5244814393163;682.1888238741
0.03391375529265128 44.225094686532074;665.1197612983
0.0332447393959456 41.691120076807;645.7868587485
0.03224809592089966 38.95167428607021;624.2130037066
0.031000313157529946 36.02416351853878;600.3015588217
0.029558717944696535 32.91579418024828;573.8230983680
0.027966896167360287 29.624048708390667;544.3799953200
0.026259041871178453 26.135890943884085;511.33293025271
0.02446381499292805 22.424993565590995;473.6505332116
0.022608569823186375 18.44507661683211;429.5774839860
0.02072593947484778 14.113601283663192;375.7808826742
0.018869977889215083 9.263361493796818;304.4578390560
0.01719023878588343 3.409896732532829;184.75914887046
0.013335909394703582 3.8186843884246295;195.51463154077
0.009895983329649694 1.6469022648048282;128.431750764
0.00012183651954312917 41.979179379823755;648.0134165731
-0.008451842756440328 72.24163805379094;850.0507219371
-0.016175416727961814 94.87536680091762;974.1396946402
-0.02330405580516392 111.7133938377271;1057.0453114740
-0.03002722129590813 124.14206441545173;1114.2902372890
-0.03648727216026951 133.21317305709564;1154.2796892951
-0.0427922343717064 139.72600069286088;1182.1570257621
-0.04902489316672637 144.28851174490765;1201.300940446
-0.05524939197344946 147.36341477562755;1214.0326592219
-0.06151607919117864 149.30299355290447;1221.9952712003
-0.06786508898175217 150.37551768364696;1226.3760911973
-0.07432900525057708 150.7853019247445;1228.0456996655
-0.08093485044757343 150.68795804398223;1227.6491592453
-0.08770557783467545 150.2019997939264;1225.668063768
-0.0946611940097346 149.4176773891396;1222.4639243726
-0.10181961074788312 148.4037052005861;1218.3091505689
-0.1091972913782866 147.21238629029193;1213.409532104
-0.11680974893671833 145.8835164300498;1207.9207558005
-0.12467193046734247 144.44735859971922;1201.9606553676
-0.1327985188215901 142.9269094078125;1195.6183625818
-0.1412041734091383 141.3396260253031;1188.9611815287
-0.14990372608442687 139.69874203221153;1182.0397741271
-0.15891234340080423 138.01426998788529;1174.8920840658
-0.1682456640544987 136.2937652481081;1167.546312882
-0.1779199224010496 134.54290781280437;1160.0231806917
-0.18795205810210613 132.76594548018153;1152.337645146
-0.19835982113279071 130.96603128197094;1144.5002088838
-0.20916187163236163 129.14548033352474;1136.5179136902
-0.22037787948435886 127.30596524847137;1128.3950956258
-0.232028626445573 125.44866471072983;1120.133957420
-0.24413610976556951 123.5743763239714;1111.735000881
-0.25672365268767244 121.68360220911227;1103.197351804
-0.26981602159215 119.77661379951986;1094.519002066
-0.28343955189504216 117.85350074658345;1085.6969876696
-0.29762228500835597 115.9142076729281;1076.727516948
-0.31239411674762346 113.95856161483799;1067.6060596914
-0.32778696000822927 111.98629231275942;1058.3274052512
-0.3438349245578278 109.99704698488509;1048.8856956540
-0.360574514974812 107.9904008215058;1039.274438103
-0.37804485050617026 105.96586412927654;1029.486500009
-0.39628790961651195 103.9228868244826;1019.514088674
-0.4153488028413803 101.86086078518932;1009.3487169012
-0.4352760785460684 99.77912043832788;998.9811551212
-0.45612206591363413 97.67694184103604;988.4013699952
-0.4779432622589239 95.55354042960089;977.5984488586
-0.5008007704421357 93.40806753428203;966.5605088120
-0.5247607957360912 91.23960569500991;955.2745886327
-0.5498952119441035 89.04716275799689;943.7265210141
-0.576282208970828 86.82966467678871;931.9007818262
-0.6040070365776405 84.5859468895574;919.7803121419
-0.633162863170535 82.31474407994817;907.3463075399
-0.6638517713879751 80.0146780643033;894.5779676805
-0.6961859194269211 77.68424346281127;881.4521971359
-0.730288901841968 75.32179070934671;867.943245826
-0.7662973554893197 72.92550582366415;854.0222738906
-0.8043628677154453 70.49338619513803;839.6568210417
-0.8446542577998432 68.0232113988134;824.8101538943
-0.8873603296071279 65.51250775073181;809.4404555938
-0.9326932199880248 62.95850487791447;793.499809084
-0.9808925128374608 60.35808197391039;776.9329066402
-1.0322303481120227 57.70770054593709;759.6753907732
-1.087017844523005 55.003319199202565;741.6516903736
-1.145613284223978 52.24028412863541;722.772152583
-1.2084327039839116 49.41318612645426;702.9291710817
-1.2759638467838503 46.5156704265377;681.9918494466
-1.3487849179179845 43.54017845138948;659.7984662932
-1.4275904094662752 40.47758835977182;636.14553430
-1.5132276756221306 37.31670001428645;610.7713784167
-1.6067505273459615 34.04347086986283;583.3304875406
-1.709501118930069 30.63983288818203;553.3514559423
-1.823241816251538 27.081759856711976;520.1636625705
-1.9503825940843835 23.335882698792997;482.7588857479
-2.0944113618745384 19.35297556899065;439.50037966872
-2.2608255797905796 15.053589764505038;387.40769576755
-2.4596341668013797 10.28865650417723;319.8903267284
-2.7156014223573903 4.67408734473102;214.556932763
-3.454565351018937 -8.93104393679953;300.9040182714
-3.928942704152983 -18.1953846091536;428.42679836328
-4.206955409269874 -24.28190365752495;494.6172129963
-4.337944814921602 -28.002478268353155;531.0053555585
-4.358713201312194 -29.9423780044411;548.9859330447
-4.297035136903205 -30.528298430046355;554.2496273953
-4.173964089817322 -30.071810173865217;550.0221676848
-4.005454394383641 -28.798886503104715;538.1986185892
-3.8035304672125316 -26.870318822172063;519.8214019576
-3.577125116221579 -24.395465509318193;495.2755346606
-3.3326468506827984 -21.440350482920987;464.3016984190
-3.074273613495988 -18.02953935011904;425.7927700350
-2.803839712352206 -14.137690347630565;377.117124931
-2.5196916550242068 -9.653320201258502;311.7927631310
-2.210507994621369 -4.206922813541614;206.3734661154
-1.2674332354257258 17.887575319217735;422.83443031
-0.556339748051761 33.933650482872125;582.5938386942
-0.013546030811298015 45.46600142766049;674.3846678143
0.40618824113502894 53.602848935435084;732.2324594095
0.7357727910263042 59.174617488289265;769.3225673558
0.9994240911708552 62.80292703730702;792.529949518
1.2150900898507369 64.95490936500762;805.9666348230
1.3961474482753844 65.9822874016626;812.2887894806
1.5526194292327011 66.15009723555558;813.294417734
1.6920624622763016 65.65803629029216;810.2366990310
1.8202176118257591 64.65643203307559;804.00438884
1.9414927027088826 63.25823083888916;795.2328464557
2.0593214461245153 61.5480166599592;784.3757086697
2.1764329107004508 59.588799629209134;771.7527060821
2.2950557221650394 57.427122227108015;757.5821865523
2.417075101793238 55.096890106064244;742.0033225377
2.544156465393522 52.62223032170295;725.0909786800
2.6778463046969634 50.019600932179266;706.8650066908
2.8196591757168594 47.299315056748696;687.29491783
2.971158711252932 44.466593553490995;666.3002281413
3.134040718655664 41.52221811814271;643.746101004
3.3102279714447613 38.46281484357729;619.4330195358
3.5019901143631436 35.28074839208577;593.077757814
3.7121101612997096 31.963532798742357;564.280145344
3.9441361183105097 28.492531034353533;532.4642382395
4.202794580217699 24.84043183181833;496.7686181419
4.49473854539723 20.966296349446306;455.8232286709
4.830077870728513 16.80494591299524;407.2312086810
5.22614441987053 12.240040430644145;346.0845463739
5.720326268579651 7.009835066562791;258.66472230947
6.476679357036254 -0.1011726710495271;72.32059995958
6.7643039164803564 -3.4860760794087673;198.75349737309
6.707975440125288 -4.104327199594084;213.57505862696
6.363473840942229 -2.3236885757304773;165.34918401479
5.565416473554356 3.411586895939804;176.27630288880
5.135982178001913 5.961628933484814;238.85296861730
4.9816512544298295 6.090308720263914;241.85501356168
5.063924514194845 4.118842605381574;196.68077155382
5.463797837372719 -0.6850770698087221;99.33164831270
5.499689691683321 -2.028927885878472;152.84401919146
5.221700317991117 -0.3029633809416499;76.02216645951
5.5858941052154885 -4.750565401180011;225.1578040599
5.660291411525536 -6.420524684807166;259.789298725
5.512355646864748 -5.91536636762112;249.53890441232
5.172139747472617 -3.435696640784098;192.58890430290
4.539020647439738 2.246423561675029;142.98783758456
4.2151912979386985 4.601548137089789;210.4721250577
4.126793118849241 4.382549226657263;205.3788135265
4.261873644202958 1.705741757209477;123.59731032886
3.760053018595737 6.578282403039321;253.84811304420
3.4819636217269747 8.723926905796308;293.43818134838
3.3713088323917204 8.788644850845902;294.6670323989
3.3979976760815056 7.129005935710736;264.96490818651
3.5614837750897186 3.752025814422219;190.5347783763
4.051940214005327 -3.800576616490585;199.25754055978
4.283106268118652 -7.963031712491573;285.56325264340
4.325207833638883 -9.64808522183572;313.75382986354
4.224468782245277 -9.4232313065678;310.00822654916
4.009934166265048 -7.6061165943551945;278.8319060840
3.690829299118938 -4.214178612229482;208.71305317494
3.1816520097447327 2.2111471257561384;145.3873854544
2.897343474161779 5.22439393969308;226.8545332558
2.777951860038892 5.680313975213368;236.8373866292
2.7967867719442014 3.960005087671776;197.15042661784
2.9874744536616546 -0.5092092286120731;77.49002370541
2.974622242106876 -1.4114143552810297;122.60007447026
2.761408590062633 1.3113002202480986;111.26025763564
2.7411748637798588 0.6254280111738906;74.30878507346
4.417797115518944 -30.926110451854353;558.0086755455
5.622041846505504 -54.384484347413725;739.7544755046
6.464800861192952 -71.73810140605602;849.6117499979
7.030853075963521 -84.46753374148875;921.9179024589
7.38543210038099 -93.68678180445842;970.9067108657
7.578849614504244 -100.23782105835603;1004.228629103
7.649948600017539 -104.75851084987715;1026.547426518
7.628731808289239 -107.73271493339068;1040.9197255554
7.538377292597473 -109.52776299584201;1049.4419577087
7.396789167992421 -110.42263756868346;1053.5958324295
7.217792924101258 -110.62926426258058;1054.4502703201
7.012057788209812 -110.30863095524734;1052.7874323275
6.787809054799788 -109.5830105361435;1049.185294789
6.551378588661319 -108.54523844639297;1044.0737667493
6.307630545143943 -107.26575942455709;1037.7738966783
6.060290807773213 -105.79798219918803;1030.525846139
5.8122020882881476 -104.18234949358546;1022.5091694832
5.5655216014208175 -102.44943193929974;1013.8576935204
5.32187434948473 -100.62227997313043;1004.6705328752
5.082472074026835 -98.7182114187452;995.020296775
4.848205631610961 -96.75016974663981;984.959228977
4.619716785645869 -94.72775559392302;974.5238109589
4.397454042163836 -92.65800951135532;963.7382124428
4.181716105837581 -90.54600519841003;952.6168703477
3.972685723442611 -88.39529825196857;941.1664032620
3.7704560556765365 -86.20826462396094;929.3870145556
3.5750512379826223 -83.98635472391729;917.2734971865
3.386442412025442 -81.73028280753634;904.8159231034
3.204560229866125 -79.44016647049344;892.0000769452
3.0293045998148167 -77.11562737326221;878.8076754614
2.860552277729427 -74.75586146428157;865.2163990883
2.6981627674812043 -72.35968473880266;851.1997491511
2.5419828940599256 -69.9255587979754;836.7267320937
2.391850326801293 -67.45159901712358;821.7613598177
2.2475962687998794 -64.93556687646432;806.2619413552
2.109047477221977 -62.374846847702564;790.1801240938
1.9760277359318716 -59.76640704538707;773.4596202452
1.8483588690644166 -57.10674151641167;756.0345227193
1.725861353128741 -54.39179036799162;737.8270683767
1.6083545540126436 -51.61683166190729;718.7446364546
1.4956565857511626 -48.77633569685797;698.6756596052
1.3875837451417101 -45.86376723549113;677.4839454595
1.283949420595873 -42.87131309846478;655.0006036157
1.184562284739425 -39.78949890187888;631.0122401380
1.0892234228323394 -36.606634703961916;605.2430991164
0.9977217674266895 -33.30798475624963;577.3269142829
0.9098266342427719 -29.87446838528138;546.7602322661
0.8252749170427176 -26.280510386923115;512.8198790442
0.7437475144716043 -22.49021325279005;474.4042312282
0.6648213465495267 -18.449818353164424;429.69061238569
0.587855944133768 -14.070488265439273;375.2584343490
0.511650446289412 -9.17813080518017;303.1026192494
0.43270488856521727 -3.269806570530518;180.9821561417
0.4049574587473029 -3.269100646192131;180.95593791491
0.3612854337105749 -0.475897018935568;69.18344280358
0.35257420323894945 -2.258799580934673;150.4379085898
0.3265449472360093 -0.969915341179536;98.64166695899
0.5573551829076611 -40.95719465744547;640.1079259337
0.7241512792713166 -70.95045820537405;842.459318474
0.8418621846634182 -93.37416677549228;966.4481833778
0.9219480948979677 -110.04797609885946;1049.1872717809
0.9732425563625288 -122.34775064225306;1106.2617231257
1.0025638676870092 -131.31714410622087;1146.090808415
1.0151776899540612 -137.7491399228351;1173.8198508944
1.0151514073978085 -142.24684130964621;1192.826155571
1.0056267910160959 -145.26920873803803;1205.4287759037
0.9890302045591732 -147.1656379419931;1213.2686587633
0.9672348193903809 -148.20217380575406;1217.5312478006
0.9416858706408322 -148.5814173267795;1219.0855653110
0.9134974201814302 -148.45765979322462;1218.5754027411
0.8835271408886904 -147.948396994898;1216.4813242606
0.8524341393073902 -147.1430937678128;1213.164006202
0.8207236871741432 -146.10985784310665;1208.8951765445
0.7887818380933097 -144.90052293958996;1203.8800618923
0.7569022351637456 -143.55452089322065;1198.2738759395
0.725306879233431 -142.10183161959907;1192.1940465544
0.6941622299567072 -140.56523065282477;1185.729348903
0.6635916935014423 -138.9620015491235;1178.946765402
0.6336853159595823 -137.3052405436682;1171.896659882
0.6045073094962751 -135.60485050006193;1164.6166924736
0.576101900564678 -133.8682980781109;1157.134788364
0.5484978768181633 -132.10119044702017;1149.471392539
0.5217121229100075 -130.30771446547743;1141.6411837069
0.49575237383575826 -128.4909710337954;1133.6543774
0.4706193554576095 -126.65322954134572;1125.5177164574
0.44630845507477546 -124.79612139724792;1117.2352222601
0.4228110191595043 -122.92078711659767;1108.808764080
0.40011536656374863 -121.02798798186124;1100.2384879548
0.37820757740111255 -119.11819067661084;1091.5231381728
0.3570721059570855 -117.19163128604485;1082.660295751
0.33669225989950463 -115.24836352687754;1073.6465525637
0.31705057215644883 -113.28829491131819;1064.4776352594
0.29812909022542344 -111.3112136558271;1055.1484896239
0.27990960070995025 -109.31680846897798;1045.653333325
0.2623738026975909 -107.30468283534366;1035.9856829462
0.24550344246096137 -105.27436501236697;1026.138359531
0.22928041742259755 -103.22531465615083;1016.1034756344
0.21368685580290148 -101.15692675481083;1005.8724057447
0.1987051776656436 -99.06853336880285;995.435741157
0.1843181415029485 -96.95940353088136;984.7832295326
0.1705088796431614 -94.82874154951983;973.9036987317
0.1572609252230424 -92.67568386546596;962.7849638415
0.144558232132553 -90.49929453252783;951.4137155723
0.13238519107638336 -88.29855932576834;939.7753874726
0.12072664071278394 -86.07237841741868;927.8539985132
0.10956787789712714 -83.81955749424276;915.6319665151
0.09889466517376087 -81.53879712560156;903.0898865924
0.08869323880375062 -79.22868010975759;890.2062670681
0.07895031605433922 -76.88765643876462;876.9572131569
0.06965310330150515 -74.5140254046022;863.3160457930
0.06078930670654408 -72.1059142254476;849.2528391145
0.052347144172836146 -69.66125237935628;834.7338548307
0.04431536172666633 -67.17774057890084;819.7208444212
0.036683253856564096 -64.65281297189932;804.1701798992
0.0294406897515029 -62.08359067336514;788.031759325
0.022578148529851967 -59.466824055325205;771.2476121678
0.0160867641020226 -56.79882024752438;753.7500984073
0.009958384866431623 -54.07535087274419;735.4595481832
0.0041856535943778595 -51.291532897223874;716.2811158344
-0.0012378859878397755 -48.441672181335306;696.1005062751
-0.006317643591973909 -45.51905409889996;674.7780415374
-0.011057780497432813 -42.515657063501486;652.1402124563
-0.015460922269399591 -39.42175031715832;627.9672892637
-0.01952773942459214 -36.22531162582342;601.9745046323
-0.023256313057028195 -32.91115240230503;573.7822389388
-0.026641132031292165 -29.459541714325592;542.8662470346
-0.02967141344621562 -25.84391286904864;508.46887694784
-0.03232806977090308 -22.02673811129294;469.4263067152
-0.0345776267347088 -17.951285217284365;423.7893658454
-0.03635795724274703 -13.52236307297813;367.82747452884
-0.037534766385679506 -8.547896436095769;292.46772353938
-0.03766477087948561 -2.4234732298623083;155.77516466215
-0.04130707397263637 -1.0962024596309545;104.80008942922
-0.029459844877721693 17.683925346693922;420.62219787810
-0.021769706340357374 31.158708131181804;558.2995977093
-0.01714514170552861 40.68269273219832;637.9296631646
-0.014815054822027456 47.23939762470586;687.4090648667
-0.014223929380953106 51.55668085753021;718.1296540388
-0.014968831682728697 54.17758894437154;736.1541058099
-0.016757387920540084 55.50884672036917;745.1424078019
-0.01937845434626676 55.8555791996202;747.4656834427
-0.022681192634923162 55.44672204264428;744.72529583
-0.026559990888120055 54.453832392778146;738.0280868737
-0.03094356960693479 53.00510043219414;728.1456428032
-0.03578715390405352 51.19581592311044;715.6120677082
-0.041066938914522795 49.09618715987775;700.7861832864
-0.046776322478516104 46.75716300774099;683.8914678977
-0.052923557533178484 44.214730775176136;665.0408423615
-0.05953062882965797 41.49302890429252;644.2499574788
-0.06663330486256623 38.60650669944787;621.4403213659
-0.07428248520838106 35.56126849207211;596.4314910280
-0.0825472194117953 32.355638392297514;568.9187439157
-0.0915202238043563 28.979842206289494;538.4275946017
-0.10132764475548964 25.4144531544368;504.225463726
-0.11214698920480665 21.626690584372803;465.14258416325
-0.12424308091918815 17.56214969343805;419.1691016643
-0.13805191475380663 13.124410160276815;362.37226711431
-0.1544362658837159 8.110531208892477;284.88421201027
-0.176134487497077 1.8323871186659986;135.45247335390
-0.18245263547241186 -0.040438349507574856;20.290064723906
-0.17271715986015226 2.6871400169465387;164.01415689011
-0.17391727883896252 2.4623526142953684;157.00747477261
-0.18751079775665067 -1.0466456283271155;102.42100753905
-0.18857456767492115 -1.1167188025074837;105.78985499990
-0.17272413152967311 3.497138516206746;187.09667328528
-0.16772583403921143 5.121625748837941;226.402198742
-0.1714721589183416 4.362554627594575;208.95854000825
-0.1844002845723674 1.1849789174693406;108.93927335726
-0.1777267624542512 3.277883043117947;181.13874789447
-0.18152266904034747 2.5926241333995392;161.10422902649
-0.19838580930679456 -1.4431942608799107;120.24741606438
-0.20227327813020032 -2.158158038584627;147.01860833634
-0.19365729755347447 0.3651146097852478;60.491736795705
-0.20054423582593078 -1.0379926674365323;101.99965535577
-0.19252187450573433 1.363758326336884;116.86226790634
-0.19791412892950375 0.3784150238535864;61.581622235767
-0.16976927745975126 7.863219096246425;280.50748332972
-0.15330863433991015 12.219162762347526;349.6542954585
-0.14532894526946522 14.270876273399043;377.8638848290
-0.14376631536269596 14.571588613803621;381.8233575266
-0.14732242378279994 13.489014202993856;367.36950526478
-0.1553104425719061 11.24158126021952;335.3795237085
-0.1677130863580321 7.88575981436288;280.90926527647
-0.18596966982720126 3.128752269376638;176.97115752740
-0.17269741353907714 6.556150936618639;256.1422671489
-0.1689715095383097 7.511171580505529;274.1582684472
-0.1729738837567782 6.482675501875591;254.70338219395
-0.18449353930267834 3.5798498879050547;189.2940722838
-0.21106066100865956 -2.972959679982883;172.5335337946
-0.22412677639094333 -6.19888858956815;249.08351972444
-0.22710208218240663 -6.951379488246271;263.7621983678
-0.2219460680492673 -5.686408511230427;238.5700244546
-0.20887847642898055 -2.3940407869629605;154.83889121543
-0.2568691298292741 -14.200541132741792;376.9422395552
-0.2884413349316498 -22.18481692987347;471.113558122
-0.30766952903276673 -27.343394116637747;523.0150882409
-0.317569232138618 -30.38692183024748;551.3493103104
-0.32041204895246006 -31.832324088384546;564.3073126832
-0.31792077211934333 -32.05815166439851;566.3049309476
-0.3114038976669108 -31.341404122737735;559.9394874715
-0.30185236764789214 -29.883056493818096;546.7592871307
-0.290009918600451 -27.825889293523026;527.6075770579
-0.27642331424283595 -25.26655167261046;502.76328565581
-0.2614753403714868 -22.262670608985495;471.93797593927
-0.2453993909496906 -18.834505739917777;434.09187717331
-0.22826543712970163 -14.957758988536698;386.85707456448
-0.20989427601240498 -10.533780122691303;324.6625429818
-0.18945487956581541 -5.260812970627247;229.47055153270
-0.15898643018445044 3.33154618747987;182.61672211096
-0.14104072193111944 8.300075647989908;288.1936559014
-0.13201724500379827 10.64928106425116;326.428371684
-0.12970471462553387 11.014990439434616;331.98455993239
-0.13278895986301886 9.792117589556392;313.01944899294
-0.14074343643491224 7.159702751024291;267.6710998206
-0.15437386301292216 2.9196885439927076;170.96244401469
-0.13658661314242523 8.54605358768041;292.43178361663
-0.1274529391712857 11.441460421646212;338.3486032108
-0.12476675420972234 12.2899013447263;350.66608790861
-0.1271659853816973 11.535035280224516;339.72902098710
-0.13394593520099124 9.431976714584684;307.21097386346
-0.14516497107494147 6.017606125461089;245.40234768435
-0.163169658424509 0.669048438661477;81.87747292600
-0.1682964092341593 -0.6930125263594302;83.36270096883
-0.16002790735912234 2.0986579526213776;144.9570157335
-0.16225444275875958 1.7800808386342162;133.5081812029
-0.17832480613953355 -2.538132241197081;159.42336349789
-0.18366530476038118 -3.752196403972279;193.8127403259
-0.17999877371207343 -2.3469058399009888;153.30491773333
-0.16234127125598813 3.205551857038546;179.13156653135
-0.15534769593231487 5.60337885604681;236.80792092109
-0.1565608665636223 5.585990714604539;236.44025467617
-0.1652350774245498 3.433413374048698;185.3857014470
-0.18586484274808407 -1.9916079030852223;141.23471919314
-0.1944409202950496 -4.104084433568842;202.6927866743
-0.19352578339960508 -3.6087070462996484;190.0738939570
-0.18300230614265828 -0.4198765235807711;64.92188647185
-0.18839319499386137 -1.534184568536813;123.97464687578
-0.1809451609940724 0.8820289591236778;93.99715473920
-0.18696663331386493 -0.3258686684964438;57.21364781501
-0.17528333082274247 3.266536244017856;180.82536194356
-0.17420424228989112 3.955558673191975;198.97649211133
-0.18265746490218498 2.097401641290363;144.91074207170
-0.21336815735986264 -5.468005292256521;233.94526425054
-0.23074280181726797 -9.750327348576304;312.3613595424
-0.238216885870664 -11.627129856719748;341.0917135214
-0.23812939693471138 -11.665670232374655;341.6563587270
-0.23204324037674703 -10.218499373691476;319.76997762211
-0.22079079446783484 -7.438446702163891;272.8418880485
-0.2038967290707812 -3.120627661124403;176.76271133354
-0.23716598710257253 -11.648730766219572;341.4082382436
-0.2574062139098067 -16.9881243947092;412.2719881599
-0.2678970888572509 -19.97268245881439;447.01342218587
-0.2710265156613883 -21.18542980517837;460.3815970808
-0.26855914825354754 -21.03929371528099;458.79127507774
-0.2617951999224107 -19.823609485043658;445.342200685
-0.25166917005841777 -17.73182301548703;421.1967161406
-0.2388002530590579 -14.874288073390098;385.776990873
-0.22347519189428106 -11.270581508220417;335.822070591
-0.2054337206319508 -6.783049654683722;260.5489330830
-0.18207079774686052 -0.5911448179078569;77.005676693
-0.17335097636970892 1.665352657176185;129.13516631219
-0.17682918431388953 0.6493338278444611;80.6600801378
-0.12989138457051258 13.976643421754831;373.94993759657
-0.09692366075151176 23.14488232270316;481.1893380939
-0.07403116188581826 29.2390127259317;540.8298573042
-0.058507936945116176 33.03369149477031;574.848553788
-0.04842750286919338 35.09421254610277;592.5030023274
-0.04240422742624217 35.83657519611491;598.7360033068
-0.0394382802595301 35.56750521924916;596.4844617752
-0.038809787341513205 34.51243773300671;587.572357406
-0.04000492675999043 32.8354658872719;573.121849809
-0.04266406107087281 30.65355343919579;553.7559219816
-0.04654591363916053 28.046376961922643;529.6876319968
-0.05150435494953402 25.062487715054715;500.7237071837
-0.05747668426277999 21.721738250198303;466.1649272230
-0.06448577818052836 18.01254586143272;424.5107625911
-0.07266740284971517 13.878650123065908;372.63916806949
-0.08236994242571663 9.173557750546218;302.9768727800
-0.09464151081739099 3.4352015355204157;185.43960406871
-0.09429136419524473 4.21378263542662;205.3718932535
-0.09936148409121989 2.5066418795188317;158.41966683330
-0.11376198209716228 -3.408123516143332;184.71340498257
-0.12131570362300736 -6.139953375500687;247.89104964590
-0.12363152017480365 -6.469474760210671;254.45339029376
-0.12152978559535249 -4.773720244555472;218.59061382724
-0.11443872723288552 -0.7680456343635642;87.744539852
-0.11728683314370214 -1.0363108207303524;101.90493612040
-0.10965186880671975 3.290528990941924;181.4937423168
-0.10890026597029547 4.6349266151729624;215.3849537983
-0.11393062249962095 3.541340395801325;188.27990633689
-0.12601907450082828 -0.3659374575153582;60.60462924051
-0.1288209546045936 -0.5980087035238997;77.44046325157
-0.11696172802864813 4.95841282019064;222.77069703255
-0.11248858650686616 7.544954166992547;274.7773713633
-0.11364455192470571 7.88725235471858;280.93908866257
-0.11958923903209488 6.380067268476164;252.68392347562
-0.13062874259606233 3.0182191921997052;173.82401004602
-0.16110433242048253 -7.1131529775309;266.80820361654
-0.18059824290878737 -13.553794238927228;368.25740409088
-0.19192893719601103 -17.30618716903841;416.10956536228
-0.19709763798021465 -19.052520629337728;436.594410499
-0.19756571255883643 -19.27007042775935;439.07935367098
-0.19440067932811436 -18.291039596698322;427.78272386124
-0.18836116806459433 -16.33635986222398;404.28513574347
-0.1799351007938118 -13.530173369594582;367.93644140162
-0.16930726290422335 -9.886688811265469;314.53391974433
-0.15607937325161433 -5.204142898827228;228.22968446948
-0.1353995077242196 2.3430190345906636;153.1618912443
-0.12482694226390927 6.344013811298833;251.96891657039
-0.12159201453901508 7.758057055054483;278.62901958175
-0.12417208612291725 7.141273302617418;267.3274826997
-0.132087383968907 4.71396691644609;217.21137902361
-0.14740432083604507 -0.1306505526947639;36.27418531951
-0.15192983779550104 -1.2587036608002014;112.30073057016
-0.1456310860748602 1.3451729249259956;116.07099045101
-0.14960531192825327 0.5726555966408426;75.75772540383
-0.04050518325241172 37.106875294910594;609.253589338
0.042484948358423036 64.42944560596237;802.779859968
0.10612161761385383 84.78452636260901;920.8855840261
0.1553549157017925 99.852059581956;999.3603700249
0.19385609151703714 110.90021263482281;1053.1918532072
0.22436445149833306 118.88979936513729;1090.4659259591
0.24893146909381983 124.55014977618471;1116.1200971839
0.2690975551446341 128.4354825825207;1133.39329116
0.2860219228944642 130.96722544957228;1144.5084149251
0.3005787710991088 132.46595871080459;1151.0376487402
0.3134288813295326 133.17560242855936;1154.1162193616
0.32507309033399834 133.28176570784365;1154.5758964991
0.33589231799374575 132.92568465513597;1153.0324825844
0.34617758266956566 132.21481835402977;1149.945276830
0.3561525399313955 131.23090875699222;1145.6586248491
0.36599042729306136 130.03611386966216;1140.431570549
0.3758268174959156 128.6776760244912;1134.4593619768
0.38576923170048183 127.19147573197061;1127.8892430958
0.39590439368143904 125.6047374031189;1120.8321598144
0.40630371636339346 123.93808941848457;1113.3714998706
0.4170274595213893 122.20713257307035;1105.5696534718
0.4281278961836597 120.42363412501327;1097.4729576592
0.4396517307960779 118.59643668225681;1089.115432943
0.45164196037068555 116.73214987058893;1080.521612109
0.46413932214764786 114.83567651675952;1071.7086833026
0.4771834322886971 112.91061273993938;1062.6881130347
0.4908136967066193 110.95955195003704;1053.4668733188
0.505070059750127 108.98431559219655;1044.0483663769
0.5199936334410497 106.98612801861819;1034.433117401
0.5356272472757141 104.96574872250022;1024.6192886180
0.5520159464438248 102.92357199155083;1014.6030547818
0.569207461265338 100.85970162862965;1004.3788703348
0.587252668158298 98.77400654144651;993.939650803
0.6062060560695233 96.66616159569955;983.2768851522
0.6261262164895822 94.53567704926287;972.3806911885
0.6470763675850663 92.38191905590638;961.23982247
0.6691249287732229 90.20412309240365;949.8416322233
0.6923461590313852 88.00140166602642;938.1719970784
0.7168208757696869 85.77274727025765;926.2152015859
0.742637272882044 83.51703124552266;913.9537818632
0.7698918593349299 81.23299894106366;901.3683249658
0.7986905443940016 78.91926135549073;888.4372180446
0.8291499033487854 76.57428322544291;875.1363386484
0.8613986615801493 74.19636733309692;861.4386741642
0.8955794496902852 71.78363458661327;847.3138540399
0.9318508933350004 69.33399918344921;832.7275727081
0.9703901228418813 66.84513785831632;817.6408732667
1.0113958111066153 64.31445182991362;802.0092511009
1.0550918872949908 61.739019531957425;785.7815211287
1.1017321241786755 59.115537482855366;768.8983698844
1.1516058675634413 56.44024560538625;751.2904803850
1.2050452865645236 53.70883178188083;732.8760673126
1.2624346818067058 50.916308141283466;713.5575817753
1.3242226336385319 48.05684804273002;693.2172199013
1.3909381594476822 45.123567109089784;671.710663538
1.4632126802733116 42.10822244450515;648.8581294431
1.5418106662288458 39.00078841577053;624.4311764730
1.6276737263565417 35.78883920280869;598.1325472952
1.7219864565422403 32.45661510765413;569.5639929179
1.8262794578873938 28.983542197267198;538.1720633636
1.9426003504627258 25.341739223566424;503.1502626561
2.073820866365957 21.491470216185434;463.245590557
2.2242521945998712 17.37187496393145;416.3241404714
2.4010996841428343 12.878632732471583;358.18797086350
2.6190373523376103 7.792156971243969;278.0391876355
2.928645493595013 1.3183636932874698;111.15153868465
2.9990361469749316 -1.0207827974592352;105.52092809180
2.870914844440215 0.15350513122446063;26.79021900520
3.055536421210178 -4.062510108877913;203.99014275443
3.076988628257409 -5.430077332284849;235.17876333589
2.9705139181480127 -4.506359554324186;214.4798645443
2.7399724301014654 -1.2370005692231691;114.673244624
2.799131475015713 -3.3490382885474417;185.26009708497
2.715481522572996 -2.7165475865052313;167.168646232
2.474008617551497 1.095048560426246;101.80273052801
2.4044874090258848 1.472738080272035;119.07455909199
2.5320967544619477 -2.10419365081697;147.37710501638
2.5088377192226576 -2.561432232685264;162.1243136746
2.3441215435874336 0.017498900272376883;19.475484476737
2.3779022462292447 -1.6341577775144882;130.15077500563
2.2615111839285045 0.039858684372540365;10.746006273703
PointOptimal;ValeurOptimale
[2.26151118 0.03985868];10.746006273703134
Temps;Nb iteration
0.055757761001586914;1000