Point;Valeur
1.862989948863591 -3.25290448290741;-0.17054889223490
0.5322517207045829 -1.922166094999041;-0.34181092678417
1.5659417508717965 -3.161241342651464;-0.11219980548848
2.341939161334453 -3.737898561235122;-0.009461183074499
2.027680546334608 -3.5494903778648195;-0.13052560992206
2.6248777092297546 -3.9662718442762936;-0.14011694522922
2.2991936608493355 -3.766535550529627;-0.008597467812090
2.0191992431851093 -3.577475805304215;-0.1499870557132
2.5208603196552977 -3.9562332544823655;-0.15131415885721
2.6346987998583766 -4.032791431915289;-0.09618916398323
2.09528655888552 -3.662669577063176;-0.17722690406152
1.8286010807318847 -3.452368547177313;-0.0030501578656835
1.6617784870915755 -3.3092647112529474;-0.21436009796374
1.2976360250024173 -2.9789831743863253;-0.17506096461649
0.6007723482441168 -2.2588635625334885;-0.005357907318769
0.44228890680025823 -1.9932585980187199;-0.44240201580637
0.7977547017433909 -2.639608925006785;-0.1545336008618
0.18223714277695047 -1.8795813294164825;-0.057077708705437
0.3745669135394605 -2.531154132756893;-0.33327123838383
0.5788962814662773 -2.965776158910635;-0.17245492140499
0.929687003687475 -3.5020756192565115;-0.2191301222500
1.0922171850133564 -3.6846856562288437;-0.049523359730959
0.7498947538048082 -3.3407233979401205;-0.0038153717875785
0.8417681738846581 -3.462001258618827;-0.16008490058989
1.1876829987148239 -3.8779963052295106;-0.09533919148281
1.5650485598391983 -4.239482645069494;-0.026176616549164
1.8486458526771798 -4.466615489642717;-0.08115320413922
1.4548539184482094 -4.178896789832327;-0.0039971453954876
1.3341678388734477 -4.073705695011265;-0.12393628914915
0.9537619749288724 -3.7200784639168;-0.05259373505116
0.6223238809918235 -3.33115816250288;-0.00197770847684
0.5610510183769519 -3.2323102815576097;-0.12225036886667
0.20810698795913907 -2.6605916730321972;-0.327348998863
0.06972577770393634 -2.1928479307511393;-0.3102673214451
-0.043142528128306185 -1.4239959734961993;-0.271344178588
-0.19920707119655445 -2.283452509824448;-0.0607909346804
0.02324701999072426 -1.87306778110608;-0.031014982918409
0.04997719845506295 -2.207270514642565;-0.27223346940579
-0.044776463696985395 -1.621437963204262;-0.5479377698550
0.05647868711735433 -1.1407002801510489;-0.5349096257323
-0.28000807444558284 -0.3841966971007147;-0.8695627022183
-1.4811526206874455 -0.7906057559588341;-0.37237379603683
-0.32992610938364675 -0.4960804155614535;-0.756747542472
0.43003269367856467 0.10030700027789735;-0.7406317790272
1.411366201210035 0.2757904001895432;-0.3223311943918
2.126494436373812 0.4021736480135;-0.38446313986171
1.7090542845416294 0.3271286789572557;-0.1580856138860
1.157950044272578 0.217271512132777;-0.3709228243407
0.4454899259715396 0.053712092560602;-0.7724731048225
1.0629526202518949 0.15634419360248786;-0.7555753879450
0.7992763664486757 0.10196561795331799;-0.012770353287038
0.9866549165067164 0.13578593743920378;-0.7279046059912
1.3581357281900617 0.21120063590792082;-0.09950501618387
1.77623433364319 0.31179077810245104;-0.016761965641454
1.6033038585211357 0.26437256363281914;-0.5409695647485
1.2321098831738206 0.1652716465416064;-0.10686797255610
0.7698698458466886 0.05843298104376746;-0.005541957876155
0.6420236995408138 0.04157801695943125;-0.5134487472702
-0.09653128508166398 -0.057702305126250755;-0.607800219810
0.5225493529291853 0.6683522753545291;-0.1153805559593
0.788331719439942 1.2746088250004148;-0.5278497413214
0.9693582452729713 1.7643656379172108;-0.3876721663985
1.1150438708589048 2.1875772643414884;-0.12531539216424
1.2500577012463245 2.5924881814965675;-3.238287140220122e
1.247668328840165 2.5850217543215535;-0.0010440464915165
1.2333754903100451 2.5398937558911947;-0.03666036512492
1.1478913573872735 2.275855849963411;-0.3193262096671
1.2577969904193729 2.594302559180856;-0.00013047432473014
1.2634807137684974 2.611556380147803;-0.005255631264770
1.3000753637850133 2.7218972504355103;-0.16320891488524
1.4346144141606332 3.1159632673806623;-0.00658255127341
1.4718679823904215 3.228900112721336;-0.141059034422
1.5803566790421768 3.5519248010515683;-0.011454424186730
1.5337903327090627 3.410664837881838;-0.18086918891703
1.439407896109298 3.132715238434096;-0.017287776882071
1.5070646861579668 3.325959034972537;-0.22921018908875
1.5190031193300668 3.3603998715850594;-0.22313099080117
1.4753324764902893 3.2341084825933955;-0.14940305281200
1.6077755696704026 3.6004503076523435;-0.0019100828212226
1.6316295777551 3.6678882682190452;-0.04988747363099
1.7376892264780661 3.9619727954718087;-0.08107409812683
1.6217701735507508 3.6442532982756695;-0.026406279834759
1.7120213976744303 3.8846742270622916;-0.16161485326332
1.6260016585984645 3.6562381054274535;-0.037351269546485
1.736844425022648 3.9420960114308685;-0.10132086338657
1.6019385326583908 3.6009648156130156;-0.0014873996945390
1.6289041515266947 3.6685394560420277;-0.04936905002238
1.7640143005126392 3.9983624834110767;-0.03725888856545
1.6446640840828612 3.711009763282577;-0.09912228602493
1.8059429092333057 4.084824445075578;-0.0014668680033001
1.8335074598867909 4.148912558447809;-0.03912531233753
1.9587601774211376 4.434332061999126;-0.06889283529527
1.8174775993430474 4.119659137794985;-0.015623119968441
1.9111708263203053 4.326661850311972;-0.14999203882221
1.869643415169388 4.235135727242909;-0.12145543805355
2.0008018575434905 4.518738969791823;-0.005221579697114
1.9421917062525935 4.392894987679561;-0.10816069007959
1.787042875287007 4.066924328718398;-0.0004237840471759
1.7673421914614929 4.025426946462578;-0.017551889579985
1.640538091205617 3.761515538295015;-0.1461065234612
1.8307683599480267 4.147015732284844;-0.03681711610146
2.0030810448994307 4.483736522187079;-0.019589509360328
1.869962024990162 4.230243621629877;-0.1181452835179
2.0470845333624856 4.563272693840984;-0.0036428023206741
2.1105201047835553 4.68060553382567;-0.08858756067283
2.287281351851893 4.998935582075638;-7.527892897331939e
2.2863973820408092 4.9974627902636835;-1.9100626655574982e
2.281576459819688 4.989005224271971;-0.0005897187405212
2.2535107666337546 4.939292187214067;-0.01918203450697
2.098907692002756 4.668228975759212;-0.07674626056420
2.3218452990623986 5.053410755087521;-0.01583555760302
2.466938263520435 5.296143956021186;-0.08099832955253
2.2889898756862417 5.006953693470219;-0.00024094347140829
2.30994729706298 5.041754373897893;-0.009264347701714
2.4372307127918544 5.25042186689258;-0.10346369393449
2.3478519073678377 5.106289568134483;-0.05048443402400
2.5855475525730545 5.483229823089012;-0.0057832568893294
2.691388860485687 5.646261614663413;-0.0901111280044
2.755287166228191 5.743336931291046;-0.06748593604842
2.5542809022689563 5.4439384234211365;-0.00022927135846267
2.530060006423808 5.407175525726326;-0.009355476628575
2.375718362865734 5.17373279922994;-0.09328783852346
2.571033913643877 5.470422113552271;-0.0018824745750237
2.6464574368674656 5.582291006445088;-0.06175025676544
2.8980832170697104 5.94445668961673;-0.01329961203901
3.081866888390997 6.199448645923242;-0.04516051148004
2.83696475793232 5.870983161083849;-0.0018437703189396
2.7573338017254816 5.761391570301903;-0.058793647386
2.476201344610324 5.378257324528666;-0.032922153044957
2.1698524339526952 4.955486057243914;-0.030561383833257
1.8462009253707037 4.500512961594989;-0.054118675784054
1.438528430027863 3.921803213261552;-0.18559736912006
1.4748462665693145 3.9791513785375248;-0.16273520882132
1.142902214066733 3.4799626573896276;-0.22962316300574
1.1183575685378246 3.437958495927997;-0.21393506332604
1.4170436472014756 3.925887108383514;-0.18522949398571
1.4791413837857612 4.016969856313585;-0.13004914815420
0.9967524600793242 3.3658203310345245;-0.0877515024657
1.513023329058017 4.1336369062756955;-0.014226996080634
1.2476971365946181 3.8173716928535883;-0.051596131440346
1.6710063963419999 4.361661746706789;-0.14549060710677
1.8627713578807328 4.571389521144257;-0.007145040562187
1.6648235677925798 4.367966409418066;-0.14686637224071
1.8474469694336424 4.56819157369047;-0.0107577061027
1.5965407920065424 4.309169542854451;-0.09287331701538
2.051254909577286 4.813877342435465;-0.12741556546813
2.043957491042369 4.806696937970213;-0.12712051459859
2.089240729665915 4.850352731399747;-0.11643016578844
1.8217016573653 4.594326256883829;-0.0050853728195006
1.631567340794976 4.397082631259403;-0.1511142617898
1.7430762874845254 4.520495379409361;-0.07137831731997
1.2217892021332895 3.970188389634377;-0.1800775925482
1.411110529565058 4.218475702493684;-3.3638935741896734e
1.3956057113011822 4.200001605480685;-0.0037232244002109
1.227853661652936 3.997057525256562;-0.18581828484658
1.24218322094431 4.015517421968379;-0.1832210366408
1.094180030436822 3.8234680011787354;-0.017601128535650
1.4495749094899122 4.305174005209233;-0.044712450182443
1.9505185696177605 4.869148908167355;-0.12653566644875
1.8603737361672426 4.783671677937858;-0.08734355024237
2.341220680247056 5.253870362657427;-0.10763320331485
2.3615185836716406 5.271064723071718;-0.10604272973281
2.23344569601621 5.1620632525166155;-0.05331625453815
2.7315723343697176 5.607616613558909;-0.08640460471046
2.9597448344710404 5.789793330765549;-0.0055091090349677
2.727364271246109 5.611844635983026;-0.08691517948076
2.955530810948598 5.796569717331877;-0.004506716318231
2.734404586781122 5.624965252774296;-0.09002574426295
2.8884447010839542 5.750587678809718;-0.03297805908405
2.398333071388744 5.353169468192171;-0.06723125663893
1.8893933756645183 4.884449656086302;-0.12727033163739
1.849293794222608 4.841471912172226;-0.11678510525005
2.169295859598116 5.185275309875441;-0.05085290270154
2.680919295505678 5.688785867280977;-0.09174326720756
2.623555815025828 5.638536650181347;-0.08050754336872
2.951914066509941 5.930995366003311;-0.017813123675013
3.3326888549769556 6.252261677425573;-0.0007159812698870
3.421802815969131 6.322598950686781;-0.0314781376483
3.8508629736083124 6.6628406868991705;-0.021397640291967
4.229975682381808 6.949636213417415;-0.0008127300206847
4.323401795353835 7.016877811337126;-0.026200275274335
4.702590177875495 7.291844668461044;-0.0024893742016284
4.864017056201692 7.404152033796243;-0.045442256671016
5.033685703663974 7.5204578109844515;-0.0184243193853
4.671542730192714 7.271647297175764;-2.30034237562726e
4.688783786155284 7.284041622273603;-0.0009823029417380
4.803237327619016 7.366013136281046;-0.03141336255954
5.183640084776695 7.640450249633986;-0.0074381263594620
5.468547108236853 7.84043745703492;-0.020094258583945
5.09606911770204 7.580661925225165;-0.0013365488165535
4.959876361283113 7.481909733321694;-0.03825158046014
4.621381393699342 7.229090477831846;-0.006263383591766
4.327374624687135 6.999197470807263;-0.02198558189649
4.772524640211646 7.3663700138249;-0.02674567428833
5.181411835824763 7.694139698513753;-0.01751912054087
5.553588282708369 7.985839982329964;-0.0023480391004376
5.726413401729059 8.117512746802383;-0.03866759534901
5.778168470295992 8.156346446456324;-0.035477715906065
5.562655242136119 7.994181689015382;-0.0038873946629815
5.799316269712768 8.176675840901114;-0.030839930190132
5.480439871375182 7.932439772883212;-0.0029429582461381
5.261604176874861 7.7595391837688314;-0.039792893306634
5.500064004477264 7.952597588755293;-0.00044154940496859
5.407890949334711 7.879402320627203;-0.020725605951180
4.956409135957724 7.510158667443055;-0.03283349308189
4.508545960893577 7.1231014160403054;-0.04817972255814
4.181236302350858 6.826418482937648;-0.02229490252856
3.6500105658341173 6.324023120603855;-0.06775197495264
3.8361468554547327 6.510703333483154;-0.002905583922476
3.5827523961767707 6.261547810480089;-0.041910133859026
4.168102383291329 6.852991251285296;-0.016972876344747
3.7001950384544378 6.405565418901897;-0.05766051912638
3.2750816200268633 5.977739686912781;-0.07902281858043
3.1729148579569095 5.869233603543972;-0.0392924244206
3.7785427677129793 6.509918778038459;-0.009569756239327
3.407601607413203 6.144092475433963;-0.004835825681666
3.120145986048819 5.847911752578507;-0.019142024175107
3.6226588978082637 6.38081718903427;-0.06903308144945
3.5530849743963953 6.311367274969699;-0.05301072148228
4.006815267995624 6.767011427606868;-0.06051491237805
3.9249413060992873 6.68871536387659;-0.04292295263257
4.374240778133883 7.123447934151246;-0.053493227365214
4.458192952992619 7.201018832713139;-0.03835529466496
4.0435591181854065 6.817625335994307;-0.04920183760490
3.6511523715979983 6.437720540095518;-0.05654470947936
3.2323705711510105 6.01424506409382;-0.07776692169378
3.0520998568275197 5.822010690122147;-0.002458875244421
3.2728615484587067 6.062691192272603;-0.06002183304076
2.755241773738679 5.519873560050247;-0.057196427518872
3.3557948269433044 6.181859623280967;-0.0031798849757707
3.1352272486916317 5.958488308205545;-0.06620016853333
3.553937745858601 6.394109936853649;-0.06898659912770
3.6259367223921903 6.464922596442548;-0.05273671528033
3.1860650043582455 6.034311700102158;-0.07828830493639
3.041540711305702 5.88396908687915;-0.017251688896501
3.513541689680139 6.381124049241204;-0.0649140485712
3.769917658428249 6.634595397820669;-0.0034012154126906
3.9971707641742307 6.8527580763854825;-0.04720641288942
3.592393866135719 6.472104030377885;-0.056147063386169
3.18057517056368 6.064655948223903;-0.0738659245064
2.880094168030484 5.750711563550333;-0.03488234211310
2.2960126937037058 5.123708957863597;-0.046847921175003
2.9048059655275833 5.822727391759695;-0.0043887268093812
2.666252668615233 5.577080899554941;-0.06372811904703
3.166144931123415 6.1086627204976445;-0.06366591932759
2.7765566700671376 5.725801392929283;-0.07059240814260
2.333527901381235 5.263098989308029;-0.10766272226304
2.3195227542588364 5.246896659015278;-0.1063465811530
2.4555299448105976 5.402218661623397;-0.025509397699341
1.9516728977659419 4.851194614882268;-0.12739964787963
1.96999309910864 4.873557884915236;-0.12451766217232
1.763766854588762 4.621208368786702;-0.003882224246243
1.5195470501282848 4.308881575939957;-0.06836682289314
2.200234350901826 5.155608723612245;-0.04093735540335
2.7272110124536937 5.694929845083951;-0.08804518148180
2.517711257128826 5.503353819447033;-0.0032685376087633
2.7122704311398347 5.689779799431177;-0.09016096074305
2.558068907999046 5.547802738333463;-0.024455887180440
3.0226267190395806 5.992237779571939;-0.05764890894113
3.4475537854588008 6.368278505806747;-0.05258747618168
3.8213517462419495 6.680465190796202;-0.021599141118756
4.205159691852349 6.988745348093315;-0.00329350652265
4.388444365543958 7.1292997547927355;-0.053924588054733
4.401336090458318 7.138901900290134;-0.053651228606631
4.341371134068415 7.09395929195331;-0.04774645705403
4.607782249759477 7.29655851608967;-0.00017236325414844
4.559359419209336 7.260910274323224;-0.007604983526854
4.255026319496276 7.032566814592102;-0.019032720469673
4.669770074111989 7.361958887262378;-0.010347447102655
5.001568246830812 7.6167308783186884;-0.004152529945919
4.771954300169263 7.445332527568713;-0.043028990842111
5.028962652928778 7.64342854159045;-0.0002997411145249
4.961295362428609 7.592633679136055;-0.013027527967719
4.577953943004454 7.297323656745568;-0.0011366142225634
4.439956282797228 7.186441064140525;-0.044302971576548
4.069258825607196 6.879762734051718;-0.026550905265388
3.567564654199491 6.438281645432102;-0.06651249886645
3.34418969036734 6.227995876947092;-5.929927163678747e
3.3478517294350696 6.231698005198822;-7.957207398845445e
3.389927987883877 6.272683818840275;-0.009490898279649
3.807040644746059 6.67656458064321;-0.017960115353801
4.294145225008515 7.128322092333751;-0.04871773429496
4.5860374098652334 7.385895693692721;-0.005181890690219
4.8734586365518995 7.633635967827388;-0.016491976416851
4.445639046915672 7.269453440709902;-0.0221770559571
3.976306715065227 6.846807047675013;-0.051634465615052
3.6019634000811696 6.490319836236275;-0.04890959454282
3.1011403396912574 5.991033106083355;-0.07053913653479
3.4823397387837436 6.395964157104427;-0.06450493094757
3.763826898300824 6.680090240798119;-0.012136919342454
4.165241139305823 7.072697125925551;-0.015495754736156
4.575425475311171 7.458787815164987;-0.018933700439981
4.977252259263749 7.824955807606725;-0.016913625314357
5.346034901199746 8.151917976011026;-0.005328634379036
5.591634237035129 8.364089261985951;-0.023135130947185
5.243881806669573 8.066553736054558;-0.00605246490409
4.973814516184475 7.827862983185936;-0.01706932343629
5.356730009872176 8.17682422203553;-0.010334281524883
5.678607682729039 8.463186080524059;-0.00045058575420650
5.599302166318278 8.394326171936235;-0.016377086971214
5.230731912370922 8.06922483258741;-0.006948054484468
4.9303470105591 7.795385565255865;-0.005698656315149
5.215707258788229 8.062886935466592;-0.009649335154733
4.868907560848277 7.743388247491791;-0.0004217719292343
4.781998946083265 7.661069470904226;-0.02366980992017
4.322626593745816 7.220020235241362;-0.0508029462182
4.081575389051946 6.978645326866406;-0.0019951322998142
3.877351153201458 6.769626920808388;-0.055730449136927
4.20438624939939 7.110537643233156;-0.03227197383075
4.708071811471051 7.618550321762362;-0.04256113145260
4.406953431274071 7.32736981016299;-0.013396929825322
3.9710789746408683 6.894130729966423;-0.03980101582815
3.463225372112461 6.369915030767426;-0.055671773293341
3.9208966177622613 6.864608016420737;-0.05459553980532
3.6010308978545345 6.53591719684534;-0.03310744216280
3.055935323402342 5.961830997182661;-0.05231507004608
3.600266446225381 6.563976804163948;-0.023380301018359
3.1279169383481955 6.077760066210794;-0.07655371542130
2.9134558663055943 5.842945645958095;-0.0007836783519203
2.7956930113573977 5.7102747442170445;-0.07311990595615
2.2912208529838973 5.143438573624717;-0.05736048049767
2.921648097647992 5.879676761448265;-0.0012880127978753
3.0571445314031114 6.021615736723494;-0.07258976474966
3.3602274626682873 6.331525376720538;-0.022768035188595
3.811044217510208 6.773788474906781;-0.048336351904347
4.165519258499149 7.103424168288747;-0.023858875886029
4.561763541986984 7.460256037959193;-0.01726934563742
4.914585155385435 7.767729214589001;-0.0013462256973661
5.037402187403871 7.871346137533106;-0.03455584263280
5.320670756346326 8.109111089860722;-0.00021989327215170
5.372480401106668 8.15159222621856;-0.007850442934718
5.6520639865886855 8.381284116416294;-0.012259043863270
5.329310587943329 8.119437063716505;-0.0009538523341461
5.4423025150636155 8.21378104876279;-0.02800185716534
5.769268711591514 8.486676940579644;-0.0034224320599398
5.975852297645031 8.655469433236645;-0.03230331702288
5.780600532714271 8.497785603708191;-0.005642119100492
6.04789319392013 8.718321929564983;-0.015554054689688
5.689779505729485 8.4249340047808;-0.0025262307070932
5.493536904342808 8.259308664495592;-0.03789793181827
5.6223718885843965 8.369825485027746;-0.01810302886264
5.21396783343857 8.018130287763348;-0.01878363105314
4.781667091966308 7.629263996970771;-0.03131229473706
4.338147673141653 7.212307083333459;-0.05059245341232
4.087330692872301 6.966358768585491;-0.0030864329601425
3.83481241923971 6.71275369088879;-0.03430325140163
4.383361761057284 7.275701366178366;-0.03077456514938
3.9041288485348242 6.80771661895778;-0.06090234627582
3.923250434746141 6.827206431104371;-0.059718277196490
3.7644320971776626 6.664547675197277;-0.008454571533558
4.159235217865052 7.074180960127827;-0.014973179160570
4.612852588374472 7.526459808800469;-0.03990439297946
4.960022507166744 7.859399123175764;-0.0220708123867
5.379252630401189 8.252500587278817;-0.027520735331466
5.730560950171771 8.57338238982539;-0.011977118732940
6.071348815335221 8.879051055579977;-0.0006087590850031
6.166340492456765 8.962429385414351;-0.019109675300151
6.506059704644314 9.260947062971658;-0.0038162926222475
6.729055138934584 9.453590712523729;-0.022013998482750
6.44195491008905 9.207247163701663;-0.0004525583223931
6.355331442423785 9.13164446466637;-0.01583165514957
5.985637533518871 8.804169692009754;-0.008579459193577
5.642400411238517 8.491099243774773;-0.0003115307457048
5.562947377568406 8.416997603893794;-0.01665596209555
5.125732730310806 8.003989455841968;-0.0334014113484
4.726974594474353 7.614319560656679;-0.04134547423300
4.365172120970187 7.24979340016431;-0.04030963972372
3.8844636657199265 6.753025692568375;-0.05329487923261
4.284998317792135 7.182849411752555;-0.05372277654837
4.356782783815175 7.257017206123087;-0.03978451435161
3.873349021255423 6.761705504566823;-0.05377307297107
4.261083360252915 7.175231072042718;-0.05228135848093
4.454959348449759 7.37450034917721;-0.001027069149603
4.298812265154448 7.216773503206708;-0.05267381517964
4.118186450018981 7.031575412050398;-0.002197498395636
4.362175046376345 7.285602035285061;-0.03154127596484
3.799095887520966 6.714271768552055;-0.028277678718593
4.386826708299952 7.336097312508274;-0.01419422042215
3.9317960560125753 6.880666881868802;-0.04969978495553
3.498070188105007 6.42859603963235;-0.06914767729783
3.560520494806294 6.496756988977866;-0.05408315398020
3.052056422153437 5.951444556638968;-0.04718048279212
3.668199334071148 6.634909949664315;-0.0002716297690773
3.5962567979675177 6.561022212486594;-0.02514624670053
3.0630765571898904 6.0111077365306365;-0.07068046950341
3.4462530376806666 6.432102988208248;-0.06713166143906
3.6440550490297117 6.638515887835185;-0.0008675444917024
3.515464213265768 6.507607177555923;-0.057977948378274
3.089317659951969 6.067870973643949;-0.0794090072133
3.0417165446260848 6.015583089707525;-0.06889767495331
3.4813380914964682 6.494373302906648;-0.06506555690535
3.196513971057553 6.201938205376859;-0.020616523698369
2.655224664703156 5.630788646313077;-0.08276287228494
3.0613522408576292 6.092032971038236;-0.07887536195592
2.9487391297726955 5.9718549211595455;-0.033614358766320
3.5319268175052163 6.593901136544739;-0.025834108686580
3.0349971964908895 6.104195402362535;-0.07894989567029
2.9370203934919283 6.0000443902079486;-0.04331594075102
3.4874780603825566 6.585376483439793;-0.03740165830293
3.0039393579646796 6.109027916469501;-0.07945149643206
2.973352686865987 6.076418410655626;-0.07540637668019
3.222164806814263 6.340905244392815;-0.00499843799811
3.4937803837024 6.6189246190167035;-0.02418696015185
3.0133211409324407 6.1448024326442;-0.07484623603035
2.7491450080318733 5.864744517604562;-0.013653780305213
2.3193283371807913 5.394009520604453;-0.06371778258832
1.7140890607001253 4.701055731099936;-0.0043030849010282
1.9587799343296104 5.027199895714365;-0.04018822383005
1.3708298943836281 4.331208064308928;-0.04497084817368
1.9357933615894245 5.082152841392186;-0.01452327106106
1.5682304523221031 4.679767513445829;-0.00744889314498
1.2988839902654825 4.34842667228059;-0.04100928621306
1.8078482406556189 5.009013422054143;-0.09140571579388
1.3288192697374546 4.499523162818958;-0.15140683641676
1.43372229218237 4.635276932407962;-0.06509001248833
0.8972894534878229 3.9981139380777395;-0.14028992290621
1.3242032503659396 4.643296259266718;-0.08621218853260
0.8459852965581391 4.089029000464174;-0.18544148563137
0.8885127627099916 4.15657534007046;-0.15754940911056
0.550830415636872 3.656515915105315;-0.21778769991512
0.3611480111925143 3.2708947214994555;-0.10552159955362
-0.011360366968444335 2.4346750728699593;-0.0829787501935
-0.030643810204233794 3.2490289971799493;-0.17533520097413
0.004621213481396592 2.6057863304323097;-0.36872476438000
0.005235764638939694 2.6640706074564395;-0.3335877890490
-0.0010190318511582811 2.1626564742967425;-0.3878838114877
0.0014884979140996038 1.4229744149465189;-0.2650137871931
0.012213140348303017 2.356757276148849;-5.3254683399374034e
0.012467696383449621 2.3617471502483536;-0.00046887770312216
0.014987412574284417 2.406866730517683;-0.03667147083158
0.04045434641082104 2.7756840621844376;-0.11629347521049
-0.04863097057066152 2.265000431911479;-0.11733788718552
0.1126375684930701 1.6929630369588295;-0.3081477625937
-0.567149811949359 0.9451081422796397;-0.6864304648358
0.7129564732810041 0.4193642667809149;-0.052472287018058
1.7723926438697015 0.6683630115162427;-0.06885043387827
2.5848759885651136 0.8219103298881506;-0.25077585867329
1.8784750559125594 0.6897133409040226;-0.3588086895857
2.6212397048348253 0.8812162973973944;-0.1379204477331
2.040477928079557 0.7298481354105282;-0.37789818133140
1.4478101862376862 0.5480702698938792;-0.6137879599862
1.6348937570402757 0.6094694024414924;-0.143519587073
0.9305412235589864 0.34685504222994035;-0.7205736692105
1.5021232885533116 0.5792761119545699;-0.573927162356
1.0881593821525004 0.39794969024777593;-0.46096045685020
0.27596823461267384 -0.007877078709461416;-0.007187430968287
0.47164547564043335 -0.015515572746174253;-0.859006324709
1.0396053269838426 -0.04398072014109702;-0.785724336009
1.049578139482053 -0.04466047308159567;-0.783446229684
0.9486680243971874 -0.038129754085268676;-0.5660548355632
1.681201375589959 -0.09203977854334339;-0.3552515091981
1.1053726632231178 -0.028063607501749868;-0.675256531311
0.604073120426841 -0.00023666553060907106;-0.7188461284363
-0.05307443885782892 0.00027496007740832854;-0.9013363045311
0.4301423844301309 -0.007734642575284196;-0.6858188888329
1.0516098089758223 -0.04169938478008032;-0.7823698327774
0.971998140120476 -0.032085241244522;-0.6570034658358
1.4157391807528978 -0.07960615190457879;-0.24621940214767
1.8740664046011348 -0.16848582234929416;-0.044597169252280
2.092826295626198 -0.2371250994511107;-0.47176833598519
2.0099088478845406 -0.20434418162016868;-0.403340911429
2.287514807855372 -0.3051009791672466;-0.0351981365296
2.0943941456073922 -0.21234251477983762;-0.4724414206834
2.0095138228108325 -0.18142645184879821;-0.39782270804301
2.3179986973371056 -0.2843452364876357;-0.006568762472246
2.2254064910527385 -0.24220130392475428;-0.18679980531682
1.8276677900585783 -0.07563712780589454;-0.00022173177416719
1.8078356151863253 -0.07243097317051646;-0.010687059657545
1.6636986977244295 -0.05004441787579609;-0.4230788868574
1.1490578779889582 0.01477430348828123;-0.5038540729472
0.5290852228358918 -0.023099532724948586;-0.9332712485011
0.4373629741234956 -0.004236440089524018;-0.7209612967050
1.0668112028223868 -0.0367000801789296;-0.766868904439
0.8709856993893883 -0.00015093997719041463;-0.20285514082905
1.4165279467125933 -0.0005281152544417218;-0.24081630684305
1.882836541168765 -0.0015308337973201967;-0.04673348279999
2.1111067841281583 -0.0026910022002853504;-0.468252746157
2.0048365352008255 -0.001830185053979643;-0.368109194698
2.331931052330523 -0.00377507395831271;-0.008916863702651
2.2304302826497118 -0.0026843760697773476;-0.20911687160538
1.8481461931898808 0.00048039020996051016;-0.004682135488101
1.9339286647665452 0.0006527477306569175;-0.16862810223008
2.3340761789755713 0.0017233162314933604;-0.00741232653499
2.235906529229491 0.001171339075241574;-0.1940154072124
1.8368069393181357 -0.0005163045195900448;-0.00034626370917290
1.8619437916274204 -0.0005651305435506804;-0.016439717762365
2.0337612644470964 -0.0009356553351847521;-0.429383124872
2.3103714813988723 -0.0018978591132640592;-0.03157178838006
2.0899628525915217 -0.0004696887533697932;-0.47767664621470
2.0751385886255513 -0.0004460663773726279;-0.4751679655444
2.149127855488883 -0.0005610059758180806;-0.4158268181974
1.8130938718790903 0.00010794639056821063;-0.007481065789706
1.6738278347924824 5.483754042019662e-06;-0.39055523162013
1.077821018609 -0.0001806297336353389;-0.749069373761
0.7403814670782964 0.00021720666323685534;-0.06261609099348
0.2869107016617967 -0.0014800896174912684;-0.022081908039722
0.5805938122853855 -0.016998356587464958;-0.8176364376615
-0.00493406808519159 0.18274269723911585;-0.20657147481824
0.01621395729940844 -1.1344352001354867;-0.5670651180869
0.006062177401129205 -0.25198235890211895;-0.003360848871132
0.003116865373848842 -0.10080766966760629;-0.6746676672574
-0.029263956925378618 0.8204672564267141;-0.038435798664288
-0.04356744911686125 1.1676367290415708;-0.4158287246024
-0.009536145062150413 0.48936623271517266;-0.9044549098354
-0.017678443459925572 0.7926810978943244;-0.0017394990254320
-0.01988033716617463 0.8646715511075932;-0.1775860089543
-0.04051219230637795 1.448754686405148;-0.3648375825813
-0.06453724929636823 1.9635809571199816;-0.257957625194
-0.08751221116637947 2.3630359995331083;-0.001073949303061
-0.08984024744931002 2.3991579638053304;-0.02869897345961
-0.10183287536762228 2.5805558085181133;-0.3582079650853
-0.10981914842928427 2.6944456244709047;-0.28146277998484
-0.08869556830876904 2.408948345541299;-0.04189481898121
-0.10431855350073882 2.63929344062156;-0.35729434531673
-0.09507709430516785 2.5128384527574736;-0.2566061245490
-0.1196182517227469 2.851506516404193;-0.007816525766706
-0.11136671567853136 2.749286972774468;-0.16735460552583
-0.08192541152911728 2.3852004818026753;-0.01358483607498
-0.09249096233465558 2.5385489110854182;-0.3052438752654
-0.11502543880125177 2.8383334155860114;-0.01793513584854
-0.10108184879380648 2.672981828578802;-0.3183885820924
-0.07860285426135409 2.393111604840532;-0.02122206776880
-0.09312433351445917 2.5989244430416862;-0.3676041443153
-0.09745996507799964 2.6548574431830265;-0.34262780569514
-0.07904787995873999 2.425134218691223;-0.067676017736
-0.10565298626962177 2.784989450512587;-0.09493590970343
-0.07174226599170655 2.4073612542884595;-0.03879519360915
-0.09266562602494449 2.6972815675836754;-0.27735896823097
-0.059289854967050734 2.3133012800247954;-0.02674907036605
-0.04207881172845461 2.0532884867420633;-0.458329693866
-0.05506322469646526 2.2945733084848485;-0.05520978829946
-0.030719196147127047 1.9233585293564992;-0.14009289209150
-0.056537105279747424 2.4647391891030894;-0.14733991979550
-0.08839978563040306 2.9036500736944624;-0.0072969117934348
-0.09966265349486675 3.020275623252606;-0.17275534698023
-0.13810146553502356 3.3737048468337028;-0.006688390849645
-0.12389177174536939 3.2689058710289127;-0.13806784484204
-0.07728820253334417 2.9104913115199484;-0.01147574423229
-0.09149956447637872 3.0657011919236847;-0.24256958124189
-0.12156030814352047 3.3504888815647558;-0.02354606407919
-0.09466191713017975 3.1434672933291603;-0.28785690145708
-0.0895976287895327 3.096237349020183;-0.2741445424332
-0.10908005909333009 3.2822557513004873;-0.11654176503277
-0.05872170655928778 2.882240956444062;-0.0001085016850271
-0.06009748541177351 2.9003727599350855;-0.005185619451770
-0.06998809003981106 3.0261624557912565;-0.18143960431312
-0.11038479727463216 3.4603381095642898;-0.029781877040345
-0.14295217206479052 3.7098356889337767;-0.2072239409494
-0.1083086211495477 3.492976781581407;-0.06687357520616
-0.1541335484929715 3.837359328823093;-0.05252958687864
-0.10029878960669487 3.5332984951284545;-0.12188005992539
-0.14960021757501485 3.9115183641468625;-0.0011832826416419
-0.14036161850949763 3.859175974051985;-0.03080544855190
-0.0962427180503291 3.600306643667169;-0.20300409350040
-0.12932034595749295 3.859418599926601;-0.030935446358225
-0.08538126902379495 3.5903609235585967;-0.19323983741181
-0.12163273602972467 3.8950283865219486;-0.006710388328720
-0.10004028614046641 3.757727580927094;-0.15773432465947
-0.04580934644424494 3.3697170855910454;-0.010298887175406
-0.031806045721415946 3.1758093648772396;-0.2720447360920
-0.017736865765303724 2.915649769979878;-0.014625714487032
-0.026489804972148333 3.1772836881647257;-0.27087793785532
-0.013444764699034242 2.8993442320296303;-0.004430353814559
-0.017503796030396875 3.054275510799447;-0.22507393080815
-0.034449350555673004 3.539771800800217;-0.1291766255292
-0.06309109656052288 3.9936384926334485;-0.03081531816514
-0.09276394642954673 4.2767364592477914;-0.1329544035431
-0.043599158015594754 3.945781616107767;-0.0026534604949112
-0.05083890938582934 4.041479197717304;-0.07947418005483
-0.0857243665576502 4.428158456509029;-0.0028293709060602
-0.07276849984399496 4.335329266235577;-0.07072103500985
-0.02551332018527342 3.959616769453916;-0.00772830062041
-0.03374752842584373 4.129256247128912;-0.16687948009702
-0.04968242879445629 4.382669688022826;-0.02685920894207
-0.02399706393475898 4.095159214896233;-0.1380031550599
-0.04188924546497963 4.467646688747039;-0.0017825730088079
-0.048080572288888096 4.5482408893548065;-0.04976607137834
-0.07913078967431054 4.893584789810264;-0.03048817278685
-0.03903431431776038 4.608968857428258;-0.10502938665932
-0.06532415687175502 4.95348239951579;-0.0020638524748755
-0.05526952556594645 4.869262388586208;-0.04977900585004
-0.018094783792970186 4.519254552089303;-0.026286685706227
-0.029608105091176125 4.819433146837467;-0.09411886084876
-0.0069087396468798 4.449419922837706;-8.202769249382594e
-0.0068136917470218855 4.443521706076678;-0.0003023211270445
-0.006220818798141773 4.404880708758778;-0.012534144102023
-0.002650896256890012 4.1550430555834;-0.18050081755937
-0.003800654198174067 4.333375358099076;-0.07344685310820
0.0009128788936485829 3.8413358628638097;-0.05154080665062
-0.0005711946665726984 3.3451135540184613;-0.030906771699468
0.0003135956464937297 2.8971044212995585;-0.003469518188428
0.0005994293599556868 3.0757892394288913;-0.2532006036810
0.0020446504857232466 3.5722839988554167;-0.17185903548325
0.006440120538309951 4.0757835465735175;-0.11771074241674
0.017602982790972763 4.519761362049769;-0.026646936556250
0.03625858000042398 4.814963658589841;-0.09798335494404
-0.009100131026228711 4.456840121318025;-0.00023634563433900
-0.010203183680255455 4.489423636089711;-0.008834074194085
-0.017709868184994385 4.685034278960999;-0.15003821463622
-0.024856033246103405 4.795998066551062;-0.11383236188691
0.008186667313658937 4.435068367034175;-0.0014599585838425
0.005250273877746325 4.346254261641295;-0.05998813916627
-0.0055915311869553595 3.8774683375569445;-0.018010737959905
0.0036551378959697785 3.547200835197035;-0.13921935441481
0.017148020818905374 4.138436155974845;-0.1725920271803
0.04064825860625014 4.392324999580623;-0.020020119431097
-0.02235541914379828 4.094380960469276;-0.13722377559039
-0.07941452185748828 4.528753639303602;-0.033882499541438
-0.22870047167197927 4.872479645484901;-0.04296838809269
0.17843340421512782 4.51829393336544;-0.02810725635578
0.492314264804923 4.842302155542089;-0.05173249720306
-0.29272696145387544 4.46835822068374;-0.004437360150053
-0.4891117299057285 4.61458924598577;-0.12922919763305
-1.0992731788463472 4.9212833947723125;-0.021621503427632
-1.9726082409677155 5.19191483661009;-0.012579574100601
-2.80633789603853 5.384792838789265;-0.008816440387928
-3.54166216005935 5.53269395323914;-0.0017746373352551
-3.9138640754794394 5.596207425276578;-0.07759436008485
-3.5188992493651186 5.531694746668638;-0.0003773486530586
-3.6954287188394264 5.563782990525452;-0.04278469835382
-4.642147762853448 5.793362294228208;-0.04854939164460
-3.912704785686397 5.619481183590074;-0.07401264529780
-3.493281987699835 5.4986173614786225;-0.002862504503740
-3.18575294759465 5.3994246761971105;-0.09172342855239
-3.2930846312326874 5.436634756211845;-0.07387165428732
-2.6401156526739555 5.186230136642324;-0.0925377959595
-2.087600217246062 4.914867113317589;-0.0811214947902
-1.3984411780351669 4.468417187756508;-0.14927787344104
-1.6031699515663687 4.648441463675922;-0.015997899149271
-1.1686535877077082 4.294332439122096;-3.798919723190212e
-1.1679070244284453 4.294073407129958;-1.6685930986018018e
-1.163387588929811 4.289931574347868;-0.00019732280027238
-1.11354799947946 4.238784204145085;-0.0271183070996
-0.6025495825098737 3.6977158815410744;-0.17306448986389
-0.12088898691863226 2.961937850821902;-0.07392383318522
-0.28822764078655183 3.775987179198359;-0.12095370310684
-0.013285859924846266 3.1356156494693255;-0.288810764048
-0.013201589909559545 3.1315509722668855;-0.2886680146850
-0.014141043968306347 3.1707589236934357;-0.2759722005473
-0.004659938282138537 2.805754361988003;-0.06222247567097
0.00353188750097053 2.0885442790772295;-0.47776410476930
0.003323852046217487 2.0702855185936495;-0.4727073710038
0.006563114048444286 2.349183280575366;-0.0007412734917543
0.004474171249317001 2.245821946030838;-0.1672109397999
-0.014993729584821036 1.29615986819978;-0.004113310924599
0.013146092727973239 1.0609284930547969;-0.7750273347134
-0.04022075518805332 0.6634235375555531;-0.3956020344889
0.9078796819574023 -0.45468643622802274;-0.7664370276740
2.1672497251572844 -0.5936735439324784;-0.16385873143144
0.988003380155503 -0.4414035690913456;-0.7400747592672
0.20623641520340807 -0.24064103510777804;-0.10288362063955
0.9753365657246073 -0.8117375893117644;-0.04040545943891
0.4863953282060471 -0.5384393250981455;-0.10895345155943
-0.18776975685864578 -0.006022246624452832;-0.18259503398871
0.7681930953267049 0.02510757773101319;-0.008817826671488
0.546837731436669 0.01755584354671657;-0.9119687247475
0.16946223823836848 0.004418163456534289;-0.2745131909016
-0.7102120050548026 -0.029063029412310513;-0.16627728871484
-0.0775275188108735 0.013291660528385835;-0.7920902578592
0.5769402147795746 -0.1962245115105409;-0.6932322748569
-0.011412696839648295 0.19959092571135764;-0.1303376108445
0.018766698254381837 -0.624122202128108;-0.6165688096044
-0.0030564529744120175 0.23521503277824862;-0.02484609645095
0.0003211710813931772 -0.06965609501450976;-0.8342498290740
-0.0032039800731963014 0.5930692485607301;-0.7684758692556
0.0003034570336617323 0.0007961764886913469;-0.9999736833424
-0.0037875569744536515 -0.007994398125077856;-0.9971659204111
0.04105750001452638 0.07743447683353812;-0.7465916276309
-0.361907959694719 -0.5518580821830172;-0.42146650529627
0.12000361040522972 0.03456279462379275;-0.5339942738784
-0.6544002396437014 -0.1816518808839767;-0.3176436540801
-0.0308226864895218 0.006078813930315341;-0.9646491797074
0.242545293498257 -0.05421261519420622;-0.006229062931635
0.12409752918527985 -0.024676753287059434;-0.5241250740002
-0.5581539398977259 0.14912070589876492;-0.8289939695482
-0.16176486149840125 0.007356570433272369;-0.3160078731856
0.4337974389695353 -0.03338298414529975;-0.7098713107185
0.932177454150231 -0.09506290536872272;-0.5108740005259
1.389218507039018 -0.17479460360427002;-0.18158022086878
1.7384740655671709 -0.2525440175703022;-0.10912713453946
1.4619673791710972 -0.1799292932114481;-0.4495674003849
1.8060376443916772 -0.25901317140129515;-0.0012815739668850
1.7726570701549162 -0.25000920580339553;-0.035154966675129
1.5942133867892307 -0.2025493752321938;-0.5793983245270
1.3901908351153844 -0.15323790745487015;-0.17615212635826
1.7768665202238245 -0.23787020037197296;-0.03114289800737
1.5996333309662587 -0.19028127348896975;-0.5720545365453
1.3684740844065775 -0.13446338399373875;-0.10122629961915
1.7067447962247213 -0.20415344242856504;-0.22858976328378
1.298864995320439 -0.09693536480950286;-0.0010739974168707
1.2589649078358973 -0.09033724641266769;-0.05491164289049
0.9733636554454465 -0.04420843945763579;-0.6634312331434
1.3955154768174947 -0.08964348372934795;-0.17539378211160
1.8121477232900298 -0.15631461179492928;-0.0036998965847779
1.7449949960743523 -0.14180180170158965;-0.1259122868419
1.3844813225791843 -0.06594212062900533;-0.1343942108415
1.7788596837961803 -0.11676564144941265;-0.048492937528594
1.5369881525411835 -0.07302860231053099;-0.6051949408393
1.6839025240023682 -0.09238990604902525;-0.3454404624645
1.2217233124953715 -0.017649845153433333;-0.18159746505679
0.7430032621144933 0.004153294449533884;-0.055611022924165
0.42006810777861375 -0.0018046639412975614;-0.6333591741462
1.0326612198479426 -0.011196657395571928;-0.7835567077666
1.0921103314890288 -0.013567348602865908;-0.7154887606631
0.7687004136778252 0.001576599762603336;-0.008714508994899
0.6388320377608836 0.000527944458472647;-0.5385029278227
0.009507645326249703 -0.001930270367675673;-0.9965920096732
-0.07246325377608938 0.0677408728410812;-0.6839867028023
0.39806107260756135 -1.0457905904659628;-0.6288212188983
0.2399916328245584 -0.21812733192524913;-0.1307517957901
0.590025232338889 -0.8071882878216055;-0.7371791176748
0.7559612699178611 -1.211802385480365;-0.28506220211955
1.0082822403767837 -1.853892058595419;-0.46885468419019
0.9600501231412577 -1.7141878783122269;-0.25819657042747
1.1514639725534437 -2.219062130525713;-0.2252665177288
1.2919574812136503 -2.6041163641870413;-0.008477511356879
1.3312287791886444 -2.7160561265698107;-0.17764240116204
1.4437839425048091 -3.033375872193288;-0.017775110384698
1.3907843336960906 -2.8802251305234408;-0.24964979788172
1.3087888357486912 -2.650269799419571;-0.06093595059037
1.41634506937732 -2.939200562284298;-0.15264604902548
1.2898695278624945 -2.600754714229613;-0.006225580004418
1.331863012079405 -2.7093317328736934;-0.16767496494224
1.4737328129219665 -3.0687437568213594;-7.173601473390945e
1.4751164466626987 -3.072066378879143;-0.00018467842256279
1.4822568208466933 -3.0903079097395234;-0.005235504072535
1.5208334008031656 -3.189942830387223;-0.12077059294128
1.6500923117552115 -3.5178892148793492;-0.012618438923267
1.5932179871244032 -3.3717624488438265;-0.19199221565164
1.4937194138277343 -3.1223463971795518;-0.028971739111947
1.5913977462966404 -3.360867547595654;-0.20210530984496
1.4972553861135234 -3.1315082889427583;-0.03885659285180
1.615238186630391 -3.4109819020941035;-0.13822793822975
1.4650943054920265 -3.0620252863461697;-0.0007359687568503
1.4455412095550952 -3.016725932673915;-0.030839062166327
1.3191577843006563 -2.7317027123507986;-0.19250558317370
1.5297815460873776 -3.1807412047528665;-0.11453730314943
1.7127575957149535 -3.5596973855323606;-0.003969635184682
1.7582797421194285 -3.653499442361485;-0.09396119302206
1.9166964502162234 -3.973438275823667;-0.009175857459889
1.8492857643387983 -3.8379263490470565;-0.1493957127711
1.7179186074550614 -3.577953820982678;-0.012597815817854
1.8080842586372345 -3.7556828990623967;-0.18431291175135
1.8406210926746032 -3.819961219760873;-0.16515907127200
1.7242681372730888 -3.593974888526143;-0.024327807910410
1.858074238031058 -3.851380912372855;-0.13451649543865
1.6826304777550494 -3.5230924141348923;-0.0038348041135187
1.6208531361328056 -3.4062650949528126;-0.1406820400336
1.3741804594095475 -2.9589099534072325;-0.15301323279184
1.0608319400992114 -2.4125598491309557;-0.361424110286
0.9453445958959421 -2.20230743923017;-0.023692817614512
1.1545672321154596 -2.5814770420992157;-0.03128542295094
0.9244665802869837 -2.1919185640677923;-0.00763554375496
1.0520950895479018 -2.4178799192602263;-0.36053413445114
0.9164885994163159 -2.1874197256078456;-0.003566812166574
1.0102822990391325 -2.351830986803016;-0.3344871230722
1.2868018711735703 -2.808223792882425;-0.26693873595334
1.4989948228133059 -3.130934314973588;-0.03910575272823
1.7590285627408666 -3.5009172475594785;-0.0006030222335089
1.7239739361597484 -3.4530156933316984;-0.03289699274708
1.4753560319115229 -3.1184042510570102;-0.01900499100753
1.6821029485794243 -3.4079377653422855;-0.10275435857345
1.3187172612524476 -2.9335562825048034;-0.22643682454489
0.96461125961545 -2.444205069554667;-0.3655839877001
0.8640106858250629 -2.28704002929853;-0.10304062874020
1.3144294437533286 -2.96249702891499;-0.18876318006379
0.9098464169279037 -2.4602532526197;-0.36727925447785
0.8406416413723691 -2.357879744991493;-0.23235149315176
1.2967907431300258 -3.010770213698669;-0.12639174105719
0.887470498929771 -2.5348651903671464;-0.30097599000497
0.5405644646622894 -2.0557116164330647;-0.45331887190679
0.33765807250200525 -1.6927970322327432;-0.20368263840843
-0.07813095232303097 -0.8764077673984882;-0.24163323792716
-0.33140772495741494 -1.7394113972872025;-0.073822811275
-0.050549192376427465 -1.3061515618532835;-8.797936615486823e
-0.04808991394351653 -1.2869904553170848;-0.011278037171055
-0.020162614632673923 -1.0696782135259684;-0.7632141368902
0.001346506004325499 -0.7484525112000383;-0.04239879911320
-0.0018613165092894977 -0.293446207094134;-0.0348856190614
-0.012409055709199292 -0.720592435442384;-0.12680863073325
0.04027237167508124 -0.05410963467442398;-0.8439995614408
-1.100470043215284 0.5257189216312999;-0.19037833075117
-0.07479916947541265 0.24108177294823518;-0.0031147618576872
-0.01565337832298456 0.13123295556504483;-0.49027819364821
0.2026940460838079 -0.706971333579884;-0.07676143978846
-0.05732811440922972 -0.3042950284006819;-0.07830539729482
-0.24664661298370977 -0.7309298521656735;-0.006106350923656
-0.15305627962631124 -0.6130782988110474;-0.5764239822627
0.2787628813755029 0.056824061823778305;-0.0180643017046
0.7712649779137466 0.09861435975124236;-0.0019278202548859
0.6126362090355675 0.0900525546241503;-0.6437040407124
-0.44513544917865877 -0.017154362483630642;-0.758247659016
-1.220789475710537 -0.04242042590491145;-0.18285217753331
-0.600131475847042 -0.021776930699803222;-0.7353636976784
0.06270361173508476 0.004758826475095391;-0.8634167534520
-0.49875557799057 -0.0476631585433934;-0.9237968335013
-0.6796023701616359 -0.06884077473380394;-0.29718601894962
-0.028411203503359128 0.023842489290102215;-0.9509613177950
0.2290922737055524 -0.278929410188837;-0.3041732179629
0.660782249670938 -0.948780315998983;-0.47206381032082
0.32784436518608323 -0.3797790576586707;-0.9246646638421
0.43581184260153194 -0.5287701430514908;-0.286208245286
0.01217770972568677 0.05072436226432542;-0.9045769014716
-0.1000135999846105 -0.4391885154991949;-0.7797936909546
-0.231318693091643 -0.9936549774809633;-0.7729133522549
-0.2709324181700602 -1.1563036435427225;-0.3275034620159
-0.11519318444312732 -0.5805333716127352;-0.7737078425801
0.012829202157200403 -0.06331047776717547;-0.8562588252177
-0.12223130878191885 0.4328162997322388;-0.7768771674411
-0.3131469281562117 0.909544846877349;-0.6175227847001
-0.5289942780790535 1.3341191425864152;-0.3113330167675
-0.7715608749603836 1.7359854800931407;-0.08076771566966
-0.9333545973869791 1.9732147439913161;-0.3395098229942
-0.7328936476255756 1.699904915759246;-0.006657745345375
-0.7863683914457225 1.7800604325554772;-0.20336953845916
-1.015559964848202 2.1087840699518763;-0.003691535892600
-0.9739594061143878 2.0543103280081727;-0.0988777687003
-0.7744404804401086 1.7902557046605205;-0.21670555330432
-1.0212754239732125 2.141885675796807;-0.004161260653777
-1.0681029305147811 2.202611941398242;-0.10950401070049
-1.2741836311920216 2.4625520890322923;-0.12295346955786
-1.0578692310490496 2.208332685013618;-0.11098937894242
-1.2732198692730772 2.4797058879824116;-0.09402876081594
-1.0647409896556372 2.2359353774882416;-0.17236211492046
-1.307700113672722 2.5394308897039433;-0.006460966703881
-1.2423364767495453 2.4641750591166414;-0.15006028848026
-0.9901122977332547 2.1688256400017347;-0.011504686225118
-1.0821820602097751 2.287980643247204;-0.2888447857218
-1.3045791248503633 2.5628963560532143;-0.00018484806559495
-1.2921770831307557 2.5488838001187193;-0.005736097581938
-1.2210515104292203 2.467094315256338;-0.16479900042362
-0.928567841594504 2.12483312755973;-0.021039072493121
-0.7864745363525937 1.9376140405834703;-0.47755071225487
-0.7708465068076479 1.915014699353317;-0.4685959427748
-0.8717517278758348 2.0587609575621126;-0.1945254179181
-0.5069189953926562 1.5784048093613399;-0.44533741570696
-0.16219134393789264 1.0164677022941393;-0.7815347665839
-0.2009562354258473 1.142524848490306;-0.45446386267749
0.08545443605347788 0.4147502813700428;-0.6512207470592
0.46463549252741265 1.1353476123142143;-0.16306780264669
-0.023745904195378587 0.6652115172022013;-0.39016109828002
0.0464892403431998 -0.0064333873026610755;-0.9222710399249
-0.8437674516473834 0.04949387471507566;-0.1046874975656
-1.6202941293990367 0.07521902417682541;-0.547977742710
-1.0927982451974156 0.06016034273343959;-0.709327629002
-0.5114978185972388 0.03828065618924678;-0.9344446337009
-0.6192167721221584 0.043768215287278825;-0.6356959350164
0.260592015262179 -0.01302026145223733;-2.7555213918237968e
0.2502365324312771 -0.012520615005336093;-0.004478894998586
0.10643771170714594 -0.005916209052114677;-0.6419055768506
-0.7356010333287586 0.049004361146640835;-0.07150544003494
-0.31644345626473885 0.014192609406920215;-0.10229868973244
-0.8123360717061976 0.0441931117768839;-0.0242267775113
-1.0528846901301052 0.062114057614829105;-0.7808168724001
-0.9437573569823637 0.05325171928749942;-0.5478986347929
-1.5439032649188398 0.10522666000125586;-0.6133596446794
-1.6485964436892868 0.11617535557930125;-0.4619597700710
-1.2069042859976136 0.06540621792667771;-0.23484884017762
-0.6556982058236983 0.011933322727121748;-0.4443713320921
0.0018858347028311018 -0.012794714531261454;-0.9939491144686
-0.015330174922429093 0.21695612288640026;-0.06820193402097
0.011763774316352685 -0.455362386172354;-0.8006675583064
0.02550855382138731 -1.216316136798918;-0.20233566289065
0.013866138645093704 -0.5334502200843086;-0.9301629382087
0.010479314258555316 -0.37522866173091207;-0.3833000453688
0.03392234756478285 -1.1858005463696224;-0.33358662861367
0.013662281299516032 -0.575799696441428;-0.8352294672749
0.00031927216773784337 -0.12185881291760642;-0.5520868635065
-0.0027124737030453125 0.5707551544523095;-0.8526010388544
-0.00011555897335281716 0.20025325450286302;-0.12898520602221
0.00012189739683260263 -0.2529250487377239;-0.0027878575404146
4.170463686889866e-05 -0.1788541178059229;-0.22608445216843
-0.00046019573337359253 0.3766350392034973;-0.3903693480949
-0.00170117510118677 0.9580856395604748;-0.6021704636614
-0.0031708233305795053 1.371505459264613;-0.09128009245190
-0.004536644477093925 1.6560563993073913;-0.45105840366089
-0.002525354739471391 1.3159154576326242;-0.001202719494074
-0.002679709916877074 1.3537552593459803;-0.04828675968955
-0.0036746104656902815 1.5849131507691023;-0.6098551545555
-0.0031379465178212112 1.4791922027735975;-0.470037450831
-0.0049286122084870486 1.849374425353163;-0.005449222666525
-0.005397653819603562 1.9262319051157404;-0.14724880366222
-0.007573473896498971 2.253719117097433;-0.14656181250461
-0.00502323196866969 1.9434530404636163;-0.19593051188549
-0.007320690662509385 2.2952398814249824;-0.05517875634719
-0.00552994416074782 2.076913596150213;-0.47586975261227
-0.005850366441405888 2.123596789926444;-0.45576128005226
-0.004715214172848216 1.9640290626627996;-0.2561833626673
-0.0072254049276316125 2.351662674551223;-0.0003087170705150
-0.007068872111068719 2.33305475215016;-0.008105291801142
-0.00624714217328488 2.2333650888080743;-0.20098077370420
-0.0031461086419240455 1.8426564307135194;-0.001969532018888
-0.0034220636827338186 1.9003081087929004;-0.0820836073663
-0.005168278807977207 2.2332981846480777;-0.20117288413453
-0.0022935423065437296 1.8291517401085307;-0.00023228366733123
-0.0022152539869032726 1.808886520918749;-0.011054950800476
-0.0016674313944720289 1.6626326552278934;-0.42924205828601
8.996304126924863e-06 1.1527641713676755;-0.487659622896
-0.00011338074540399049 0.5281232032493752;-0.9341278749601
-7.799331675204516e-05 0.4507531004522938;-0.7811472245645
-0.00022782340838241856 1.019228445541343;-0.7716889126772
-0.0003583193091754031 1.1936602288338203;-0.30022251113351
0.0003573551970574351 0.6114334527810992;-0.6831884651026
-0.0017674915854382503 0.012646488058720706;-0.9941008762781
0.08092077425119856 -0.10187338677211091;-0.5026629873614
-1.1026830795636267 0.45297708519658975;-0.30723567611192
-0.1481541501479834 0.2458769988257293;-0.022341254925166
-0.3605773531682005 0.43317598650458783;-0.8740511170316
0.054510920556263165 0.16060452901749855;-0.27406692221946
-0.3418756752181273 -0.4356847327745189;-0.8986097947500
-0.025328112149315907 -0.22610710505242274;-0.041173661360859
0.038322827360318265 0.06332797753245192;-0.8142704824662
-0.5150394394535933 -0.41309704663482005;-0.4198344114815
0.2951624311924924 -0.006498236987093453;-0.03885959488933
0.7194101731602796 -0.012608079569276232;-0.13127510001683
0.07650126558844206 -0.0041410774533676125;-0.8019881057402
-0.6332013066695849 0.02966104023925844;-0.5655488031555
0.07590869934293665 -0.005366737438942941;-0.8044521258189
-0.5043817723801682 0.04212257052329997;-0.9295331274009
-0.6244098628112761 0.053856655427466274;-0.6042220458698
-0.0073659438948759925 -0.016624544335550037;-0.9880627052822
0.05604387067594983 0.17171532268572742;-0.21724552413639
-0.13415707334866445 -0.49548775259685285;-0.9346369694856
-0.14989917152630425 -0.5624044340275927;-0.8131436976094
-0.020039294181685235 -0.04599766152401119;-0.9115062162368
0.16665847022164276 0.38833717555283154;-0.646644865818
0.45447402891473787 1.0043205796567274;-0.685980800354
0.27038522428906386 0.6411437293136115;-0.2337789480133
-0.00010187304973618971 0.10601810185207006;-0.6452677791095
0.00032407072565725036 -0.5317727053225961;-0.9317275769068
0.0002377651353377425 -0.4424891678566138;-0.7448227022081
0.0007236731061780729 -0.9478723978747796;-0.5593169865952
0.0013246549563603023 -1.4142442946263722;-0.23233576212253
0.0019597799261059953 -1.8092875310935403;-0.010684691302850
0.0017731304249525754 -1.7077652969713906;-0.2681201966183
0.0010420520531824158 -1.313394946579158;-0.0004864959197730
0.0010784364130035863 -1.3383025206763906;-0.021136733851879
0.0013244890040525904 -1.5047206745941817;-0.5433369076447
0.0018067389750370934 -1.799024204106952;-0.02212439733245
0.001505952801148793 -1.637641501788462;-0.50739149200
0.0008847437633981031 -1.288913979647666;-0.010209058860315
0.0007078118007119884 -1.159025806011513;-0.4592116193871
-3.8105033745008824e-05 -0.6076585237463097;-0.701698079616
-6.267875811850637e-05 -0.05572338492074058;-0.8916278707998
0.0001666441788806666 0.36454854382566865;-0.3235417337544
0.0010685786967010258 0.9365117518323871;-0.5085864343201
0.0026604394299397467 1.4062638266617236;-0.20319308067998
0.004756114533867279 1.7746736217671888;-0.06488268409720
0.002899907207585292 1.5461098651806084;-0.612303299376
0.003398152937155098 1.6328341573363625;-0.5206684251600
0.0014677299252924692 1.3359294830122328;-0.01790102536537
0.0019921714086818996 1.4850972613098314;-0.4886661320638
0.003543034722343229 1.8358778459586236;-0.00021087633748509
0.00363859152286751 1.8512995218058772;-0.0067566529998507
0.0042029495263158235 1.9394647883874103;-0.18441309697444
0.006792539651623398 2.2929698067620863;-0.05923321297684
0.0044815222949490235 2.0647636104189484;-0.468934463976
0.005238262527479588 2.165924233962129;-0.38052727028
0.0026703659815973443 1.8645959264310843;-0.019483402061713
0.0035048352886029523 2.0274007259878672;-0.4177139464428
0.0051839338501524675 2.2938905568544077;-0.057582107128784
0.003068956263485659 2.040652492174682;-0.440742229130
0.004340958168086023 2.2647104914842586;-0.11927067922795
0.0017396105088629973 1.915909793062204;-0.11980926195892
0.003135905808489046 2.2891815166560288;-0.06628784523490
0.0015362524278863898 2.008875119166792;-0.37783073302179
0.0027084794328074463 2.3582702579963897;-6.498671001545935e
0.002756178018583084 2.368102074006993;-0.0021220633785349
0.0030410242375982217 2.424881948884524;-0.06496087910295
0.004613034263705525 2.708468044254008;-0.258695121787
0.002097526812565211 2.382784812744976;-0.01043232165033
0.002627228197749117 2.513357995586987;-0.2539484055625
0.004384875893324706 2.8661135725906197;-0.002200123335861
0.003975626478212755 2.8098138197318114;-0.05587666447111
0.00210676854740099 2.537194577100874;-0.3000078372547
0.0034263752716196224 2.852423077529739;-0.008807616080629
0.002705273474708539 2.7329165109972493;-0.20761237155207
0.0006261335260048231 2.3347242531653287;-0.006984803516789
0.00043863715636114015 2.210555935724007;-0.26465706419274
-0.00019928935935871212 1.6984841716482113;-0.30168637798969
0.0001438513469925925 1.084077461540422;-0.7356816709328
-0.00031437254106690725 0.6977358024199103;-0.22471035659540
0.0017592203000600434 -0.00277956145002789;-0.9996077969917
-0.15530870830054863 0.027770002911958133;-0.33943435123153
1.1517768797233336 -0.13183066454513503;-0.45797239937919
0.30215579656503766 -0.045898469504225714;-0.06601497073888
0.8212173410255034 -0.121311387422016;-0.05998401760957
1.27080210416743 -0.18876167493625157;-0.014883544214815
1.0538788080955555 -0.155485353865695;-0.7698520613413
0.812979819379372 -0.11835231229870977;-0.039628833588915
1.2000417986458989 -0.17986573435668435;-0.2150473557077
0.536116509533096 -0.05483069965953155;-0.924458704428
0.32543860135480207 -0.027522627618598063;-0.13997168672516
0.9528357776886195 -0.10375177600843594;-0.6037076036718
1.5315053760049557 -0.20423288185444877;-0.6114394608726
1.65648752757219 -0.23099683303659146;-0.39516982449618
1.156145520532729 -0.11094554144930432;-0.4480716924915
0.5481856829083213 0.0014825302612872099;-0.9100235994268
0.2960553779019948 0.00010076178610300213;-0.040760374569215
0.6167681436722287 0.0004307559574095369;-0.6563099143299
-0.021346535513717235 -0.0007157896924242021;-0.9835548045762
PointOptimal;ValeurOptimale
[-0.02134654 -0.00071579];-0.9835548045762792
Temps;Nb iteration
0.0872185230255127;1000