Point;Valeur
-13.88013904518505 -1.1345590851552247;174.99998806600
-13.594496087971818 -0.08686088020373228;139.13893267367
-12.882776476539634 2.5574384428468386;94.78003595769
-12.574506074975965 3.612965433030803;142.56638497564
-12.595845127944655 3.3704344283773713;133.58797713569
-12.98285620519955 1.7093751928159509;15.466680691636
-12.870538919863842 1.9677580437998694;55.81851834125
-13.424956106994205 -0.34617416799456;146.61080405536
-13.611616727766762 -1.2704335671762452;176.7617415477
-13.501577498997996 -1.0672200486693464;170.03930978793
-13.112077354248264 0.21891723270887686;122.5198342425
-12.052514818871817 4.1690260799123635;164.8354196608
-11.379518571986214 6.553190244103139;229.32266581224
-10.993611467965184 7.760093898285848;255.96889702834
-10.83049170076082 8.046259427818757;262.1774091801
-10.848900012042924 7.580567454830144;253.06147041146
-11.026823248058161 6.457473399244164;228.95491415819
-11.3665686061331 4.675502899388347;183.95697436047
-11.947764387821262 1.9208218999580913;70.25701470841
-12.067236027948919 1.11013151528314;58.84671576446
-11.714563626429241 2.3048314757969557;96.58429668776
-11.737458225858362 1.9272450115077864;74.15007691193
-12.633110728069363 -2.105999863277247;192.43097580053
-13.158450378679037 -4.613567105546;251.9247219495
-13.40238025661419 -5.968061474887001;278.67894911641
-13.42699162522647 -6.423130002231867;286.84380677426
-13.276436489018407 -6.153334278252175;281.38613535449
-12.980752861279253 -5.2711247845374505;263.7744611804
-12.556138398537755 -3.8273848272716533;232.4895573511
-11.997337993489475 -1.7755453251168714;179.3215772326
-11.202038732346594 1.3736881331261;34.483953248154
-10.80575696706112 2.759976325297119;126.19571500831
-10.724386852338043 2.7471412745059745;126.38036367332
-10.97115392838169 1.2747127107033833;26.665015983415
-10.779979364952647 1.8372374561264149;82.17579265208
-10.993830831966859 0.5620006645595663;80.42402283705
-10.846162848650605 0.9697046730739984;45.4713929374
-11.78074279276387 -3.6094887059589746;223.5652903806
-12.366357012309095 -6.622212005189546;285.53162953164
-12.685560040155966 -8.447711196393808;317.15373134129
-12.797899858231323 -9.353305338184407;331.55728005653
-12.747524658576818 -9.532257382424035;334.05219336837
-12.567220406133554 -9.123738061477038;327.18142026361
-12.28075283590324 -8.22413164134582;311.98916057803
-11.903961454748325 -6.891892655188068;288.2712839830
-11.444186507996788 -5.143717386567019;254.0500975291
-10.895120677529022 -2.9269181708312138;202.83781297477
-10.20141280025166 0.06363962716246174;98.84778308393
-9.941866194264835 0.9310611069462322;23.94759102620
-10.17559927263899 -0.636994578424275;129.32394217891
-10.137821494027497 -0.805925838873389;135.41482235255
-9.840439579801433 0.3808024162655521;76.65275965091
-10.16610613552704 -1.5995395287616754;162.26800594992
-10.2374081731668 -2.2754580666492483;182.30715535993
-10.100086259146504 -1.8719428494486379;170.0615863570
-9.75991693528358 -0.39297165065103545;115.99944546918
-8.473308473363367 6.140031289441471;232.868476568
-7.536117149361369 10.763567425259689;319.3307115607
-6.859584450581957 13.939751335021427;367.03565953511
-6.381156555490671 16.000034307292008;394.9139254295
-6.055077266230169 17.190803993031345;410.2121492700
-5.847370900381465 17.69778761779737;416.64529671717
-5.732687424855544 17.66156291584696;416.3709794506
-5.692163312542166 17.18820418244847;410.7034849156
-5.711924724658289 16.35680911123919;400.4245520445
-5.782042564087836 15.224777590720691;385.9237343109
-5.895843476095554 13.831249808339576;367.2418055267
-6.049554919157125 12.198712789498723;344.02702809519
-6.242368983467886 10.332143462064312;315.3544289648
-6.4772796734472955 8.213333323104091;279.2086823064
-6.764104478994524 5.781154662225077;230.76214828024
-7.133319596708157 2.840926649200264;152.74029584754
-6.133434094011996 9.218671316368855;297.4017632100
-5.392700003245987 13.7881239331216;367.4329508259
-4.847808666306935 16.970006317066918;409.13578986329
-4.452718279615989 19.075330070780854;434.5328953607
-4.173147636001129 20.339112736954604;449.11239805632
-3.983299442137029 20.940633752603482;455.9325944252
-3.8636758888020557 21.017122075881673;456.8746966952
-3.7995396580170744 20.673532906919338;453.15325248612
-3.779799265427781 19.989716022342083;445.5602064638
-3.7961928348033815 19.025713765350435;434.59170293885
-3.8426931507550433 17.825636029177048;420.51339102946
-3.9150868290821763 16.420373271077644;403.3857085476
-4.010703957869587 14.829247563682493;383.05323626165
-4.128301241085193 13.06049225185027;359.0860633064
-4.26814873496504 11.11004095251242;330.6306086659
-4.432491005664268 8.957002991882113;296.03765472264
-4.626981571959267 6.550212839353933;251.77030204003
-4.866014235931364 3.758334284637518;187.7093623132
-5.221133422567089 -0.08976938806289914;60.245108392267
-5.393814819267854 -2.148861801063777;156.24446722488
-5.430100853121513 -2.8689750535449092;177.9174226098
-5.354824038832052 -2.483965448656095;166.50085553207
-5.170478726225354 -0.9984136414152505;112.55394591521
-4.3283004871600586 7.111744216874063;263.19930886886
-3.696946617887708 13.0461545913925;359.360684971
-3.2241606495985486 17.317799921489545;414.9635019550
-2.872345600943447 20.302163109655698;449.73403258615
-2.6135534240074403 22.282636316333008;471.3946649969
-2.426706600109708 23.475896656807567;483.98696040839
-2.2957956693548676 24.04860479264467;489.9331231027
-2.2086213639318237 24.129237514352333;490.7963404941
-2.155883222925484 23.81678563643606;487.62646251261
-2.130505732115095 23.187268182184145;481.13874977407
-2.127134968301907 22.298650111162946;471.813856443
-2.1417616917889317 21.194550770077573;459.95551525353
-2.171441025769377 19.907003619280864;445.7222248281
-2.2140887256079353 18.45843477023149;429.1397763389
-2.2683420532934084 16.862943967542236;410.0954894795
-2.333481605921998 15.126870435866108;388.30880027600
-2.4094225946728325 13.248457014600643;363.2618614799
-2.4968088412060894 11.216053029045272;334.0467745059
-2.5973095311353998 9.003255399548818;299.0020321424
-2.714456462667996 6.555624053547191;254.66942482840
-2.8566274184576366 3.743328382708101;191.4277814289
-3.0620110940143603 -0.04089921383919437;36.76520161822
-3.1582185317145677 -2.003142514600473;145.08172608468
-3.1724696215377786 -2.5949106683912353;164.24976949198
-3.1179525717862515 -2.0250695692730423;145.74949358063
-2.9869300342029854 -0.1397987750915477;47.92577669715
-2.9777697257855937 -0.28189509952416314;60.944373214456
-2.812716122297406 2.2674731694440386;148.00291926236
-2.730334323664813 3.3910852185912357;182.18634148881
-2.7133353731617196 3.3818408021156205;181.95796536639
-2.755183605638169 2.356365215544726;151.08419765837
-2.874036651275586 0.01338698878678013;26.379790178155
-2.8898224106180117 -0.5170008960182568;77.56378734474
-2.79652191275983 0.8915683722142451;90.25867592737
-2.7952074724120144 0.680345904962987;77.67450000152
-2.9513600249016387 -2.293580086375554;154.36518320885
-3.023503577258279 -3.8059859213695564;197.4881445590
-3.0306898055559732 -4.187778767073262;206.94234895689
-2.98428824781673 -3.6267635647321796;192.8348667557
-2.8874919080957153 -2.157974360200049;149.78252930228
-2.7105082728829952 0.796119997525802;85.0818030711
-2.624572934590096 2.086794304419123;142.1269300017
-2.6109015777900177 2.051638095157851;140.90961176090
-2.6691987537731077 0.7010030650311729;79.4305285509
-2.565267275679 2.4015862350667403;152.9069444101
-2.5309345823862954 2.7888115388941404;165.14301712206
-2.557229853432772 2.034108054650874;140.38529005424
-2.6600212441813555 -0.14657896977689022;46.69271981390
-2.669425486333757 -0.5543041646592626;79.16581417230
-2.5756298730286313 1.0203762182571088;97.74908825342
-2.563802455265183 1.0257107029424197;98.05292456166
-2.651006557457819 -0.8535519269811624;96.18958040100
-2.655913833366662 -1.1563714432329053;110.83942057274
-2.5789444491233864 0.13034015224442963;25.338930527791
-2.6074873148990356 -0.62109234196735;83.08490289129
-2.544737402877307 0.4130925626227655;59.09452196912
-2.580552014230354 -0.4746015456128;73.64008552960
-2.522932502308729 0.4769507412655568;64.36309443236
-2.56224609854168 -0.4769886144573481;73.73845733047
-2.50972607217502 0.3871265613437791;57.00813659879
-2.5591526724141334 -0.7654265164272183;91.2291746917
-2.526053096246227 -0.2812934445057583;58.8201977578
-2.95903583470092 -9.070428290607394;302.6920747834
-3.2727932836821436 -15.58876871606575;396.24754006195
-3.4937750450182454 -20.35955015042069;452.63124294661
-3.642054192819144 -23.772121184740648;488.9885918288
-3.7331971891165208 -26.123158032833125;512.5324295298
-3.7793890404390607 -27.641101802760392;527.1669359114
-3.7902129374139863 -28.50276492834202;535.2856219187
-3.773224677055978 -28.8453340523658;538.4645922003
-3.7343886677274285 -28.775319325505336;537.7872688355
-3.678414097317005 -28.375340165804975;534.0168418277
-3.6090163620354274 -27.709318315666494;527.6960573281
-3.5291212820164755 -26.82646969286603;519.2083947075
-3.4410248513114867 -25.7643742327744;508.8168133671
-3.346517989365595 -24.551326669771978;496.6883073623
-3.2469833535646226 -23.20811574315849;482.9085469840
-3.1434693830127993 -21.74933578012484;467.4886095676
-3.036745114463344 -20.18429645884804;450.3641435941
-2.927337680627953 -18.517556857471483;431.3855758509
-2.815552365085566 -16.749057781110537;410.295333958
-2.701471813338387 -14.873739059270214;386.6828475313
-2.584924369224852 -12.880348254938024;359.8958648715
-2.4653951641585174 -10.748701365853377;328.85312965010
-2.3418043697276563 -8.443319285154384;291.59261517257
-2.211883670952682 -5.89615422178659;243.90319805070
-2.0696808625696534 -2.9390902051656456;172.76184411240
-1.865889568650616 1.7406714494206472;130.68976390302
-1.7315127999491504 4.66230205055809;215.31095171430
-1.6479817876449072 6.280620670599751;250.15275521265
-1.6033389311607127 6.8918621624431164;262.1174607514
-1.5896560844689709 6.694928341992461;258.3409189798
-1.6020495450529806 5.813695963336574;240.66723611000
-1.6386992164348446 4.293843508209095;206.65055511110
-1.703448663545781 2.029387679302161;141.5174134321
-1.9001899243264273 -3.898461756518116;198.43847776823
-2.030898996074174 -7.976061222655486;283.22818085199
-2.1115139660230793 -10.662337004184794;327.29321701087
-2.1534312382971037 -12.279005955257189;351.153651598
-2.1651531122069585 -13.061181269015187;362.1288994836
-2.153117486059872 -13.182947535645262;363.7996076764
-2.1222049635482625 -12.77283823547976;358.09938873349
-2.0760708279371856 -11.923767378446374;346.0108521760
-2.0173543397311864 -10.699047631043161;327.7953252717
-1.9477703542731684 -9.13461357580508;302.94272973302
-1.8680226195094443 -7.235424900014783;269.7166287577
-1.7772512745290003 -4.956634996470485;223.42548835264
-1.670149523372501 -2.1092436185047223;146.27281977113
-1.7503992396229 -5.049696632613001;225.47849436590
-1.7898423610410827 -6.705135286254623;259.6427041922
-1.7977854984382862 -7.367622352775512;272.11037875070
-1.7807531762445388 -7.2365226486960585;269.67880719926
-1.743169991604121 -6.4412262731526315;254.47621384471
-1.687465438167072 -5.0441642742542685;225.30833863898
-1.613061254786832 -3.005454064468208;174.19514790165
-1.5059491783417907 0.1708118131523242;38.57298850689
-1.4534299187609372 1.561141931064211;124.18290104001
-1.4442150681430534 1.5275840554002278;122.8343453695
-1.4809641807431504 -0.01957569031620432;20.4587613173
-1.4609493982028503 0.39308781205432153;61.05620980617
-1.5093371898453636 -1.4905713244158978;123.10329191836
-1.5151208314163327 -1.9198925080318194;139.47094635416
-1.4828769903664212 -1.0366058566544019;102.97322196194
-1.367344540074025 2.7633174919236385;165.75530919
-1.2956395434428079 5.009906501204712;223.53993982520
-1.2566789178165385 6.083126329632089;246.40702054823
-1.2433536261631342 6.2320130497695425;249.4177444882
-1.2512647928113585 5.615215099633344;236.72134933754
-1.2784994277009893 4.3070627510175;207.22767805317
-1.3271702147924493 2.2424369248932434;149.24513795359
-1.432284020058635 -1.8166355733895303;135.62718181909
-1.4911896599889753 -4.217313987032467;205.98677466893
-1.5153799522347022 -5.377282022491571;232.46913539593
-1.5123753153296022 -5.562510706756477;236.4190358112
-1.4870253878677835 -4.936890979327885;222.77332935197
-1.441573161661951 -3.564307263493085;189.42888611181
-1.3729277044484198 -1.3030686639578644;115.06096223262
-1.3895723561226683 -2.191844093557634;148.7855732360
-1.3727707345994065 -1.8143742913727476;135.482700837
-1.3191791704930393 -0.020536768725980092;19.564771542434
-1.3170967431194969 -0.16677960359869748;42.996856054939
-1.2269847156086815 3.093880117171981;175.55354455122
-1.173759572980191 4.905885693551518;221.2693777419
-1.1485057124975346 5.609417445946487;236.65196926813
-1.1456525223827836 5.422353168425205;232.66601382400
-1.1622009616169904 4.467247194727937;211.12723896096
-1.1983326308263746 2.7464901186800996;165.37958051586
-1.2662460224667897 -0.20312698084399683;46.90194751765
-1.2900266911870535 -1.3894374415130695;118.66530726519
-1.2776776574801663 -1.1241629188554536;106.88083355755
-1.2195894713879676 1.0052797010969616;99.60693373922
-1.2003469530046174 1.566482152094875;124.6702514474
-1.2164572193068968 0.7033019810481853;83.06399461730
-2.0849072765351426 -34.47764742953541;587.6258793927
-2.7618407086194487 -62.177290709811714;789.0816866762
-3.286398691478969 -83.96929104365799;917.0038579696
-3.689662722202265 -101.0884292051973;1006.167299344
-3.9963799384788588 -114.50839270733404;1070.8919708825
-4.226271331942362 -124.9986016258029;1118.883976340
-4.395058145616129 -133.16772613089432;1154.8759119595
-4.515275163833588 -139.49757870429394;1182.0085510893
-4.596917415673232 -144.3697074690732;1202.4725268842
-4.647955150089574 -148.08634209031845;1217.8481540427
-4.674744175781181 -150.8869271280553;1229.3028588593
-4.682352926323659 -152.9611895661393;1237.7140098794
-4.674823190888327 -154.45947580977108;1243.7494185565
-4.6553779843806575 -155.50093338619482;1247.9222647582
-4.626587285424773 -156.1799893147462;1250.6297710550
-4.590500188410939 -156.57148121794603;1252.1811178585
-4.548750282475711 -156.7347221948384;1252.817991714
-4.502639686939934 -156.71672151106873;1252.7299480181
-4.453206069306512 -156.5547367137422;1252.0660396067
-4.401276096895552 -156.27829613113101;1250.943705797
-4.347508071863062 -155.91080176485394;1249.4556206016
-4.292425940389139 -155.47079969023838;1247.6750016088
-4.236446424353114 -154.97298696984748;1245.6597459743
-4.1799006678661454 -154.42900974839478;1243.4556653800
-4.123051509840023 -153.84809584635485;1241.0990242062
-4.0661072673078476 -153.23755617773273;1238.6185359818
-4.009232735578325 -152.60318219576408;1236.036936856
-3.9525579682923087 -151.9495609267167;1233.3722276751
-3.896185286393021 -151.28032468019885;1230.6386556831
-3.8401948727774347 -150.59834898019102;1227.847491221
-3.7846492402768424 -149.90590945307497;1225.0076427102
-3.729596798667056 -149.20480618211747;1222.126143894
-3.6750747033636455 -148.49646227423412;1219.2085400816
-3.6211111309988646 -147.7820019853757;1216.259194420
-3.5677270963251213 -147.06231264322275;1213.2815308560
-3.51493790459521 -146.33809372673247;1210.2782268958
-3.4627543107253245 -145.60989576530417;1207.251366574
-3.411183446400749 -144.87815116868725;1204.202561860
-3.3602295606565766 -144.1431986610036;1201.1330490106
-3.3098946111798 -143.40530264510218;1198.0437650561
-3.2601787375889444 -142.66466854815928;1194.9354085056
-3.211080639153046 -141.9214549826132;1191.808487525
-3.1625978769719834 -141.17578338200815;1188.6633581740
-3.114727115001328 -140.42774563629052;1185.5002547353
-3.0674643132768975 -139.67741014052123;1182.319313784
-3.0208048821763342 -138.92482658712137;1179.1205932675
-2.974743805491695 -138.17002976098814;1175.9040876256
-2.929275738906242 -137.41304254516132;1172.669739771
-2.884395088605659 -136.6538783002555;1169.4174505680
-2.8400960741159924 -135.89254274792464;1166.1470863256
-2.796372778365239 -135.12903546044362;1162.858484712
-2.7532191879370123 -134.3633510389776;1159.551459415
-2.710629224695443 -133.59548004416408;1156.2258038027
-2.6685967713159893 -132.82540973087274;1152.8812937849
-2.6271156914727722 -132.0531246274826;1149.5176900523
-2.5861798460355785 -131.27860699170577;1146.1347398001
-2.5457831060985354 -130.50183716889393;1142.7321780561
-2.505919362315339 -129.72279387199075;1139.309728681
-2.4665825334892233 -128.94145440061737;1135.867105119
-2.427766572467983 -128.15779481065144;1132.404010932
-2.389465471497648 -127.37179004508718;1128.9201401768
-2.3516732656320185 -126.5834140335636;1125.4151776391
-2.314384036112863 -125.79263976768823;1121.88879896
-2.2775919119601253 -124.99943935579653;1118.3406707023
-2.241291072244092 -124.203784062645;1114.7704502554
-2.2054757471323354 -123.40564433596404;1111.1777857999
-2.1701402186368597 -122.60498982257728;1107.5623161270
-2.135278821375592 -121.80178937674154;1103.9236704518
-2.1008859426722353 -120.99601106113221;1100.2614681805
-2.066956023224451 -120.18762214257788;1096.5753186430
-2.0334835565407268 -119.37658908270062;1092.8648207940
-2.0004630892504056 -118.56287752510003;1089.1295628857
-1.9678892210974634 -117.74645227886789;1085.369122113
-1.935756603926029 -116.92727729876842;1081.583064229
-1.9040599421368112 -116.10531566361249;1077.770943144
-1.8727939918717063 -115.28052955151519;1073.9323004847
-1.841953560871146 -114.45288021343595;1070.0666651391
-1.8115335079401902 -113.62232794417719;1066.173552771
-1.7815287422722204 -112.78883205161746;1062.2524653089
-1.7519342232484643 -111.95235082412216;1058.3028903992
-1.7227449599423064 -111.1128414955817;1054.3243008424
-1.6939560106415816 -110.27026020881843;1050.3161539885
-1.665562481964507 -109.42456197668865;1046.2778911039
-1.6375595287466294 -108.5757006413547;1042.208936703
-1.6099423532780361 -107.72362883134674;1038.1086978484
-1.5827062046135718 -106.86829791611254;1033.9765633994
-1.5558463786140475 -106.00965795848856;1029.8119032367
-1.5293582166329103 -105.14765766459514;1025.6140674316
-1.5032371053988682 -104.28224433118166;1021.3823853733
-1.4774784764179258 -103.41336379006357;1017.1161648456
-1.452077805246215 -102.54096034974576;1012.8146910514
-1.4270306110808804 -101.66497673392833;1008.4772255801
-1.4023324560566628 -100.78535401661172;1004.1030053148
-1.3779789446873898 -99.90203155374454;999.6912412736
-1.353965723380452 -99.01494691128497;995.2411173840
-1.33028847954653 -98.12403578881616;990.7517891781
-1.3069429412292282 -97.22923193937915;986.2223824122
-1.2839248763483013 -96.33046708432535;981.6519915963
-1.261230092182903 -95.42767082366787;977.0396784334
-1.2388544347509638 -94.52077054100802;972.3844701573
-1.216793788064035 -93.60969130255612;967.6853577606
-1.1950440734515035 -92.6943557505377;962.9412941085
-1.1736012489398926 -91.77468398995445;958.1511919252
-1.1524613085076398 -90.85059346826007;953.313921642
-1.1316202813672 -89.92199884768583;948.428309101
-1.111074231226778 -88.98881186937453;943.4931330940
-1.090819255788272 -88.05094120882293;938.5071227260
-1.0708514855914872 -87.1082923217731;933.4689545955
-1.0511670834329538 -86.1607672799963;928.3772497607
-1.031762243525892 -85.20826459585473;923.2305704825
-1.0126331906229022 -84.25067903513452;918.0274167227
-0.9937761791511268 -83.28790141673848;912.7662223721
-0.9751874923152456 -82.31981839803308;907.4453511827
-0.9568634410908067 -81.3463122450197;902.0630923784
-0.938800363172546 -80.36726058574465;896.617655910
-0.9209946220552249 -79.38253614510101;891.1071673221
-0.9034426059673015 -78.39200645997605;885.529662183
-0.8861407265194976 -77.39553357206265;879.8830800535
-0.8690854176738233 -76.39297369721554;874.1652579158
-0.8522731342940217 -75.38417686751849;868.3739230342
-0.8357003508263652 -74.3689865452906;862.5066851661
-0.8193635599577583 -73.34723920438013;856.5610280578
-0.8032592708351822 -72.31876387644098;850.534300143
-0.7873840076098685 -71.28338165809;844.4237043556
-0.7717343076083476 -70.24090517484726;838.2262869382
-0.756306719165171 -69.19113799654431;831.9389251448
-0.7410977998600282 -68.13387399985407;825.5583136850
-0.726104114066415 -67.06889667070573;819.0809497564
-0.7113222307108262 -65.99597834024976;812.5031164856
-0.6967487204840169 -64.9148793456837;805.8208645595
-0.6823801529116523 -63.82534710744064;799.0299918113
-0.6682130930609295 -62.727115111786986;792.126020471
-0.654244098294673 -61.61990178643034;785.1041717523
-0.6404697142218424 -60.503409255296845;777.9593373807
-0.6268864705147597 -59.37732195576765;770.6860476181
-0.6134908760736797 -58.2413050993857;763.2784352309
-0.6002794138414067 -57.09500295355262;755.7301947725
-0.5872485347511501 -55.93803691749073;748.0345364103
-0.5743946511123641 -54.770003361870245;740.1841333928
-0.5617141290455772 -53.59047119463945;732.1710620547
-0.5492032800779916 -52.398979109431345;723.9867330384
-0.536858351483836 -51.19503246348359;715.621812118
-0.5246755151653467 -49.97809972178104;707.0661286607
-0.5126508549964309 -48.747608390583714;698.3085692864
-0.5007803522306098 -47.5029403464372;689.3369537458
-0.48905986874103635 -46.24342644639815;680.1378892464
-0.47748512706693813 -44.968340276628936;670.6965985226
-0.46605168750371817 -43.676890864149726;660.9967156800
-0.45475492082664337 -42.36821412938493;651.0200421673
-0.44358997603329225 -41.04136280026918;640.7462530168
-0.43255174173324235 -39.695294430080814;630.1525404889
-0.4216347996753691 -38.32885705829921;619.213178152
-0.4108333682887008 -36.94077191287543;607.8989827528
-0.4001412335828543 -35.529612360420295;596.1766432196
-0.389551663492038 -34.09377804265378;584.0078747675
-0.3790573009548699 -32.63146275809326;571.3483394227
-0.3686500282483483 -31.140614101590966;558.1462497063
-0.35832079293389174 -29.61888207043577;544.3405348892
-0.3480593811976291 -28.063552635915755;529.8583912811
-0.33785411711647306 -26.471460413843015;514.6119455055
-0.3276914561867284 -24.838871603026636;498.49360730454
-0.31755542273613774 -23.161323491377665;481.3694281314
-0.30742681073163713 -21.433398517913826;463.06931832515
-0.29728201128358767 -19.648396022752152;443.37210868903
-0.28709122506916124 -17.7978367785387;421.98172222020
-0.2768156032254684 -15.870678819030175;398.48705460318
-0.26640238772982977 -13.851998967091067;372.28960711313
-0.25577595637172607 -11.720591065135256;342.4604846170
-0.24481935474582847 -9.444072874885011;307.4194065459
-0.2333291466342146 -6.967080568710709;264.0602586343
-0.2208671507364557 -4.1730698181427766;204.39066054143
-0.20576092658491293 -0.6315148781941353;79.59248646661
-0.19899092105079907 0.9275459776452013;96.38663889910
-0.19885290515528228 0.9081626305083879;95.37482951865
-0.20689566940125628 -1.0655552074450276;103.344396630
-0.20878961014986824 -1.4925982991124245;122.28769195988
-0.2049163088142265 -0.4648812571707839;68.31093817121
-0.21481825569915347 -2.7725164561903415;166.62046064339
-0.21921192902635053 -3.742701290517724;193.57085068554
-0.21919286515513267 -3.6422323893457067;190.95673095595
-0.21525241569283624 -2.5823598484158836;160.80948938272
-0.20654728162424538 -0.33883149510889243;58.343802441084
-0.20615473865772063 -0.09797022928569121;31.465951945405
-0.23120162020585536 -5.976382914361119;244.57503777827
-0.24861188934457018 -10.076806543321553;317.5471102273
-0.26014691395960843 -12.825896656745202;358.2394572298
-0.2671042324628571 -14.53115505582652;381.30420851963
-0.2704679530064693 -15.420971132493088;392.8020528881
-0.2709927383068739 -15.666826657835895;395.9199906404
-0.26925850935225015 -15.397538997826619;392.5035255011
-0.2657084282143789 -14.708965797307982;383.62924259286
-0.2606755235611698 -13.670656708035711;369.8450940533
-0.25440023236974496 -12.330092260438596;351.2489824819
-0.24703880098820746 -10.71451872612971;327.4372462340
-0.23865867643978275 -8.829383430469285;297.24998190636
-0.22920557702482913 -6.64941616348289;257.97251313946
-0.2183721295197507 -4.084389886868555;202.20834917439
-0.20471841250192874 -0.7550792652698366;87.01736155489
-0.19946667944344737 0.5420278761704453;73.69352194993
-0.20142944474996544 0.09622175528199062;31.052148118686
-0.18857972436349177 3.383657032044978;184.03564188323
-0.1814421558805819 5.238218962269771;228.96255042606
-0.17865484630034267 5.996582214626058;244.97089545353
-0.17935246248755482 5.878527157990999;242.54831443437
-0.18304328485925872 5.0155934396782484;224.0458954148
-0.18964969108100835 3.4413839658333476;185.59808452141
-0.20013554890962826 0.9416704007657923;97.11706163660
-0.20128267154413843 0.7679387494283991;87.70698227594
-0.2119896192467877 -1.7014568846900027;130.5550102530
-0.21659910027983378 -2.695488918074406;164.29156317600
-0.21626466592975857 -2.493784294417773;158.02984799320
-0.211139221172669 -1.1227068015246768;106.07678269674
-0.16620094663348092 9.933214537452296;315.26398189712
-0.1320059422030653 18.28393752366034;427.6938537670
-0.10600199919790194 24.54377614358131;495.5145612450
-0.08630584870734076 29.17355656960919;540.2239566139
-0.07149298145080123 32.52682218832575;570.4217471551
-0.06047381658218124 34.87745038002371;590.670422397
-0.05241001780643014 36.43865286280895;603.7436210276
-0.046654381845962864 37.37685945535733;611.4655260419
-0.04270630221394349 37.82216578190384;615.0967074312
-0.04017819622739883 37.87632107310323;615.5368812146
-0.03876993221651609 37.618891788797164;613.4419046442
-0.03824922278306187 37.11204433005579;609.2960529867
-0.03843652875472019 36.404268892024625;603.4589954271
-0.039193405988617855 35.53328442899751;596.1974948913
-0.04041349737830348 34.52830637456325;587.707373571
-0.04201556790298772 33.411815931631644;578.1289759700
-0.043938124709712305 32.20093755716717;567.5580899544
-0.04613527404863744 30.908506611616566;556.0535414836
-0.04857354844968484 29.543889910525724;543.6422109924
-0.05122950347159855 28.113606549800178;530.3218967483
-0.054087934661485856 26.62178364482955;516.0621941101
-0.057140608077672655 25.070470394760967;500.8033105867
-0.060385437280830026 23.459822915269758;484.4524332090
-0.06382607884251391 21.788159869352235;466.8768154756
-0.06747196693632482 20.051872195747496;447.89198568338
-0.07133887813048459 18.24514359155681;427.24203440405
-0.07545024124342775 16.359389562574588;404.56596397001
-0.07983965531337914 14.382221801931834;379.33735973401
-0.08455565027116987 12.29550877590437;350.74765763899
-0.08967124536914574 10.071468245178337;317.45360279646
-0.09530579059500807 7.663649973366836;276.9303880404
-0.10168822101612916 4.980459173102901;223.2660901958
-0.1094645779575817 1.754149047065031;132.5386736312
-0.11125017763528945 1.2510346587578378;111.94301531625
-0.11755373199840283 -1.1532944896705124;107.49680761271
-0.12033856143047635 -2.0051772466042928;141.7081910872
-0.12015194654562149 -1.5518572155557844;124.67815393152
-0.11630872637289363 0.5025370366429742;70.97914161331
-0.11649481581208213 0.8672110015223609;93.21571274333
-0.12102378721928612 -0.5633860185907158;75.167590615
-0.12145419845036731 -0.2801382496729894;53.040806660100
-0.10302561594644546 7.809069640776709;279.54419689938
-0.08962977479126229 13.741511722456003;370.793470903
-0.08004346060984019 18.02119374185778;424.6122108183
-0.07338059608654876 21.01952871967434;458.5692747284
-0.06898070695697354 23.017767979183073;479.8671748504
-0.06634530826587712 24.23140712996597;492.35296134785
-0.06509606037195156 24.826471560172045;498.36061770475
-0.06494534976853142 24.931145387536816;499.4099073000
-0.06567488941312451 24.644361917739122;496.52978939465
-0.06711987275325403 24.042262098728475;490.42796398338
-0.06915714924041262 23.183089186107242;481.5870170877
-0.07169640944287449 22.110899499081814;470.3210189789
-0.07467369689412653 20.858349940077787;456.8080683571
-0.07804679731904159 19.448737393715465;441.1057555458
-0.0817922533976435 17.897392820727905;423.15149469377
-0.08590396309825725 16.212455171590744;402.7451564216
-0.09039362626061614 14.394937234084203;379.504624805
-0.09529389640542696 12.437776248535885;352.77007563113
-0.10066654333636342 10.323023219531862;321.392035307
-0.10662235865557972 8.01466668469978;283.19879250873
-0.11337760894179068 5.437758258829001;233.28612389479
-0.12149590921128772 2.3871482175672964;154.59799555694
-0.10309010431747687 9.832531729904261;313.66595483259
-0.08967045557164549 15.277923281042852;390.967915982
-0.0800451771907744 19.183708308107917;438.0905720180
-0.07333979574252211 21.89300962552568;467.99835655915
-0.06889856884927167 23.666912446399543;486.5853331801
-0.06622489244545027 24.705947976548835;497.1496784529
-0.06494102409779084 25.16480972923188;501.7443202233
-0.06475935908527854 25.163000623958247;501.7262923350
-0.06546136293736973 24.79275406604134;498.02214275701
-0.06688189162371914 24.125012587436032;491.2710715689
-0.06889745281584374 23.21396765759694;481.9075736051
-0.07141743683169183 22.100502228514845;470.210455912
-0.07437765618824636 20.81477173827;456.3307371397
-0.07773575777125377 19.37808101400946;440.3039543926
-0.08146826607982 17.804145980216173;422.0479927505
-0.0855692296011068 16.09975225732964;401.34319767671
-0.09005075980115436 14.26470644385526;377.7844891020
-0.09494637873382271 12.290743647645348;350.67933377383
-0.10031964745664079 10.158472286970598;318.82100179618
-0.10628539169431316 7.829608223649397;279.9112895861
-0.11307119755047534 5.223995267975189;228.65668291551
-0.12129566269349504 2.11361591580925;145.47652913037
-0.12027432921143637 2.7439779980991954;165.744000596
-0.12228635557919978 2.217403734057963;149.00324968614
-0.12766982342527258 0.4200887693769386;64.90040333699
-0.127451569125012 0.8364848374118947;91.54938969114
-0.13200601035847204 -0.5454256113157889;73.96341219985
-0.13207865848404549 -0.1992852712137445;44.75959265391
-0.15030732393067495 -6.660611240209404;258.1844741344
-0.16337588491616556 -11.252145608238015;335.54452473809
-0.17245721768635933 -14.418524768648977;379.81951770389
-0.1784227504706812 -16.48305081587349;406.0953729380
-0.18193790110886673 -17.6877124023113;420.66973715221
-0.18351643307395438 -18.215767497135843;426.9014483275
-0.18355655032519766 -18.20649163296507;426.79276907623
-0.18236656354811034 -17.765472922544177;421.5932000081
-0.18018365632619157 -16.971998977218423;412.07299883355
-0.17718759773746995 -15.884349264988261;398.65391080131
-0.17351036518261154 -14.543421638680993;381.4605951958
-0.16924194075588403 -12.974826171686137;360.30814364883
-0.16443158181119288 -11.189191473305428;334.60488552711
-0.15908168755463215 -9.179578710498927;303.08078128308
-0.15312430436311655 -6.9121791627180045;263.01316277849
-0.14633656443430537 -4.293634944043612;207.31458543233
-0.1378140564353803 -0.97137596885453;98.66666414475
-0.1351719581551753 0.23336881213489602;48.38799467816
-0.13795648046660847 -0.5060921092088861;71.25214663832
-0.1355794636047665 0.676021186698105;82.30797267778
-0.13795376448487534 0.15864388893935244;39.90484818214
-0.12991283642713894 3.430948462474398;185.3223410751
-0.12575901082436816 5.275721057165038;229.78467806719
-0.12457541534051919 6.027896709308493;245.61334686647
-0.1257821917545224 5.90637379543094;243.12581029670
-0.1290551392676865 5.042360344332186;224.6470069714
-0.1343568793523059 3.469959053123615;186.37207201736
-0.14237521731545047 0.9802056086592099;99.0936721684
-0.14360157847761398 0.8562807374617367;92.62285935188
-0.1510886415084995 -1.36739394275492;117.04387040463
-0.15412197333964106 -2.0878419756249538;144.60034497735
-0.15335058103416682 -1.5255854428147173;123.6225777770
-0.1476703568745935 0.7015562005236227;83.84445664131
-0.14689964070913272 1.292720687170203;113.78691616785
-0.15073404216876557 0.36838374978700195;60.77439745483
-0.14474377759351356 2.6935601144635104;164.2128604958
-0.14278763609919196 3.6714642759457163;191.70390589218
-0.1440814246997259 3.5707163218701554;189.0564573350
-0.14835146322347478 2.5005198571241456;158.2218789451
-0.15648054342462034 0.21082417844981682;45.987357261346
-0.15855153983832518 -0.14801562892250653;38.60387056946
-0.15156310451672422 2.378040996646638;154.3000175293
-0.14896379553357084 3.500125463217234;187.17880224479
-0.14986293789760283 3.5081936686030373;187.3942322243
-0.1539177825371594 2.527764454559307;159.08045815902
-0.16190214735071418 0.3504780573831452;59.2774257773
-0.16331153710802784 0.19738216557808985;44.49605364830
-0.18692767017289125 -6.6523987242810865;258.02734860719
-0.2038608920641413 -11.559100194735471;340.0908405425
-0.21563115980869318 -14.984443839964584;387.20130282995
-0.2233688771731179 -17.264495119755768;415.6094274750
-0.22793871072613264 -18.651275618552884;431.9749621886
-0.2300097698890469 -19.336127007630484;439.8323477590
-0.23010227136439837 -19.46498382873299;441.2950845008
-0.2286208732537729 -19.14907980675036;437.700301555
-0.22587926782249806 -18.472697166846224;429.9024338443
-0.2221184952566548 -17.498824112161635;418.41963430936
-0.21752040089867583 -16.273217761788377;403.504454798
-0.2122169808863847 -14.827132207384848;385.1638795474
-0.20629569713346413 -13.178745183929237;363.12921342394
-0.1997997825784689 -11.332966789830023;336.74865162818
-0.19272001564357238 -9.278490054315785;304.7103093295
-0.1849660647685063 -6.978258852039667;264.26856837458
-0.1762655284682389 -4.33683759268283;208.3564493808
-0.16554159079566075 -1.0034068007076593;100.28221758221
-0.16192791264410644 0.2001112110125789;44.80285527584
-0.1649019185964116 -0.5653176729573944;75.30404221392
-0.16192166196567978 0.5348519637662738;73.21402736604
-0.16489875922556926 -0.15059972954387968;38.94055042899
-0.16021198722560834 1.5241394183741828;123.5440433912
-0.16028720055808607 1.758745108235666;132.70639795633
-0.16496989982358726 0.6184446382537814;78.72229624467
-0.1574157409211922 3.1651845868683646;178.0011180569
-0.1542468270228659 4.375010582424123;209.25802966716
-0.1545303906350333 4.534696504163833;213.04111617442
-0.15777682562750225 3.8046104705108355;195.1461480642
-0.16402746867249124 2.194711455847016;148.23486453564
-0.17589100740734465 -1.0162854402697352;100.9245678471
-0.18205084208695377 -2.5861593174279167;160.92388460487
-0.18377973126288188 -2.887695779139148;170.04031497931
-0.1816497308135853 -2.0810007541489446;144.3663615738
-0.17478288813124881 0.10077576079060302;31.795297808018
-0.1743270778300138 0.4666179236557011;68.38544618339
-0.18173207380081535 -1.369418902555874;117.13446628491
-0.1838546070875405 -1.7270418694733811;131.52798663219
-0.1810706336088203 -0.7065232439822562;84.1726271285
-0.19980001008902895 -5.646715857952658;237.73459552860
-0.21247413844138058 -8.97119746350652;299.6249844841
-0.22049156766311842 -11.06792108546794;332.78995385549
-0.22487566491685795 -12.21427401372709;349.5942419893
-0.22639494918971928 -12.613828746473278;355.2644756701
-0.2256299722693131 -12.416621201746718;352.47723076770
-0.22301532195645132 -11.731693254917099;342.6206247521
-0.21886589623055272 -10.63477823672375;326.2152328249
-0.21338930642933857 -9.171785801347216;302.95494710898
-0.20667879542351797 -7.356527165824094;271.334994231
-0.1986583557425507 -5.154581667766111;227.14374271318
-0.18880636559188185 -2.4038995832794576;155.1547487409
-0.16708705841231122 3.723140656060135;193.04551037882
-0.15210318102972872 7.956719231927686;282.1709497651
-0.14211743019013023 10.768277442041681;328.2460375756
-0.13593524444887262 12.487567331686343;353.4735484689
-0.13269864936722744 13.355625948346985;365.54976220372
-0.13178305021520806 13.55121942829734;368.21613299
-0.13273534357385616 13.206819851101864;363.50813405872
-0.1352343670758108 12.418946300111964;352.501306794
-0.13906647735716762 11.254664466542929;335.5754501408
-0.1441145592421357 9.754625680337348;312.4191952247
-0.1503649452725301 7.931404381719881;281.7219734534
-0.1579540959605934 5.757218446804799;240.03526531285
-0.16737103318974786 3.109443732579899;176.426531689
-0.18166371605832662 -0.8365810308138415;91.58102590017
-0.18979888856135613 -3.041241831362623;174.49999613912
-0.19331190851471924 -3.9466391950248525;198.7689729030
-0.19311307234723532 -3.809067015834737;195.27593499199
-0.18961469460281513 -2.7380859098493966;165.58059377792
-0.1821773228098129 -0.5413466256544619;73.69699013456
-0.1825878415743747 -0.48411771708653695;69.7006956481
-0.1730722573678397 2.353595826939026;153.502841793
-0.16873940449454747 3.7447837469334986;193.60539302078
-0.16844569608964052 4.0092727950892675;200.32291581892
-0.17161168073931657 3.3186091807211464;182.26070248350
-0.17836542609597056 1.658658794750555;128.87479234068
-0.19574759006057296 -2.8303377886830985;168.34550788014
-0.20685380503372358 -5.663037983095368;238.07830603224
-0.2132059607324569 -7.254526452437196;269.4485876397
-0.2158534564337625 -7.884316461395688;280.8963882662
-0.21554122623540176 -7.745480582932785;278.4132261809
-0.21278123081029765 -6.965748130619952;264.03348723692
-0.20786772812968163 -5.612318944231732;237.01037422791
-0.20079467015434946 -3.6692627931143993;191.66171456124
-0.19059810985904183 -0.8579259686891767;92.74199533377
-0.18863129399498157 -0.20398821320078464;45.30254166170
-0.1997709879805538 -2.981305899813571;172.77414378887
-0.20559754305133432 -4.3741921807178255;209.2537444274
-0.20727207829603728 -4.6899016879168745;216.66965454437
-0.20550023650704746 -4.108301566073391;202.79781844469
-0.2005100856374772 -2.677762366212437;163.74897745521
-0.1910636032018805 -0.05222987107540433;23.03167261650
-0.18869626075484874 0.7346864411049581;85.79119200627
-0.19311403338976255 -0.22733129322976076;47.8164325709
-0.18968770111018562 0.8667302613563878;93.17712584652
-0.19258760071168074 0.33096111683169915;57.59504943506
-0.1718484750943359 5.915051087563974;243.30099055813
-0.15753818431728772 9.773735749436758;312.72420037315
-0.14805482136442855 12.321193787300391;351.1109777064
-0.14226739924614706 13.855402306836504;372.3243140330
-0.13935373631711975 14.597060732507693;382.1570645272
-0.13871097667917168 14.711200726440707;383.64793591258
-0.13989924220762381 14.320970683092748;378.5265989822
-0.14260443410632948 13.516888499696782;367.7490212483
-0.14661428873787968 12.362930631553752;351.70507068566
-0.15180578716841664 10.899879766228871;330.2446513316
-0.158146048917718 9.145379011670457;302.5075604307
-0.16571806138332634 7.087855345508368;266.3234490875
-0.17482023971858607 4.6620146685326205;216.00816466337
-0.18648876432037825 1.6173760739026495;127.26056247635
-0.18803012855373424 1.2677788001269166;112.67810223710
-0.19666035271762572 -0.869224328101533;93.35097335253
-0.19918356212436497 -1.4111904423156711;118.90824270795
-0.1960734789997985 -0.47836458242456414;69.2897317229
-0.2079672382101857 -3.3521520483541676;183.19856347438
-0.21439276270686386 -4.854559118020674;220.43892715508
-0.2165630438946108 -5.2952079372188265;230.2212128589
-0.21525784228773054 -4.866472783251382;220.70918309220
-0.21086689704857853 -3.656511999083603;191.32960019664
-0.2030786656819858 -1.5691323618481041;125.3794431547
-0.22183627795239896 -6.151314890000767;248.126147017
-0.2343010420286546 -9.198307615403603;303.393825530
-0.24191782420758967 -11.074865959613827;332.8955856527
-0.24574783597453387 -12.042958141396804;347.1358986349
-0.24658768338465487 -12.294778708499795;350.7453169958
-0.24503699947463733 -11.97136651841528;346.10285233108
-0.24154074634335776 -11.174073967876392;334.3827530819
-0.2364143525095206 -9.971227388711952;315.8789891085
-0.229851691983217 -8.400070405207778;289.9355651795
-0.2219038946277603 -6.46085736392648;254.2896332559
-0.21236846877934323 -4.087208044814982;202.277475891
-0.20006325793597832 -0.956081965229961;97.89790827850
-0.19635421848788367 0.034258926657243505;18.502757826546
-0.20167879592112808 -1.222062950534908;110.66333465190
-0.20116452943842877 -0.9779316527828465;99.00887372441
-0.19274188583244925 1.304678668424527;114.30434097648
-0.19032260864373068 2.0691733019795113;143.93171853968
-0.19303202271020778 1.5452444288443372;124.39094217157
-0.20234865435784827 -0.6119256383564586;78.34981918413
-0.2050278417370946 -1.111469211872327;105.54412442845
-0.20128611988814946 -0.0018428147832449948;4.839269458850
-0.2065104988426656 -1.0941877936848323;104.72174956194
-0.2054653412391545 -0.6407223290465157;80.16944396569
-0.1907279132285028 3.2090288420071698;179.22556327293
-0.18204198635673222 5.526644854635066;235.1793030627
-0.17790231973916357 6.685217320790373;258.64997263276
-0.1773275787768304 6.934273184008752;263.42233753267
-0.17969108324212385 6.439278623643191;253.84917815703
-0.18466913151585596 5.293870561716783;230.17486953254
-0.19232397007045335 3.5008668912780716;187.19422867645
-0.2038644911022011 0.7935141193990676;89.15403987260
-0.20663195341023047 0.23226688446557442;48.247691397807
-0.19249279629260457 3.7881028502816436;194.7190481328
-0.18424403097952305 5.891933027252343;242.82420825517
-0.1804547072219689 6.889629498366377;262.57302966285
-0.18018420878663136 7.014305977515387;264.93741946065
-0.18283548800319321 6.419642451608201;253.46170815839
-0.1881157955169285 5.18887424675664;227.88135727787
-0.19614477163838107 3.3101512550845826;182.02567601757
-0.20844576005695534 0.44641197012050915;66.8794604310
-0.21261226403895134 -0.4590235791838293;67.8825048000
-0.20893267471441004 0.526311523774863;72.61514966848
-0.21304366346323242 -0.3087389193740142;55.70297682874
-0.2085628078837879 0.9045075959285109;95.18064737219
-0.21092434391499304 0.5140498329814309;71.76412703229
-0.2306159387264537 -3.8957271475791893;197.48713086020
-0.24327184709104502 -6.716908371878453;259.2789744810
-0.25055957740369744 -8.338799021957048;288.878152049
-0.2536597578041696 -9.03033895034687;300.61339281505
-0.25343019675752226 -8.981714646047003;299.80327002442
-0.25048534588462384 -8.324502329755953;288.6305046764
-0.24523100563018813 -7.140407090511498;267.32420191763
-0.2378480072244383 -5.4573035177814635;233.71845180967
-0.22812878905565268 -3.209645338046296;179.26707338779
-0.21395275112138437 0.1245152093189148;35.31965081906
-0.2075708906060882 1.6605778078298432;128.94461424017
-0.2072878337478818 1.7900604382899987;133.87500871001
-0.2130009470170991 0.5480785382783544;74.09954863662
-0.20575547034083952 2.355760067547295;153.5690053337
-0.2041724544098994 2.8408669291044473;168.63430643789
-0.20746483174996833 2.195985185514844;148.27197061436
-0.21643824202281317 0.25815200625272716;50.8603760511
-0.21662624292372573 0.35409850033323154;59.564566541887
-0.22937683626900499 -2.3914025909245247;154.75632151881
-0.23572728694048908 -3.7061124514574;192.62473497
-0.2370531516449065 -3.90120048336415;197.62642294759
-0.23410272217040096 -3.137578073849039;177.24522781565
-0.22674202566236876 -1.3685786621231215;117.10597081898
-0.26462503831863127 -9.773259730999882;312.7306852277
-0.2923859287580053 -15.990410232139535;399.98787532785
-0.31225539396464663 -20.522428528822456;453.12450975046
-0.3259309049100236 -23.744176593083814;487.3876076547
-0.33472991268854396 -25.941527754660463;509.43591287826
-0.33968382774865563 -27.334638965347036;522.9330289812
-0.34160363406101446 -28.09387875099685;530.1441825944
-0.34112839028489816 -28.35137496602172;532.5676081322
-0.33876209536543483 -28.209635852934415;531.2348566291
-0.3349021241297325 -27.748089205464986;526.8718478112
-0.3298613330644757 -27.028085029191242;519.9925862923
-0.32388530645504776 -26.09673683080737;510.95668174870
-0.31716581226282065 -24.989869000659976;500.005569435
-0.30985125698943855 -23.734263856881398;487.2849959119
-0.30205471907984044 -22.34934725060892;472.8575914028
-0.29385996983605867 -20.848407300611782;456.7070792210
-0.2853257297144276 -19.239399508642094;438.73382574210
-0.27648822746987245 -17.525344100894834;418.73918903890
-0.26736186414890456 -15.704251442779185;396.3922451784
-0.2579372919153111 -13.768380393568776;371.1640684147
-0.24817509662897216 -11.702335905258629;342.1932915939
-0.23799018049592832 -9.47869269641112;307.98167440551
-0.22721123390328135 -7.047014193028769;265.569580302
-0.21544705339660108 -4.298404801255341;207.43498584888
-0.201235642448418 -0.8443386685448324;92.00792325353
-0.19542215824537842 0.5553090376863821;74.59147766922
-0.19664399879531413 0.23347437820713135;48.377189474807
-0.14920030176882945 12.337990167790714;351.35009248437
-0.11278043222993953 21.55409552518577;464.3613877073
-0.08481019141012137 28.527384124791713;534.2088054066
-0.06336836573400179 33.74720194447488;581.0224403027
-0.04699181570803872 37.59119935265676;613.2159731034
-0.03455580675288954 40.35314702243823;635.3408297556
-0.025191337580261423 42.26251046650554;650.1959265130
-0.01822496158236743 43.498942680282;659.6370749147
-0.01313380274250219 44.20328303100085;664.9553515004
-0.009511423917481873 44.4860171437825;667.0782871374
-0.007041694359852468 44.433835089108044;666.6870176162
-0.005478665982071501 44.1147400821002;664.2892238225
-0.004631016719042866 43.582040438616104;660.2669039694
-0.004349993133071579 42.87747513630432;654.9088976965
-0.004520048466835662 42.033664001526844;648.4336944523
-0.0050515652312397 41.07602960669986;641.0057877438
-0.005875194214964886 40.024304809263604;632.7475877629
-0.006937450137995296 38.89371451650868;623.7481811259
-0.008197285983346281 37.69590069557015;614.0697871869
-0.009623431107020294 36.43964442837552;603.752481845
-0.011192326870279719 35.13142688275136;592.8175749232
-0.01288653077359711 33.77586163859309;581.2698977014
-0.014693490099153602 32.376023255281176;569.0991597104
-0.01660460890106044 30.9336907928709;556.2804524200
-0.018614550942290045 29.449519774689474;542.7738993761
-0.02072073619878565 27.92315138677192;528.5233643077
-0.02292300211877694 26.353263093797686;513.4540133662
-0.025223413259503474 24.737559701446905;497.46835694060
-0.027626216182444714 23.072697267776544;480.44012007879
-0.03013795305192228 21.354122497038023;462.20481019224
-0.03276777254288002 19.575794099279914;442.5449611661
-0.03552801876716618 17.729723222861857;421.1662736570
-0.0384352597220462 15.805211693551868;397.6571199264
-0.04151208986152803 13.787539328699115;371.41511237779
-0.04479045952392289 11.655539807456941;341.501364416
-0.04831845977401897 9.37661845069365;306.3117814939
-0.05217660127500124 6.894635625358822;262.6753415836
-0.05653021760329461 4.090232362786503;202.3418735214
-0.06198153461660209 0.5083430723637026;71.39486778782
-0.0650757416982128 -1.125173955632721;106.17556260610
-0.0662982432192051 -1.2334972267246118;111.16423612143
-0.06547379884637047 0.29101676128102993;54.04134124822
-0.0671449536016051 -0.008288718268188333;9.228294930142
-0.06373747004340186 3.4845220545174387;186.76701997028
-0.06230389966633266 5.518276705705198;235.00867622235
-0.06238231985938155 6.440397558262229;253.87799313898
-0.06367659622147566 6.481790264435574;254.6921698360
-0.06601149951500856 5.789843512610239;240.71937100106
-0.06933150788134608 4.432295601916535;210.62834347882
-0.07379048419830601 2.3443028331122244;153.20864726656
-0.0811522903393045 -1.5464909198405286;124.45982440273
-0.085873414612608 -3.7765518913489777;194.4345635074
-0.08858486096436045 -4.761744456913534;218.3151293677
-0.0896826799713223 -4.7582826622346674;218.23582846414
-0.08938878473633714 -3.9071926749407457;197.7673275967
-0.08769141483115071 -2.2022917304828202;148.50291779222
-0.08324784991737187 1.1596313969364842;107.78213251092
-0.08159611274533629 2.883567211196883;169.90791855923
-0.08209426461725793 3.3552392537916567;183.2704611708
-0.08443923641301805 2.7718183416217954;166.58480188908
-0.08877153874951638 1.0909913163254001;104.5458696523
-0.08567343267930423 3.5045471170667657;187.30153955632
-0.08490514039808086 4.626332701745422;215.18658928279
-0.08599219466995975 4.72940477797887;217.56938704079
-0.08868959111274755 3.9678234437740896;199.29110052673
-0.0930329290809454 2.3543346845958597;153.53466310772
-0.10029578673630564 -0.712584915579602;84.51969995486
-0.10422167742503932 -2.1049949230786433;145.18870740941
-0.10549340735452006 -2.1781010649830423;147.6866259059
-0.10423926219869575 -0.9990172777746922;100.05524485398
-0.08839325546810198 7.314703119757963;270.5547498797
-0.07693297128723185 13.419870061273105;366.42983100900
-0.06879030314097984 17.834526384800867;422.4081927014
-0.06319381866626418 20.93928721123491;457.6935908908
-0.059569154183881465 23.022063502978476;479.91215964263
-0.05748306007346569 24.303365253430723;493.0835244100
-0.056606826889358974 24.953069705810787;499.62958980304
-0.05669064693906505 25.102357228117153;501.12163908666
-0.05754499195403628 24.85251549503501;498.6220657688
-0.0590268339124535 24.281555060052554;492.8622352205
-0.06102936580992481 23.449224115111228;484.34299440625
-0.06347433786452661 22.40081457778675;473.3939277425
-0.06630641207582845 21.17002915045514;460.2078587549
-0.06948914104103987 19.78109242907397;444.8581627119
-0.07300234407342075 18.250217952769948;427.3013844299
-0.076840829094971 16.586469890768623;407.3634068592
-0.08101465375048007 14.791957112889317;384.70147116687
-0.08555157763160194 12.861110787498491;358.72203272163
-0.09050343697102581 10.778357312412584;328.40193387646
-0.09596132465507666 8.512209670565301;291.8543759816
-0.10209645716686896 5.998854840930515;245.022448798
-0.10931495569273333 3.0786193466578458;175.55544987641
-0.1202976899973672 -1.3623246832645903;116.82366149536
-0.12722978273228544 -4.051711321095842;201.391380207
-0.13113021210429188 -5.443338928560371;233.41201621873
-0.13265711460148819 -5.825349312104033;241.45992324341
-0.13223946714986534 -5.381384128336878;232.0805519210
-0.1301023265906422 -4.2039195159696945;205.1374460984
-0.12614881997780783 -2.2458237624823747;149.96477528231
-0.11790771115372838 1.5341131812296194;123.95253136170
-0.11366824867503389 3.66668619197735;191.58142093751
-0.11243414526360586 4.5608617371949025;213.65765732824
-0.11361969876268219 4.465022786457468;211.40181437630
-0.11695347159783105 3.505853700721497;187.3344285650
-0.1226407296496347 1.6274991776198324;127.66635451098
-0.14028260054234157 -4.880910847496043;221.03088633916
-0.1528599589590114 -9.464988605610758;307.75448494932
-0.1615524794609728 -12.593707570918802;354.9782030470
-0.16721969067585063 -14.601481875514366;382.2208408766
-0.1705111491674583 -15.735960296726809;396.78773307973
-0.1719245768114042 -16.1831765206626;402.3851448358
-0.17184288819233695 -16.083358318027628;401.1425885723
-0.17055976142786455 -15.54166549080588;394.3311747805
-0.16829775411005254 -14.635663641302635;382.66787779073
-0.1652208086948014 -13.42038422854627;366.4404994439
-0.16144171461462997 -11.931262982687734;345.5187616025
-0.15702361644154786 -10.184632428130081;319.2360018591
-0.15197130305740444 -8.174101782759335;286.0063804144
-0.14619596981295904 -5.856420763246509;242.10338294763
-0.1393668351588532 -3.0930647234779656;175.97523794100
-0.1290899271232165 1.0520984226892924;102.66243468616
-0.12344616677529838 3.455663053544276;185.98880464703
-0.12123476908008679 4.565313210808828;213.76128394298
-0.12174240978702354 4.6536521073824115;215.81859843061
-0.12459403722137997 3.87259468969994;196.88390220243
-0.12982991959688253 2.2266064714639984;149.31123178403
-0.13952523000932643 -1.0095254817260444;100.58343716653
-0.14471500742212481 -2.601147010492373;161.38576358983
-0.1464055385420953 -2.9238866035080515;171.0985637026
-0.14505347516738512 -2.142763939986514;146.48756357126
-0.1400343767301656 -0.02334019803002141;15.440142700100
-0.14032560631367041 0.22332134764556022;47.3346459952
-0.14895851675204322 -2.4387671743078747;156.2711412022
-0.15348200613500979 -3.685425321105059;192.07921651629
-0.15475675411082593 -3.8196947824757026;195.54497399283
-0.15323128397889882 -2.992687043323956;173.0990989457
-0.14871133092412242 -1.1256831067847626;106.20714860425
-0.1544823375280722 -2.7414644643589217;165.67934514539
-0.15650177002278626 -3.102225941291867;176.23675759643
-0.1552984728970884 -2.3837210502512685;154.49929631371
-0.15047376263959772 -0.43942991057410974;66.40508121780
-0.1521748022516769 -0.6562328448219963;81.12096997658
-0.14765713839446232 1.2040281573252896;109.81680499646
-0.14769463490097412 1.5512014924924888;124.63700527664
-0.1521371916238524 0.45805889332567107;67.76142536223
-0.14704402153346818 2.479005985746024;157.54025739276
-0.1459874635882491 3.1681422396908707;178.08531256353
-0.14830390300172205 2.755510965497661;166.08921022481
-0.154077412803618 1.2405456802242847;111.46758788067
-0.18937280256805972 -9.520604526163286;308.658686170
-0.21587529511903525 -17.629698376157883;419.98073441594
-0.23550186610792143 -23.691229569154267;486.8397140532
-0.24971564780165276 -28.15757694860296;530.7405139880
-0.2596566412022128 -31.37529928970219;560.2400058610
-0.2662206562070229 -33.61257525256542;579.8669815912
-0.2701145906162222 -35.077991594110216;592.3702191622
-0.271897549932733 -35.93423095188976;599.5551213658
-0.2720123045122614 -36.30835116828507;602.6675336666
-0.2708097046898146 -36.29963250345918;602.5951415457
-0.26856778359300976 -35.98562532993272;599.983525336
-0.26550677460689714 -35.42683766895345;595.3077498096
-0.26180094993497427 -34.67038080791921;588.918799784
-0.25758796737376327 -33.75280951844141;581.0748164003
-0.2529762526583767 -32.70233545795867;571.9626241662
-0.24805082659437463 -31.540549830901664;561.7127358367
-0.24287789419512673 -30.283759390640224;550.4097488743
-0.23750844248078384 -28.94401523151477;538.0992915869
-0.23198103592735234 -27.529894362994018;524.7921866884
-0.22632395280834589 -26.047078108457146;510.46613638738
-0.220556763607397 -24.498757458087706;495.06490355121
-0.2146914143387855 -22.885882060822432;478.4945815953
-0.20873283448741484 -21.207254425398226;460.6159917886
-0.20267903268109377 -19.459450499103106;441.23130098038
-0.19652055304969346 -17.636514920694896;420.06114179284
-0.19023899893268303 -15.729317729784697;396.7046991505
-0.18380397446319718 -13.724328342793509;370.56632768848
-0.17716692842052487 -11.601244950859396;340.70883932316
-0.17024791159768582 -9.328015648068275;305.5210453898
-0.16290243249065187 -6.848593657359352;261.80161951081
-0.15481022257544247 -4.042488040777982;201.16380701466
-0.14468075743693598 -0.44109396545888835;66.52921559124
-0.14025782975076356 1.2287641195536725;110.93935693577
-0.14028055628124547 1.3971361099021866;118.29078490400
-0.14486296023887524 0.03551772407001108;18.888940216166
-0.14350037938098376 0.7634487606126232;87.46233534889
-0.14733695725898258 -0.25597189680756993;50.71364083530
-0.14536484916193815 0.726786066842254;85.33790096242
-0.14850176771737544 5.9023692053461474e-05;1.3693574513109
PointOptimal;ValeurOptimale
[-1.48501768e-01  5.90236921e-05];1.3693574513109847
Temps;Nb iteration
0.06132650375366211;1000