Point;Valeur
-9.587137449035339 -1.1717359792234894;144.60246969104
-9.537137449041044 -1.1217359792236985;142.52851737552
-9.501619234125844 -1.0861261218117602;141.03454817325
-9.472532038493952 -1.0569177372353555;139.79820616895
-9.44728167313802 -1.031531530915664;138.71539853465
-9.424650412229179 -1.0087556000675824;137.73722970937
-9.403952487191539 -0.9879070466288278;136.8361570854
-9.384756889659142 -0.9685564877664061;135.99486911548
-9.36677193359859 -0.9504132477110749;135.20165070077
-9.349789393989258 -0.9332697728032707;134.4481396266
-9.333654494011292 -0.9169717555204793;133.7281208826
-9.318248480191201 -0.901400783688884;133.03682657611
-9.303477880953718 -0.8864636419782432;132.37050433949
-9.289267560788785 -0.8720853923619102;131.72613823948
-9.275556049765548 -0.8582047204722331;131.10126111439
-9.26229229904764 -0.8447707023057399;130.49382421370
-9.249433363990933 -0.8317404950007117;129.90210411255
-9.236942710030986 -0.8190776481286398;129.32463465250
-9.224788948244479 -0.8067508431638943;128.76015614867
-9.212944874500906 -0.7947329355029865;128.20757679541
-9.201386727605433 -0.7830002147648629;127.66594287159
-9.190093608375154 -0.7715318255074354;127.13441541165
-9.179047018935954 -0.7603093077926475;126.61225170663
-9.16823049316607 -0.7493162286236689;126.0987904668
-9.15762929717602 -0.7385378832116773;125.59343979798
-9.14723018425366 -0.7279610505525349;125.09566736446
-9.137021192645154 -0.7175737917159327;124.60499227367
-9.126991477355352 -0.7073652820631839;124.12097832609
-9.117131169229852 -0.6973256706708517;123.64322836090
-9.10743125609514 -0.6874459617553155;123.17137948730
-9.097883481880597 -0.6777179140313826;122.705099037
-9.088480260505015 -0.6681339547974505;122.24408111359
-9.079214601967854 -0.6586871061961534;121.78804362120
-9.070080048598005 -0.6493709216060384;121.33672571494
-9.061070619802893 -0.6401794305135212;120.88988558183
-9.052180763974235 -0.6311070905227317;120.44729851302
-9.043405316445414 -0.6221487454051959;120.00875521827
-9.03473946260017 -0.6132995882860106;119.57406034683
-9.026178705376132 -0.604555129217273;119.14303118477
-9.017718836545685 -0.5959111665169469;118.71549650362
-9.009355911243379 -0.5873637613516205;118.29129553934
-9.00108622531138 -0.5789092151255562;117.87027708413
-8.99290629508254 -0.5705440493062925;117.45229867595
-8.984812839292857 -0.5622649873733132;117.03722587350
-8.976802762855026 -0.5540689386229749;116.6249316056
-8.96887314226191 -0.5459529836013554;116.21529558599
-8.961021212426132 -0.53791436096949;115.80820378559
-8.953244354786722 -0.5299504556321849;115.40354795546
-8.945540086534976 -0.5220587879853396;115.0012251947
-8.93790605083468 -0.514237004155024;114.60113755803
-8.930340007928022 -0.5064828671188947;114.20319169880
-8.922839827027802 -0.49879424861454824;113.80729854356
-8.915403478914723 -0.49116912175041766;113.41337299476
-8.90802902916696 -0.4836055542470839;113.02133365868
-8.900714631953901 -0.4761017022432152;112.631102596
-8.893458524341117 -0.46865580461031997;112.24260509287
-8.886259021054151 -0.46126617772570416;111.85576944988
-8.879114509656217 -0.45393121065915826;111.47052678817
-8.872023446101965 -0.4466493607341936;111.08681087009
-8.86498435063017 -0.43941914942839505;110.70455793355
-8.857995803966874 -0.43223915858221773;110.32370653866
-8.851056443807094 -0.42510802688729094;109.94419742558
-8.844164961553242 -0.4180244466305949;109.56597338247
-8.83732009928707 -0.41098716067080143;109.18897912280
-8.830520646954305 -0.40399495962779497;108.81316117108
-8.82376543974396 -0.39704667926640064;108.43846775633
-8.817053355646319 -0.39014119805838193;108.06484871262
-8.810383313175514 -0.38327743490826566;107.69225538613
-8.803754269242084 -0.3764543470292842;107.32064054819
-8.797165217163142 -0.36967092795717604;106.94995831366
-8.7906151848023 -0.36292620569182715;106.58016406454
-8.784103232824108 -0.3562192409558657;106.21121437801
-8.77762845306077 -0.34954912556165546;105.84306695889
-8.77118996697511 -0.34291498087838446;105.47568057592
-8.764786924218967 -0.33631595639172596;105.10901500172
-8.758418501277577 -0.32975122834946224;104.74303095615
-8.752083900191094 -0.3232199984861041;104.37769005265
-8.74578234735355 -0.3167214928217966;104.01295474756
-8.73951309237757 -0.310254960529446;103.64878829204
-8.733275407024 -0.30381967286549055;103.28515468642
-8.72706858419136 -0.2974149221600816;102.92201863693
-8.720891936959937 -0.2910400208623128;102.55934551439
-8.714744797686633 -0.284694300636885;102.19710131497
-8.708626517149945 -0.2783771115088298;101.8352526227
-8.702536463738795 -0.27208782105289514;101.47376657392
-8.69647402268172 -0.26582581362463675;101.11261082250
-8.690438595317735 -0.2595904896309646;100.75175350767
-8.684429598402705 -0.25338126483685874;100.3911632222
-8.678446463449657 -0.24719756970655107;100.03080898252
-8.672488636101953 -0.24103884877665058;99.67066019923
-8.666555575536272 -0.23490456005935412;99.31068664952
-8.660646753893163 -0.2287941744736978;98.95085844999
-8.65476165573561 -0.2227071753034737;98.59114603060
-8.648899777531026 -0.21664305767970027;98.23152010938
-8.643060627157237 -0.21060132808647933;97.87195166799
-8.637243723430418 -0.20458150388869395;97.51241192790
-8.631448595653264 -0.19858311288032177;97.15287232731
-8.625674783183138 -0.19260569285194612;96.79330449855
-8.61992183501781 -0.1866487911765312;96.43368024614
-8.614189309398803 -0.18071196441220638;96.07397152521
-8.608476773430661 -0.1747947779211437;95.71415042048
-8.602783802715429 -0.16889680550354652;95.35418912554
-8.59710998100103 -0.16301762904589587;94.99405992251
-8.59145489984401 -0.15715683818242235;94.633735161
-8.58581815828381 -0.1513140299693343;94.2731872432
-8.580199362529873 -0.14548880857082558;93.91238859482
-8.574598125659378 -0.13968078495610148;93.551311654
-8.569014067325673 -0.13388957660699777;93.18992885202
-8.563446813476194 -0.12811480723534405;92.82821258647
-8.557895996080825 -0.12235610650960448;92.46613521057
-8.552361252867364 -0.11661310979007686;92.10366900992
-8.546842227066412 -0.11088545787228556;91.74078618435
-8.541338567163432 -0.10517279673794891;91.37745882876
-8.535849926657887 -0.09947477731305639;91.01365891396
-8.530375963829465 -0.09379105523254797;90.64935826738
-8.52491634151021 -0.0881212906111626;90.28452855363
-8.519470726862503 -0.0824651478200647;89.91914125483
-8.514038791162536 -0.07682229526881093;89.55316765077
-8.508620209588864 -0.07119240519219064;89.18657879875
-8.503214661015612 -0.06557515344165687;88.81934551320
-8.497821827809359 -0.05997021928090235;88.45143834485
-8.492441395630923 -0.054377285185203954;88.08282755959
-8.487073053239603 -0.0487960366442668;87.71348311687
-8.481716492301581 -0.04322616196813852;87.34337464768
-8.476371407200293 -0.03766735209586013;86.97247143194
-8.471037494850332 -0.032119300406541866;86.60074237539
-8.465714454512181 -0.02658170253257367;86.22815598586
-8.460401987610187 -0.021054256174539432;85.85468034888
-8.455099797551247 -0.0155366609176185;85.48028310255
-8.449807589545253 -0.01002861804906311;85.10493141169
-8.444525070426 -0.004529830376578014;84.72859194116
-8.43925194847271 0.0009599979530264535;84.35123082824
-8.433987933232459 0.006441161634821865;83.97281365413
-8.4287327353419 0.011913954387024448;83.59330541443
-8.423486066349055 0.01737866913281917;83.21267048845
-8.41824763853399 0.022835598182932085;82.83087260745
-8.413017164728764 0.02828503341947475;82.44787482160
-8.407794358135948 0.03372726648133422;82.06363946560
-8.402578932145582 0.039162588951445906;81.67812812287
-8.397370600149578 0.04459129254638366;81.2913015882
-8.392169075354166 0.05001366930868019;80.90311982917
-8.38697407058898 0.05543001180215946;80.51354194471
-8.381785298113096 0.06084061331087808;80.12252612337
-8.37660246941767 0.06624576804191216;79.73002959843
-8.371425295023851 0.07164577133263458;79.3360086013
-8.36625348427634 0.07704091986289846;78.94041831306
-8.361086745131868 0.08243151187258793;78.54321281233
-8.35592478394202 0.08781784738514561;78.1443450222
-8.350767305229695 0.09320022843763497;77.7437666534
-8.345614011459016 0.09857895931790486;77.34142814461
-8.340464602797582 0.10395434680956994;76.93727859948
-8.335318776871139 0.10932670044536602;76.53126572098
-8.330176228508853 0.11469633276981148;76.12333574130
-8.325036649479204 0.12006355961176464;75.71343334818
-8.319899728215926 0.12542870036779338;75.30150160701
-8.314765149532588 0.13079207829733924;74.88748187847
-8.309632594324674 0.13615402083042433;74.4713137312
-8.304501739258969 0.141514859889243;74.05293484944
-8.299372256448605 0.14687493222448866;73.63228093471
-8.294243813111999 0.15223457976783883;73.20928560184
-8.289116071216691 0.1575941500017535;72.78388026823
-8.283988687103415 0.16295399634816143;72.35599403602
-8.278861311091639 0.1683144785774768;71.92555356673
-8.273733587063795 0.17367596323964635;71.49248294762
-8.268605152026336 0.1790388241191948;71.05670354903
-8.263475635645749 0.18440344271607453;70.61813387211
-8.258344659758434 0.18977020875461065;70.17668938593
-8.253211837850198 0.19513952072304974;69.73228235324
-8.248076774504646 0.20051178644608444;69.28482164364
-8.242939064816717 0.20588742369348612;68.83421253333
-8.237798293768664 0.21126686082788854;68.38035648989
-8.232654035564767 0.21665053749526475;67.92315094104
-8.227505852921349 0.22203890536190574;67.46248902561
-8.222353296308532 0.22743242890219587;66.99825932517
-8.217195903137773 0.2328315862419443;66.53034557439
-8.212033196891332 0.2382368700624329;66.05862634809
-8.206864686187831 0.24364878857100916;65.58297472252
-8.201689863777473 0.24906786654469792;65.10325790843
-8.196508205459988 0.25449464645407205;64.61933685278
-8.191319168917557 0.25992968967542673;64.13106580596
-8.18612219245459 0.2653735778001849;63.63829185065
-8.180916693633437 0.2708269140518754;63.1408543882
-8.175702067796099 0.27629032482180554;62.6385845778
-8.170477686459213 0.281764461336448;62.131304722984
-8.165242895568419 0.28725000147096125;61.61882759882
-8.1599970135961 0.29274765172519335;61.10095571426
-8.154739329464945 0.2982581493808883;60.577480499690
-8.149469100276367 0.3037822648612137;60.048181411936
-8.144185548821454 0.3093208043167723;59.51282494
-8.138887860846511 0.3148746124658229;58.97116353844
-8.133575182043682 0.32044457572040375;58.42293435740
-8.128246614731127 0.3260316256349088;57.86785794786
-8.122901214181557 0.33163674271934135;57.30563672811
-8.117537984552907 0.3372609606661037;56.73595330633
-8.11215587436586 0.3429053710472346;56.158468594093
-8.106753771464383 0.34857112854835215;55.572819685698
-8.101330497384044 0.3542594568171304;54.97861746719
-8.095884801040793 0.35997165501761946;54.375443911886
-8.090415351635357 0.36570910519848815;53.762849011040
-8.08492073065003 0.3714732806032501;53.140347278248
-8.079399422791107 0.37726575507522264;52.50741375329
-8.073849805699467 0.3830882137402592;51.863479415773
-8.068270138218393 0.38894246518755077;51.20792589907
-8.062658546959488 0.39483045541554457;50.540079370904
-8.057013010854472 0.400754283868197;49.85920341498
-8.05133134330833 0.4067162219603064;49.16449070905
-8.045611171477738 0.4127187345842464;48.45505324266
-8.039849912086446 0.41876450521019937;47.72991075145
-8.034044743036509 0.4248564653467769;46.987976957427
-8.028192569881348 0.4309978293310749;46.22804308829
-8.022289985969781 0.437192135683267;45.44875799412
-8.01633322472641 0.4434432966156955;44.6486039689
-8.010318102074361 0.4497556577640386;43.82586709703
-8.004239946375963 0.45613407086066227;42.978600541269
-7.998093512396264 0.46258398297257414;42.10457862747
-7.991872874569896 0.4691115471942365;41.20123876331
-7.985571293105312 0.4757237614960722;40.26560704706
-7.9791810439165705 0.48242864506281125;39.29420165255
-7.972693199599312 0.4892354653642669;38.28290538533
-7.96609734293889 0.4961550351342878;37.226794600501
-7.959381185513922 0.5032001076721617;36.11990492302
-7.952530049659394 0.5103859136843703;34.954903022146
-7.945526148370366 0.517730907395774;33.72261445961
-7.938347557001642 0.5252578318042672;32.41132314
-7.930966697422905 0.5329952886786422;31.005692975864
-7.923348016716398 0.5409801422295109;29.48503228542
-7.915444263204393 0.5492613741862823;27.82034279251
-7.907190154670852 0.5579066364005355;25.968938623482
-7.898490775683537 0.5670142534863764;23.863689407261
-7.889198071254202 0.5767375272559933;21.38859145061
-7.879055928875413 0.5873414799485895;18.31157394087
-7.867540055278841 0.5993681209125863;14.026232418345
-7.853155291690092 0.6143601266390336;4.8798156094081
-7.821241885390671 0.6472335306654776;18.867286876092
-7.829316225658757 0.6389706282263018;16.14271878261
-7.838599892873543 0.6294889856992404;12.290478208351
-7.850462308098019 0.6174078788126116;3.353603274233
-7.883321953227304 0.5845484073278052;19.2355475549
-7.877618020679707 0.5903371136610535;17.40844416587
-7.8713683499055636 0.5966833501872831;15.154378139280
-7.864265726868751 0.6039004394362065;12.09045622865
-7.855504453596746 0.6128104830388195;6.562866181744
-7.840129008735548 0.6284862282208432;11.773194126993
-7.848540946920542 0.6199543825596794;6.31312217905
-7.863534331766781 0.6048322098691978;11.648708291214
-7.855502942797844 0.612971490501668;6.43843362677
-7.8415339141796565 0.6271727428337726;11.101386807771
-7.849498351178287 0.619121219935685;5.475839333504
-7.8648905878984445 0.6036639469208779;12.228354278874
-7.858054980056109 0.6105729314618059;8.338479768629
-7.848223254427751 0.6205296201369473;6.791700647956
-7.859936166512438 0.6087493488265603;9.527512666889
-7.851687411735855 0.6170896416074745;2.470338963537
-7.878502958604065 0.5907170042850778;17.33914914347
-7.874685026468504 0.5945873131666796;15.996023725300
-7.870562011612164 0.5987689521031182;14.404795929648
-7.866004059285646 0.6033943587339741;12.409172648384
-7.860743761455537 0.6087364301784134;9.60079476409
-7.854006427320012 0.6155870564283175;3.581113255255
-7.836932875048301 0.6331540604285933;13.798020455392
-7.841304458925199 0.6287296223067408;11.798286888388
-7.846394096512723 0.6235838806989423;8.923714175117
-7.853069575138531 0.6168476818823571;1.2074893828827
-7.888007899760591 0.5838368315968324;19.609344615961
-7.8858277394766585 0.5861424316456794;18.920972335950
-7.883571060358625 0.5885294002969148;18.180879689238
-7.881225621791845 0.5910107357078966;17.378156749915
-7.878775333652416 0.5936035245891771;16.49770549993
-7.876198273003319 0.5963310497702533;15.517670699133
-7.873463140112375 0.5992265574125596;14.40447112201
-7.870522318533884 0.6023406372798374;13.102035728902
-7.867296436936187 0.6057576509430541;11.504306319437
-7.863632756123762 0.6096400583626971;9.363281499699
-7.859148830062139 0.6143952755864384;5.73711296892
-7.851896012653839 0.6221116799811467;7.497422482831
-7.857392864498699 0.6163227747302205;3.282486543855
-7.845116170852046 0.6294990792237845;11.87085340950
-7.8484692090137536 0.6259752284534364;10.016783791080
-7.852432847964052 0.6218152025551102;7.238252124523
-7.857890302533321 0.6161042495015805;3.709443012435
-7.847404500570673 0.6272588623634733;10.717921800186
-7.850994761010366 0.623503737342754;8.46101016234
-7.85552738461696 0.6187720056219697;4.118883825518
-7.864693495835334 0.6093076394619996;9.6267673571
-7.8607807997161485 0.6134015276344589;6.742419031260
-7.855223670543613 0.6192291124592872;4.694480308227
-7.863091259011902 0.6110972151930403;8.49770454706
-7.858756420439855 0.6156282741410949;4.462415269561
-7.85058615972463 0.6242282934572722;8.916022200460
-7.854638461971788 0.6200177950864044;5.55710299331
-7.861093105285297 0.6133458587658841;6.819910477133
-7.855851782616675 0.6188192570762808;4.11434359664
-7.864397953629988 0.6100464012937885;9.208929387140
-7.8605877039567895 0.6140113226028602;6.2480046881930
-7.855000196994085 0.6198423626220955;5.343180613463
-7.861463738793454 0.6131827912517855;6.980789009375
-7.856531193916402 0.6183192819078904;3.290162113337
-7.866759976699975 0.6079160572790664;10.482244421189
-7.86355391542756 0.6112413713357603;8.455479988036
-7.859590666073579 0.6153568971674083;4.894552167121
-7.852790675098625 0.622458260649355;7.633992556404
-7.857114204423994 0.6179977932707013;2.5814231100748
-7.869510112007541 0.6055539492593273;11.742202804143
-7.866786022503746 0.6083725025076675;10.263754085260
-7.863675496498973 0.611593036493532;8.255977169713
-7.85981870802747 0.6155912481437267;4.6864345961479
-7.853067829269166 0.6226344377514806;7.72062150909
-7.857131833485425 0.6184488473830316;3.3435377938576
-7.866365998643762 0.609087506962745;9.875083486881
-7.863243425567513 0.6123151514179631;7.761406505791
-7.859281088836884 0.6164169926123702;3.579496172148
-7.85077036189703 0.6253396782416755;9.505017742789
-7.8539428167253185 0.6220755213427598;7.254263388754
-7.858088417843599 0.6178195696395652;1.8215130386155
-7.873739962979133 0.6025564094442435;13.212699444741
-7.871576220520714 0.6047900979846936;12.19791101616
-7.869235242111129 0.6072077193832033;10.994417313318
-7.8666415782448444 0.6098876973465045;9.483257204286
-7.863639693926492 0.6129919438663849;7.353722358999
-7.859777773051936 0.6169924343261544;2.793823711614
-7.849732251728171 0.6276401257465772;10.725315787007
-7.8523135984346855 0.6249846090857251;9.184620759045
-7.8553240507626505 0.6218909863360803;6.971142372379
-7.859280910819688 0.6178343263870634;1.2516999825306
-7.879284699677925 0.5991623636367187;14.7415706502
-7.877567185338201 0.6009490871837151;14.025352437906
-7.87576334727701 0.6028260961278388;13.23123362136
-7.873852836413647 0.6048146848709148;12.334222132694
-7.871805263229327 0.6069466703608767;11.293597885617
-7.8695713339707165 0.6092736994503908;10.035209795574
-7.867060313162961 0.611890950993581;8.397145008410
-7.864063986865451 0.6150173211125809;5.867471557618
-7.859785809522034 0.6194955641506796;4.184615366134
-7.865727986231064 0.6133870503089504;7.308123370627
-7.8623285975487 0.6169345709248761;3.525001741685
-7.85531386777551 0.624350763190134;8.560301338048
-7.858174516759764 0.6213864441044333;6.248276809439
-7.862084750540624 0.6173468147382256;2.808764143142
-7.8534254654988125 0.626580060281022;9.929616359647
-7.855843051112115 0.6240784984235155;8.349585412177
-7.858714899317222 0.6211107028232496;5.951593401162
-7.862734111057468 0.616971439801848;3.563176168429
-7.856034161089948 0.624024586257805;8.299035236624
-7.85888363197473 0.6210838995764795;5.9064601586132
-7.86287782750131 0.6169761235605735;3.5883780082950
-7.856314712605206 0.6238749772231599;8.18119701368
-7.859166564128255 0.6209357453570487;5.740459418177
-7.8632209688848995 0.6167726523499117;3.9326178528871
-7.857309560979996 0.6229618100276965;7.497170785115
-7.860384525335574 0.6197979751423947;4.427671544511
-7.865568436495485 0.6145038879278966;6.477179167955
-7.862026850845491 0.6181754615043555;0.8011198818029
-7.886191428762882 0.5972726806343246;15.72065141466
-7.884914684670056 0.5986368129229079;15.213906667141
-7.883596004242436 0.6000459834198899;14.672060313286
-7.8822292654375055 0.6015067675326645;14.088378707022
-7.880806606471119 0.6030276111058643;13.453807680737
-7.8793176270525205 0.6046196902406508;12.755716016923
-7.877748039929037 0.6062983636483809;11.975626794878
-7.876077222261428 0.6080858118845078;11.08474329554
-7.8742733146553885 0.610016325069101;10.033987798451
-7.872281967790377 0.6121484616053663;8.727465897900
-7.869994427386525 0.6145996092849645;6.926742536831
-7.867115035087307 0.6176901202827845;3.521142373514
-7.861458469443844 0.6238379581102808;7.645469256907
-7.864040043635238 0.6210905789196386;5.178219924076
-7.867843760622357 0.6170621443126539;4.456983974015
-7.863421963209706 0.6218290154472698;5.933189299707
-7.866720664057446 0.6183319380103379;2.303879732080
-7.858224485024951 0.6277666951178581;10.145534777093
-7.860121582655557 0.62575360652427;8.931221219549
-7.862275475581934 0.6234701550802109;7.312741000289
-7.864903852373085 0.620688442840946;4.627126433876
-7.869047145396606 0.6163317075156239;5.394690446665
-7.865491899648115 0.6201318382806553;3.858284025467
-7.870424936741476 0.6149708679440986;6.703375445399
-7.86758545445825 0.617995375871044;3.173518557267
-7.861592991967144 0.6244843578001323;8.045045383136
-7.863932400270787 0.6220135140018476;6.0206823389528
-7.867054433184961 0.6187260120108609;1.3608910857945
-7.8532853046164375 0.6354981688308652;13.717184752767
-7.85459906589648 0.634134501133614;13.13146402985
-7.855971197328178 0.6327106601031778;12.490532304159
-7.857413462066255 0.6312145316569668;11.77943101862
-7.8589424537158585 0.6296290360847727;10.975529059667
-7.860583000760421 0.6279286358489623;10.041865581320
-7.862375489555794 0.6260718342639459;8.910893035272
-7.864394594203446 0.6239820298124372;7.434187145532
-7.86681313275134 0.6214824828242654;5.135033236542
-7.870308697391953 0.6178862100675635;3.9345817926005
-7.8657398597303265 0.6226879466024827;6.337442025080
-7.8685547749368565 0.6197853191931931;2.5585900213937
-7.875461859499851 0.6128449187616575;8.614310168028
-7.873409140640169 0.6149762295158603;7.042295351133
-7.870899912755258 0.6175856460895822;4.4087826265340
-7.866893594689705 0.6217806061263053;5.406920933887
-7.870138234916999 0.6184440948586477;3.0980883543354
-7.864462494310036 0.6244546574872358;7.739486135249
-7.866710575725034 0.6221358220298393;5.752361778830
-7.869731763372629 0.6190294575031993;1.7456076761578
-7.8597440950164295 0.6302044632987974;11.178772727391
-7.8612640578082695 0.6286413784412562;10.33964911970
-7.862906952818542 0.6269527139742229;9.34856583966
-7.864723421454579 0.6250868937165135;8.113416011182
-7.866815453126427 0.6229402746325512;6.402884083806
-7.869464189435849 0.6202284908503842;3.0934781433700
-7.874917601130355 0.61473724526336;7.373819750946
-7.872628954907498 0.6170992806414689;5.201607652399
-7.869385916566207 0.6204602570916519;3.467913245141
-7.874212986087814 0.6155806411245351;6.6933342922168
-7.871710933991399 0.6181644456888885;3.8604033554397
-7.867372410723406 0.6226893020440946;6.131821799151
-7.870082929338893 0.6199182051704532;2.336794849257
-7.877122876712852 0.6129402666196824;8.710521912016
-7.875232164585824 0.6148877207762524;7.304856457674
-7.872978852963827 0.617211802767409;5.14587500086
-7.869781173708309 0.6205239993382691;3.47013114565
-7.874487477818848 0.6157697176912403;6.583124288819
-7.872005373776129 0.6183315757182247;3.699744747477
-7.86758733956617 0.6229423487238176;6.308647298510
-7.870157534986167 0.6203157264927924;3.0576288378248
-7.875434259103456 0.6150135419240682;7.2400445675711
-7.873204688532784 0.6173112942835756;5.083111877783
-7.87002979407155 0.6205977022574264;3.519888934432
-7.874581267647538 0.616001664556414;6.415499139967
-7.872082547992917 0.6185791717807941;3.36442835359
-7.867314233512992 0.6235684496657075;6.819942288284
-7.869645080985064 0.6211867223220227;4.349796722684
-7.873292735981092 0.6174847767792615;4.922907905325
-7.870065169680086 0.6208246326918111;3.8231080516634
-7.874192986485145 0.6166497482177177;5.834521926524
-7.871485837120312 0.6194429934091064;1.2857986083432
-7.859131859424815 0.634519750129075;13.006097468902
-7.860302349066813 0.6333383828573093;12.469229185314
-7.861523104558633 0.632106599187028;11.883570044836
-7.86280386595081 0.6308146426692974;11.236449457812
-7.864158194480427 0.6294489368559046;10.509015819862
-7.865606022396647 0.6279895421716707;9.67119428889
-7.867178943872108 0.6264048864462136;8.669935669087
-7.8689330279970715 0.624639030528945;7.395563538935
-7.870988518149264 0.6225723493380959;5.541930303891
-7.873729132823217 0.6198256610499006;1.1633814450125
-7.860521134779484 0.6368029006636601;13.778202398163
-7.86158149131555 0.6357593016957629;13.331029653622
-7.862677335211857 0.634680988894794;12.852600805586
-7.863813876710206 0.6335628697855679;12.336873588387
-7.864997818353484 0.6323983955531339;11.775706119061
-7.866238046342559 0.6311788875166711;11.157709335404
-7.867546802614808 0.6298923961872582;10.466165016113
-7.868941824942995 0.6285216201475716;9.67489318314
-7.870450662625187 0.6270397150471146;8.738966466140
-7.87212069468306 0.6254005839266401;7.569617424876
-7.874048049622882 0.6235109358565034;5.941233319111
-7.8765020778570625 0.6211107807182173;2.7006582256518
-7.8818709293827025 0.6159716727616187;7.27874335579
-7.87987697268447 0.6179407676457297;5.48365800419
-7.877230553764412 0.6205630561317684;0.7658360490525
-7.894310523479155 0.606845794766887;12.809955066324
-7.893247711029317 0.6079151564546555;12.316773204972
-7.892142658278107 0.6090272758602484;11.781980548130
-7.8909877895333524 0.610189832096134;11.195637472897
-7.889772812523292 0.6114132635337894;10.543405631181
-7.8884830881854535 0.6127124274670822;9.80335768236
-7.887096461409116 0.614109830855015;8.939130527147
-7.885576283415427 0.6156427563590392;7.882681527415
-7.883852906417378 0.6173822145142556;6.478058547707
-7.8817562443769145 0.6195023678190862;4.1665981448872
-7.878493799593692 0.6228266183345772;4.625531332868
-7.881413033649559 0.619916797879771;3.556601248427
-7.877602155711858 0.6238185263386279;5.724178565204
-7.879950847376419 0.6214696612640317;2.330762556828
-7.885678684459707 0.6159109818393079;7.72068950245
-7.88394680814196 0.6176595000106163;6.2714987031712
-7.881815011678741 0.6198162037255172;3.781334849066
-7.878274831134796 0.6234339131235808;5.276471740921
-7.880793125433019 0.6209178317854676;1.2507085316521
-7.869977027532157 0.6341483556905929;12.179824626934
-7.871039694933217 0.6330922092577098;11.665837883497
-7.872149109864067 0.6319898811690694;11.103951963322
-7.8733145744767175 0.6308321978560782;10.481369133584
-7.874549153954303 0.6296062834636437;9.778836013741
-7.875872281115794 0.6282930042260655;8.96515671819
-7.877315291541787 0.626861546726901;7.984005698289
-7.878935320140299 0.6252558406000379;6.714209085835
-7.880861135471518 0.6233499722212471;4.785905289177
-7.88356067523495 0.620690716876993;2.875235738039
-7.879041531251172 0.6253056735203185;6.73888701703
-7.880948281835719 0.6234188573638731;4.843429783517
-7.883599175230809 0.6208073125355004;2.6745524485227
-7.878767540345026 0.6257630857576029;7.101682796012
-7.880564533679765 0.623984351114945;5.453852470200
-7.882903224365405 0.6216764638330307;1.67897489441
-7.890386992630894 0.614709065506456;8.89409079271
-7.888967678544355 0.6161240227263138;7.9167341775158
-7.887373540426634 0.617714669344624;6.648300864376
-7.885475499815507 0.6196116384699961;4.706868360925
-7.8827930656648135 0.6223063893569941;3.057821861567
-7.886892413311778 0.6183146884193659;6.117056741574
-7.88484037584446 0.6203678384953694;3.680713086503
-7.881424492786203 0.6238223339178282;5.172703553668
-7.883836749691427 0.6214399798696236;1.064421371145
-7.8718027307858325 0.6387744842838148;13.849406198248
-7.872674985067907 0.6379354524415244;13.491736581595
-7.873570340614834 0.6370743311376379;13.11448088058
-7.874491425792318 0.6361886089271486;12.714740335420
-7.875441437722714 0.6352752316670925;12.288866902362
-7.876424335116162 0.634330418803913;11.832169562158
-7.877445125313054 0.6333493900528848;11.338457113798
-7.878510309141702 0.6323259420817551;10.799292262206
-7.8796286053650615 0.6312517596908658;10.202701691155
-7.880812206403576 0.6301152230323108;9.530772681691
-7.882079139128815 0.6288991680451038;8.754707985802
-7.883458221906655 0.6275761922415151;7.8231247076251
-7.885001284718238 0.6260971124800744;6.627707244901
-7.886822207375118 0.6243542528724768;4.852909468407
-7.88930747499034 0.6219854357184149;2.085782761718
-7.8834656321354055 0.6279193373217582;8.039290804880
-7.884953377544545 0.6264930489939147;6.926330647366
-7.886679814036426 0.6248399937820017;5.352932983083
-7.888912677664837 0.6227085047670747;1.9160314754252
-7.895090223655169 0.617066164604588;7.9320109811036
-7.89359317100144 0.618511199606185;6.786366638479
-7.891843574795462 0.6202024906482374;5.129368402485
-7.889527889258983 0.6224495847958033;0.19665077917037
-7.920145264265834 0.6046135885704048;15.07849475239
-7.9195229193332075 0.6053195771095219;14.808926892603
-7.918889324073371 0.6060383901484144;14.529322788119
-7.918243616764597 0.6067710103241296;14.238696948678
-7.917584813744614 0.6075185594678499;13.935899919009
-7.916911783253157 0.6082823284973132;13.619578376261
-7.916223211498626 0.60906381620596;13.288122017774
-7.91551755790106 0.6098647804401618;12.93959153384
-7.914792994935643 0.6106873069085411;12.571618826819
-7.914047325511433 0.6115339037244023;12.181265350542
-7.913277866618104 0.6124076346071925;11.764815167355
-7.912481280585511 0.6133123121583073;11.317462281469
-7.911653321670658 0.6142527883009278;10.832818780174
-7.910788439057238 0.6152354096257754;10.302101990639
-7.909879121572813 0.6162687696644517;9.71270574379
-7.90891474200239 0.617365037163192;9.045481091342
-7.907879333474422 0.6185425156337361;8.268975458537
-7.906746765380775 0.6198312078912105;7.325202672054
-7.905468239607673 0.6212872848349318;6.0847692262647
-7.903928611711222 0.6230439146692467;4.11603131281
-7.901648612552463 0.6256633608853297;3.6304889132430
-7.904217548902562 0.6227953556219857;4.460771989322
-7.902119889305404 0.6251990523442519;2.785151181208
-7.905457130546551 0.6215150311264129;5.892481260723
-7.9038764390976795 0.6233163764628009;3.757605696128
-7.901391928869621 0.6261737437882955;4.326563454578
-7.903535028996588 0.6237739152057696;2.995429878942
-7.900417772160079 0.6273899529763527;5.698973657497
-7.902040146893004 0.6255660462919947;3.4027860106525
-7.904754524754767 0.6225503411538641;4.817930474762
-7.902831987600224 0.624743879470843;1.4222040964985
-7.909221245909782 0.61813708758818;8.635267647290
-7.908160394068039 0.6193382815828928;7.800202810560
-7.906985991472777 0.6206689731459908;6.755394890513
-7.90562977185366 0.6222075420601353;5.295674819650
-7.903898580485139 0.6241773524116687;2.342114378971
-7.899953918299782 0.6288204074255894;6.896819185149
-7.901273657152306 0.6273379092136192;5.531572678363
-7.9029189490639205 0.6254947110222339;3.0761825339387
-7.905873244545904 0.6222352528600282;5.305886610923
-7.904156293713785 0.6241848581635049;2.4126293823383
-7.90035287095944 0.6286411710806052;6.718321477465
-7.901699487157845 0.6271317343079228;5.277585001111
-7.903413496659556 0.625216526249506;2.4232091035538
-7.907134411693647 0.6211702387528765;6.390785242198
-7.905720288893073 0.6227687677754545;4.748907567179
-7.903815246392365 0.624931531074203;1.5328367866729
-7.909622259389668 0.618894113050074;8.222811977484
-7.9085325952855 0.6201219208043423;7.319515432130
-7.90730840183254 0.6215025266212901;6.146883980493
-7.905850240128437 0.6231498140146632;4.3509139902660
-7.903787167287581 0.6254938715347192;2.841167221792
-7.906925703613854 0.6220568289165321;5.622637543718
-7.905336117067932 0.62385328158326;3.322627506095
-7.902637157944527 0.6269434983873219;4.947187068849
-7.904434974555878 0.6249430128277351;1.2129714132094
-7.911606989272144 0.6177722572426765;9.055812974832
-7.910634087047357 0.6188658353689407;8.336830901927
-7.909577332198401 0.6200542910992144;7.47734080258
-7.908399072991381 0.6213804562206954;6.382757532142
-7.90701843226478 0.6229366988793095;4.788220453388
-7.9051761237541385 0.625021961644974;1.0400957710116
-7.913361070130428 0.6170889091636912;9.57279033103
-7.912454656611458 0.6181076223312927;8.943747523586
-7.911484566645516 0.6191983341011379;8.216949076463
-7.91042870934173 0.6203861303783943;7.3439369372780
-7.909247275683675 0.6217163263316824;6.222196383129
-7.9078524570887945 0.6232893036640585;4.550823424472
-7.905942962199733 0.6254532563408058;2.055430986307
-7.910131141810251 0.6209698596992553;6.899770040125
-7.908879553546831 0.6223785526749243;5.611264726547
-7.9073397729647015 0.6241156960137465;3.4040122313198
-7.904793492119281 0.6270232179721992;4.674570487001
-7.906633162895267 0.6249817578288563;1.3121420059211
-7.899886510606335 0.6339500575749475;9.954776233187
-7.900741063904121 0.6330010472645446;9.39326748713
-7.9016467123470635 0.6319956962307943;8.759111801185
-7.9026179404263726 0.6309180921701001;8.023716504583
-7.90367819293056 0.6297425227482893;7.135197522778
-7.904870474587506 0.6284219466831471;5.980963445488
-7.906292801867966 0.6268496506421318;4.210199481331
-7.908312704006518 0.6246305239027067;2.82015666405
-7.905272662902787 0.6281047469938538;5.652455282308
-7.90677314176933 0.6264486707665237;3.5959226356676
-7.909130202801053 0.6238724658603727;4.108621736121
-7.907058877201564 0.6262016725856416;3.160788819419
-7.909734095961048 0.6232924495018539;4.864955906305
-7.9079908263686125 0.6252443880659665;1.1108789594686
-7.900082446043272 0.6371685362698003;11.447070121840
-7.900809929370194 0.6363751654688289;11.042421058706
-7.9015640842975765 0.6355528950592343;10.606703643466
-7.902349232692 0.6346970523448545;10.133255375750
-7.903171078377711 0.6338014743525044;9.612810349761
-7.90403743299621 0.6328577272737375;9.031869597301
-7.904959526139481 0.6318536995697576;8.369512239404
-7.905954605979012 0.6307708144356019;7.590373799702
-7.907051838743435 0.6295777228151876;6.626256884117
-7.908308712980586 0.6282128372451768;5.311824441007
-7.909876492780783 0.6265151809816782;2.9427494022739
-7.912702349059423 0.6235051664245468;5.123243233123
-7.9110746425658585 0.6252941270400639;2.380747220531
-7.907544765321067 0.6293010766022603;6.3521443769100
-7.908848887544955 0.6278872467600722;4.9079755580360
-7.910536544876675 0.6260643792498222;1.7485953364325
-7.915236414305148 0.6212528065302675;7.271274115143
-7.914100728621101 0.6224940070602116;6.214320357248
-7.912771500222144 0.6239490184495985;4.67974521488
-7.911004399303862 0.6258917967972358;0.7412422252836
-7.921419150993458 0.6168799056943459;10.320741130195
-7.920637822069943 0.6177360952640184;9.833509769732
-7.919817852132555 0.6186348698813748;9.29457032635
-7.918950401220321 0.619586002736;8.687846802520
-7.918022417240168 0.6206039410618374;7.987531103182
-7.917013074868705 0.6217117747994411;7.14767031714
-7.91588502851623 0.622951016186219;6.071743281343
-7.914556637544274 0.6244128223921309;4.48095005684
-7.912754235497497 0.6264061927537893;1.7220392335772
-7.917386850133389 0.6216503361613321;7.2317963750365
-7.916278114910596 0.6228675743151747;6.1909406304233
-7.914982579210693 0.6242921242264524;4.687077842930
-7.913269421748772 0.6261839766096359;0.3997182290428
-7.8902318570256815 0.6168143736388438;7.599497207309
-7.889299840257659 0.6179499845669251;6.699830777866
-7.888242413757829 0.6192397802467909;5.501905416390
-7.8869538925141605 0.6208150732112769;3.5216215911390
-7.884934484027773 0.6233097744113718;4.005942038994
-7.886696982791733 0.6211985814869879;2.851877626165
-7.884200212491233 0.6243110355381457;5.222028724664
-7.885549694086022 0.6226873290130512;2.9679889747775
-7.887921785827459 0.6198786350630993;4.832010440214
-7.886460059740137 0.6216656276513002;1.7441997843397
-7.882344820839067 0.6270735347570001;7.610600779567
-7.883265387574718 0.6259647799577426;6.733877863051
-7.884305871751298 0.6247130996405301;5.580211579627
-7.885561534115639 0.6232061065007248;3.7431054503915
-7.887432986400363 0.6209789687076488;3.3931020074144
-7.8853556828239535 0.6235350806657759;4.200546183966
-7.887020879680552 0.62154879882569;2.2620776698472
-7.883889189389035 0.6255014527135123;6.301579253308
-7.884996081567042 0.6241740232797326;4.963205498663
-7.8864014890903995 0.6224944637323183;2.347461974831
-7.889365684447493 0.6190511298115662;5.826086289555
-7.8881678135500986 0.6205023191586319;4.179958771611
-7.886495094887108 0.6225410075377372;2.414790665369
-7.889369885535342 0.6191986455775599;5.698188589045
-7.888148035721018 0.6206778421984396;3.9593314850041
-7.886385685117142 0.6228267500647775;2.9807954488320
-7.8887114715100335 0.6200942876054271;4.736406303422
-7.88724283067535 0.6218761513461745;1.4697246662046
-7.8824011338848425 0.6284720526171541;8.476692686334
-7.883213766642389 0.6275018314749178;7.800138597023
-7.884096932391322 0.6264481247160772;6.991295559220
-7.885082334659869 0.625273643078919;5.9611902836387
-7.886238088777266 0.6238986306792519;4.460865933366
-7.887782506929495 0.6220701611810939;1.0259484541236
-7.880725247351421 0.6363509062215331;12.387518790095
-7.8812747616346055 0.6357150074471402;12.091849522265
-7.881837730198662 0.6350636405323589;11.781275364045
-7.882415558053495 0.6343951926866294;11.453779392252
-7.883009927205278 0.633707733773797;11.106871795343
-7.883622881478747 0.6329989193288139;10.737423358868
-7.884256948377873 0.6322658513142216;10.341416649050
-7.884915320044132 0.6315048715025902;9.913559784931
-7.885602132877697 0.6307112424882247;9.446658557606
-7.886322921226917 0.6298786306799393;8.930535460513
-7.887085400101619 0.6289982155445284;8.350027308161
-7.887900927534231 0.6280570282583413;7.680897640462
-7.888787548474138 0.6270345016964269;6.880275227125
-7.889777400415157 0.6258941052737563;5.8591078723949
-7.890939839396957 0.6245573694087925;4.366264843189
-7.892499639417657 0.622772782656795;1.215742008605
-7.8866869939594535 0.6311530128091167;9.589150376190
-7.887391311902546 0.630345893969003;9.096629873583
-7.888133796234606 0.6294953539275546;8.546847988358
-7.888924078852464 0.6285904780056604;7.9200010525870
-7.889776954883844 0.6276145270728634;7.182612612138
-7.890717444599367 0.6265392580453341;6.270124862827
-7.89179487038827 0.6253092011807556;5.02601803279
-7.893139035626336 0.6237794556959659;2.783345457976
-7.895563344690954 0.6210704747151177;4.8467366331158
-7.894166382134864 0.6226870754848127;2.2381582515406
-7.891112326477097 0.6263553272925134;6.069881980921
-7.892220904990452 0.6250920279004795;4.733316928341
-7.8936425257261655 0.6234782272443505;1.9763231606416
-7.897032709525128 0.619783922202602;6.2237177599327
-7.895951898346277 0.6210279585292379;4.953185329603
-7.894592517703069 0.6225977673140171;2.5669191374603
-7.891951107227941 0.6257272633842365;5.404704357172
-7.893190194658007 0.6243194304665913;3.6195621943918
-7.895039843722042 0.6222365005946733;3.307446937419
-7.89300230085975 0.6246141968500853;4.045176879538
-7.894655013620667 0.6227481234679737;2.2741721171460
-7.891677598304967 0.6263079713546845;5.955911105935
-7.892797255132753 0.6250360787507253;4.574744879569
-7.894254934960722 0.623387282729644;1.416309930049
-7.8989088621206465 0.6185274448687961;7.3695939394766
-7.898006724036215 0.61956101417793;6.52031831895
-7.896986810281052 0.6207308546266881;5.399833150079
-7.895754415788985 0.6221477635270884;3.6010067258092
-7.893901095988916 0.6242989349519589;3.4301515120517
-7.895833024819724 0.6221326181174712;3.6392918557763
-7.89400201640089 0.6242561837807283;3.3429652032209
-7.895981435982566 0.6220395809376933;3.796814855982
-7.894229674571827 0.6240675265847764;2.9856909619766
-7.896442158447626 0.6216021608494902;4.420838719011
-7.8949420270015045 0.6233309303225254;0.5672577325499
-7.905481723559739 0.6145623799060701;10.220961314761
-7.904849604416244 0.6152885983583385;9.807613001145
-7.904190871575458 0.6160455610829078;9.357323690413
-7.903500459124192 0.6168391387106763;8.860680128311
-7.902771354979428 0.6176774651451941;8.303777213309
-7.901993333895736 0.6185724167501464;7.664650480264
-7.901150368974976 0.619542641389976;6.905122531581
-7.900214505735849 0.6206207510529946;5.948173669271
-7.899127600376555 0.6218748807770142;4.589693100589
-7.897717148686704 0.6235092141457556;1.5380840034330
-7.893418799080887 0.6290257785710563;7.7445204757078
-7.894247332123349 0.6280806811369944;7.013390277362
-7.895162298327027 0.6270379397433526;6.105506096573
-7.896213394477792 0.6258418801389144;4.858413629430
-7.89753434121841 0.6243438995679357;2.5377941348965
-7.900059017581414 0.6215452313058049;5.0846873019531
-7.8987945915153235 0.6230028635438845;3.032152113319
-7.896664440899737 0.62549773147077;4.4081036183820
-7.89811626721665 0.6238558846813731;0.7523120524647
-7.906174219109164 0.6165300366009866;9.265326408507
-7.905491890929086 0.6173128783717483;8.770311917443
-7.90477105182014 0.6181401827000124;8.214773813608
-7.904001439644713 0.6190238495023217;7.576446784437
-7.903166909976726 0.6199826340676458;6.816435939435
-7.902239141598116 0.6210495278497303;5.855621265503
-7.901158627947939 0.6222941745960159;4.480699215942
-7.899744552398224 0.6239304670137614;1.1575451964070
-7.894064111180521 0.6324001118812747;9.63231836434
-7.8947139085630855 0.6316634252898617;9.18530313535
-7.895395361249273 0.6308911043244428;8.691931364552
-7.8961155312867675 0.630075229354049;8.138196302669
-7.896884745929218 0.629204234511408;7.50190517000
-7.897719255630363 0.6282599538678515;6.744310292227
-7.898647572190207 0.6272106022394724;5.7866596657005
-7.899729598256612 0.6259897091766792;4.416946198835
-7.90114715685274 0.6243976082964166;1.099618928500
-7.9067177991808855 0.6188712140275938;7.95229432634
-7.905934452123688 0.6197628459489023;7.2839632107656
-7.905079121007054 0.6207370953899738;6.475144514049
-7.90411668159407 0.6218345788646906;5.420983182986
-7.902966318718569 0.6231493076374555;3.7885407881060
-7.901316247792982 0.6250501390387599;2.7452382253096
-7.903577295212452 0.6225531589925573;4.616811941475
-7.902227632151234 0.6240993535612609;1.8989072806218
-7.8989008543532835 0.628135751219725;6.509003092788
-7.899851504821222 0.6270637158664178;5.486509589562
-7.9009794046498 0.625794557849967;3.9450217080745
-7.902547857705937 0.6240412786401778;2.1688753411751
-7.899654563830328 0.6274858711162562;5.886537392378
-7.900703194698835 0.6263058618950126;4.59783924881
-7.902045770615759 0.6248011301178575;1.9648326972248
-7.905174689142664 0.6214342518713594;5.923165452821
-7.904132270954958 0.6226204155987289;4.639025338553
-7.902799652269502 0.6241428211821175;2.0199773986481
-7.89970215524919 0.6278576395692932;6.18922650942
-7.900694457704953 0.6267420319154698;5.053192152609
-7.901909917387936 0.6253794801979128;3.1477632289944
-7.903860022051641 0.6232210821242914;3.879653351167
-7.902269768918307 0.6250436560271501;2.439615389226
-7.904779766802276 0.6223024238624594;5.073681914088
-7.903568428435518 0.6236815821060729;3.155221681590
-7.901612503753708 0.6259396935532626;4.002054030703
-7.9031414040245265 0.6242358326638636;1.9199363482034
-7.899898637836077 0.6281452377103738;6.393796969503
-7.900852817829703 0.6270744149136628;5.349839774773
-7.901993276469772 0.6257975418965633;3.7392652672012
-7.903624674230183 0.6239850396735311;2.6435392764227
-7.901293848126874 0.626699129286765;4.914538473621
-7.902533105954134 0.6253143728794586;2.8741798358494
-7.904650209360562 0.6229868360783353;4.319922263906
-7.903235593935509 0.6245989607751756;0.3726458679521
-7.890869037538832 0.6167092353157533;7.734006685885
-7.890107648727007 0.6175879361000056;7.0567587966152
-7.889273046105104 0.6185518705378498;6.229505953704
-7.8883272783664555 0.6196455833136792;5.131389902423
-7.887178142187202 0.6209780561655217;3.3343355776697
-7.885403335235963 0.623060173615698;3.5768681467308
-7.887044911736405 0.6212026434812444;2.9402577019351
-7.885031141237459 0.6235784165861522;4.31213512704
-7.8863910923891885 0.6220325517366923;0.9206199162618
-7.892556693740128 0.6160851861294343;8.291095901950
-7.891854064159943 0.616895115382107;7.714253963514
-7.891098830061154 0.6177661437346139;7.041248356978
-7.890271267167619 0.6187213240217938;6.219873515839
-7.889334086841572 0.6198043977105233;5.13141548295
-7.888197153560827 0.6211218378678935;3.359838541711
-7.886454653831825 0.6231640557818084;3.4886788379804
-7.888119864814981 0.6212825445121972;3.090003785657
-7.886225333304784 0.623510433345541;4.002259785689
-7.887675179999245 0.6218663508234095;1.7177275873188
-7.8842244434176045 0.626184409576902;6.7846323323389
-7.88507688694565 0.6252107867147053;5.908773186734
-7.886055779379971 0.6240945205941986;4.707036409998
-7.887284671353067 0.6226982096104232;2.482051249663
-7.889611529394099 0.6201156568677456;4.862636678912
-7.8884192361215675 0.6214948235744396;2.808151641079
-7.886342965937276 0.6239435103818531;4.492664964491
-7.887627295664264 0.6224867137039429;1.865222831927
-7.8907068095972 0.6191482863653233;5.9238492244447
-7.889732494123467 0.6202708259088361;4.719998693743
-7.888508253415415 0.6216864220925494;2.4689763299681
-7.886149695727262 0.6244907777100636;5.097758910234
-7.887277177163968 0.6232102823453147;3.3660781265205
-7.888984178688049 0.621291605203963;3.2908326417589
-7.887226110695251 0.6233448447973978;3.5728703887318
-7.888832530149766 0.6215362902260764;2.8504166448548
-7.886801003463716 0.6239252314382795;4.3902632032808
-7.888106682728054 0.6224479111222526;1.5232532189898
-7.891837991796081 0.6185057731715462;6.582556847509
-7.890968107004675 0.6195047392092483;5.650510758372
-7.889954170846413 0.6206712628129322;4.3135419169894
-7.888623842483542 0.6222094043394831;0.9930033772979
-7.882539568528337 0.631628578616535;10.16231759827
-7.883096602777251 0.6309995580458303;9.802496939041
-7.8836741111060995 0.6303475716947223;9.414989312993
-7.884275418806736 0.6296689011260067;8.99384487550
-7.884904916991385 0.6289586400842592;8.530783483619
-7.885568623879953 0.628210071210681;8.01373212465
-7.886275199265351 0.6274135415300691;7.423958564634
-7.887037961928604 0.6265542314630576;6.729745971036
-7.88787947817947 0.6256070973696046;5.869771260364
-7.888844374661554 0.6245228223795972;4.694618487140
-7.890050885805239 0.6231718523904061;2.556494104305
-7.892263465042018 0.6207472676857649;4.637307787030
-7.891038689555476 0.622144906660281;2.3448997179388
-7.88859541966237 0.625023892225814;5.240802996912
-7.889673119235544 0.6238158795288131;3.6905177247309
-7.891203337685744 0.6221139129898299;2.4644221173205
-7.8888853199713465 0.6248317237192436;5.007700966155
-7.890011253167534 0.623571320368294;3.259223753522
-7.89174058258133 0.6216570631407387;3.395443403086
-7.890069747632466 0.6235786051887775;3.2562174823233
-7.891798683201614 0.6216654661375769;3.3965796420374
-7.890130330968728 0.6235835111715962;3.2490156331513
-7.8918611051758845 0.6216691109529456;3.405761700194
-7.890199213605552 0.6235789117030793;3.224963484538
-7.891940875993631 0.6216536264604073;3.446984036148
-7.890300981534148 0.6235366583728904;3.13262809384
-7.892091823904268 0.621559895773017;3.6144588228250
-7.890530580845235 0.6233489129693889;2.7490692117602
-7.892568109388634 0.6211139293050599;4.278285035237
-7.891252959488258 0.622612984713799;1.049425899732
-7.885637321732411 0.6323474922773313;10.27528063500
-7.886178083738422 0.63174704611031;9.935268753883
-7.886737377566864 0.631126157689394;9.570945746014
-7.887317989224718 0.6304817628763539;9.177497413784
-7.88792352350798 0.6298098998916835;8.748391108107
-7.888558794492592 0.6291052826677505;8.274407164700
-7.88923049677206 0.6283605685929587;7.741852659720
-7.889948453529714 0.6275649996866994;7.1289368199529
-7.890728197074373 0.626701600580378;6.397365751182
-7.891597184487534 0.625740455492536;5.468463462727
-7.892613878271559 0.6246182006246254;4.125537662710
-7.893961520765862 0.6231386152354466;0.2980022175723
-7.894522219686925 0.6148273144136455;9.190294854090
-7.893917312931371 0.6154918884963865;8.766011905973
-7.893283123809211 0.6161888466939138;8.297744057585
-7.892613123562782 0.6169254402439546;7.772189232632
-7.891897765535114 0.6177122881355179;7.16825898365
-7.89112202753586 0.6185661345515289;6.449100900970
-7.890259547501547 0.6195164544218542;5.5397048806360
-7.889254898258399 0.6206255476165913;4.237599927413
-7.887939378839884 0.622085340291112;1.0724823489882
-7.882505715994108 0.6307704493421528;9.73275860121
-7.883071574440769 0.6301568562323004;9.363910720654
-7.883659751404724 0.6295192259223213;8.96449341044
-7.884274167514078 0.6288533505740693;8.52736621929
-7.8849201168373835 0.6281535538531443;8.042311166306
-7.885605068611492 0.6274118372050022;7.493870509204
-7.88634020076656 0.6266162504611811;6.8568025047738
-7.887143698876968 0.6257473972164674;6.084988677757
-7.888049194357921 0.624769536253892;5.077140995140
-7.889134532454514 0.6236004798737653;3.5082896968674
-7.890704905562091 0.6219238130578718;2.6827202891430
-7.888630709803015 0.6242474969452567;4.428553072841
-7.88987317137445 0.6229130803990419;2.051110616290
-7.892547315359359 0.620142519821303;5.294130026800
-7.891506556867726 0.6212803515722687;3.8660892238884
-7.8900782061275665 0.6228529132340418;1.8087575912019
-7.893099388968427 0.6197605846911204;5.721590868376
-7.892139137946933 0.620808931634598;4.548406841187
-7.890929670807844 0.6221346196968841;2.3299670522368
-7.888547901104451 0.624831262585099;5.0603433359017
-7.889628888468411 0.6236683190081167;3.493680608123
-7.891194305226598 0.6219991259337602;2.6863266853763
-7.889138050245573 0.6242998209159242;4.39698471189
-7.890380317438728 0.62296736567284;1.9866753343703
-7.893120094782647 0.620139992256615;5.381531512290
-7.892103868959223 0.621249432642519;4.025579107261
-7.89074270735043 0.6227445302999057;1.0522354527724
-7.895806722317454 0.6179903492591617;7.401616912257
-7.895073037226371 0.6187886610702996;6.753895295706
-7.894268822872624 0.6196644623639463;5.962723840482
-7.8933575301692285 0.6206582730098902;4.912546753701
-7.892250379402431 0.6218692786166126;3.1942177313131
-7.8905409687018775 0.6237632929403837;3.4224548369731
-7.892123025315733 0.6220780198725914;2.8104130892507
-7.890178598881294 0.624246660755882;4.141143764048
-7.891484611671076 0.6228481138462646;0.9845169566109
-7.8968327879198075 0.6179017033949893;7.569526494708
-7.8961214837234435 0.6186756455177745;6.957680147821
-7.8953474957362655 0.6195184250958428;6.223220086340
-7.894481879248367 0.620462090777988;5.280666041166
-7.893461039695477 0.6215774866488367;3.8808389620646
-7.892068952156893 0.6231089844440935;1.6380548455609
-7.895327232716004 0.6198131522834374;5.9782011097853
-7.894428531830139 0.6207931480437897;4.947383350911
-7.893341584501851 0.6219818397825247;3.2869109064353
-7.891699636890528 0.6237987063106329;3.1983061963766
-7.893373442273035 0.6220201736602206;3.235516967628
-7.891706895213099 0.6238651658369295;3.2994798523948
-7.8933276765912765 0.622141298330278;3.0292551650382
-7.891547953047966 0.6241174295519178;3.6982282480962
-7.892992514617533 0.6225755177891987;2.065062660176
-7.890364436747052 0.6255871831357621;5.506234174261
-7.891332748452435 0.624545464744273;4.280358061255
-7.892578427059289 0.623211489823166;1.7049612379170
-7.895687716147394 0.6200555236372843;5.820458155343
-7.894771328463426 0.6210538554579906;4.733045314395
-7.893643177258912 0.6222870521665886;2.86531027390
-7.891769873447951 0.6243715767002592;3.9849936848010
-7.893103426626134 0.6229465158985495;0.8229488546368
-7.88609912763913 0.6252892888075839;5.838092075473
-7.886999337980219 0.6243114250307131;4.779112202581
-7.8880991186045 0.623120503418685;3.0201628054166
-7.8898385069905554 0.621262081529309;3.5331311344538
-7.888342359836861 0.6229255267507067;2.601959250298
-7.890358051537163 0.6207881919756909;4.251119869635
-7.889118419939295 0.6221583790920914;1.5161517789404
-7.885564207099936 0.62652601262789;6.880287150533
-7.886323987819674 0.625700656049905;6.152690919798
-7.887173699078457 0.624778727886363;5.220780455236
-7.888175185050194 0.6236945775493502;3.8440752828721
-7.889535286744378 0.6222317455451856;1.490542848151
-7.885928994950159 0.6266807592244894;6.950785787926
-7.886678514486749 0.6258677395836137;6.242676170541
-7.8875131312644635 0.6249634484747097;5.345422489985
-7.888487941752644 0.6239094368786214;4.0547447600669
-7.889773061180232 0.6225274572552743;0.6712383014717
-7.897055439738718 0.6164320902582607;8.507934608739
-7.896448854213065 0.617096136598756;8.047808507670
-7.895807553148547 0.6177984705547506;7.530568280255
-7.895122135737864 0.6185495161037656;6.93481712767
-7.89437770373273 0.6193658302293225;6.222800382956
-7.893547821560996 0.6202768914929693;5.316421563320
-7.892575794264629 0.6213462930381953;3.9975471061971
-7.891280527940048 0.6227800310202993;0.7757216349739
-7.897620630486841 0.617225748521572;8.082269174740
-7.896987735637907 0.6179199297251736;7.573660951024
-7.8963122741514145 0.6186611794120059;6.989749740576
-7.895580261865763 0.619465059440168;6.295450364879
-7.894767268316202 0.6203588445997588;5.419809229613
-7.8938223338394495 0.6213997404280067;4.173855961566
-7.892593235368169 0.6227607553968398;1.3230894014808
-7.8885997296367485 0.6279473296039598;7.535947773127
-7.889274342928872 0.6272135919065027;6.954429206793
-7.890005427277903 0.6264190208371092;6.263827244241
-7.890817192922824 0.62553774078072;5.3948996581441
-7.8917598037681636 0.6245164175015222;4.165584178790
-7.8929806353578735 0.6232001409937863;1.4657427947655
-7.896419280265843 0.6197516966142136;6.171383669983
-7.895595544510101 0.6206551377952471;5.264279905767
-7.894629187178856 0.6217173402894492;3.9381441348526
-7.893334756748187 0.6231492520256369;1.0306022127135
-7.898141179223503 0.6186288710840574;7.21648228793
-7.8974408372644795 0.6193959579497248;6.578280986380
-7.896672364844719 0.6202384282571856;5.796772293860
-7.895799887251966 0.6211963585276884;4.75411718286
-7.89473493506582 0.6223694082253828;3.0193667170947
-7.8930505048499295 0.6242528805187145;3.557194206549
-7.894467236400647 0.6227321245301236;2.24367750855
PointOptimal;ValeurOptimale
[-7.89446724  0.62273212];2.24367750855006
Temps;Nb iteration
0.05690360069274902;1000