Point;Valeur
-0.11952599270057895 0.4036127718942595;2.9186823968113
-0.1132014373802422 0.3972882165739227;2.873694743673
-0.10516059080762395 0.38922193610743344;2.8156042903192
-0.09628737720073653 0.3802603566140173;2.750258658348
-0.08704177974874826 0.3708190986442317;2.6806597371553
-0.0777080286386356 0.36113454058590155;2.608642428709
-0.06847861040174544 0.3513497420460478;2.5354172239941
-0.059492741794580944 0.3415540474448086;2.461807924500
-0.05085670675947303 0.331804198391147;2.388374049216
-0.04265535191515757 0.3221365413193463;2.3154812527495
-0.034958641739540906 0.31257443426781845;2.243346078021
-0.027825160796998757 0.303132872734669;2.1720677514106
-0.021303594849140347 0.29382142805144185;2.1016538064701
-0.015432843446147418 0.2846461311701545;2.0320432842142
-0.010241259013532688 0.2756106862269043;1.9631293736183
-0.005745453079495289 0.26671725550898034;1.8947819715227
-0.001949087771470862 0.25796697130152946;1.8268695632201
0.0011579694212698432 0.24936027582095702;1.7592790814366
0.003599835760449601 0.24089715491194616;1.6919320952099
0.0054139903261582675 0.2325773071636868;1.624795869359
0.0066498374118808745 0.22440027356952563;1.5578884536203
0.007366597310138765 0.21636554156534266;1.491277812611
0.007630756927670758 0.20847262991289053;1.4250758392126
0.007513338651539051 0.2007211565422889;1.3594286916377
0.00708721476938485 0.19311088938417237;1.294505156503
0.006424630385099777 0.18564177971717377;1.2304846823674
0.005595027029412695 0.17831397800730373;1.1675464417107
0.0046632019900725375 0.17112783310676316;1.1058603744892
0.0036878038496562485 0.1640838766334409;1.0455807343185
0.002720152141840835 0.1571827951308769;0.9868422582433
0.001803371623869402 0.15042539309456432;0.9297587463767
0.0009718403905321131 0.14381255011362054;0.8744235878121
0.0002509577702080628 0.1373451752445704;0.8209116171461
-0.0003427626371558898 0.13102416136667844;0.7692816389953
-0.0008012788571071339 0.124850341742873;0.7195790132735
-0.0011243058378993082 0.11882445040852531;0.6718378343774
-0.0013183397975237848 0.11294708740830785;0.6260824308399
-0.001395478571537979 0.1072186893619035;0.5823281175696
-0.0013721067235856132 0.10163950540559025;0.5405813104898
-0.0012675188823237655 0.0962095782490553;0.5008392336696
-0.001102552738959433 0.09092872990539658;0.46308949863728
-0.0008982960831219988 0.08579655157988687;0.4273098180269
-0.0006749222436005522 0.08081239721537398;0.39346804742413
-0.00045069705056635537 0.07597538025985642;0.3615226534788
-0.00024118893595527377 0.07128437331921932;0.3314236070129
-5.870240114681918e-05 0.06673801046211632;0.30311361702565
8.805616582772174e-05 0.062334692036534474;0.2765295684439
0.00019408238690334282 0.0580725919239129;0.25160400844091
0.00025796012618827674 0.05394966718627548;0.2282665408158
0.00028155221404804986 0.0499636700482306;0.20644502693064
0.00026952570294768097 0.04611216209788861;0.18606654318519
0.00022874742181770065 0.04239253049520643;0.16705809651741
0.00016758894719632087 0.038802005855524666;0.14934714043937
9.518120682770089e-05 0.035337681350942333;0.13286195796135
2.0658166860643823e-05 0.031996532467273596;0.1175319821647
-4.757304874849915e-05 0.02877543679718758;0.10328811210066
-0.00010250118475936594 0.025671193265045012;0.09006305619458
-0.00013908790521400047 0.022680540282505386;0.077791704321
-0.00015472498723617597 0.01980017252918656;0.06641150050725
-0.00014954633937072357 0.017026756321666833;0.05586276741767
-0.0001265702108492992 0.014356943834550617;0.04608892640684
-9.164318437182456e-05 0.011787386693356699;0.037036566087699
-5.3143284929570066e-05 0.009314749550455819;0.02865534011418
-2.1358549904262955e-05 0.006935723990038064;0.020897725776066
-7.335318050981524e-06 0.004647042175898942;0.013718775603255
-2.0538540223573353e-05 0.0024454879536721158;0.007076380462230
-6.19478317117226e-05 0.00032791400340494246;0.0009468515956285
-6.381563950948615e-06 -0.0017042884898273627;0.0048978335883056
-2.6579602559130342e-05 -0.0029761755409450493;0.00865409704363
-6.311371031791983e-05 -0.0036326181498485964;0.010627600081470
-8.289735634895966e-05 -0.003793484307155468;0.011115489392043
-7.593596668501274e-05 -0.003557768976485738;0.010402355118067
-5.1271029457093134e-05 -0.0030070738362593125;0.008747364414311
-3.0432389911182036e-05 -0.002208559669327802;0.006377248726945
-3.6424537751330304e-05 -0.0012174399732472415;0.0034844834486911
-6.92398116950496e-05 -7.9159513821727e-05;0.0002977555109282
0.000401853610233048 0.0009433638881868327;0.0029282343213985
-0.00029080413132067284 0.0014404317402361881;0.004213855398099
-0.0004351894748360817 0.0014960584772284354;0.004471527611848
6.642337304457258e-05 0.001205224728088755;0.003452860026055
0.00023142801548264283 0.0006275014400131569;0.0019036131273999
-0.0006207945286512954 -0.00015790996451392513;0.0018227129062360
0.0009133900514305477 -0.0007281902329702967;0.0033403235966176
0.0003430520306005989 -0.0009789305246517654;0.0029625768668175
-0.0009181193444953779 -0.000857023574068745;0.003594392001534
-0.00039277413222965206 -0.0005317868592815255;0.0018815448805362
0.0011359101167587727 -7.617461764660273e-06;0.0032472707810846
0.0003183656255562185 0.0003990908705598868;0.001450907442816
-0.0016184563449481314 0.0004467361351718313;0.004823935863967
-0.0013017923973901865 0.00038277186272818263;0.003886919780857
0.0006579787063449056 0.000222439513025993;0.0019773617359710
0.0005363500654663755 -3.645799154830895e-05;0.001528223341242
-0.0012071265388136194 -0.0002522530637245269;0.0035285163168090
-0.0009766903142318633 -0.0003678941010794214;0.0029809809165222
0.0006621642398835354 -0.0003539182379360985;0.0021386296732224
0.0005747472241900249 -0.00020004684916351042;0.001731147702571
-0.0009087204641373182 9.208200940291584e-06;0.002592372660963
-0.0006115308374898849 0.00015434950585562835;0.0017945067686433
0.000982175289058104 0.00016220604186098554;0.002842028693446
0.0008531062496324981 9.570694880763743e-05;0.002447709483590
-0.0005965955801862526 -1.5395128813153785e-05;0.0016974728744720
-0.0004136344428540496 -0.0001241025732989385;0.0012264238689354
0.0009501348744102073 -0.00015123787969568015;0.0027458669187474
0.0007543463048649055 -0.00013640963009183156;0.0021838655621699
-0.0006328891728941286 -8.543940557258621e-05;0.001817179432052
-0.0005122017734702753 -2.5486910819401427e-05;0.0014575210620009
0.0007799902495006915 6.175139780122502e-06;0.0022224159472727
0.0006093763706823065 6.786179267130151e-06;0.001733572892522
-0.0006879996408016757 -2.454352210380685e-05;0.0019598150383153
-0.0005659920340153643 -6.233255749472165e-05;0.0016191798256315
0.0006462293391831938 -8.511177250890533e-05;0.0018549104880705
0.0004985119846654519 -8.469303023389304e-05;0.0014370171961921
-0.0006977006140775083 -6.0591732829164095e-05;0.001993883103864
-0.0005667638861789817 -3.607055613134129e-05;0.001614881814465
0.0005958079665418949 -2.4882775068431097e-05;0.0016961375862969
0.0004640531089836361 -3.041528385165076e-05;0.0013211155305796
-0.000672234356572001 -4.928597159880531e-05;0.0019185672487722
-0.0005499068957196834 -6.475656746697203e-05;0.0015742827860130
0.0005468330725684523 -6.79123398702609e-05;0.0015666449575491
0.0004219333694029313 -5.9172634894354594e-05;0.001209920268571
-0.000653634704420033 -4.473307287887925e-05;0.001864512471616
-0.000531305460685272 -3.596001393277816e-05;0.0015137480591214
0.0005253970039401923 -3.803670874369596e-05;0.0014973254403756
0.0004098302450328294 -4.754188465700202e-05;0.0011714810671215
-0.000618353556077929 -5.720692383685432e-05;0.001766705505904
-0.0005032146432574734 -6.0911584302157426e-05;0.0014405368327636
0.0005022451845864493 -5.640266710216712e-05;0.001436295288435
0.00038830214273069053 -4.839692586280584e-05;0.0011108594142328
-0.0006007836785745976 -4.340614904395152e-05;0.0017133635521844
-0.00048972067218829 -4.32133626006556e-05;0.0013969573291454
0.00048137549270070394 -4.7843507837732345e-05;0.001374475068601
0.00037395889644535233 -5.309650383365848e-05;0.0010721228205241
-0.0005755591626241568 -5.44558474955852e-05;0.0016440974083344
-0.00046797980262820954 -5.285878859023713e-05;0.0013379696427620
0.0004665258806229091 -4.946898666079388e-05;0.001332792757018
0.0003613759299577983 -4.714939885405017e-05;0.0010343252067706
-0.0005581140224169945 -4.800632921507903e-05;0.0015927696096582
-0.00045519657426949643 -4.993296041069558e-05;0.0013007972944336
0.0004481367954949973 -5.1526017317434116e-05;0.0012812914628881
0.0003466612502178116 -5.162214286883936e-05;0.0009945887771962
-0.0005419378115430774 -5.008789188321196e-05;0.0015472519621937
-0.00044143078075392585 -4.880346285070517e-05;0.0012614143790834
0.00043471654514262736 -4.871497691625405e-05;0.0012423556491860
0.00033644323083607033 -4.966897428461583e-05;0.0009649990048679
PointOptimal;ValeurOptimale
[ 3.36443231e-04 -4.96689743e-05];0.0009649990048679058
Temps;Nb iteration
0.013362407684326172;143