Point;Valeur
-4.5658540684618165 -9.529395907410471;8.145947615571
-4.577953960381788 -9.536532257491496;8.139061894087
-4.592129878806798 -9.540835691198827;8.119829462430
-4.608355757642313 -9.542339104351417;8.088469567173
-4.62660338146563 -9.541077503801878;8.045245791445
-4.646842438494178 -9.537087954578926;7.990464115852
-4.669040575102611 -9.530409525482286;7.924470849518
-4.693163451818041 -9.521083233199386;7.847650442088
-4.719174800723273 -9.509151985014979;7.760423187726
-4.74703648419591 -9.494660520184556;7.663242832420
-4.776708554911701 -9.477655350044369;7.556594096016
-4.808149317039783 -9.458184696929893;7.440990120538
-4.841315388556279 -9.436298431976324;7.316969856412
-4.876161764602969 -9.412048011874203;7.185095398212
-4.912641881817282 -9.385486414653897;7.0459492815550
-4.950707683559978 -9.356668074573415;6.900131752639
-4.990309685965564 -9.325648816183037;6.7482580218511
-5.031397044742178 -9.292485787641395;6.590955512674
-5.073917622645824 -9.257237393357101;6.428861116933
-5.117818057555471 -9.219963226029995;6.262618467169
-5.163043831074582 -9.180723998166243;6.092875236652
-5.209539337585471 -9.13958147314102;5.920280477218
-5.257247953682823 -9.096598395882053;5.745482004773
-5.306112107913269 -9.051838423247553;5.569123841899
-5.356073350748424 -9.005366054171052;5.391843726625
-5.407072424718835 -8.957246559645522;5.214270695921
-5.459049334637347 -8.907545912618154;5.037022752070
-5.511943417840707 -8.856330717867126;4.86070461953
-5.565693414379339 -8.803668141930872;4.685905599425
-5.620237537085253 -8.749625843159054;4.513197528216
-5.675513541449508 -8.694271901954354;4.3431328466740
-5.731458795241511 -8.637674751272579;4.176242784547
-5.7880103478027065 -8.579903107448704;4.013035665916
-5.845104998949025 -8.52102590141412;3.8539953395260
-5.902679367417077 -8.461112210370654;3.6995797378771
-5.960669958790385 -8.400231189984627;3.5502195682353
-6.019013232842622 -8.338452007163909;3.4063171381362
-6.0776456702366595 -8.275843773479343;3.268245317383
-6.136503838519435 -8.212475479291149;3.136346637951
-6.195524457353403 -8.148415928638114;3.010932532622
-6.254644462926966 -8.083733674948325;2.89228271263
-6.313801071488016 -8.018496957626654;2.7806446840081
-6.37293184194596 -7.9527736395745645;2.6762334018162
-6.431974737488541 -7.886631145694563;2.5792310608629
-6.490868186162098 -7.820136402431599;2.489787021043
-6.5495511403652396 -7.7533557784013745;2.4080178649083
-6.6079631352069566 -7.686355026154007;2.3340075845972
-6.666044345682529 -7.619199225120471;2.267807894820
-6.723735642621623 -7.55195272578615;2.2094386681303
-6.780978647365624 -7.484679095136253;2.158888488310
-6.837715785131198 -7.417441063414088;2.1161153173363
-6.893890337021314 -7.350300472233037;2.0810472709854
-6.949446490643939 -7.283318224080028;2.0535834978438
-7.004329389302748 -7.216554233247533;2.033595156158
-7.058485179724513 -7.150067378228987;2.0209264826920
-7.11186105829016 -7.08391545561019;2.015395947503
-7.164405315738515 -7.018155135488649;2.0167974883329
-7.216067380313289 -6.952841918449441;2.024901818109
-7.266797859325451 -6.888030094125562;2.0394577989066
-7.316548579105808 -6.823772701368443;2.060193875570
-7.3652726233238734 -6.760121490052183;2.0868195621069
-7.412924369650871 -6.697126884533454;2.1190269738821
-7.459459524746957 -6.6348379487873785;2.156492398609
-7.504835157554656 -6.573302353237303;2.198877899107
-7.549009730881906 -6.512566343294672;2.2458329408168
-7.591943131260614 -6.452674709623774;2.296996037099
-7.6335966970678895 -6.393670760143551;2.351996405425
-7.67393324489951 -6.33559629377744;2.4104556276353
-7.712917094186435 -6.278491575959739;2.4719893075853
-7.750514090047974 -6.222395315905941;2.5362087196412
-7.786691624375688 -6.167344645651639;2.6027224416280
-7.821418655145378 -6.113375100863847;2.6711379660558
-7.8546657239551125 -6.060520603425982;2.7410632836369
-7.886404971789928 -6.008813445796252;2.8121084333450
-7.916610153015068 -5.958284277137445;2.883887013511
-7.945256647601394 -5.908962091214527;2.9560176487222
-7.972321471588871 -5.860874216054256;3.028125407552
-7.997783285794987 -5.814046305359645;3.0998431664811
-8.021622402776986 -5.768502331670395;3.170812915622
-8.043820792058924 -5.724264581258935;3.240687002234
-8.064362083635224 -5.681353650749522;3.3091293083062
-8.083231569764626 -5.639788445446997;3.3758163588227
-8.100416205070342 -5.599586179359418;3.440438357708
-8.115904604962473 -5.560762376897883;3.502700148736
-8.129687042402024 -5.52333087623538;3.562322099095
-8.141755443025758 -5.487303834304207;3.6190409036108
-8.15210337865337 -5.452691733411167;3.67261030802
-8.160726059199828 -5.419503389447432;3.722801750070
-8.167620323016902 -5.387745961669212;3.7694049173396
-8.172784625689458 -5.357424964023706;3.8122282215493
-8.176219027312673 -5.328544277993673;3.8510991888007
-8.177925178278924 -5.301106166932478;3.8858647660630
-8.17790630360297 -5.275111291860665;3.9163915442875
-8.176167185816034 -5.25055872869355;3.942565898930
-8.172714146460113 -5.227445986868397;3.964294048964
-8.167555026215265 -5.205769029338611;3.981502035772
-8.160699163693346 -5.18552229390147;3.994135623587
-8.15215737293266 -5.166698715824452;4.002160123455
-8.141941919629245 -5.149289751734979;4.005560142919
-8.13006649614147 -5.13328540473693;4.004339263915
-8.116546195304867 -5.11867425071656;3.998519651585
-8.101397483095447 -5.105443465799747;3.988141596931
-8.084638170180506 -5.093578854921768;3.9732629964559
-8.06628738239657 -5.08306488146971;3.9539587721015
-8.0463655301947 -5.073884697957357;3.9303202349978
-8.02489427709421 -5.066020177691702;3.902454396653
-8.001896507185984 -5.059451947389333;3.8704832313875
-7.977396291727859 -5.0541594207008;3.8345428938943
-7.951418854874554 -5.050120832600408;3.7947828959628
-7.923990538584931 -5.047313274598408;3.7513652464232
-7.895138766749904 -5.045712730732132;3.7044635584828
-7.864892008585238 -5.045294114292559;3.6542621286483
-7.833279741332617 -5.046031305242039;3.6009549914665
-7.800332412313495 -5.047897188279105;3.5447449543217
-7.76608140038055 -5.05086369150581;3.4858426165310
-7.73055897681066 -5.054901825652885;3.4244653769487
-7.6937982656848645 -5.0599817238179785;3.360836434259
-7.655833203799575 -5.066072681672565;3.295183784079
-7.6166985001543415 -5.073143198091999;3.22773921692
-7.576429595060582 -5.081161016164252;3.158737321020
-7.535062618916041 -5.090093164532988;3.088414493780
-7.4926343506900785 -5.09990599902955;3.017007965803
-7.449182176163562 -5.110565244549999;2.9447548409286
-7.404744045968111 -5.122036037132653;2.8718911559040
-7.359358433468555 -5.134282966192206;2.79865096300
-7.313064292532348 -5.147270116866792;2.725265438777
-7.265901015229456 -5.160961112434264;2.651962021994
-7.217908389505672 -5.175319156754912;2.578963583571
-7.169126556871855 -5.190307076697806;2.5064876312
-7.119595970151662 -5.205887364508707;2.4347455511578
-7.06935735132917 -5.222022220077627;2.363941889473
-7.018451649537834 -5.238673593065054;2.294273674704
-6.966919999231332 -5.255803224846016;2.2259297840197
-6.91480367857621 -5.27337269023187;2.159090354345
-6.862144068106056 -5.291343438930674;2.0939262399914
-6.808982609675901 -5.3096768367069505;2.030598517988
-6.755360765754649 -5.328334206203038;1.9692580421695
-6.70131997909341 -5.347276867384498;1.910045046781
-6.646901632806008 -5.3664661775730655;1.8530888002289
-6.592147010897671 -5.385863571031166;1.7985073093320
-6.537097259276894 -5.405430598062984;1.746407074259
-6.481793347284591 -5.425128963598001;1.6968828941118
-6.426276029774108 -5.444920565223255;1.6500177229217
-6.370585809774581 -5.464767530632624;1.6058825756298
-6.314762901768707 -5.484632254460716;1.5645364834285
-6.2588471956161325 -5.504477434471084;1.526026497660
-6.202878221151914 -5.524266107069324;1.4903877412942
-6.146895113488759 -5.5439616821120605;1.4576435068203
-6.090936579050611 -5.563527976984177;1.4278053992621
-6.035040862364699 -5.582929249917479;1.4008735228262
-5.979245713637206 -5.602130232525405;1.3768367095870
-5.9235883571374615 -5.621096161528897;1.3556727884563
-5.868105460414548 -5.639792809649745;1.337348892566
-5.812833104368044 -5.658186515649361;1.3218218030788
-5.757806754195255 -5.676244213490902;1.3090383273279
-5.703061231234505 -5.693933460605007;1.2989357091073
-5.648630685724203 -5.711222465239439;1.291442068830
-5.594548570495748 -5.728080112874726;1.286476871217
-5.540847615617097 -5.744475991688769;1.2839514181015
-5.487559804003105 -5.760380417054517;1.283769363891
-5.434716348007352 -5.775764455055636;1.285827251188
-5.382347667009038 -5.790599945007192;1.290015064031
-5.330483366007423 -5.8048595209679705;1.2962167962039
-5.279152215235533 -5.818516632233943;1.304311032061
-5.228382130802936 -5.831545562801789;1.3141715373028
-5.1782001563768025 -5.843921449794112;1.3256678571
-5.128632445909528 -5.855620300837693;1.338665919347
-5.079704247419453 -5.866619010388455;1.3530286396889
-5.031439887830632 -5.876895374997092;1.368616527257
-4.983862758876032 -5.886428107510793;1.3852882873375
-4.936995304067989 -5.895196850207704;1.4029014194276
-4.890859006738032 -5.903182186861507;1.4213128081450
-4.8454743791475385 -5.910365653734844;1.4403793048025
-4.800860952669582 -5.916729749501505;1.4599582975284
-4.757037269040781 -5.922257944098029;1.4799082678889
-4.714020872681558 -5.9269346865068355;1.5000893320682
-4.671828304081674 -5.9307454114734535;1.5203637647587
-4.6304750942471635 -5.933676545162401;1.5405965040212
-4.5899757602036715 -5.935715509756201;1.5606556354865
-4.550343801549975 -5.936850727003902;1.5804128543802
-4.511591698055001 -5.937071620725846;1.5997439039767
-4.473730908289934 -5.936368618282858;1.6185289892048
-4.436771869286977 -5.934733151018788;1.636653164254
-4.4007239972145165 -5.93215765368609;1.6540066931586
-4.3655956890579874 -5.928635562865434;1.6704853824587
-4.331394325294869 -5.924161314391015;1.6859908851755
-4.298126273551124 -5.918730339794009;1.7004309754572
-4.265796893225671 -5.912339061777595;1.7137197933902
-4.234410541068632 -5.904984888737975;1.7257780595925
-4.2039705776984135 -5.896666208346326;1.7365332593396
-4.174479375041502 -5.887382380207533;1.7459197960941
-4.145938324678643 -5.877133727612452;1.753879114438
-4.118347847079831 -5.865921528400796;1.760359792533
-4.091707401710121 -5.853748004953085;1.7653176043284
-4.066015497987629 -5.840616313330115;1.7687155519036
-4.041269707073801 -5.826530531579487;1.7705238683783
-4.017466674476566 -5.811495647229314;1.7707199919842
-3.9946021334452646 -5.795517543989848;1.7692885119692
-3.9726709191359793 -5.778602987683956;1.7662210871107
-3.951666983525922 -5.760759611428712;1.7615163377068
-3.931583411053981 -5.741995900090156;1.7551797120044
-3.912412434965047 -5.722321174034248;1.7472233281035
-3.8941454543343417 -5.701745572197198;1.7376657924551
-3.876773051748348 -5.680280034499051;1.726531996141
-3.86028501161788 -5.6579362836247915;1.713852890189
-3.8446703390988257 -5.634726806197365;1.6996652412328
-3.8299172795956085 -5.6106648333677525;1.684011368882
-3.8160133388220343 -5.585764320847258;1.6669388662133
-3.8029453033940217 -5.560039928407785;1.6485003048224
-3.7906992619281414 -5.533506998875541;1.6287529259310
-3.7792606266201725 -5.50618153664492;1.6077583190435
-3.768614155277025 -5.478080185738323;1.5855820896869
-3.758743973775721 -5.449220207438731;1.5622935177701
-3.7496335989226535 -5.419619457521678;1.5379652081113
-3.7412659616863153 -5.389296363113383;1.5126727346774
-3.7336234307765586 -5.3582698992019795;1.4864942800788
-3.726687836543513 -5.326559564828908;1.4595102718462
-3.7204404951689143 -5.294185358987376;1.431803017002
-3.7148622331228935 -5.261167756255281;1.4034563364195
-3.7099334118590916 -5.227527682189154;1.374555200410
-3.705633952721222 -5.193286488506661;1.3451853670002
-3.7019433620338087 -5.158465928084263;1.3154330242376
-3.6988407563505046 -5.123088129797248;1.2853844379149
-3.696304887833018 -5.087175573228662;1.2551256059717
-3.6943141697341835 -5.050751063273841;1.2247419208345
-3.6928467019584374 -5.013837704667123;1.1943178408750
-3.6918802966736743 -4.976458876456981;1.1639365721138
-3.6913925039481854 -4.938638206455592;1.1336797612309
-3.6913606373870227 -4.900399545688766;1.1036272008817
-3.6917617997419647 -4.861766942871823;1.0738565482447
-3.6925729084700563 -4.822764618936631;1.0444430576584
-3.6937707212155653 -4.783416941635031;1.0154593281304
-3.69533186119058 -4.74374840024299;0.9869750664288
-3.697232842430125 -4.703783580390089;0.9590568663868
-3.6994500948978053 -4.663547139038273;0.9317680049783
-3.7019599894182202 -4.623063779633214;0.9051682556398
-3.7047388624131625 -4.582358227451718;0.8793137192411
-3.707763040418879 -4.54145520516774;0.8542566730241
-3.711008864362031 -4.500379408659333;0.8300454377541
-3.714452713572449 -4.4591554830784;0.8067242632510
-3.7180710295115924 -4.417807999204602;0.7843332323878
-3.7218403391956043 -4.376361430104112;0.7629081835739
-3.725737278292858 -4.334840128113799;0.742480651661
-3.729738613875927 -4.2932683021703575;0.7230778271465
-3.7338212668090036 -4.251669995503879;0.7047225334574
-3.737962333751842 -4.21006906371446;0.6874332220701
-3.7421391087622933 -4.168489153250009;0.671223985106
-3.7463291044796363 -4.126953680302704;0.6561045850216
-3.7505100728720224 -4.0854858101412574;0.6420805009257
-3.7546600255314533 -4.044108436895138;0.629152991015
-3.758757253500718 -4.002844163806545;0.6173191705571
-3.7627803466171046 -3.9617152839653507;0.6065721047933
-3.766708212358377 -3.9207437615412775;0.5969009161131
-3.7705200941773507 -3.8799512135273804;0.5882909047706
-3.7741955893116415 -3.83935889200779;0.5807236824047
-3.777714666056311 -3.7989876669624256;0.5741773175736
-3.781057680487328 -3.7588580096204103;0.5686264924859
-3.7842053926248034 -3.7189899763734497;0.5640426700827
-3.787138982025401 -3.6794031932596964;0.5603942705983
-3.7898400627941147 -3.640116841027964;0.5576468567105
-3.7922906980062074 -3.601149640791365;0.5557633263718
-3.794473413530798 -3.5625198402789633;0.5547041124020
-3.7963712112484607 -3.524245200693241;0.5544273879130
-3.7979675816554335 -3.4863429841804243;0.5548892766333
-3.7992465158482873 -3.448829941920164;0.5560440671974
-3.800192516883107 -3.4117223028403267;0.5578444304690
-3.8007906105041687 -3.3750357629619105;0.5602416389727
-3.801026355237782 -3.3387854753785873;0.5631857875193
-3.800885851847507 -3.3029860408744107;0.5666260141238
-3.8003557521477958 -3.2676514991829;0.570510720330
-3.799423267173567 -3.2327953208897653;0.5747877900804
-3.7980761747041716 -3.1984303999809502;0.5794048062819
-3.796302826140602 -3.1645690470370873;0.584309264263
-3.794092152735657 -3.1312229830747538;0.5894487813245
-3.791433671177199 -3.0984033340341512;0.5947713016339
-3.7883174885256445 -3.066120625912417;0.60022529573
-3.7847343065070023 -3.0343847805409214;0.605759954012
-3.780675425163824 -3.003205112004398;0.6113253733867
-3.7761327458667537 -2.972590323699076;0.6168727367526
-3.77109877369017 -2.942548506026506;0.6223544844758
-3.7655666191559325 -2.9130871347189085;0.6277244774879
-3.759529999349728 -2.884213069791512;0.6329381514804
-3.7529832384154314 -2.8559325551167962;0.6379526617616
-3.7459212674329554 -2.8282512186146045;0.6427270183876
-3.738339623686168 -2.8011740730521284;0.6472222112220
-3.730234449327587 -2.774705517446654;0.6514013246287
-3.7216024894473154 -2.748849339063848;0.6552296415460
-3.7124410895540847 -2.723608716003485;0.658674736741
-3.702748192476886 -2.6989862203643904;0.661706559090
-3.6925223346961378 -2.6749838219794744;0.6642975027684
-3.681762642113708 -2.651602892711629;0.6664224672991
-3.670468825271694 -2.628844211300461;0.6680589064349
-3.658641174030384 -2.606707968749664;0.6691868659023
-3.646280551715993 -2.5851937742441518;0.6697890100823
-3.633388388749488 -2.5643006615859116;0.669850637739
-3.619966675768061 -2.5440270961368388;0.6693596869550
-3.606017956251195 -2.5243709822566394;0.6683067294616
-3.591545318663728 -2.5053296712234685;0.6666849546091
-3.5765523881286057 -2.4868999696245457;0.6644901432353
-3.5610433176424183 -2.469078148203714;0.6617206317454
-3.5450227788470556 -2.4518599511524943;0.6583772667369
-3.5284959523711867 -2.4352406058310354;0.6544633505410
-3.5114685177556435 -2.4192148329049115;0.6499845780755
-3.4939466429768116 -2.4037768568834625;0.6449489654357
-3.47593697358273 -2.388920417045288;0.6393667706706
-3.4574466214565107 -2.374638778735952;0.6332504072156
-3.4384831532221867 -2.3609247450230657;0.6266143504724
-3.4190545783081543 -2.3477706686934474;0.6194750380443
-3.399169336683518 -2.3351684645769897;0.6118507641505
-3.3788362862830494 -2.323109622181733;0.6037615687542
-3.358064690136363 -2.3115852186243093;0.5952291219531
-3.3368642032172153 -2.300585931840046;0.5862766041846
-3.3152448590288595 -2.29010205405661;0.5769285828069
-3.293217055941641 -2.2801235055152267;0.567210885618
-3.270791543298857 -2.270639848423252;0.5571504718822
-3.2479794073072297 -2.2616403011217985;0.5467753014127
-3.224792056728254 -2.253113752452281;0.5361142022926
-3.201241208386751 -2.2450487763054126;0.5251967377659
-3.1773388725129217 -2.237433646336354;0.5140530728573
-3.153097337934361 -2.2302563508296944;0.5027138412533
-3.1285291571342557 -2.2235046076978784;0.4912100129696
-3.1036471311921345 -2.2171658795967994;0.4795727633153
-3.0784642946234215 -2.2112273891423144;0.46783334365011
-3.0529939001339823 -2.2056761342114406;0.45602295441321
-3.0272494033057913 -2.200498903312149;0.44417262088340
-3.0012444472297513 -2.195682291005718;0.4323130721109
-2.974992847101591 -2.191212713365691;0.4204746234397
-2.9485085747966324 -2.187076423457722;0.4086870630161
-2.9218057434390836 -2.1832595268245414;0.3969795426554
-2.8948985919813928 -2.1797479969605935;0.3853804734162
-2.867801469808984 -2.1765276907610223;0.3739174262015
-2.8405288213855715 -2.1735843639297596;0.3626170376842
-2.813095170953956 -2.170903686331834;0.35150492182455
-2.7855151073072 -2.168471257275052;0.3406055872202
-2.7578032686445995 -2.1662726207065632;0.3299423605033
-2.7299743275268673 -2.1642932803099417;0.3195373159663
-2.7020429759445466 -2.162518714488738;0.3094112115751
-2.674023910513508 -2.1609343912226637;0.2995834314968
-2.6459318178110984 -2.1595257827828624;0.2900719352390
-2.6177813598661848 -2.1582783802929626;0.28089321347485
-2.5895871598161353 -2.157177708122941;0.2720622505934
-2.561363787743376 -2.156209338103112;0.2635924939929
-2.533125746704002 -2.1553589035457867;0.25549583010
-2.5048874589604297 -2.1546121130626052;0.24778256710278
-2.4766632524299013 -2.1539547641657695;0.24046142425563
-2.448467347360218 -2.1533727566416982;0.2335395277958
-2.4203138432437967 -2.1528521056861476;0.22702241322886
-2.392216705980778 -2.1523789547899526;0.22091403392302
-2.3641897553015885 -2.1519395883651065;0.21521677582841
-2.3362466524588443 -2.1515204441010933;0.209931478143
-2.3084008881984195 -2.151108125041973;0.20505745972707
-2.280665771018757 -2.1506894113747586;0.20059255104183
-2.253054415727417 -2.1502512719203826;0.19653313138286
-2.2255797323033346 -2.1497808753187053;0.19287417114735
-2.1982544150728502 -2.149265600899384;0.18960927887132
-2.171090932207259 -2.148693049231018;0.18673075275336
-2.144101515549199 -2.148051052341191;0.184229636370
-2.1172981507747544 -2.1473276836005017;0.18209577828264
-2.0906925678977797 -2.146511267264115;0.18031789520684
-2.064296232122563 -2.1455903876647118;0.1788836384459
-2.038120335050476 -2.1445538980511345;0.17777966323577
-2.0121757862459453 -2.1433909290675346;0.1769917006806
-1.9864732051665652 -2.142090896868053;0.17650463193871
-1.961022913461789 -2.1406435108626796;0.17630256431697
-1.935834927644277 -2.1390387810901674;0.17636890893516
-1.9109189521374852 -2.1372670252144745;0.17668645961870
-1.8862843727027525 -2.135318875141452;0.17723747268193
-1.8619402502486264 -2.133185283252984;0.17800374726674
-1.837895315024871 -2.1308575282562283;0.17896670590587
-1.814157961203101 -2.12832722064596;0.18010747498571
-1.790736241845635 -2.1255863077784327;0.1814069647907
-1.767637864263716 -2.122627078555616;0.18284594881918
-1.744870185765909 -2.1194421677190225;0.18440514206903
-1.7224402097969846 -2.116024559752748;0.1860652780032
-1.7003545824673356 -2.1123675923957665;0.1878071839144
-1.6786195894724447 -2.1084649597638894;0.1896118544208
-1.6572411534016636 -2.104310715082201;0.19146052283825
-1.6362248314350625 -2.0998992730291173;0.1933347301864
-1.6155758134268376 -2.0952254116936793;0.19521639160294
-1.595298920373322 -2.090284274147959;0.19708785995022
-1.5753986032633394 -2.0850713696369194;0.1989319864207
-1.5558789423081871 -2.079582574388345;0.20073217795730
-1.5367436465482933 -2.073814132045883;0.2024724513238
-1.5179960538331745 -2.067762653728526;0.20413748367866
-1.4996391311710031 -2.061425117720246;0.2057126595180
-1.481675475443751 -2.0547988687937955;0.2071841138757
-1.4641073144835628 -2.047881617173048;0.20853877168093
-1.4469365085056851 -2.0406714371385304;0.20976438319486
-1.4301645518929909 -2.0331667652811265;0.21084955546293
-1.4137925753267742 -2.0253663984092567;0.21178377973622
-1.3978213482582882 -2.01726949111509;0.2125574548339
-1.382251281715128 -2.008875553005651;0.2131619064342
-1.3670824314363483 -2.0001844456049653;0.21358940229828
-1.3523145013298965 -1.9911963789336578;0.2138331634470
-1.3379468472457068 -1.9819119077726568;0.2138873713275
-1.3239784810575255 -1.9723319276179032;0.21374717102009
-1.3104080750463365 -1.9624576703332457;0.21340867055124
-1.2972339665779944 -1.9522906995088853;0.21286893639459
-1.2844541630674813 -1.9418329055329842;0.21212598525156
-1.2720663472219305 -1.9310865003842357;0.21117877221979
-1.2600678825544647 -1.9200540121534444;0.21002717546776
-1.2484558191605775 -1.9087382793022665;0.20867197754637
-1.237226899748733 -1.8971424446675589;0.20711484347854
-1.226377565916577 -1.8852699492198521;0.20535829577831
-1.2159039646640897 -1.873124525584669;0.20340568655987
-1.2058019551347827 -1.8607101913355708;0.20126116690540
-1.196067115575941 -1.8480312420679363;0.19892965366821
-1.1866947505087784 -1.8350922442625788;0.1964167938942
-1.1776798980992698 -1.8218980279485026;0.19372892705094
-1.1690173377202582 -1.808453679174121;0.19087304525743
-1.1607015976954267 -1.7947645322964214;0.1878567517139
-1.1527269632155432 -1.7808361620976014;0.18468821753203
-1.145087484417392 -1.7666743757388206;0.18137613716826
-1.1377769846156776 -1.7522852045607624;0.17792968266809
-1.130789068678168 -1.737674895740731;0.1743584569240
-1.1241171315342784 -1.722849903816081;0.17067244615477
-1.1177543668072614 -1.707816882083831;0.1668819718092
-1.1116937755601726 -1.6925826738862852;0.1629976420988
-1.105928175145727 -1.6771543037925634;0.159030303357
-1.1004502081501712 -1.6615389686858766;0.15499099142946
-1.0952523514213024 -1.6457440287664504;0.15089088326859
-1.0903269251707906 -1.629776998479943;0.14674124895291
-1.085666102140965 -1.6136455373811742;0.14255340428173
-1.0812619168262674 -1.5973574409429827;0.13833866414148
-1.0771062747396185 -1.5809206313199582;0.13410829680748
-1.073190961714005 -1.5643431480767533;0.12987347934532
-1.0695076532296348 -1.5476331388906028;0.12564525426743
-1.066047923757095 -1.5307988502376393;0.12143448759219
-1.0628032561070386 -1.5138486180724857;0.117251828444
-1.059765050776981 -1.4967908585105176;0.11310767032941
-1.0569246352859043 -1.4796340585221173;0.10901211419450
-1.0542732734874822 -1.4623867666481078;0.10497493340109
-1.0518021748528237 -1.445057583745457;0.1010055406969
-1.049502503713789 -1.4276551537722149;0.097112957286
-1.0473653884580247 -1.4101881546205273;0.09330578408243
-1.0453819306670358 -1.3926652890064122;0.08959217519844
-1.043543214188732 -1.3750952754248749;0.08597981376188
-1.0418403141360375 -1.3574868391787427;0.08247589007921
-1.040264305803324 -1.3398487034894826;0.07908708220429
-1.0388062734925945 -1.3221895806980868;0.07581953893573
-1.03745731924149 -1.3045181635639183;0.07267886526316
-1.036208571445403 -1.2868431166692742;0.06967011027141
-1.0350511933661255 -1.2691730679372017;0.06679775750195
-1.0339763915197009 -1.2515166002699374;0.0640657177609
-1.0329754239362798 -1.2338822433151362;0.06147732435399
-1.0320396082850374 -1.2162784653668497;0.05903533071780
-1.031160329857376 -1.198713665408032;0.056741910411146
-1.0303290494018607 -1.1811961653011203;0.054598659417610
-1.0295373108045558 -1.1637342021330341;0.0526066007051
-1.0287767486086299 -1.1463359207207064;0.05076619097968
-1.0280390953673322 -1.1290093662830596;0.04907732956128
-1.0273161888246725 -1.111762477285099;0.04753936930674
-1.0265999789183453 -1.094603078459565;0.0461511294930
-1.025882534599703 -1.0775388740113678;0.04491091057238
-1.0251560504657822 -1.060577441009775;0.04381651070164
-1.0244128531986436 -1.0437262229730973;0.04286524394689
-1.0236454078075394 -1.0269925236503745;0.04205396005545
-1.0228463236696381 -1.0103835010043274;0.041379065686633
-1.0220083603652899 -0.9939061613995809;0.04083654698730
-1.0211244333040663 -0.9775673539999289;0.040421993395741
-1.0201876191380574 -0.9613737653781796;0.04013062255458
-1.0191911609591386 -0.9453319143418379;0.039957306211618
-1.0181284732771936 -0.9294481469776635;0.03989659698578
-1.016993146776513 -0.9137286319178752;0.039942755874495
-1.0157789528478365 -0.8981793558305396;0.040089780378247
-1.0144798478937647 -0.8828061191364129;0.04033143311811
-1.0130899774055138 -0.8676145319542649;0.04066127082257
-1.011603679809233 -0.8526100102764768;0.041072673560902
-1.0100154900803475 -0.8377977723764309;0.041558874101898
-1.0083201431246507 -0.8231828354489886;0.042112987278589
-1.0065125769251018 -0.8087700124850873;0.04272803924198
-1.0045879354535403 -0.7945639093812559;0.043396996489627
-1.0025415713467614 -0.7805689222846017;0.04411279455790
-1.0003690483466463 -0.7667892351735724;0.044868366270633
-0.9980661435042759 -0.7532288176745694;0.04565666944036
-0.9956288491481914 -0.7398914231142482;0.04647071392295
-0.9930533746172059 -0.7267805868071014;0.04730358793072
-0.990336147758397 -0.713899624577703;0.04814848351415
-0.9874738161911399 -0.7012516315167426;0.048998721127308
-0.9844632483382647 -0.6888394809697751;0.049847773197382
-0.9813015342256477 -0.6766658237573753;0.0506892866244
-0.9779859860517622 -0.6647330876251734;0.05151710414338
-0.9745141385289288 -0.6530434769220334;0.05232528448461
-0.9708837489982107 -0.6415989725044191;0.05310812127908
-0.9670927973201228 -0.6304013318647974;0.05386016065541
-0.9631394855435049 -0.6194520894817163;0.05457621748634
-0.9590222373551222 -0.6087525573889958;0.055251390246242
-0.9547396973127448 -0.5983038259612904;0.05588107444835
-0.9502907298646502 -0.588106764913072;0.05646097463639
-0.9456744181586657 -0.5781620245079164;0.056987114911713
-0.9408900626440627 -0.5684700369747849;0.05745584798309
-0.935937179469778 -0.5590310181278267;0.05786386273266
-0.9308154986826134 -0.5498449691860574;0.05820819029731
-0.9255249622292147 -0.5409116787890967;0.058486208670857
-0.9200657217658096 -0.5322307252050053;0.05869564583817
-0.9144381362798186 -0.5238014787260957;0.05883458145790
-0.908642769527611 -0.5156231042484517;0.05890144711606
-0.9026803872928109 -0.507694564030748;0.058895025177711
-0.8965519544697009 -0.500014620627826;0.05881444626940
-0.8902586319763997 -0.4925818399943526;0.058659185429486
-0.8838017735026009 -0.4853945947537655;0.0584290569681
-0.8771829220968004 -0.4784510676275932;0.05812420808307
-0.8704038065980292 -0.47174925502012244;0.05774511128155
-0.8634663379172246 -0.4652869707532828;0.0572925556617
-0.856372605173473 -0.4590618499465204;0.05676763711192
-0.8491248716904435 -0.453071353036337;0.05617174748650
-0.8417255708584225 -0.44731276993008773;0.0555065628242
-0.834177301867442 -0.4417832242885491;0.054774030672830
-0.826482825317059 -0.43647967793169223;0.053976356588746
-0.8186450587084224 -0.4313989353620316;0.05311598988281
-0.8106670718243175 -0.42653764839985925;0.05219560868255
-0.8025520820029369 -0.4218923209246161;0.05121810438465
-0.7943034493111721 -0.41745931371660594;0.05018656557161
-0.7859246716232673 -0.41323484939321264;0.049104261466912
-0.7774193796107058 -0.40921501743374794;0.04797462500402
-0.7687913316492403 -0.4053957792870252;0.04680123558404
-0.7600444086489895 -0.4017729735557322;0.045587801596875
-0.7511826088135506 -0.39834232125165453;0.044338142780104
-0.7422100423340838 -0.3950994311157975;0.043056172489071
-0.7331309260243337 -0.392039804997439;0.041745879950326
-0.7239495779025474 -0.3891588432861571;0.04041131256945
-0.714670411726247 -0.38645185039087226;0.039056558362565
-0.7052979314857996 -0.38391404025996567;0.03768572857880
-0.6958367258627088 -0.3815405419365462;0.03630294057934
-0.6862914626585299 -0.379326405142968;0.034912301035661
-0.6766668832002791 -0.37726660588872724;0.03351788950779
-0.6669677967281733 -0.37535605209590306;0.032123742460143
-0.6571990747714959 -0.37358958923634655;0.030733837769848
-0.6473656455183374 -0.37196200597487283;0.029352079779433
-0.6374724881849091 -0.37046803981275556;0.027982284942431
-0.627524627390069 -0.36910238272588586;0.026628168107245
-0.6175271275406429 -0.3678596867920146;0.025293329481099
-0.6074850872330503 -0.36673456980157;0.02398124231240
-0.5974036336766775 -0.3657216208466052;0.022695241326253
-0.5872879171443627 -0.3648154058825146;0.021438511943976
-0.5771431054552796 -0.36401047325723523;0.020214080314150
-0.5669743784954142 -0.3633013592027336;0.019024804178447
-0.5567869227807475 -0.3626825932836694;0.01787336459209
-0.5465859260681576 -0.3621487037982233;0.01676225851484
-0.5363765720189614 -0.3616942231261691;0.01569379228460
-0.5261640349199075 -0.3613136930193787;0.014670075982063
-0.5159534744663352 -0.3610016698300476;0.01369301869108
-0.5057500306120946 -0.36075272967204214;0.01276432465577
-0.49555881849072075 -0.36056147351088097;0.011885490331670
-0.48538492341223066 -0.36042253217798115;0.0110578023250
-0.4752333959397966 -0.36033057130491575;0.010282336210845
-0.4651092470504245 -0.3602802961735535;0.009559956216121
-0.4550174433836434 -0.3602664564780789;0.008891315753632
-0.44496290258208 -0.36028385099501475;0.008276858785885
-0.43495048872766723 -0.3603273321575032;0.007716821998042
-0.4249850078770958 -0.36039181053023395;0.007211237754788
-0.4150712036999884 -0.3604722591815426;0.006759937813814
-0.40521375322313524 -0.3605637179493397;0.006362557766040
-0.39541726268399024 -0.36066129759767235;0.006018542170446
-0.3856862634964879 -0.36076018386085906;0.005727150349224
-0.37602520833209546 -0.3608556413722847;0.005487462807047
-0.366438467318873 -0.3609430174750819;0.005298388236457
-0.3569303243611649 -0.3610177459120769;0.005158671069824
-0.3475049735824037 -0.36107535039252114;0.005066899536936
-0.3381665158933559 -0.36111144803327655;0.005021514186060
-0.32891895568799007 -0.3611217526722758;0.005020816825346
-0.3197661976690028 -0.3611020780522257;0.005062979840600
-0.31071204380488265 -0.3610483408726702;0.005146055844845
-0.30176019042024405 -0.3609565637086829;0.005267987614657
-0.29291422542101336 -0.36082287779460864;0.005426618268006
-0.2841776256558975 -0.36064352567142394;0.005619701638287
-0.275553754415414 -0.3604148636964367;0.0058449127993
-0.2670458590696136 -0.3601333644141965;0.00609985869651
-0.25865706884547385 -0.35979561878763683;0.006382088839507
-0.25039039274479385 -0.35939833828861895;0.006689106012874
-0.24224871760327185 -0.3589383568471986;0.007018376961582
-0.23423480629129806 -0.3584126326590815;0.00736734300930
-0.22635129605684892 -0.3578182498508828;0.007733430568631
-0.21860069701072307 -0.3571524200029509;0.00811406150353
-0.21098539075421435 -0.3564124835296619;0.008506663305698
-0.20350762914917275 -0.35559591091723236;0.008908679047938
-0.1961695332302643 -0.3547003038192417;0.009317577079593
-0.18897309225909842 -0.3537233960101955;0.009730860430317
-0.1819201629197543 -0.3526630541975987;0.010146075890714
-0.17501246865510012 -0.3515172786931466;0.010560822740067
-0.1682515991431645 -0.350284203943773;0.01097276109345
-0.16163900991268676 -0.3489620989234311;0.011379619842578
-0.15517602209684248 -0.3475493673866105;0.011779204166806
-0.14886382232401182 -0.34604454798472356;0.012169402593037
-0.14270346274433368 -0.3444463142466189;0.01254819358529
-0.13669586119066363 -0.34275347442460435;0.012913651647136
-0.13084180147243493 -0.3409649712074806;0.013263952922342
-0.1251419338008024 -0.33907988130220695;0.013597380281453
-0.11959677534333482 -0.3370974148859333;0.013912327884251
-0.11420671090640866 -0.3350169149302465;0.014207305210360
-0.10897199374334698 -0.3328378563995879;0.014480940552538
-0.10389274648624118 -0.3305598453259049;0.014731983969420
-0.09896896219929 -0.3281826177617026;0.014959309696702
-0.09420050555139033 -0.3257060386137619;0.015161918017950
-0.08958711410561752 -0.3231301003598862;0.015338936598302
-0.08512839972314028 -0.3204549216511329;0.015489621286451
-0.08082385007902435 -0.31768074580207567;0.015613356392273
-0.07667283028729346 -0.3148079391717299;0.01570965444941
-0.0726745846325329 -0.31183698943785615;0.01577815547400
-0.06882823840524123 -0.3087685037674371;0.015818625732514
-0.06513279983806011 -0.30560320688619763;0.015830956033292
-0.06158716213994039 -0.30234193905011203;0.015815159558196
-0.05819010562523316 -0.2989856539219084;0.015771369251954
-0.054940299934630385 -0.2955354163556475;0.01569983478850
-0.051836306344818374 -0.2919924000925129;0.015600919134741
-0.048876580163649555 -0.2883578853710071;0.015475094733399
-0.04605947320758546 -0.284633256454802;0.015322939327738
-0.04338323635811236 -0.28081999908154204;0.015145131451840
-0.04084602219378692 -0.27691969783594417;0.01494244561105
-0.03844588769452525 -0.27293403345058065;0.014715747177951
-0.03618079701471132 -0.26886478003776987;0.014465987029661
-0.03404862432166603 -0.26471380225603464;0.014194195953219
-0.032047156695986824 -0.260483052414618;0.013901478845616
-0.03017409709024154 -0.256174567519574;0.013589008735808
-0.028427067342476197 -0.2517904662649736;0.0132580206559
-0.026803611240977597 -0.24733294597278577;0.012909805389323
-0.025301197636715594 -0.24280427948500966;0.012545703122003
-0.023917223599877916 -0.23820681201164473;0.012167097025873
-0.022649017616902266 -0.23354295793809535;0.011775406799437
-0.02149384282440588 -0.22881519759560978;0.011372082193201
-0.02044890027641166 -0.22402607399835509;0.010958596545620
-0.019511332241272855 -0.21917818955072646;0.01053644035509
-0.018678225524704325 -0.21427420272848358;0.010107114912865
-0.017946614815338286 -0.20931682473729615;0.009672126020966
-0.017313486049235823 -0.2043088161522686;0.009232977818416
-0.01677577978980188 -0.19925298354199578;0.00879116673817
-0.01633039461957174 -0.19415217608068294;0.008348175616186
-0.015974190540360433 -0.18900928215183868;0.007905467973017
-0.015703992378293126 -0.18382722594702328;0.007464482487265
-0.01551659319026435 -0.1786089640631052;0.007026627679020
-0.015408757668407188 -0.1733574821014448;0.006593276820274
-0.015377225539189722 -0.1680757912723891;0.006165763088016
-0.015418714953794797 -0.16276692500842113;0.0057453749744630
-0.015529925866481888 -0.15743393558926627;0.0053333519675478
-0.01570754339767439 -0.15207989078221246;0.00493088051347
-0.01594824117856364 -0.14670787050085332;0.0045390902717923
-0.01624868467407156 -0.14132096348541306;0.004159050671976
-0.01660553448106688 -0.13592226400775834;0.0037917677793548
-0.017015449598785815 -0.13051486860414707;0.003438181476529
-0.017475090668466177 -0.12510187283870516;0.0030991629653092
-0.01798112317926471 -0.11968636810056242;0.002775512592678
-0.018530220637590307 -0.11427143843751486;0.0024679580029841
-0.019119067697051108 -0.10886015742901631;0.002177152617208
-0.019744363246280764 -0.10345558510123423;0.0019036744388406
-0.020402823451978653 -0.09806076488683556;0.001648025184595
-0.021091184754570214 -0.09267872063209667;0.0014106297369709
-0.02180620681396689 -0.08731245365385867;0.001191835914385
-0.02254467540298018 -0.08196493984877375;0.000991914553502
-0.023303405246021206 -0.07663912685721173;0.0008110598971786
-0.02407924280079535 -0.07133793128411768;0.000649390280394
-0.024869068980781714 -0.06606423597903122;0.0005069491055125
-0.025669801816368142 -0.06082088737739729;0.00038370609720182
-0.026478399052595348 -0.055610692905215316;0.0002795588264634
-0.027291860681547434 -0.05043641844898969;0.00019433449232856
-0.02810723140751111 -0.04530078589285999;0.0001277919489998
-0.02892160304311182 -0.04020647072470291;7.962396547623912e
-0.02973211683472196 -0.03515609971291125;4.9459704033048076e
-0.03053596571552414 -0.030152248655467454;3.686740333093896e
-0.03133039648470085 -0.025197440202840708;4.135725139453567e
-0.03211271191131111 -0.020294141756147407;6.238443324135568e
-0.03288027276150434 -0.015444763441925273;9.935233754891e
-0.03363049974781178 -0.01065165616478108;0.00015161590642601
-0.034360875399346374 -0.005917109739081593;0.00021848511210212
-0.03506894585183272 -0.0012433511007664648;0.0002992285441655
-0.035752322556479615 0.003367457399729032;0.0003930770908677
-0.03640868390679881 0.007913219622544605;0.000499227697963
-0.03703577678256445 0.012391907180653035;0.0006168471885814
-0.037631418010198786 0.01680156089859081;0.0007450761276940
-0.03819349573896015 0.021140292187037044;0.0008830327149256
-0.03871997073239986 0.025406284332706856;0.0010298166896242
-0.039208877574644634 0.02959779370311541;0.001184513232413
-0.039658325791150646 0.03371315086585843;0.0013461968477564
-0.04006650088366459 0.037750761622144025;0.0015139352124577
-0.04043166527921526 0.04170910795439908;0.0016867929754518
-0.04075215919304712 0.04558674888786128;0.0018638354947260
-0.04102640140549411 0.04938232126615451;0.0020441324977469
-0.041252889952878014 0.05309454044093176;0.002226761652341
-0.04143020273260093 0.056722200875754566;0.0024108120355964
-0.0415569980226853 0.060264176664462106;0.002595387488
-0.041632014916098095 0.06371942196436615;0.0027796098486957
-0.04165407367027749 0.06708697134468997;0.002962622040577
-0.0416220759723611 0.07036594005074956;0.0031435910304196
-0.041535005120693885 0.07355552418445543;0.003321710620345
-0.04139192612327204 0.0766550008017904;0.0034962040834705
-0.041191985713855454 0.0796637279279959;0.003666326629460
-0.040934412286556386 0.08258114449127416;0.0038313676945676
-0.04061851574978549 0.08540677017588662;0.003990653050507
-0.04024368730050799 0.08814020519560159;0.004143546727377
-0.0398093991198331 0.09078112998851345;0.0042894527466769
-0.039315203991028155 0.09332930483432465;0.004427816661278
-0.03876073484111545 0.09578456939524821;0.004558126900086
-0.038145704207274776 0.09814684218175326;0.004679915915883
-0.037469903629337484 0.10041611994443926;0.004792761135730
-0.03673320296971898 0.10259247699338521;0.004896285714044
-0.03593554966219558 0.10467606444637965;0.0049901590892826
-0.035076967890988804 0.10666710940749419;0.005074097345923
-0.03415755770167519 0.10856591407751799;0.005147863384162
-0.03317749404549264 0.11037285479782445;0.005211266900476
-0.032137025758665304 0.11208838102929114;0.005264164182883
-0.03103647447841768 0.11371301426794377;0.005306457725398
-0.029876233497395127 0.1152473468990409;0.005338095666804
-0.02865676655825262 0.1166920409913608;0.005359071059468
-0.027378606590215397 0.11804782703349403;0.005369420974485
-0.02604235438945555 0.11931550261398523;0.005369225449955
-0.024648677245166083 0.1204959310472053;0.005358606289700
-0.02319830751324937 0.12159003994687093;0.005337725720171
-0.021692041139570444 0.12259881974916118;0.0053067849136964
-0.020130736134756137 0.12352332218741197;0.005266022386613
-0.01851531100254994 0.1243646587203981;0.005215712281130
-0.016846743123758688 0.12512399891623854;0.005156162540066
-0.015126067097851194 0.12580256879398477;0.005087712983860
-0.013354373044290772 0.1264016491249737;0.005010733299436
-0.01153280486570293 0.1269225736960465;0.004925620950676
-0.0096625584749967 0.1273667275367511;0.004832799020367
-0.007744879988572892 0.12773554511266155;0.0047327139935720
-0.00578106388776518 0.12803050848695982;0.004625833492397
-0.0037724511506701634 0.12825314545243577;0.004512643972140
-0.0017204273565305764 0.12840502763606937;0.004393648388737
0.0003735792351583123 0.12848776857836475;0.0042693638473699
0.002508099628645652 0.12850302178960932;0.00414031924193
0.004681626056850231 0.1284524787852326;0.004007052894998
0.0068926139650401135 0.12833786710243864;0.003870110207499
0.009139484011095447 0.12816094830028255;0.003730041327514
0.011420624080188582 0.1279235159453572;0.0035873988468313
0.013734391311722872 0.12762739358524802;0.0034427355340118
0.016079114136380634 0.12727443271190522;0.003296602112217
0.018453094321142612 0.12686651071707114;0.0031495450897438
0.02085460902015417 0.12640552884188666;0.0030021046508349
0.023281912829329232 0.12589341012278593;0.0028548126139799
0.025733239842600234 0.12533209733577044;0.0027081904644543
0.02820680570774155 0.12472355094113495;0.0025627474674594
0.03070080967971517 0.12406974703069615;0.0024189788677573
0.033213436669510335 0.12337267527955204;0.0022773641812388
0.03574285928647358 0.12263433690437535;0.0021383655833883
0.03828723987215233 0.12185674263021767;0.0020024263991247
0.04084473252370328 0.12104191066777249;0.0018699696980059
0.04341348510494692 0.1201918647030159;0.0017413969982841
0.045991641243181 0.11930863190111168;0.0016170870827995
0.048577342309898824 0.11839424092643465;0.0014973949291923
0.05116872938359301 0.11745071998053137;0.001382650756411
0.05376394519286143 0.11648009485980138;0.0012731591889960
0.05636113603806957 0.11548438703464416;0.0011691985401023
0.05895845368986246 0.11446561175177876;0.0010710202137707
0.06155405726285955 0.11342577616140223;0.0009788482264241
0.06414611506290745 0.1123668774708117;0.0008928788471319
0.06673280640630815 0.11129090112607246;0.0008132803556996
0.06931232340948408 0.11019981902327007;0.0007401929171998
0.07188287274758651 0.10909558775084016;0.000673728571122
0.07444267738059956 0.10798014686442295;0.0006139713328999
0.07698997824553952 0.1068554171956431;0.0005609774051698
0.07952303591339628 0.10572329919616714;0.0005147754957368
0.08204013220951369 0.10458567131834239;0.0004753672388511
0.08453957179615376 0.1034443884336709;0.0004427277160614
0.08701968371604162 0.10230128029032277;0.0004168060725877
0.0894788228957376 0.10115815001084086;0.000397526224855
0.09191537160773605 0.10001677263113809;0.00038478765455681
0.09432774089024144 0.09887889368183587;0.00037846628435979
0.09671437192362613 0.09774622781293946;0.0003784154301431
0.09907373736262688 0.0966204574627926;0.0003844668244504
0.10140434262339122 0.09550323157220063;0.000396431705665
0.1037047271245384 0.09439616434455625;0.0004141019672657
0.10597346548145475 0.09330083405274892;0.00043725136138043
0.10820916865309692 0.09221878189358333;0.0004656367507831
0.11041048504063197 0.09115151089037823;0.0004989994033669
0.11257610153729793 0.09010048484436169;0.0005370663231051
0.11470474452892312 0.08906712733542414;0.0005795516114710
0.11679518084459801 0.08805282077273544;0.0006261578532913
0.11884621865704788 0.0870589054956772;0.0006765775210282
0.12085670833230949 0.08608667892548717;0.0007304943915351
0.12282554322836993 0.0851373947679573;0.0007875849693941
0.12475166044247962 0.08421226226747301;0.0008475199110412
0.12663404150690652 0.08331244551262686;0.0009099654439913
0.12847171303295163 0.08243906279358593;0.0009745847756124
0.13026374730310006 0.08159318601133854;0.0010410394860477
0.13200926281123485 0.08077584013889323;0.0011089909000556
0.13370742475089312 0.07998800273444953;0.0011781014327266
0.13535744545159686 0.07923060350650878;0.001248035904238
0.13695858476334186 0.07850452393084081;0.0013184628190340
0.1385101503893793 0.0778105969191719;0.001389055605031
0.1400114981674751 0.07714960653940861;0.0014594938087398
0.14146203229988177 0.07652228778716286;0.001529464242382
0.14286120553230627 0.07592932640829418;0.0015986620794363
0.1442085192822057 0.07537135877213738;0.0016667918952358
0.14550352371679004 0.0748489717950361;0.00173356864959
0.14674581778115742 0.07436270291375648;0.0017987186087157
0.1479350491770335 0.07391304010830946;0.0018619802038381
0.1490709142926308 0.07350042197366558;0.0019231048246063
0.1501531580841873 0.07312523783980228;0.001981857545157
0.15118157390978756 0.07278782793948133;0.0020380177814614
0.1521560033161097 0.07248848362311176;0.002091379878630
0.15307633577878335 0.07222744762001362;0.0021417536272654
0.15394250839708287 0.07200491434535788;0.002188964708185
0.1547545055437187 0.07182103025201972;0.002232855065200
0.1555123584705264 0.07167589422654487;0.0022732832058685
0.15621614487089014 0.07156955802839284;0.0023101244304743
0.156865988399771 0.07150202677158558;0.002343270989747
0.15746205815224554 0.07147325944785707;0.002372632172102
0.15800456810149113 0.07148316949036604;0.002398134321456
0.15849377649718688 0.07153162537700364;0.0024197207869362
0.1589299852253281 0.07161845127229746;0.002437351806022
0.15931353913048146 0.07174342770688491;0.002451004322926
0.15964482530153473 0.07190629229350153;0.002460671744195
0.15992427232202155 0.0721067404784041;0.0024663636337881
0.1601523494861257 0.07234442632712344;0.0024681053500098
0.16032956598149303 0.07261896334341883;0.0024659376269299
0.16045647004000113 0.07292992532028379;0.0024599161030358
0.16053364805765707 0.07327684722183274;0.002450110800054
0.16056172368481297 0.07365922609487853;0.002436605554999
0.16054135688790674 0.07407652200899323;0.002419497408640
0.16047324298395219 0.0745281590238283;0.002398895953684
0.16035811164901695 0.07501352618245492;0.002374922646069
0.16019672590194114 0.07553197852947195;0.0023477100828401
0.15998988106456122 0.0760828381526164;0.002317401250142
0.1597384036997148 0.07666539524660104;0.0022841487449252
0.15944315052831134 0.07727890919789346;0.0022481139739609
0.15910500732676222 0.07792260968914365;0.002209466333830
0.15872488780606944 0.07859569782195981;0.0021683823755056
0.158303732473879 0.07929734725672732;0.002125044957161
0.15784250748080728 0.08002670536816112;0.002079642388822
0.157342203452353 0.08078289441527993;0.0020323675724032
0.1568038343077074 0.08156501272448874;0.0019834171406624
0.156228436066776 0.08237213588445642;0.0019329905985097
0.15561706564672373 0.08320331795147656;0.0018812894700376
0.1549707996493524 0.08405759266400216;0.001828516454555
0.15429073314061584 0.0849339746650489;0.0017748745948065
0.15357797842357276 0.08583146073116685;0.0017205664604257
0.1528336638060708 0.08674903100668672;0.001665793349594
0.1520589323644479 0.08768565024195484;0.0016107545116967
0.15125494070452786 0.08864026903427938;0.0015556463936495
0.1504228577211771 0.08961182507032105;0.0015006619124440
0.14956386335767863 0.09059924436867191;0.0014459897562574
0.1486791473661661 0.09160144252137924;0.0013918137163542
0.1477699080703486 0.09261732593318414;0.0013383120518178
0.1468373511317406 0.09364579305725951;0.0012856568889879
0.1458826883205977 0.09468573562624759;0.0012340136572995
0.1449071362927401 0.09573603987741401;0.0011835405630439
0.14391191537343 0.09679558777075303;0.001134388102389
0.1428982483494488 0.09786325819889714;0.0010866986148193
0.14186735927050118 0.09893792818770412;0.001040605877951
0.14082047226105246 0.10001847408641527;0.0009962347445383
0.13975881034368395 0.10110377274629968;0.0009537008222415
0.13868359427502863 0.10219270268672213;0.0009131101966074
0.1375960413953265 0.10328414524759527;0.0008745591974844
0.13649736449261465 0.1043769857272007;0.0008381342089465
0.13538877068254282 0.10547011450438838;0.0008039115226115
0.13427146030477888 0.10656242814418952;0.0007719572340736
0.13314662583694328 0.10765283048590397;0.0007423271820039
0.13201545082698407 0.10874023371275032;0.0007150669293106
0.13087910884487655 0.10982355940219454;0.0006902117855959
0.1297387624545038 0.11090173955610072;0.0006677868699978
0.1285955622065454 0.11197371760987682;0.0006478072133628
0.1274506456531719 0.11303844941981717;0.0006302778985574
0.12630513638531402 0.11409490422787331;0.0006151942376028
0.12516014309324372 0.11514206560311536;0.0006025419841930
0.12401675865117515 0.11617893235917612;0.0005922975800452
0.12287605922656106 0.11720451944700205;0.0005844284334301
0.12173910341472986 0.11821785882226606;0.0005788932281300
0.12060693139947601 0.11921800028682891;0.0005756422609923
0.11948056414018465 0.12020401230366873;0.0005746178061620
0.11836100258603909 0.12117498278472953;0.0005757545040151
0.1172492269178269 0.12213001985117296;0.0005789797727514
0.11614619581782812 0.1230682525655499;0.000584214240558
0.11505284576823552 0.12398883163544154;0.0005913721962143
0.11397009037852436 0.1248909300881526;0.0006003620559746
0.11289881974215579 0.12577374391607238;0.0006110868445529
0.11183989982296468 0.12663649269235283;0.0006234446880068
0.11079417187154986 0.12747842015658548;0.0006373293163272
0.10976245187195115 0.1282987947701927;0.0006526305735384
0.10874553001886471 0.12909691024128192;0.000669234933128
0.10774417022561515 0.12987208601874384;0.0006870260166527
0.10675910966306976 0.13062366775540968;0.0007058851133847
0.10579105832964764 0.1313510277401143;0.0007256916989211
0.10484069865254357 0.13205356529854528;0.0007463239507025
0.10390868512025453 0.13273070716278992;0.0007676592584559
0.10299564394646399 0.13338190780952516;0.0007895747276304
0.10210217276530775 0.1340066497668264;0.0008119476739602
0.1012288403580132 0.13460444388960324;0.0008346561073646
0.10037618641087243 0.13517482960370156;0.0008575792034704
0.09954472130447918 0.13571737511874216;0.0008805977611261
0.09873492593412854 0.13623167760979676;0.0009035946443663
0.09794725156124837 0.1367173633680321;0.000926455207376
0.0971821196957018 0.13717408792048313;0.0009490677011053
0.09643992200877077 0.13760153611914494;0.0009713236602692
0.09572102027660169 0.1379994221996024;0.000993118269603
0.09502574635386629 0.13836748980944427;0.0010143507083101
0.09435440217736277 0.13870551200673664;0.0010349244717692
0.09370725979925529 0.13901329122885772;0.0010547476696833
0.09308456144962313 0.13929065923202222;0.0010737332999375
0.09248651962796485 0.13953747700185026;0.0010917994975705
0.0919133172232775 0.13975363463536047;0.0011088697583569
0.0913651076623059 0.13993905119479239;0.0011248731366201
0.09084201508553312 0.1400936745336866;0.0011397444169982
0.09034413455045974 0.1402174810956754;0.0011534242599983
0.08987153226169678 0.14031047568645877;0.0011658593212820
0.08942424582737485 0.14037269121946297;0.0011770023447287
0.08900228454135126 0.14040418843570016;0.001186812229428
0.08860562969067555 0.14040505559836827;0.001195254070857
0.08823423488775467 0.1403754081627501;0.001202299176580
0.0878880264266395 0.1403153884219896;0.0012079250569336
0.08756690366283618 0.14022516512934205;0.001212115391214
0.0872707394160283 0.1401049330975119;0.0012148599700029
0.08699938039507896 0.13995491277570904;0.0012161546143155
0.086752647644666 0.13977534980507048;0.0012160010723836
0.08653033701288838 0.1395665145531091;0.001214406894900
0.08633221963916732 0.1393287016278659;0.0012113852896654
0.08615804246175246 0.13906222937245544;0.0012069549566213
0.08600752874413042 0.13876743934070707;0.0012011399043150
0.08588037861962121 0.13844469575461618;0.0011939692488971
0.0857762696534371 0.13809438494433124;0.0011854769967981
0.08569485742146833 0.13771691477141176;0.0011757018122738
0.08563577610505035 0.13731271403610265;0.0011646867710446
0.08559863910095926 0.13688223186937828;0.0011524791012864
0.0855830396458739 0.13642593711051754;0.0011391299132542
0.08558855145453656 0.13594431767097795;0.001124693918841
0.0856147293708383 0.135437879885343;0.0011092291423874
0.08566111003104915 0.13490714785012206;0.0010927966240667
0.0857272125384098 0.13435266275118615;0.00107546011717
0.08581253914829744 0.13377498218062742;0.0010572857806411
0.08591657596317578 0.13317467944383155;0.0010383418681052
0.08603879363653755 0.13255234285755518;0.0010186984148217
0.08617864808504631 0.1319085750398012;0.0009984269237248
0.08633558120808488 0.13124399219228486;0.0009776000518923
0.08650902161391714 0.1305592233762836;0.0009562912986575
0.08669838535167247 0.12985490978266134;0.0009345746965760
0.08690307664836307 0.12913170399685717;0.0009125245064187
0.08712248865014809 0.12839026925962388;0.0008902149173267
0.08735600416706181 0.1276312787243;0.0008677197532153
0.08760299642042717 0.1268554147113929;0.000845112186474
0.08786282979218173 0.12606336796124676;0.0008224644599539
0.0881348605753482 0.1252558368855625;0.0007998476181844
0.0884184377248889 0.12443352681853073;0.0007773312487056
0.08871290360819015 0.12359714926833161;0.0007549832343435
0.08901759475443093 0.12274742116974688;0.0007328695171955
0.08933184260209846 0.12188506413862185;0.0007110538750326
0.08965497424392278 0.12101080372890499;0.0006895977107617
0.0899863131685119 0.12012536869298336;0.000668559855523
0.09032517999798012 0.11922949024602147;0.0006479963859394
0.0906708932208728 0.1183239013350003;0.0006279604559545
0.0910227699197025 0.11740933591314116;0.000608502143650
0.09138012649242398 0.11648652822038726;0.0005896683133464
0.09174227936718797 0.11555621207060265;0.0005715024932245
0.09210854570972728 0.11461912014613544;0.0005540447686664
0.09247824412274228 0.11367598330037758;0.0005373316914049
0.09285069533666748 0.11272752986894;0.0005213962045427
0.09322522289121547 0.11177448499004654;0.0005062675834168
0.09360115380710977 0.11081756993473497;0.0004919713922323
0.0939778192474341 0.10985750144743789;0.00047852945632109
0.09435455516804128 0.10889499109749988;0.00046595984982615
0.09473070295648181 0.1079307446421712;0.0004542768985538
0.0951056100589288 0.106965461401601;0.0004434911976796
0.09547863059459344 0.10599983364633596;0.0004336096439428
0.09584912595714248 0.10503454599781288;0.0004246354819119
0.09621646540264728 0.1040702748423156;0.0004165683638581
0.09658002662361195 0.10310768775884853;0.00040940442272703
0.09693919630864693 0.10214744296136087;0.00040313635765713
0.09729337068737252 0.10119018875573633;0.00039775353145654
0.09764195606015617 0.10023656301194499;0.00039324207941024
0.09798436931230643 0.09928719265173422;0.00038958502876076
0.09832003841236561 0.09834269315221657;0.0003867624281737
0.09864840289416285 0.0974036680656929;0.00038475148647478
0.09896891432230868 0.0964707085560295;0.0003835267199209
0.09928103674083236 0.09554439295188831;0.00038306010725089
0.09958424710468246 0.09462528631708915;0.00038332125174224
0.09987803569383183 0.09371394003836334;0.00038427754949139
0.10016190650974734 0.09281089143073788;0.0003858943631227
0.10043537765400537 0.09191666336076938;0.0003881352001279
0.10069798168885391 0.09103176388782688;0.0003909618950332
0.10094926597954193 0.09015668592360279;0.0003943347945940
0.10118879301825703 0.08929190691001083;0.0003982129452197
0.10141614072953231 0.08843788851561035;0.000402554281838
0.10163090275700297 0.08759507635067593;0.00040731581741973
0.10183268873141361 0.08676389970101185;0.0004124538323941
0.1020211245197963 0.08594477128059097;0.0004179240632083
0.10219585245575952 0.08513808700307789;0.00042368188929134
0.10235653155084758 0.08434422577227711;0.0004296825177154
0.10250283768694902 0.08356354929152716;0.0004358811648634
0.10263446378975218 0.08279640189204286;0.00044223323443933
0.1027511199832648 0.08204311038018862;0.00044869449118648
0.10285253372543351 0.0813039839036472;0.0004552212297082
0.10293844992491707 0.0805793138364295;0.00046177043781553
0.10300863103908632 0.079869373682653;0.00046829995386185
0.10306285715334122 0.07917441899899805;0.0004747686175577
0.10310092604185335 0.07849468733573377;0.00048113641379545
0.10312265320985974 0.07783039819618764;0.00048736460905075
0.10312787191765109 0.07718175301451569;0.0004934158799656
0.10311643318641432 0.07654893515161337;0.0004992544337576
0.10308820578610574 0.07593210990899071;0.0005048461201374
0.10304307620554777 0.07533142456041894;0.0005101585344603
0.10298094860495752 0.07474700840114012;0.0005151611118737
0.10290174475113112 0.07417897281441589;0.0005198252122674
0.10280540393552332 0.07362741135517593;0.0005241241958687
0.10269188287547559 0.07309239985051273;0.0005280334893711
0.10256115559886134 0.07257399651675413;0.0005315306425194
0.10241321331242986 0.07207224209283185;0.0005345953751169
0.10224806425414479 0.07158715998965047;0.0005372096144580
0.10206573352982544 0.07111875645514829;0.0005393575232287
0.10186626293441225 0.07066702075472876;0.0005410255179522
0.10164971075818957 0.0702319253667295;0.0005422022780957
0.10141615157831088 0.06981342619258346;0.0005428787459874
0.10116567603598271 0.06941146278131634;0.0005430481177266
0.10089839059967415 0.06902595856801287;0.0005427058253038
PointOptimal;ValeurOptimale
[0.10089839 0.06902596];0.0005427058253038375
Temps;Nb iteration
0.06179451942443848;1000