Point;Valeur
-8.331236178483298 0.6654331185434956;16.946496873169
3.9368026617627674 74.3162921789104;861.3089682038
14.957585115043363 137.076382463178;1161.4519222940
25.0540150578556 190.55055126306183;1357.8243504241
34.47808197730836 236.05417319839876;1497.664844237
43.435953893053195 274.69302388043985;1599.9911516231
52.10192759395213 307.4067762643794;1674.7197848042
60.62774223934387 334.99825198475725;1727.6718841857
69.14957855883016 358.155243732454;1762.4344834076
77.79386371528125 377.4676791244723;1781.1836056700
86.68259615478881 393.4414782246035;1785.0709525843
95.93881472518267 406.50984064492184;1774.3819164431
105.69296509053177 417.0423610254167;1748.5330549574
116.09134227182278 425.3521105624553;1705.9019696504
127.30883621479185 431.700492338053;1643.3995636493
139.57089434731765 436.29902068695293;1555.5184732485
153.1975478469062 439.30536299711423;1432.053159375
168.71199950658934 440.80426377950624;1251.454579779
187.22524366224653 440.7252928745299;951.6689104840
214.59616393757088 437.88120717292077;477.99724744202
232.38077587333729 436.66772703899557;1018.9892159639
242.4548796132343 436.6981714102947;1231.9370713953
245.98053193761316 437.76476568085184;1296.0027118377
243.68112096724943 439.76781123730166;1243.6535499625
235.8107225032133 442.72271715511033;1067.0906791472
221.49712564251374 446.9220297703243;663.2819667155
225.54652343271164 446.6272065251688;790.2966800508
221.55724085532256 448.0092532727003;657.0434279449
205.78415734971156 452.03099683261456;536.5715639956
198.06054603347067 453.9676425643522;787.496696545
197.21119346729026 454.117952423413;809.5088223676
203.36797381024226 452.4931778754307;625.8952540483
224.11532125116614 447.39209482875;743.1830888936
236.27743276413085 444.1701900502275;1070.6390813381
241.31982777625987 442.4891853181684;1185.15180521
240.11201960384327 442.1652899323691;1161.692776696
232.97026435698137 443.15739914378145;1000.3978464329
218.91237832472507 445.7501544302763;580.8748080824
219.84567051104304 444.8216766690951;622.7782046051
210.881610761269 446.22917857658166;125.44196927298
213.04584004231947 445.0009785191495;300.2962409757
200.23295604985276 447.35130617288866;683.4167891770
194.818863717437 447.88045732983835;828.7074940847
196.02517595166677 446.7848944487564;792.7953425449
204.61052551042295 443.91987175126366;504.7911117432
190.73646623490154 446.4596476635233;911.1589039875
183.23217561154513 447.3920420356768;1058.5861924359
181.10342964911297 446.9586296462705;1092.663560489
183.89530666866102 445.2864406543488;1036.8863068327
191.81396852818378 442.3585956051053;864.7614988587
207.28059335210864 437.65315443594733;285.0280804455
211.97635839858458 435.5444198324139;373.64062146407
205.16255269311927 436.23246059160783;393.5047948770
208.39042248515986 434.5336721236055;53.95168263684
194.19132804883182 437.08245982161895;776.5077997333
186.91014275959415 437.90591927889005;942.9893170168
185.5168556425616 437.25455457722654;966.7842586143
189.730062877229 435.2162759988391;869.4147803054
200.66264963263146 431.5643194030642;539.7805967346
193.44475816524317 432.3675784452121;764.6538403924
193.13721922320693 431.4714390137477;766.5677318313
200.16715301898336 428.80020943987864;532.4913203981
266.6963731891072 411.8346609008317;1733.1856813300
320.83300371692343 397.6577388267259;2516.6336649540
364.4458687954175 385.8040406551134;3073.604182136
399.0334750461149 375.9143998998181;3491.7295680628
425.84591446602866 367.6979955477366;3806.659648064
445.9429851125746 360.9141762070393;4039.0820577516
460.23021216774725 355.3615250260109;4203.222228111
469.4845496701937 350.8703863409509;4309.776886631
474.374177467416 347.29735816942065;4367.195451929
475.4744102955676 344.521042835497;4382.3404443
473.2807920091757 342.4386745125733;4360.872759912
468.22001752180654 340.9633975140972;4307.498145444
460.6591021273403 340.02205139912024;4226.135297429
450.9130877778072 339.55336738153613;4120.034698072
439.251489439202 339.50651228333913;3991.862823082
425.90361763603045 339.83994010839643;3843.758696339
411.0628503471677 340.52053285504144;3677.3647724243
394.88985390142483 341.52303619916154;3493.8295950065
377.51464694193237 342.82982922306087;3293.7737122824
359.0372220147614 344.43112291253885;3077.2000029326
339.5260906903253 346.3257881217277;2843.308414043
319.0133554771531 348.52324148994063;2590.1259772796
297.48301505532993 351.0473743098904;2313.732892595
274.8436624669119 353.9451078850402;2006.4583789468
250.85623312482676 357.30795604589446;1651.7918175514
224.87452261173837 361.34624686605673;1203.7615066554
193.48753865764456 367.03203082577244;273.0006542621
171.13640828696072 370.49082049234505;882.8001158767
155.3853769440249 372.2853433987349;1145.503449294
144.81846347226465 372.7425678702312;1278.3359283319
138.49279388169631 372.08564793162736;1344.180382463
135.7574380834951 370.4754475455467;1365.9158097094
136.17506019088265 368.02747474869597;1352.7241402538
139.49071016247348 364.81783777207283;1306.2602329581
145.64005416208275 360.8799328633796;1221.2681660831
154.82861877626073 356.1836907196847;1080.8363087215
167.87207238376897 350.5482754291286;830.8622422397
189.70345227931222 342.72167256151545;416.1506956846
202.60623916242994 337.3737609133002;857.2232531374
208.25769157954286 334.02616523433426;1000.613825355
207.59849093874467 332.42297517817536;994.891247319
200.94459154405266 332.49777587764106;846.4406180891
187.01753284046686 334.64871756355393;390.64559690529
184.08709697392854 333.8951702780844;225.2214667410
209.0173566614955 325.6721017085804;1056.7538375955
226.1016956157561 319.51834892207296;1386.9238312810
236.66390714339445 315.05914120698145;1567.8385061905
241.67594009127995 312.0308982579101;1651.8854323546
241.88082042705926 310.24227144306434;1660.291535273
237.84003220060805 309.558802963971;1602.8533757821
229.94041735126845 309.9005787474988;1481.6741473137
218.34743894485294 311.2567103734539;1288.748905577
202.78714611451306 313.75151286168693;989.4209051193
180.82260571047365 318.14910982232664;298.87686980468
167.76827437204133 320.1046908468907;623.410629016
161.5867608390584 320.1529407298519;770.1566782454
161.40308771255985 318.5333928769922;763.4477484287
167.42705249210368 315.20764495957616;592.4473264335
185.9484947563108 308.4691788855866;612.6905889187
196.33901865516242 304.02446266679624;904.6465708293
199.96459776948092 301.4769317229113;993.9739922947
197.57837688329937 300.6253969325927;949.4234136587
189.25356471902435 301.4834035049575;754.8916927965
172.22809484886014 304.9178316590989;289.7921596931
163.32167620743306 306.0312032479419;628.5625719767
161.17793827411046 305.19940535164505;675.6266663582
165.80305738913083 302.4394419154645;526.4760836236
184.25140979125976 295.7919201697012;662.9561291692
194.77014498054626 291.3907741447642;939.9353259159
198.68595664191133 288.84665723333876;1031.2342563652
196.77482342988412 287.94986519751706;998.3279861295
189.26023340708414 288.66991225913193;835.8058142341
174.79291642302195 291.46666539012136;376.80087189883
170.7028060797356 291.28182581517547;35.37102957771
181.29579308972325 286.8884198751016;648.3897637423
184.3152546559706 284.69336275626347;743.7501910187
180.29714121264226 284.5616057279668;638.3696678428
167.13933913583367 287.17983016916406;281.4898822606
162.2878075227836 287.3403396715505;491.2840587874
165.54348759881387 285.11553710058195;334.4576175678
80.89131372345959 309.16891369535176;1562.109948674
7.44275125822756 329.27253537797327;1813.2342442727
-57.30251590418973 345.9255366525065;1769.9072662740
-115.72817455671 359.44383984620305;1502.7687586409
-171.47822016411519 369.69543430986585;871.3712676809
-213.6999406409564 380.01868061986517;877.5823476301
-245.68054854290875 389.9295462327885;1464.0673551178
-269.2255795761447 399.31789390015325;1806.7713851533
-285.64004350595087 408.17423824571387;2021.984238731
-295.94621053495166 416.5297956487294;2146.015545201
-300.9680153730377 424.4354658649007;2196.9516052566
-301.37299151861924 431.953324556981;2185.3515311178
-297.69403383755383 439.1538361237897;2117.2646571513
-290.33608913255114 446.11703518559574;1994.8711592913
-279.563030783683 452.93865324771144;1815.4731361310
-265.4403452704705 459.7470936122439;1567.2865701854
-247.6192624245468 466.7588640398584;1212.310600751
-223.84374605730903 474.63686570030717;516.1750197130
-210.29145412395602 479.73281402926835;614.4395010837
-204.57720014533228 482.6334473304311;802.6650682432
-205.82527266801247 483.5969063929104;776.2739357933
-214.90266327066112 482.501975397032;456.69645694327
-205.9977084713326 485.3186351308865;782.780546591
-204.16465144547797 486.27628026303523;835.2737007671
-209.27417672281288 485.4534156179878;691.1705503759
-225.42396983191583 481.99811087781535;513.6378745292
-232.3081873716577 480.4877885057264;771.5289423305
-230.9481249001622 480.71535857315325;727.8471689131
-220.0452525489883 483.0278884770137;110.32444323303
-220.03127238052704 482.790360352935;118.17132120576
-167.91886280008077 494.42256028854507;1459.1632014650
-124.52008402580036 503.7604302790551;1868.5174642658
-88.00853546297186 511.181030034582;2083.3890426272
-57.01747788958607 516.9717675463538;2201.5195601800
-30.46858489258597 521.3636979422105;2263.1239316211
-7.494157687162907 524.5472323228312;2289.098251504
12.625442399601791 526.6813485365772;2291.7046649239
30.489581949340746 527.8997042898415;2277.6917864316
46.60278535844163 528.3149864641786;2251.336541327
61.39466786012195 528.0221203535009;2215.051472750
75.23634236644095 527.1006542890195;2169.943376180
88.4546345259625 525.6164765325079;2116.1068899492
101.34523306218607 523.622912288374;2052.7331774358
114.18603322059764 521.1611356373412;1978.0489672872
127.2525414479471 518.2596528324168;1889.036583934
140.8388730695916 514.9322338862753;1780.767650927
155.29253863362078 511.17266833570454;1644.8660667132
171.08669623791332 506.94142171629437;1465.4872158191
189.023546267627 502.1242212895777;1205.423702064
211.27180605523972 496.30960948061585;708.9789392552
220.09839167969415 493.5342559825108;303.9835286990
215.20727990368536 493.8793440895354;556.6671776988
219.68022608573813 492.11098400806463;310.79261547806
202.2456477099429 495.34219173495853;931.1497518716
191.55046914056956 496.9586402591862;1142.3786835930
186.3534151427732 497.2385578563402;1226.5557295478
185.91689051212558 496.3592054023609;1229.5922721789
189.90820332610483 494.41643276071267;1158.5680417378
198.51923087850133 491.3977364191869;988.4871698679
213.44337016048425 486.96770295403485;562.4752774409
214.32230723642215 485.7873124838363;516.5077337320
228.33917781305993 481.6800217228461;632.5244832853
233.55533251262224 479.55798776738254;814.3650187556
230.77245221262987 479.24967993665405;732.5417332195
218.19008625498333 481.2066324058525;228.9423298368
215.48143936325698 480.9221653112439;409.6815956762
225.14459315224002 477.85510246714665;541.292776594
225.45720863411188 476.9200883865227;562.6173752808
214.40377558528084 478.6154902457991;437.28082233348
212.42071729466028 478.22714434543525;521.8542003955
221.180380232769 475.40131739896003;373.8799482948
219.4542735903763 474.9858141583982;259.50977969513
119.9755988014923 497.1081990211267;1880.5729025618
33.95837344823697 515.6873680070368;2245.7806641374
-41.30885663751566 531.1938398184811;2267.755752563
-108.20424583209035 543.9703497743568;2067.1106967619
-169.22447757343733 554.2041025289798;1638.1583584080
-229.9993846289209 561.3534316175536;571.0256465794
-277.4283482503162 568.5176281746875;1420.9382079842
-314.23888335670614 575.4341065873662;2032.8863521601
-342.18309315689623 582.0281379514898;2429.974988003
-362.5965181669659 588.2859835882765;2698.848517826
-376.5559953690123 594.2205717648551;2873.724104162
-384.9501404007653 599.8580308484705;2973.6115774897
-388.5193121697135 605.2314876746822;3010.8453382029
-387.881372973713 610.3780964289942;2993.9987029197
-383.54913798544686 615.3378093268232;2929.075818875
-375.941707526771 620.153325829313;2819.983881252
-365.38989805632787 624.8711430491894;2668.561653128
-352.1338975478877 629.5441075860455;2474.127129709
-336.30695913242204 634.2367973597504;2232.1347802315
-317.88560693700555 639.0378564468103;1930.446839953
-296.5278181991905 644.0955566912146;1536.4620731985
-270.730920725976 649.7919408515482;914.5304064024
-259.969721916189 652.3944128681786;486.73259845190
-264.7175389803376 651.842467729298;701.9132219546
-259.61405132707375 653.0787758949572;459.83387752616
-297.97588291653926 645.7666383503688;1558.931267130
-326.82116705783227 640.0897346193904;2072.0592618495
-347.7294463915428 635.7469453393758;2397.9769134781
-361.9047043014919 632.5184495692307;2605.8866236667
-370.3109615838518 630.2351878208729;2725.85749683
-373.7357754177228 628.7644283810657;2774.9544992769
-372.8262333079435 628.0016930855099;2764.0490805062
-368.1109961509884 627.8659684426747;2700.229189392
-360.0129253574683 628.2971283421796;2587.674921914
-348.8526473692352 629.2554376919525;2427.6951450211
-334.83902239240973 630.7239725347572;2217.8538553853
-318.03203455552733 632.7170186021922;1949.170584010
-298.2227621218398 635.3060355929322;1596.8148575741
-274.3979022059115 638.7316028091955;1071.3370338364
-200.2928669872993 652.2320154464337;1586.3892485430
-137.69282597182848 663.301551066523;2177.761267338
-84.27371803040216 672.3307576263785;2452.905378849
-38.27501985766792 679.6152108598756;2578.975130861
1.7137495590403802 685.3917545017983;2618.059812815
36.86746938114512 689.8543381455269;2600.9729241804
68.18100707751606 693.1628339379253;2543.7649729660
96.51422828851499 695.4484277945216;2455.242122806
122.6298735563151 696.8167175244369;2338.923053182
147.2315649285549 697.3485781281813;2193.7795162009
171.0120997012247 697.0977119656145;2013.3924074655
194.7368442732779 696.0808779572986;1782.093695879
219.45604920826992 694.2440964147335;1460.4938646810
247.53224288153325 691.278676226358;888.8967289554
260.8589227979452 690.7369275905795;323.0701280795
261.47722238657434 692.2775496169228;295.5316321712
290.5280441351773 688.1747076713496;1251.5673999162
310.5902372500845 685.4295585243387;1674.2337184973
323.2225867818764 683.7754938264383;1903.2083066510
329.5479782672157 683.0336861467686;2010.844143269
330.41062731305476 683.0801894538511;2024.868023735
326.43487148590594 683.833624059357;1957.2415945029
318.03137521833827 685.2539892940194;1809.3411292804
305.3313548819218 687.3563243088191;1568.132669423
287.87558890792235 690.2734100211306;1179.627118271
261.6165206211165 694.8411546025175;325.3477815045
244.90195026409677 697.5317309689599;991.2960980691
235.5112318543785 698.7549002119954;1202.869611216
232.22248662764116 698.7457715302191;1265.2481771454
234.42379212980265 697.6343291333928;1219.3632408472
242.16565228392582 695.4346913344202;1046.5171539912
257.27857920288943 691.838120378597;549.6229408520
258.38159466729024 690.9365796884642;485.65477843143
277.2746042100979 686.6948968495655;909.0579619284
287.3334288546037 684.0910101736296;1192.5698339463
289.91939317745994 682.8672038792539;1258.6477973420
285.69964630416706 682.9099438344373;1157.6558106515
274.3178296425805 684.3142963565793;828.6059786306
243.69280747604236 689.4547691878134;980.2532725850
221.29538852695455 692.9501641164964;1427.9134388863
205.2743806860356 695.1341687281277;1656.7175055124
194.39992192127534 696.2349270417837;1786.2010287763
187.79328915705992 696.4220429443742;1856.0514169263
184.81206329408275 695.8258430062209;1884.1565459037
184.99108238647986 694.5469665987232;1878.995357725
188.0111060242229 692.6612762037964;1843.662809896
193.6870189123047 690.2214985729642;1777.071758921
201.97802791055008 687.2551056504506;1673.3584468498
213.0391146274527 683.7548885598696;1518.4699663697
227.39578596839317 679.6470744081716;1277.3588191280
246.8011478499215 674.6323818327862;812.0389253005
248.34285784374666 673.1795838213261;753.8346076213
260.07657942267815 669.8350907810877;258.8878236429
260.43805718841935 668.7476728333929;311.4460766122
239.0236553931573 671.9687121414698;1005.7132116018
225.06186796119118 673.7129140435701;1295.3489556536
217.07201571028853 674.2551000164236;1427.2356319045
214.11649232681293 673.7767100177384;1469.612921344
215.6276097003146 672.3961108982058;1442.546004754
221.38022998727982 670.1725066316194;1344.2543536634
231.63653909096064 667.0783883781137;1144.8852969498
248.0796754827338 662.8237479721926;690.9738101999
248.29676821008837 661.8076469375711;675.5970529866
259.41157171750245 658.7255301095362;379.76314520531
259.6007895379234 657.80631413172;404.18554892244
241.8931007830296 660.4470389026292;870.4147590790
231.87094409351323 661.5567078994628;1115.591475687
228.20450116986012 661.390505752439;1188.2048066864
230.25836519671327 660.0810829154199;1142.1040159788
238.1703883000672 657.6222965763984;953.1181114876
254.62432129852633 653.5306191733094;230.57538145462
259.8058502226278 651.6695005365381;485.6193519081
253.30382884657655 652.1334494360117;326.74956598574
259.1196610889441 650.2210996214135;463.2222814149
253.2617237894413 650.6240135799438;306.0960616912
260.3186977672294 648.526164623426;542.4446014423
256.73308978696826 648.5262145321005;328.129761656
285.5343064350205 642.2334884358572;1318.4967262120
305.58468129433487 637.5660727623856;1724.35862875
318.37847174153745 634.2263370784029;1951.1600015401
325.0105555474311 632.0043604797653;2063.2390629819
326.31794942705403 630.7465795514286;2086.8397491521
322.9374132617229 630.3427886478925;2034.444683990
315.32167376489053 630.7223879491354;1909.9655482386
303.7111510338744 631.8604050212404;1707.6729063881
287.99534586484293 633.8069287725374;1401.573045196
266.9839318150654 636.8383160172168;874.3539285321
264.52593975654827 636.2956472310156;799.2631864389
251.90126771865502 637.822202179471;183.7188579784
250.04905433627036 637.2558041392568;349.16229447775
264.7347436157358 633.4835227290291;823.4867826034
270.68848533189754 631.4315925626235;1009.2410275081
268.87911473939164 630.9136399144629;962.1956053608
258.84917004353537 632.0450021836763;618.9995019752
276.86473044655355 627.6842157275603;1181.2428405252
286.94536835751603 624.8471028045025;1411.9738589776
290.30089406874623 623.2950016916191;1484.3911730607
287.6999411725898 622.8864869070197;1434.1516030156
279.4663892014845 623.5773175183193;1257.634913564
265.0188603516871 625.5161316572623;879.2992845691
229.513945692218 631.7456590590294;1026.9884557874
202.35685813483084 636.2279854821743;1507.9290179677
181.6497459199326 639.3132877028745;1760.7427702192
166.10592851699892 641.2448025239589;1913.1296988704
154.7808161604355 642.207238010875;2008.2275536438
146.95641345598912 642.3467445012698;2066.4784481843
142.0786695799897 641.7814024148378;2098.9428208096
139.7186847588219 640.6075625537127;2111.9342360067
139.54684724239067 638.9040071201724;2109.0314263323
141.3150527289831 636.73478482659;2092.0521804156
144.8446918103797 634.1511150820212;2061.5272517255
150.01942482243945 631.1925169754038;2016.8774425067
156.782779226757 627.8871356229988;1956.3512727580
165.14189979691076 624.2509998391714;1876.6714950381
175.1813593028061 620.2854595375861;1772.1635744583
187.09783229056865 615.9707311938574;1632.6602274306
201.29051754322475 611.248807861482;1437.6270407146
218.66601345717697 605.9646556956405;1132.8458195026
242.91095261707736 599.4159556815589;308.4481620253
256.43850038683104 595.1529745955773;792.9432611665
261.3120010631057 592.7309199957809;951.9691392186
258.34825142299076 591.981080098789;871.3440032838
246.41497267456515 593.1582217286333;377.33295650545
247.29433963805158 591.7976625932794;446.9516284941
233.5855417648963 593.5320179593771;694.6060999628
227.98395264097888 593.6149447373565;861.729117290
229.72124795497336 592.2061729626905;805.4392745335
240.16468849118212 589.0495518892855;352.626994562
237.00211999787552 588.7609230672111;522.6706962508
245.02440261572394 586.2105876827479;378.83459248056
241.76225309155578 586.0242694970369;126.38849473185
256.81554940183014 582.1183713222238;882.5766326859
263.49724848933704 579.9091764455819;1072.308827667
262.86491338624313 579.184289604151;1060.0617910121
255.04415821668007 579.9397876123602;842.5042311919
236.19171161550847 583.0240010221626;504.0469514176
226.1009193069343 584.2722857099214;857.0892033899
223.2574870722798 583.993150845632;927.2871440650
227.3088626095538 582.2728640882807;812.1858687165
240.4931707734262 578.6840664587237;58.577614197546
242.45315323665542 577.4495630651501;324.79386111278
228.21974901188628 579.6398204033835;769.1760551396
221.66935941800472 580.1946931084589;944.7690481488
221.8347808808489 579.3201126686668;936.1995639392
228.9247068153363 576.9948468256981;729.9167923942
249.51320181423583 571.9050664890896;714.3767860864
261.01808039260015 568.6756747770933;1063.97691514
264.96049272836996 566.985953028638;1164.8798645796
262.1277983099446 566.6830229552164;1100.112746479
252.41205275871528 567.8160392079501;835.1047783853
230.19853068938102 571.6222406690446;648.2239836434
216.2527747903587 573.6588919160256;1031.855971155
208.82989676022174 574.277811349072;1177.6820400833
206.942194090287 573.6876537929962;1208.1417965995
210.1330013983267 571.9974874030121;1144.2989818648
218.60519019414107 569.189579727553;957.8345223072
234.7108969273471 564.8142185088179;375.5713127462
239.19549744624743 562.923594367198;306.15732373388
230.14520085372928 563.9431201799902;587.849873476
229.94164900886955 563.1051312966259;588.688694981
241.11288649512994 559.9067892108845;465.6250579283
242.24452332383194 558.836476485569;531.555660809
231.07301650591435 560.4044534460742;516.7750356397
228.94120853877487 560.05512060831;601.6752448593
237.0072766871662 557.5670565352692;206.36797592922
232.83002238948626 557.6965356910142;397.3756692761
240.85949326757108 555.2649097999947;501.1873008257
238.637920231936 555.0071390520366;382.9260021939
207.4895534337154 560.9543999432157;1144.2574324027
183.79187841188832 565.1877722861764;1509.894239718
165.9167164128387 568.0329211478121;1712.7511405398
152.73044648325538 569.7239702296949;1835.906665412
143.3939047894438 570.4413145481082;1911.5684812498
137.26907471886116 570.3286146045629;1955.7004816222
133.8662430697577 569.5021470579183;1977.0409420452
132.81063759763677 568.0565898113108;1980.4933787214
133.82021556771483 566.0688252269413;1968.6451670707
136.6908713900841 563.6004526737623;1942.488571292
141.2874540807963 560.6992942544792;1901.7177252033
147.54037817455566 557.3999101281731;1844.7202114657
155.44919087999747 553.722830784855;1768.2283548774
165.097494083291 549.6716055266022;1666.3824056208
176.6918877412393 545.2250816810017;1528.3820670019
190.6678751041967 540.3160747231058;1331.5693465317
208.07667957511455 534.7517682321652;1011.1045617481
234.69657503655483 527.3415117054399;487.0427935641
251.59240499166125 522.1109315016565;1055.5947984497
260.6912422507099 518.6134861418751;1271.5085191377
263.16649736713947 516.5847748893981;1329.3110198389
259.7195407293445 515.876232655863;1262.3247820802
250.51302586609427 516.4696312511262;1056.6361071978
234.1713105325534 518.7044569666109;547.0293534234
230.48649333634995 518.2555182823538;362.7480044895
285.46692668335163 505.06663615426976;1763.2018852740
329.35113850383055 494.18928523225713;2433.4808330783
363.8616138810835 485.2296751650576;2899.8102060626
390.36269903899154 477.88627845241155;3238.109515111
409.9812339446018 471.9170671313375;3481.165522173
423.6648546469652 467.1234702898695;3648.2296496381
432.21762525565055 463.3407241568679;3752.461706006
436.3249026413272 460.43133882493515;3803.6248247226
436.5720406813601 458.2803539989772;3809.293066092
433.45905757829036 456.7917510572389;3775.476614883
427.4123738296902 455.8856851740717;3706.978190949
418.7942403342704 455.4963481967213;3607.605593089
407.9101941051497 455.5703589453498;3480.293176023
395.0146666147209 456.0656411191633;3327.151450099
380.3146412501068 456.95081404531015;3149.4419705993
363.97090901503486 458.20521561591477;2947.4499707775
346.0957954142755 459.81985380286784;2720.1822827462
326.7446588730494 461.79998561206196;2464.710038363
305.8941321835006 464.17111041469525;2174.6586319234
283.38531382463674 466.99381256506473;1836.1783767897
258.73956436203775 470.41000918119397;1413.543917340
230.05844827832067 474.9084742401939;739.6957899608
212.9419036710458 476.91395670338153;486.70246589166
204.2460824839353 477.09630805185816;776.2980391907
202.68615593238778 475.7296175211695;807.8119083033
208.34626125314898 472.7989180045867;624.4155111517
229.0052778075214 466.5611559097947;763.1332205239
241.0828174558937 462.3294576484786;1092.8309237255
246.04858281709875 459.75052187393277;1209.4098102638
244.78102940819934 458.6237863906046;1188.101424394
237.6203726933842 458.88732189504435;1030.8102608036
223.71416412157285 460.7759679273714;632.4506580711
227.71860181100823 458.615351498872;776.601085214
223.59366249981287 458.38179797946697;647.0022155735
207.45997044797724 461.0301499824782;555.6523011498
199.37848810927275 461.79579637005446;803.8292846730
198.15428357475213 460.95313081254665;828.5313587490
203.83406496720394 458.5093301622137;658.0809429531
222.12655183103124 453.1860739243026;636.4819419965
231.66509227581992 449.89506559929794;934.0393438212
233.8183446850984 448.3130998666666;994.3912228903
229.12654741726712 448.3300501596521;877.9465016181
216.48626423108814 450.24663587595086;431.4080803607
216.4525044821461 449.24708867779407;441.238081060
202.39016429289515 451.6198618386083;650.213986535
195.91569932073196 452.17036460106726;828.7438139075
196.0857568220289 451.124951787105;818.3249784410
203.28156872180736 448.41992541476895;595.3103910791
232.46446658472544 440.597083963667;1001.4251365653
252.9013723816654 434.75319863881305;1433.844730820
266.1481635408365 430.50800426728733;1669.6161402493
273.3161274347068 427.60057063218045;1790.0558237505
275.2478841844684 425.8420988991968;1824.313097633
272.584694205136 425.0974054186553;1785.8759015687
265.78696481757277 425.2791624213882;1679.5045537003
255.1097363048699 426.35428420630393;1500.8349691528
240.4703892557477 428.3783246603554;1226.7667527520
220.72746780718123 431.6780446640278;747.4791057457
216.72462008246146 431.3140554648841;621.7957284676
200.55142720012083 433.973625757878;565.7088875570
192.24395808078165 434.74323171335976;809.2760399302
190.58376112492437 433.90900829705237;842.7632833221
195.4532698202812 431.5146504917233;705.5802511856
210.13450949641089 426.8167068606052;386.23798335187
215.3793864531328 424.4189145600976;630.4566793178
211.79375308893492 424.18588588658486;495.97954588437
190.8149838663888 428.26274370890076;803.0023010632
176.90593445947582 430.5526982063879;1086.2841170442
168.58433500602828 431.39951723954164;1215.0159828755
164.9200511935644 431.0291062898525;1262.8712145651
165.3395359955784 429.5922389673786;1251.6358591742
169.57644286183083 427.17426646031805;1183.3733823767
177.75146451395034 423.77555095016737;1040.2402623476
190.8799973581642 419.191786615832;742.5494990665
226.2328824108509 409.2895830753836;1014.9016503511
252.3264938076328 401.5845615513523;1535.9269961706
270.8037029378091 395.6516636999973;1840.4554230866
282.8568597474595 391.1932900522378;2025.0233759932
289.41727788876153 387.98559510531817;2123.4611314936
291.23219969628684 385.85601089667676;2153.1423889991
288.9036017989226 384.6718538669795;2124.264731105
282.9080815814215 384.3345860440669;2042.6232740632
273.6020179750235 384.7784623841914;1910.1959233334
261.2065312633425 385.97499595499266;1724.088037583
245.74553502977994 387.95044018958794;1472.1092226628
226.8065235093805 390.8509743859661;1113.9480968933
201.63950008614728 395.4409953596518;335.94096854604
185.73636004110944 397.7692924749239;728.5200798315
176.79677678912853 398.3723763651992;928.1582761213
173.63273875556976 397.53356183793227;981.8887859852
175.72122903154445 395.38818700930824;932.4950778736
183.35040998307935 391.8855495035971;748.3370216020
200.40458567964163 386.0974526755378;396.09042809291
208.3354234116146 382.66740166699225;718.9056492269
208.3956229355645 381.27310482554145;730.292820077
200.252469079171 382.02660019135317;437.80785552448
211.3380425448888 377.9798122034921;830.8138273451
214.9619770205382 375.8222737834034;931.0350732651
211.83853352803126 375.3846558189894;858.7870460629
201.4394380964019 376.8410578123651;540.0494684705
212.22777113234088 372.95400277018143;882.2919660191
215.76976157596755 370.89160808522286;975.2648508282
212.7893291834618 370.48288957908994;909.4770132384
202.99797854281368 371.84000840740356;636.4941064294
169.85112041871727 379.3528147575213;954.9972506210
144.03523963715236 384.8209292753385;1333.303945163
123.86660674482927 388.6400552263387;1534.9966871450
108.18383362371853 391.0905917061449;1656.6369815850
96.1257973548731 392.3882195957149;1733.0731817910
87.03258698059392 392.7054876756642;1781.3039342430
80.39022934837202 392.18343566222063;1810.7589957067
75.79554796910908 390.93879303009766;1827.0264638893
72.93197826534768 389.0688533531118;1833.5271094253
71.55210225466365 386.65497083489333;1832.3666053886
71.46468837433999 383.76516050834965;1824.8024310093
72.5249732995989 380.45606765842956;1811.5084084809
74.62742813736124 376.77445857259795;1792.722185913
77.70055899004088 372.7583164392155;1768.317380158
81.70351695708304 368.43757615849574;1737.8192469446
86.62450652055084 363.83448323213275;1700.3674099843
92.4812562379247 358.9634968159033;1654.6138463384
99.32427491629518 353.8305440881493;1598.5206376928
107.24454691404664 348.43119793171485;1528.9723980274
116.38952969966775 342.7467807392903;1440.9914893306
126.99753787416259 336.7357698434412;1325.953017631
139.48265656327047 330.31202710310436;1166.6468007030
154.71686939565473 323.27051379623646;917.602500794
176.17832212060515 314.70263573546293;209.57851059639
188.1817313186322 308.9621643010688;674.0047017428
192.55514233870977 305.49793213525123;809.9667391069
190.10497427096703 304.0784465378145;759.104516171
180.3021564696255 304.88526626627106;451.3850569087
187.16150966519396 301.10961396175895;703.2896103012
186.6581928888076 299.5013990937378;701.333514457
178.47759011958294 300.182128952346;430.37483175538
190.01485327708278 295.3325446796117;812.7029299483
194.48245372570605 292.50681968582063;927.9359001281
192.70564021910675 291.4769872996101;895.7700307686
184.75079361732762 292.25810685520815;702.450545524
167.15703317533684 295.93911130411067;408.27340186888
157.1865251448231 297.38593592830773;710.9665787328
153.3944222635005 297.0020031016243;787.1497956609
155.24865773389914 294.9520112624873;736.0267370839
163.4839569050971 291.05822219222676;489.46612356414
144.213535879072 295.41735603941413;936.6459623853
130.62599224915678 297.9653829619373;1129.8294272279
121.54815137251241 299.0296990067046;1231.3161643832
116.17891862238064 298.84499982997295;1281.3773640751
113.95941255990721 297.58630421913654;1296.3026316227
114.51236902632827 295.38360267327727;1282.8565159346
117.61625333798357 292.32753108239115;1242.2100874050
123.20898080882083 288.4673064549841;1170.3606477804
131.4411926592487 283.79511191768063;1055.109057641
142.88519305728772 278.18618067919715;861.9031700561
159.85758846047554 271.0119352017265;394.9853582424
166.60717730849782 267.067390049966;325.9901494891
163.87009469352614 266.1326147429443;156.7052975317
183.50501980094063 258.5038931963018;886.452035479
195.8220635265222 253.05687991203627;1144.0123603703
202.0361286934209 249.40962207401043;1262.1852441411
202.99914965850493 247.30894260546927;1285.7872861640
199.2995024025162 246.59552617179756;1229.3150222347
191.25000349685857 247.20758927126823;1090.8561486099
178.6739243161976 249.25318152201245;838.4901744709
158.91285928736505 253.66264263200853;107.97525953899
147.20170792584318 255.56696189234015;625.138643266
141.78960987485215 255.4820619431201;739.3466516951
141.92311178269316 253.6431550247063;724.1633928176
147.84451905519558 250.00053889909466;562.118548595
165.40051563332577 242.77828053928218;556.6866603354
175.1272345344612 238.03170997017588;830.4873371331
178.33390393188614 235.33491729021245;911.2506774986
175.73021549143544 234.47864339464502;864.0199490610
167.3269452373451 235.50368244017366;668.7019281891
149.56172948854487 239.66266786445172;401.28998288445
139.00638006218514 241.45555521251364;695.9525770624
134.1947043666151 241.33303480164207;784.0711568308
134.44800044913438 239.51999568479766;767.9778937386
139.8567487939346 236.01693950882972;637.2488146505
153.1102640968677 230.0133357739713;211.7309347245
157.60274673366456 226.92887740324554;464.89714504198
153.7614658924824 226.64540145820717;314.3752439241
272.8583021997582 185.73344245553213;2366.6879027316
373.28339473822905 150.58843383156653;3529.1930907741
457.56417803767863 120.371566819113;4446.835255542
527.8515966729337 94.3909596907196;5193.713626010
585.9979665834614 72.06260992591797;5804.126550637
633.6052307737384 52.88856751839185;6300.613772328
672.0614445048296 36.44200634701721;6700.268041258
702.5705194731262 22.355937428576567;7016.902742232
726.1772424559559 10.314213023821917;7262.029002274
743.7886237514249 0.044141877375130534;7445.394450021
756.1922462200763 -8.689679511596259;7575.327884927
764.0720986361099 -16.090575965059163;7658.983950100
768.0222696644599 -22.334223320182296;7702.529270148
768.5588081291162 -27.572433163768984;7711.29053628
766.1300044163017 -31.936397115655435;7689.8757445085
761.1253086162815 -35.53947419681475;7642.27530636
753.8830693505116 -38.47958958081862;7571.9473993032
744.6972512717208 -40.841301289673474;7481.890597076
733.8232672832236 -42.697582197306424;7374.706015412
721.4830429684672 -44.11135728612104;7252.650688895
707.8694148741969 -45.13683005155749;7117.68353923
693.1499506456506 -45.82062687634664;6971.505038602
677.4702672786746 -46.20278400377606;6815.591479327
660.9569135862346 -46.31759811721498;6651.224611102
643.7198742679162 -46.19435854645517;6479.517288177
625.8547453317755 -45.857976394114715;6301.435670838
607.4446240453451 -45.32952374533432;6117.818444839
588.5617508995164 -44.626694019808;5929.393454420
569.2689360979849 -43.76419284962731;5736.792086421
549.6207987809493 -42.75406728111551;5540.561692800
529.6648434278354 -41.60597968427419;5341.176294670
509.4423946156192 -40.32743134750282;5139.0457712919
488.98940836902057 -38.923939516108355;4934.523700121
468.3371758918676 -37.399170220256586;4727.9139791463
447.51293306819997 -35.75502778340894;4519.476324724
426.54038705655006 -33.99170029535486;4309.430697450
405.44016931370055 -32.10765819110181;4097.960658860
384.23022223802514 -30.099600540860397;3885.215595037
362.926124434379 -27.96233990959857;3671.3116500655
341.5413567422708 -25.68861158199049;3456.3310692830
320.0875073040697 -23.268785109798735;3240.3194237241
298.57440808172356 -20.690444191542948;3023.2798037482
277.01018537281794 -17.937781392927768;2805.1623945950
255.40118948399962 -14.990721345687922;2585.846604877
233.75173543151084 -11.823627629009398;2365.110507426
212.06351913338966 -8.403338426314416;2142.5773809201
190.33442620138993 -4.6860533067793195;1917.6181053267
168.5560985541548 -0.6121002811201537;1689.1612864216
146.70868013031057 3.9036169344325256;1455.2890386247
124.74818801724123 8.991300821950748;1212.2554193960
102.56998190049754 14.875448714258829;951.5496218476
79.85717801481897 22.051896971336948;646.8071708370
53.89637300533722 33.461669110184644;210.72177785058
32.902293908384856 40.87367462853068;548.5901779308
15.288069598586596 45.15715228564265;654.6220545201
-0.022364561440232578 46.80551494628111;684.2453014040
-13.891234253387195 46.110686523729555;664.7269792799
-27.148581135029104 43.17833739656869;598.5683676558
-40.87935913205591 37.768617312740616;459.1921914416
-59.539492255630066 26.694898579751733;296.37734436913
-72.29230937122219 19.35547041780091;574.2631372039
-80.15594523178675 14.905952435956918;703.1530034970
-83.84864010758767 12.842934150338309;758.7820888975
-83.91694366189364 12.85228244083593;759.4766200392
-80.76625672019246 14.769958988574691;711.0732251991
-74.63130375595097 18.611340220839157;609.6370747268
-65.36148520118803 24.789070590163966;424.0175080812
-47.15580177211651 39.01113208934333;409.93761717
-32.741892110832026 49.12065667886883;619.9075112985
-21.012456120647254 55.929316995635546;717.8432495694
-11.219485872703228 59.98454957835815;766.3396767219
-2.8109447768408415 61.68799554470948;784.985780347
4.657494655690239 61.34097144989563;781.9652808190
11.562731239379598 59.164287267678546;760.6583913028
18.252401675529782 55.30297589080088;721.1949612901
25.09009464011509 49.81320285322431;660.0332060200
32.541421359005405 42.60596830939309;566.256902103
41.47580675399624 33.1877211224527;400.33091161194
65.64206073291378 8.34591983107477;590.1873456660
83.96587776000052 -11.698623056097752;907.589036079
97.3348653012419 -27.84016184654662;1108.2360371439
106.45617990175744 -40.72288273956555;1242.3416850667
111.92596967400632 -50.84536848074005;1328.3198412481
114.25804607179597 -58.60551825060008;1376.5771912811
113.90056848402848 -64.32524194056505;1394.2883118847
111.24790319209318 -68.26604944693514;1386.9505823303
106.65007437647374 -70.63970927197336;1359.040180130
100.42083197906314 -71.61584883414909;1314.3417488577
92.84486529092588 -71.32743957022548;1256.1345385079
84.1844812779906 -69.87466940495443;1187.3015638078
74.68595131161396 -67.32745363043263;1110.3844517723
64.58563228881481 -63.72663717373767;1027.5840916608
54.115849921550215 -59.08368483785419;940.6886943460
43.510387824154655 -53.378145846767794;850.8861157130
33.009335225171455 -46.55090660169183;758.3685388857
22.863346605734026 -38.48758020769964;661.5011252398
13.339301946340598 -28.9735919881269;554.7869229179
4.739318865408146 -17.538926470678593;421.61551658304
-2.4508091872500684 -2.3689101509745836;155.92717806190
-9.497411303294687 6.241578649690981;231.0801313191
-16.966573034209734 9.407549502263116;255.58685687433
-26.091046422369647 6.538619278643946;52.007583983219
-30.421568475396345 9.330251167102784;27.687461866836
-71.59472069911592 -42.95919174498057;971.2715610310
-105.18950466905116 -87.38274442017307;1408.1869974562
-132.15473113124966 -125.15868046853917;1732.7163063916
-153.3287654605378 -157.2610238613028;1982.2364758533
-169.45314590695625 -184.49617462386198;2173.32163494
-181.18277924263865 -207.54227115376085;2316.478049454
-189.0954276859846 -226.97429484831508;2419.5277111752
-193.700621899746 -243.2820685381729;2488.7655893947
-195.4479038095713 -256.884049089962;2529.4677408436
-194.7343452967346 -268.13832544896275;2546.1605667618
-191.91134102186962 -277.3516093284947;2542.7859322738
-187.2907056603642 -284.7867068154177;2522.813944173
-181.15012073222874 -290.6687998945001;2489.3257444281
-173.73797949661696 -295.19077427928954;2445.076819345
-165.2776742128265 -298.5177719408862;2392.546017788
-155.97136073572628 -300.7911078823298;2333.972868082
-146.00322290696542 -302.1316628961487;2271.3844239226
-135.5422450632276 -302.6428427702816;2206.612184378
-124.74448735650705 -302.41317663273804;2141.2994205311
-113.75484849014278 -301.51861114228416;2076.8994578912
-102.70829766588817 -300.0245419300854;2014.666107836
-91.73056619219139 -297.98760888224996;1955.6384653122
-80.93831232005088 -295.4572683057614;1900.6235188618
-70.43881031311909 -292.47714425376876;1850.1811078880
-60.32926148758931 -289.0861553562566;1804.6162416084
-50.695870576755986 -285.3194139834236;1763.9832312802
-41.61286206133116 -281.208901549544;1728.1043229282
-33.141616628930926 -276.78393542200473;1696.6028464544
-25.330083330388486 -272.07145581003516;1668.9480366389
-18.212573194872437 -267.09617121610904;1644.5064913988
-11.809977605822375 -261.88060584498487;1622.594327740
-6.136194422692941 -256.4450909033035;1602.604142873
-1.1865405666692057 -250.8077356531482;1583.8236378849
3.0542182946002487 -244.98439867647613;1565.6262501629
6.610477712499859 -238.98868420991346;1547.5046855854
9.514340281845708 -232.8319674721016;1529.0417484685
11.804171870104284 -226.5234488827338;1509.9095122454
13.523223063931347 -220.0702325780884;1489.8627299576
14.718351506511368 -213.47742204501225;1468.7284423525
15.438864588716186 -206.74822456186982;1446.3934205503
15.735489497569043 -199.88405587336072;1422.7907013253
15.65946897347322 -192.88463669571524;1397.8861106238
15.26177575534676 -185.74807292672372;1371.6653598552
14.592436012961866 -178.4709114853701;1344.1220472721
13.69995127996185 -171.04816341327702;1315.246695537
12.630808934049316 -163.4732849275369;1285.0167901167
11.429072597827103 -155.73810530891612;1253.3876319417
10.136045506520116 -147.83268739938634;1220.2836592549
8.79000164705834 -139.7451013682908;1185.5896996516
7.4259811229083565 -131.46108409717974;1149.1413439940
6.075647684901256 -122.96354290338067;1110.7132219249
4.767207777547302 -114.23183942863393;1070.0032797584
3.525392076524109 -105.24074978559337;1026.6099670945
2.371502977028772 -95.95892503828358;979.9969991945
1.3235361694698227 -86.3465381095651;929.4358681942
0.3963944889862604 -76.3515198428251;873.906522471
-0.3977642450195906 -65.90315053234099;811.9133213619
-1.0489422742675143 -54.90016497943021;741.1102105470
-1.5481897279801435 -43.18574183427806;657.4254551256
-1.8849485673443582 -30.483506795781672;552.5215283542
-2.037461469630809 -16.16104076018623;402.603578120
-1.8484488388346954 3.7611407950454243;193.13521695106
-1.7935606508310071 17.912757012344674;422.9365123334
-1.8409214053648604 27.571095774399993;524.8406389041
-1.9760327061271505 33.545132799172094;578.9246552684
-2.193940933651132 36.405513689592134;603.0488718360
-2.4971104396447945 36.56438221408603;604.2440996747
-2.895744053520842 34.30652297119315;585.0724924291
-3.4106459711019816 29.790715052311505;544.8079425222
-4.08161827461506 23.007228054237927;477.97792143737
-4.996702422320592 13.584682809725546;365.22139629378
-6.541425090071678 -1.048858274468408;121.55662887538
-7.283926843959068 -9.942580292820926;323.649412678
-7.394537014425468 -14.281661378675448;385.1033605731
-6.990054328776014 -14.691423775025422;389.64570964472
-6.152279666717405 -11.363096368478992;342.6986852732
-4.895831216141798 -3.5730688626710894;195.31395408137
-4.438350223505617 -5.103744800017591;230.2888531748
-3.5874724624893464 -0.788558463274331;95.83771505698
-3.3376202030394397 -5.582462027263885;238.6847101506
-2.835001461311583 -5.127268785364568;228.27421610200
-2.083331044392879 1.8940868195955245;136.11901883554
-1.5798840498561755 2.861169605963328;168.49468984276
-1.3177798607361975 -3.848303109358297;196.6998570432
-0.9913727199908005 -5.020923896803176;224.38346770663
-0.6271538749969445 -0.14235195204417295;38.340973051339
-0.35805258031884374 -3.0672228107838633;175.26790195027
-0.11190119686107533 0.5134931585897813;71.74858020660
0.11464874470444672 -3.9905523834240095;199.8681063874
0.2764848677033373 -2.7474905653998896;165.88138241501
0.3205760061255417 9.556663322147735;309.22511750995
0.37912429457125546 17.02657060903737;412.7190267436
0.4528207668222548 20.52782385554971;453.1583151809
0.5448415212261417 20.583596309070735;453.7642165023
0.6618053431132862 17.439515982342723;417.6606399382
0.8182932806768904 10.925613340823972;330.54603339627
1.0720994585600219 -1.059688576544417;103.60867020300
1.1791691937831235 -7.197532207821618;268.6529730347
1.1651539528211214 -8.437861598808837;290.8252122164
1.0417536507998981 -4.81843866975519;219.86690040890
0.7226362898615138 9.507700251247119;308.36812591347
0.4699880596555685 18.862550873693095;434.38965225554
0.2615188003945716 24.200942080249227;492.04019414919
0.08180117121902086 26.13996245083498;511.372717655
-0.081359529052878 25.076123427951856;500.8591811549
-0.2392111885654209 21.20112672046463;460.53820666864
-0.405128750813235 14.400047449384363;379.54826661735
-0.6068878375698297 3.5126260246851615;187.4156569360
-0.6921623565549633 -0.006425155198034105;10.683660266185
-0.6423554421399754 5.2106991125921205;228.27273648110
-0.6576334041822486 5.098481036350556;225.79579891725
-0.7608458738838961 -1.4858964062787514;122.22695956836
-0.7616149992449753 -1.8094739589206226;134.8245081927
-0.612517718087408 7.923818935045639;281.52001354301
-0.5204543995269213 12.799320060685904;357.81831065826
-0.4742960493556264 13.522900284062327;367.79963172980
-0.4705537706369036 10.29697904401133;320.9498539670
-0.5197085909860539 2.196006234877288;148.1929212236
-0.4912457931358417 1.7425092848067028;132.00778823892
-0.5859991066278287 -11.148356860309192;334.0371113354
-0.6302499558392524 -19.283748993355758;439.2715788130
-0.6338341853867353 -23.529089282218962;485.2029971688
-0.6044486812546221 -24.439180754038915;494.490904695
-0.548394278230772 -22.343490621125667;472.8153425919
-0.47060073044746575 -17.32175566740551;416.3160325183
-0.37343778996683646 -8.930003513535315;298.9507129934
-0.226437353023951 9.690705807713307;311.3884850708
-0.10721807957556476 23.021395478152844;479.90389362288
-0.006692351637908489 32.1408979550227;567.0293599644
0.0814624755591854 37.77497570018919;614.7137768932
0.16218869552746668 40.45124642177571;636.1124973446
0.239743949671246 40.55992562268845;636.9646341208
0.31821137468164484 38.38021752945307;619.6127054034
0.40205351277914225 34.085487913905034;583.9179587349
0.4970140494363144 27.721401497175705;526.5926838387
0.6123175855343248 19.112704023742115;437.2440269943
0.7702195739582344 7.379294001793852;271.64704777705
0.7479666765832363 5.809598823279984;241.0224912743
0.8260129340824556 -2.4356488826848874;156.3923558127
0.8073082215462128 -4.923035463067291;222.13403842665
0.7019983556083029 -1.6392854097421554;128.3339058794
0.7685054436054218 -11.964168102591076;346.0856339003
0.7710353182923244 -17.76804911578901;421.69986007148
0.7233874216381099 -19.776098974719574;444.86932610260
0.6364506211911096 -18.395810881002955;429.05696276823
0.5187772331714707 -13.700022808343581;370.2769601499
0.3746722186556065 -4.944654790237303;222.50110693474
0.29088162154272434 -6.221437912834348;249.5479735902
0.19180644874753588 -1.9757722418256023;140.6771697613
0.1262397466432163 -9.362902363913031;306.0924669875
0.06130261312234134 -12.132404460852545;348.4171650439
0.0015978815004361185 -10.736332677059417;327.76345157381
-0.04846470247402257 -4.824439585025623;219.74611954478
-0.1425224201526551 -25.60628504370272;506.1271132013
-0.21731897625114927 -41.47141132392924;644.0845005799
-0.27420542001440035 -53.3076129961407;730.2230339752
-0.3147722568766831 -61.774999583028034;786.073890102
-0.3407184329829438 -67.38926039898111;821.0132834090
-0.3537752568494637 -70.56239876107614;840.1181901235
-0.35565757039205625 -71.62647999760877;846.4282041463
-0.34803043088019375 -70.84884294864767;841.821262117
-0.33248531327597175 -68.44214720176483;827.4010488002
-0.3105222482724265 -64.5706384854695;803.6614704410
-0.2835352913024722 -59.35290614482513;770.5107553075
-0.2527986386521053 -52.86029779086138;727.1527440691
-0.2194490396949454 -45.108082100399656;671.7268971904
-0.18445366323403425 -36.03061710398704;600.3560778227
-0.1485245349787857 -25.409003411734513;504.1741440714
-0.11174848888027986 -12.57391971814517;354.69787568052
-0.06328636538534205 10.746845331999811;327.92257071350
-0.02517274838498907 28.40884387388056;533.0991623172
0.005398618650035172 41.565106274932404;644.8101127217
0.03034047065645142 51.00613137959071;714.2860087653
0.051077145818068305 57.32600002762041;757.2396917604
0.06872738054127404 60.988492649383915;781.0516807097
0.08421055068228983 62.36111779441832;789.7909514537
0.0983200217385633 61.73507875020202;785.8171029402
0.11178255010184739 59.337415470875044;770.4081378992
0.1253159849019944 55.33753479261185;743.9922246849
0.1396985498496012 49.84816709332556;706.1323590294
0.1558730620274163 42.91823849103283;655.2198345168
0.175143999031105 34.50898445510376;587.5426225146
0.19966309334084958 24.421146970464978;494.2755321117
0.23427010091204495 11.99001774542072;346.3604678131
0.3318292869990879 -12.123131327232128;348.3020034424
0.39269945585538635 -30.55635321704976;552.8958891799
0.4237589980408004 -44.450192736072765;666.827481919
0.4304614192545422 -54.5953303254279;739.0033727944
0.41749565498584407 -61.59058968766729;784.9120031150
0.38900586547467325 -65.90681847311723;811.9433552779
0.34869019404472246 -67.92030175554486;824.2486052158
0.2998566758144815 -67.93284949806512;824.322317912
0.24546201469461815 -66.1846504567277;813.645649372
0.1881438375375643 -62.86232051026105;792.9617334380
0.13025233048150406 -58.102889300747414;762.3549280144
0.07388673877346168 -51.99313953272811;721.1638021651
0.020945850844802445 -44.56157211793146;667.6447885333
-0.026784815125536092 -35.75452612477109;598.0506774561
-0.06743111423596626 -25.365899341605637;503.7454793638
-0.09828428709723142 -12.750901728488204;357.18441767777
-0.1008808527257935 9.053655667859088;300.9902323134
-0.11168677776198763 25.261659718021562;502.70742841033
-0.12957249841718493 37.0347978639602;608.6595473600
-0.15413431485084667 45.15656108809516;672.0830084362
-0.1854190492606732 50.20771219223198;708.6697257504
-0.2238478080210374 52.634775922842444;725.5925915822
-0.27022310455729814 52.78413567931939;726.6191864554
-0.3258009703454822 50.92056467846629;713.675772061
-0.3924472383331904 47.23600026947469;687.3693844893
-0.4729429631939959 41.84895437323772;646.985660225
-0.5716168095256627 34.78911451201358;589.8895623332
-0.695877531842561 25.945126905435018;509.40909683300
-0.8613209922554641 14.865814285521598;385.557280832
-1.1354657201448741 -1.1038256776394597;105.76354783415
-1.2737430235699305 -11.237591756841855;335.5543394900
-1.3065626674722788 -16.806647781812252;410.25420320218
-1.2548025674296646 -18.530861155021935;430.74516350233
-1.1343599675039642 -16.79044764028332;410.0071283632
-0.9562291139133378 -11.569646737629698;340.36665607877
-0.7167388882015977 -1.5675452484878765;125.49946699807
-0.5667879635113326 1.6908415968525432;130.00311207371
-0.4989085923010177 -2.297450771194573;151.75053732275
-0.3896943185783668 0.2756843564528797;52.45694146048
-0.3516283272423628 -6.638903592947385;257.7811751082
-0.2954783088790197 -8.570630911427195;292.8683550431
-0.22724354946837816 -5.7202320322098;239.27858859894
-0.1438120544075714 4.808013051417804;219.36566457267
-0.07974165223327029 10.075812891720076;317.5224106891
-0.02878375461646976 10.86565102285575;329.73045614442
0.013925325813038347 7.2858505816051;270.0232513140
0.05539059668330833 -2.921399621315505;171.02247474988
0.08079872632704262 -7.568871735842361;275.21781982375
0.09121723565507128 -7.351568862920239;271.24021343207
0.0865004813350975 -1.7448811451777804;132.1976465140
0.09302281538983104 -5.07207485498031;225.31552539068
0.08564361725668324 -2.8251319974345193;168.18432813182
0.051718371744300634 14.650347956836084;382.85789737300
0.02052059803643596 27.181974543764298;521.463517425
-0.009797658123045554 35.721972924658594;597.7785110158
-0.040637823452708485 40.93567678195949;639.9094112053
-0.07323617215993412 43.31596803108617;658.2475366150
-0.10883403753187676 43.232081878727065;657.609089757
-0.1488361869297514 40.952033451616785;640.034539140
-0.19502474924987054 36.64793105264768;605.4702551445
-0.24994842696956587 30.379982060070343;551.2722216152
-0.31786291359708063 22.029199691639;469.4388003512
-0.40821473285724663 10.999576083663511;331.726882796
-0.6083857981326306 -10.785497623011716;328.56307688325
-0.7436225581845896 -27.057084790399493;520.3099657852
-0.8251409522625258 -38.938199838862445;624.1511080649
-0.8618655034564091 -47.19716193184486;687.1473474300
-0.861533165193738 -52.40794489190746;724.0759652075
-0.831048251250413 -55.01459050393558;741.8564562454
-0.7766318954972781 -55.363996997873045;744.2026325391
-0.703898944678737 -53.72430337803611;733.0954038119
-0.6179048839730024 -50.29446318954699;709.306632834
-0.5231784132306196 -45.20598272108218;672.4690678258
-0.42374430427134596 -38.51364019890335;620.7038175422
-0.3231308585606731 -30.16228083738554;549.3082486597
-0.22431898429723485 -19.875257135727942;445.92014662245
-0.1292145329326877 -6.551140011176367;256.05391829453
-0.05548535316713868 -1.4392903084891158;120.07115409208
0.00713042683912915 -5.364549985753747;231.7150642167
0.05261386613773963 -3.8808578418102604;197.10015872713
0.07263195162326802 6.415612658224775;253.3902820501
0.09379227862615387 11.663882463179277;341.62391655327
0.11736083027276692 12.624801915670496;355.41320802348
0.14584173509362702 9.507537324780442;308.4409568061
0.18667099758040595 1.2374812270553672;111.32833687072
0.1928337434150725 -0.004597752509061692;7.151468063583
PointOptimal;ValeurOptimale
[ 0.19283374 -0.00459775];7.151468063583932
Temps;Nb iteration
0.054984092712402344;1000