Point;Valeur
2.755391310547731 4.2967753582966495;12.121442715573
4.0523913089606385 2.999775358745284;10.268863798217
2.907046939306724 2.7276882778117257;9.921784018696
3.275603105785146 3.5671866272628763;12.050497909907
2.593515110361428 3.491861310127477;11.506579277235
2.5409890706755256 3.1740826621713545;10.688488531723
2.449667882603196 2.4698932569342924;10.109254931631
2.0771522942947316 2.1774957610348102;7.711116524501
1.3029985653169023 1.2353522895077567;6.314133839107
0.6246875009580436 0.6954954947956337;4.601864601243
0.570203193553829 0.6844564600939423;4.5648660500744
0.42740726573163507 0.6321597220441227;4.308656992962
0.11062006881343245 0.5012738154396661;3.2282607647141
-0.23999458575952132 0.192114292443189;2.3363653286089
0.49311616606752146 -0.3855759751885055;3.9961382492599
0.24109511885111568 -0.1239017769679962;2.0024061410584
-0.46682955172661034 0.3240872312020872;3.7729050124477
-0.2230778595397279 0.04459454703740684;1.5926064307263
0.4608576376756076 -0.1547820045626009;3.231137651187
0.20318727902673922 0.12390059788947402;1.7299256445477
-0.3423873929026255 -0.3239141841637675;3.40029418415
-0.08453256197192915 -0.02086474666420013;0.43656348755878
0.3764766344299789 0.12460344354598654;2.8114358911203
0.0619566133641401 -0.13093980065012814;0.8922632868900
-0.18894631743870588 0.44298272619289925;3.280150865897
0.01926775641788267 0.2023306006581466;1.3811321395569
-0.04406334154624601 -0.3596581292977561;2.5402125570778
0.04162378372095572 -0.006266643011495265;0.16556463878746
-0.26688415637621554 0.04124821835561882;1.9298973584998
0.17240910072514426 -0.06428543523365335;1.230341632161
-0.27524443455399183 0.15139956478394853;2.3520020584810
0.054759199442506235 -0.12281872357606485;0.8038673895757
-0.13267885227902035 0.31401299947360295;2.508904557118
0.061182658222686065 -0.011194841176570935;0.2757989063524
-0.2349517606621163 0.049086396299238125;1.6976660443903
0.15005113338434514 -0.07180730799979498;1.0795266055034
-0.2140924240637138 0.15155354197840284;1.95211448296
0.09277927798290517 -0.13724485455025;1.0796839736438
-0.13742870340318183 0.23665151193909587;2.0344451550346
0.07339771704925471 -0.10287484087355284;0.740141757664
-0.13744627050401864 0.21674715804968878;1.896143414149
0.08099280318318891 -0.10876028171729227;0.8177324974792
-0.1354049430724499 0.19534363760786175;1.7338652053088
0.08984460501646943 -0.11597740818709953;0.9135330518883
-0.13124499713375623 0.17495290167325425;1.5652586857886
0.09789647427281134 -0.12086913796965679;0.9915594301762
-0.12594358592321447 0.15593407336171675;1.3995340707774
0.10444076732317345 -0.12283555018879475;1.0426540695643
-0.12040329883422915 0.1395508820271961;1.2522355435201
0.10849510887656963 -0.1215094969085764;1.0578721138531
-0.11552843810229954 0.12674012753512134;1.1356142531775
0.10973551926323383 -0.11761963889266569;1.0397767351552
-0.11161700869854521 0.11737308349723377;1.049786367996
0.10872922603960067 -0.11255859431113557;1.000885181058
-0.10830878748287287 0.11049620924543835;0.9851594396549
0.10639524975141951 -0.10746924884150433;0.9542108405988
-0.10515064971213095 0.10515282608938695;0.9320470157465
0.10344027794227681 -0.10287763180387133;0.9073942438328
-0.10194681118187404 0.10075797544279963;0.8851836541554
0.10025120224504636 -0.09887631036964786;0.8633106487388
-0.09870343028486417 0.09700772160080959;0.8425508495060
0.09701948243037448 -0.09538614405044771;0.822566229227
-0.09549079015881212 0.0937282221008075;0.8034238463246
0.09384809720042475 -0.09229731575081065;0.7850539399055
-0.09237493113776471 0.09080219565074243;0.767430339986
0.09079825937629948 -0.08951525467198646;0.7505165535634
-0.08940142969447457 0.0881446610595511;0.7342796535263
0.08790612735745626 -0.08696819972961256;0.7186878787079
-0.08659674659652933 0.08569418470139051;0.7037109834626
0.08519036440448002 -0.08460448741241922;0.6893197464782
-0.08397272441578005 0.0834074477001926;0.6754868097992
0.08265712436094111 -0.0823881505741087;0.662185839060
-0.08153075065587226 0.08125473547630976;0.6493916649893
0.08030386867662173 -0.08029483391348882;0.6370811327901
-0.07926510464701389 0.07921617723945668;0.6252306744344
0.07812232904202376 -0.0783084302228994;0.6138203250710
-0.07716554853577559 0.07727875777614371;0.6028277826972
0.07610076861285112 -0.0764184643603594;0.5922360447109
-0.07521928363991473 0.0754340445194496;0.5820239675245
0.07422566600865774 -0.07461814018368307;0.5721771283177
-0.07341238647269471 0.07367652078213008;0.5626755914678
0.07248293047050758 -0.07290293187354382;0.5535070566090
-0.0717308252698022 0.07200240327126231;0.544652927933
0.07085874255295588 -0.07126960082709263;0.5361025593628
-0.07016114454118527 0.07040883106276671;0.5278388470989
0.0693401016964427 -0.06971553381466558;0.5198523657387
-0.06869089267735898 0.06889333105466261;0.5121276326364
0.06791514978905167 -0.06823831740751482;0.5046560721637
-0.06730885583831048 0.06745348444393506;0.49742390316820
0.06657332841763877 -0.06683548236502829;0.49042310568689
-0.0660051504078524 0.06608673630831696;0.48364162040266
0.06530541697639575 -0.06550436774495158;0.4770717689412
-0.06477121631575491 0.06479030482832937;0.4707031738545
0.06410348938100136 -0.06424206730582627;0.4645283596941
-0.06359974463023377 0.06356115793763101;0.45853853733347
0.06296081877769011 -0.06304543055992279;0.45272636156505
-0.062484565119348495 0.062396033731372424;0.44708449525637
0.06187175257251451 -0.06191109821669763;0.44160570443188
-0.06142051298587929 0.061291487287468374;0.4362839374192
0.06083157413382828 -0.060835557271859006;0.43111209291549
-0.06040328857711977 0.06024395139841997;0.4260852205472
0.059836362739924195 -0.059815205111148406;0.4211964006189
-0.059429319641261066 0.05924980222120915;0.41644159384496
0.058882859519970146 -0.05884641515037396;0.4118141267675
-0.058495632310794854 0.058305423657595085;0.4073106848440
0.05796834427102948 -0.05792559886773885;0.4029249109568
-0.057599734517388756 0.057407266270957616;0.3986540407991
0.05709052582394003 -0.05704926096393863;0.39449210112656
-0.05673951370264639 0.056551898234554226;0.3904367208716
0.05624744711517293 -0.05621404571888636;0.3864823695006
-0.055913149367219236 0.055736046934466876;0.38262693369014
0.05543740504095451 -0.05541677372409334;0.3788653715249
-0.055119040132584646 0.054956630827163705;0.37519571542341
0.0546588844360774 -0.054654468892524594;0.3716134427354
-0.05435574443869873 0.05421078175717697;0.3681166436628
0.05391050510616349 -0.05392437623072818;0.3647013291986
-0.05362193362614348 0.053495858419236444;0.3613655827959
0.05319098055207634 -0.053223971235818304;0.3581059474851
-0.05291635600303589 0.05280945194913954;0.3549204572033
0.05249908697788218 -0.05255096194436368;0.35180617067117
-0.05223781043224893 0.05214938476058244;0.34876104893963
0.051833641051307416 -0.0519032848620907;0.34578263727960
-0.05158512796404345 0.05151370384920498;0.34286881707877
0.051193485027945476 -0.05127909592916713;0.340017580511
-0.05095716012321144 0.05090066972674959;0.3372267361674
0.05057747786869253 -0.050676757713230255;0.3344946755392
-0.050352772566160164 0.05030874212064336;0.33181915177446
0.04998449111610745 -0.05009482387900374;0.32919890278898
-0.04977084290377112 0.049736563459744296;0.32663165116180
0.04941340840275936 -0.04953202190565366;0.32411642548204
-0.049210261663344274 0.04918294101592732;0.32165094742101
0.04886312762279901 -0.04898723487633096;0.31923447993142
-0.04866993545755595 0.04864682849641755;0.31686477568285
0.04833256490952753 -0.048459483034202486;0.3145412771768
-0.048148791578694575 0.0481273077076919;0.3122618000520
0.04782065968237059 -0.04794790568974905;0.31002591472486
-0.04764578336190012 0.047623570797123996;0.3078315300909
0.04732638020128618 -0.04745174391443342;0.3056782973788
-0.04715989579934725 0.047134903459841934;0.3035642458565
0.04684872912993007 -0.0469703243474512;0.3014890660237
-0.046690150957774165 0.04666066940811932;0.2994509304791
0.046386748754927445 -0.046503044377307026;0.2974495336475
-0.046235612925332056 0.0462002962724226;0.2954832095186
0.045939525587484445 -0.0460493588274679;0.2935516276866
-0.045795392014196815 0.04575326308942762;0.2916532963142
0.04550619415843046 -0.04560876824783071;0.289787838059
-0.04536864811366076 0.0453190893849655;0.28795394265721
0.04508593990969696 -0.04518080881040523;0.286151170227
-0.04495459310880155 0.044897325863084606;0.28437839424021
0.044678001132662654 -0.044765043793617273;0.28263510278354
-0.04455249231684209 0.044487546663602495;0.2809203503011
0.04428166993271791 -0.04436105658732485;0.2792335489806
-0.04416166500977205 0.044089343076142665;0.27757392707904
0.043896292304462056 -0.04396844511427156;0.2759408219252
-0.0437814840353566 0.04370231863111007;0.27433362460970
0.04352126734865598 -0.04358681755266097;0.27275160290363
-0.043411374658413215 0.04332608541887671;0.2711942965835
0.04315604574632316 -0.04321578922917854;0.26966091261761
-0.04305081269120077 0.04296026151095467;0.26815112287234
0.04280012758446214 -0.042854980536071244;0.2666640849689
-0.04269932204742764 0.04260446933936475;0.2651995845563
0.04245305966194092 -0.042504015730402925;0.26375674321366
-0.04235647181933963 0.04225833487206475;0.26233544107490
0.04211443237408129 -0.0421625224701206;0.26093477818316
-0.04202187299814812 0.04192148747515659;0.25955470944916
0.041783876285193894 -0.04183013195086534;0.2581943283696
-0.04169517494531402 0.04159356028963289;0.2568536452261
0.04146105853254946 -0.041506479504099456;0.2555317618158
-0.04137606172211977 0.041274191024132614;0.25422872511087
0.041145679096882035 -0.04119120554565425;0.25294365942995
-0.04106424835950098 0.040963023026800424;0.2516766310025
0.04083746709378129 -0.04088395675070407;0.25042679979716
-0.0407594771724199 0.040659706547712324;0.2491942354500
0.04053617711586263 -0.040584387372985295;0.24797814522591
-0.04046151416162441 0.040363900089462265;0.2467785882397
0.04024158572257727 -0.04029216060570183;0.24559482896455
-0.04017014559351459 0.04007527176372333;0.24442690411563
0.03995348810575332 -0.04000694992533453;0.24327414342844
-0.03988517478080604 0.03979350061300253;0.24213655152280
0.039671694994312875 -0.03972844035182978;0.24101352939278
-0.03960641912191884 0.03951827779915322;0.23990504218206
0.03939602983643013 -0.03945632958060023;0.23881056609573
-0.03933370741900509 0.03924930766674571;0.23773002158010
0.039126326249104254 -0.039190328947725755;0.23666296202777
-0.039066877483008966 0.03898630861718663;0.23560926012438
0.038862425778613804 -0.03893016421104206;0.23456854648773
-0.03880577404818686 0.038729013791904715;0.2335406450218
0.03860417596989668 -0.03867557613074936;0.23252526180
-0.038550246999341856 0.03847717154287057;0.2315221727836
0.038351428742959326 -0.038426320830087596;0.23053115612923
-0.038300149888246024 0.03823054569520458;0.22955194225786
0.03810403904792228 -0.0381821699565317;0.22858437670613
-0.038055338743768236 0.0379889156081743;0.22762814821468
0.037861863824103476 -0.03794291063858632;0.2266831637486
-0.03781567116011769 0.03775207603099533;0.22574907538614
0.037624761203603474 -0.03770834525492721;0.22482584466725
-0.03758100562312497 0.03751983679301901;0.22391309294292
0.037392589967810266 -0.0374782910351595;0.22301082878160
-0.037351201087973504 0.03729202231250525;0.22211864938207
0.03716520921814363 -0.037252579494682914;0.22123660234630
-0.03712611673854059 0.037068470977788356;0.2203642677486
0.036942478239573764 -0.03703105575071006;0.21950172398024
-0.03690561194267768 0.036849034395807875;0.2186485412156
0.036724256522176285 -0.0368135777283016;0.21780482038657
-0.036689546348245575 0.03663357655315479;0.21697012897233
0.036510403935456084 -0.0366000152721184;0.21614458239428
-0.03647778010842723 0.03642197289678946;0.21532775239445
0.03630078100063236 -0.03639024919441457;0.21451976121882
-0.03627017421226747 0.0362141093558586;0.21372019147790
0.036095249254881376 -0.036184170296174795;0.21292916505476
-0.03606659087000742 0.03600988134650389;0.212146281496
0.03589367168084885 -0.035981678342930284;0.2113716558189
-0.03586689397561324 0.03580919275105514;0.21060490993189
0.03569591317209661 -0.03578268106241038;0.2098461461851
-0.035670949571058014 0.035611954913661245;0.20909501353716
0.03550184101285467 -0.03558709314254546;0.2083515967401
-0.035478626347273265 0.03541808565345973;0.20761557567564
0.0353113253750937 -0.03539483526270737;0.20688701339294
-0.03528979611368101 0.03522750831985158;0.2061656237555
0.035124239779952396 -0.03520583317910357;0.20545144491265
-0.035104334260202444 0.035040150898166755;0.20474422688497
0.034940461547329216 -0.035020016853503255;0.20404398063922
-0.03492212018284467 0.03485594517199528;0.20335049365392
0.03475987219457115 -0.03483731965444807;0.20266374832630
-0.034743037661033996 0.034674825960604644;0.2019835700668
0.03458235779539842 -0.0346576776270114;0.2013099121399
-0.03456697518540584 0.034496730422362495;0.20064263758093
0.03440780927435268 -0.03448102884227061;0.19998167075876
-0.034393826222588283 0.034321597450198874;0.1993269112957
0.0342361226442254 -0.034307312829647676;0.19867825561114
-0.03422348942434124 0.034149367134423264;0.19803563822434
0.034067199186593414 -0.034136470083196924;0.19739892921496
-0.03405586877022172 0.033979980316412306;0.19676809569115
0.033900945558280604 -0.03396844165490838;0.19614298359941
-0.03389087364793955 0.03381337822289361;0.1955235898302
0.03373727384140743 -0.03380316882811306;0.19490973884761
-0.03372841886641516 0.0336495021689924;0.19430145411806
0.03357610153003697 -0.0336405928630925;0.1936985417009
-0.033568424621474705 0.03348829335232226;0.19310104809651
0.03341735146172087 -0.033480654817965555;0.19250876426529
-0.03341081638661628 0.033329692697741886;0.19192175602923
0.033260951690090385 -0.033323295439209796;0.19133980278119
-0.03325552477153039 0.033173640784309316;0.19076298576701
0.03310683531412287 -0.03316845511054385;0.1901910764724
-0.03310248532559845 0.03302007782157726;0.1896241676120
0.03295494025924965 -0.033016073855006045;0.18906202643362
-0.03295163829810935 0.03286894367970279;0.18850475324005
0.0328052090256411 -0.0328660913933804;0.18795211462431
-0.03280292837413587 0.03272017796269304;0.18740421471047
0.03265758840728518 -0.03271844723703017;0.18686082289960
-0.03265630437135929 0.03257372012761914;0.18632204351755
0.032512029171674645 -0.03257308081998107;0.1857876520567
-0.032511718925987254 0.03242950962569484;0.18525774969807
0.03236848574933582 -0.03242993165512556;0.1847321210224
-0.032369128160197116 0.03228748606976939;0.18421086098246
0.03222691588300668 -0.032288939511572884;0.18369376598412
-0.03222849133570764 0.03214758942648947;0.18318092199956
0.032087280285483175 -0.03215004461273495;0.18267213964232
-0.032089770509594426 0.03200976021281625;0.18216749351864
0.03194954229580853 -0.03201318783251485;0.18166681046385
-0.03195293019331859 0.03187393969628416;0.18117015172958
0.03181366753730727 -0.03187831090515458;0.18067736200340
-0.03181793701282952 0.0317400701063702;0.18018848757936
0.03167962358584672 -0.03174535662200374;0.17970339222659
-0.0316847593842632 0.03160809482670297;0.179222106107
0.03154737965280713 -0.03161426903096752;0.17874451290753
-0.03155336720470961 0.03147795859063883;0.17827062585713
0.031416906281644424 -0.03148499361653338;0.17780034901554
-0.031423731563074625 0.031349607650223585;0.17733367827879
0.0312881750716518 -0.03135747746638046;0.17687053816196
-0.0312958244698133 0.031222989946023766;0.17641090720762
0.031161158414779642 -0.031231669433402588;0.1759547300869
-0.031169618608677327 0.031098055246126834;0.1755019683238
0.031035829267023148 -0.03110752025312672;0.17505258611843
-0.031045087123245454 0.03097475525990087;0.1746065286541
0.030912160943808616 -0.030984982661814625;0.17416377872867
-0.030922203418002184 0.03085304374823028;0.17372426612180
0.03079012692971181 -0.03086401148491299;0.17328799104299
-0.030800940994187072 0.03073287659402095;0.17285486908601
0.030669700737790212 -0.030744563698918634;0.172424916438
-0.030681273312924903 0.030614211856119664;0.17199803592728
0.03055085577644065 -0.03062659847078171;0.17157425809555
-0.03056317367965896 0.030497009799143326;0.17115347462925
0.030433565254882063 -0.030510077180714253;0.17073572863446
-0.030446615165615247 0.030381232897848845;0.17032090240843
0.030317802113822415 -0.03039496341069231;0.16990904972485
-0.030331570544532678 0.030266845824964153;0.16950004534485
0.030203538972410925 -0.030281222925053607;0.16909395173039
-0.030218012256324416 0.030153815415547028;0.16869063803052
0.03009074810547814 -0.030168823624789162;0.16829017337234
-0.030105912395322947 0.030042110607700914;0.16789242322628
0.029979401445103193 -0.03005773547539116;0.16749746139009
-0.029995242722628518 0.02993170237619066;0.167105151583
0.029869470592319876 -0.029947930437287523;0.16671557025127
-0.029885974680694635 0.029822563640541117;0.16632858128897
0.029760926857846016 -0.0298393823631371;0.16594426185093
-0.02977807944986976 0.029714669160563256;0.16556247781406
0.029653741306901314 -0.02973206689338271;0.16518330522288
-0.029671527994611924 0.029607995429541192;0.16480661362857
0.029547884826475447 -0.029625961331661885;0.16443247626272
-0.02956629114152958 0.029502520544395817;0.1640607679449
0.029443328195687263 -0.029521044529979848;0.16369155749991
-0.02946233964562782 0.029398224082639292;0.1633247264499
0.029340042169283757 -0.02941729674444952;0.16296033781515
-0.029359644286796986 0.029295086962457348;0.16259828108725
0.02923799756634919 -0.02931469950563987;0.16223861223123
-0.029258175954303627 0.029193091307260048;0.16188122981541
0.02913716536303282 -0.02921323547912931;0.1615261816862
-0.029157905744737755 0.029092220302856804;0.16117337639161
0.02903751678863331 -0.029112888321658634;0.1608228528064
-0.02905880505154014 0.028992458065494685;0.16047453016615
0.028939023416842437 -0.02901364254984235;0.16012843770842
-0.028960845665582442 0.02889378949885816;0.15978450588003
0.028841657260394588 -0.02891548340428153;0.159442753800
-0.028863999859207276 0.02879620016935005;0.15910312347130
0.028745390863311467 -0.02881839672245661;0.15876562361006
-0.0287682404796435 0.02869967617658098;0.1584302079000
0.028650197379710363 -0.028722368815580705;0.1580968745764
-0.02867354102554668 0.028604204035365392;0.15776558895712
0.028556050659197425 -0.02862738635102012;0.15743633889419
-0.028579875728968626 0.02850977056609485;0.15710910112322
0.028462925315553743 -0.02853343625231458;0.15678385335797
-0.0284872196160907 0.028416362790380928;0.1564605833746
0.028370796790609172 -0.02844050559449663;0.15613925917768
-0.028395548573653923 0.028323967839966893;0.15581987905721
0.02827964140932318 -0.02834858152532574;0.1555024018555
-0.028304839388718042 0.028232572878613027;0.15518683571415
0.02818943642513031 -0.028257651183747824;0.1548731310215
-0.028215069804217868 0.028142165024656093;0.1545613049735
0.028100160058526544 -0.028167701632284402;0.15425130029554
-0.028126218537216766 0.02805273129429616;0.1539431423795
0.028011791520483914 -0.0280787198076713;0.153636767162
-0.02803826530921078 0.027964258549179784;0.1533322072817
0.027924311033486547 -0.027990692472261117;0.15302939284109
-0.027951190852801643 0.027876733461379068;0.15272836270505
0.027837699834831885 -0.0279036061821435;0.1524290421571
-0.0278649769162704 0.02779014248174399;0.15213147522454
0.02775194017501177 -0.027817447265448665;0.15183558342735
-0.027779606258096758 0.02770447182296116;0.15154141485821
0.027667015308980393 -0.027732201804374794;0.15124888834028
-0.027695062629294658 0.027619707449695836;0.15095805494306
0.027582909475307893 -0.027647855635665304;0.15066883185691
-0.02761133075114639 0.027535835080786296;0.15038127203811
0.027499607869635553 -0.02756439435391029;0.15009529210350
-0.027528396285562452 0.027452840196508226;0.1498109458203
0.027417096609113907 -0.02748180332215968;0.14952815025964
-0.027446245793643936 0.02737070805592374;0.14924695897619
0.027335362691359368 -0.027400067695953954;0.1489672904746
-0.027364866695615962 0.027289423719622855;0.14868919711645
0.02725439395024408 -0.027319172445889807;0.14841259976898
-0.027284247220247852 0.02720897208061951;0.1481375486848
0.027174179000110106 -0.02723910239339395;0.1478639679427
-0.027204376350114357 0.0271293378953743;0.14759190485328
0.02709470718657711 -0.027159842242642354;0.14732128749378
-0.027125243768344638 0.027050505826215196;0.1470521594619
0.027015968522471012 -0.02708137662552077;0.14678445353112
-0.027046839792817884 0.02697246048318544;0.1465182089154
0.026937953627043286 -0.027003690144313426;0.1462533636923
-0.02696915531925153 0.02689518646646314;0.14598995211278
0.026860653667276066 -0.026926767416079793;0.14572791807507
-0.02689218175792884 0.026818668416068427;0.14546729037985
0.026784060293414784 -0.02685059311868849;0.14520801915471
-0.02681591096917539 0.026742891054239312;0.14495012737499
0.026708165573813912 -0.026775152041865855;0.14469357171843
-0.026740335200932462 0.026667839241767917;0.14443836904909
0.026632961932426896 -0.02670042913257789;0.1441844827891
-0.026665447025592322 0.026593498014724597;0.14393192353761
0.02655844209334432 -0.026626409539885147;0.14368066157273
-0.026591239283299796 0.026519852637971644;0.14343070113223
0.02648459901448154 -0.026553078662576703;0.14318201937807
-0.0265177050233247 0.02644688864361426;0.14293461419569
0.02641142583661124 -0.026480422189055844;0.14268846956431
-0.026444837449572933 0.026374591876218746;0.14244357711418
0.026338915830359494 -0.02640842613676324;0.1421999274796
-0.0263726298701771 0.02630294852812278;0.14195750623081
0.026267062343379624 -0.026337076891174344;0.14171631040034
-0.02630107564723711 0.02623194517546313;0.1414763197825
0.026195858758728756 -0.026266361238860968;0.1412375374877
-0.026230168157700413 0.02616156880941671;0.14099993785959
0.026125298453802064 -0.026196266391951266;0.14076352971921
-0.026159900753672145 0.02609180686328995;0.14052828234881
0.026055374759810963 -0.026126780018411074;0.14029420984044
-0.02609026672490128 0.026022647235495806;0.14006127687191
0.02598608093277059 -0.02605789025941351;0.1398295023141
-0.02602125927490654 0.025954078307953675;0.13959884675428
0.02591741012759207 -0.025989585749869717;0.13936933329007
-0.02595287149083806 0.02588608896050889;0.13914091895995
0.025849355375252424 -0.025921855623477395;0.13891363053326
-0.025885096329021244 0.025818668578175212;0.138687422055
0.02578190956296334 -0.025854689524902733;0.1384623233876
-0.02581792659632097 0.02575180706000771;0.13823828616735
0.025715065423313678 -0.025788077610994664;0.1380153427327
-0.025751354938804275 0.025685494818159398;0.13779344292701
0.025648815525720563 -0.02572201055262751;0.13757262095056
-0.025685373840330823 0.02561972277431289;0.13735282544682
0.025583152275034396 -0.025656479521933624;0.13713409186802
-0.025619975618432593 0.02555448234974405;0.13691636826136
0.025518067907984734 -0.02559147619009873;0.1366996907278
-0.025555152426748093 0.025489765461006064;0.13648400731172
0.02545355450158001 -0.025526992712256474;0.13626935415653
-0.025490896261197327 0.025425564495179367;0.13605567987416
0.025389603979775494 -0.025463021706715966;0.13584302010757
-0.025427198970942505 0.025361872300649478;0.13563132455677
0.025326208122205353 -0.025399556243687962;0.13542062784422
-0.025364052270834332 0.025298682164028606;0.13521088125526
0.025263358583593153 -0.025336589814811343;0.13500211789349
-0.02530144775800279 0.025235987783130583;0.1347942911097
0.025201046908077424 -0.025274116313354397;0.13458743201933
-0.02523937692717261 0.025173783244094326;0.13438149647137
0.025139264547129364 -0.025212130007728296;0.13417651318570
-0.025177831196008943 0.02511206299347403;0.13397244088594
0.025078002887452606 -0.025150625508931844;0.13376930553284
-0.025116801924785166 0.02505082180750911;0.13356706904942
0.025017253266227814 -0.025089597743803406;0.13336575433120
-0.02505628043904995 0.02499005476555837;0.13316532678768
0.024957007000100506 -0.025029041924353138;0.13296580596806
-0.024996258055768196 0.024929757213195673;0.13276716101361
0.024897255409025716 -0.024968953516447158;0.13256940791528
-0.024936726107565747 0.02486992473486238;0.13237251971000
0.02483798983877499 -0.0249093282083577;0.13217650869240
-0.024877675967775202 0.024810553124218288;0.13198135190759
0.02477920169119327 -0.024850161877045945;0.13178705784816
-0.02481909907732703 0.024751638346350788;0.13159360764263
0.024720882446136468 -0.02479145056020598;0.1314010059338
-0.024760986968696448 0.024693176513741276;0.13120923795037
0.0246630236868954 -0.024733190424927144;0.13101830447690
-0.02470333128746556 0.024635163851917503;0.13082819481689
0.024605617123764113 -0.024675377737278813;0.13063890595243
-0.02464612382162029 0.024577596671884284;0.130450431179
0.024548654618941942 -0.024618008833848626;0.13026276376488
-0.024589356519945364 0.024520471342888886;0.13007590088956
0.024492128203776498 -0.024561080101564367;0.12988983223264
-0.02453302150759417 0.024463784269729928;0.12970455868852
0.024436030099546598 -0.024504587944009074;0.12952006653980
-0.024477111116830673 0.024407531861899846;0.1293363601975
0.02438035274171716 -0.024448528761854382;0.12915342274608
-0.024421617893187877 0.024351710517839173;0.12897126188318
0.024325088787112363 -0.024392898933511507;0.1287898577414
-0.024366534616875435 0.02429631659989128;0.12860922104031
0.024270231135234695 -0.024337694794961014;0.12842932924480
-0.024311854312927747 0.024241346424794384;0.1282501957892
0.02421577293362371 -0.024282912623468197;0.12807179576311
-0.024257570263912905 0.024186796236946813;0.1278941450253
0.02416170759420662 -0.024228548622551097;0.12771721659104
-0.024203676016754695 0.02413266220346455;0.12754102842059
0.024108028799032483 -0.02417459890971352;0.12736555178482
-0.02415016539266316 0.02407894039934482;0.12719080640313
0.024054730502828192 -0.02412105950955288;0.12701676214371
-0.024097032487061555 0.02402562680271786;0.12684344013739
0.024001806940276364 -0.02406792634222582;0.1266708091916
-0.024044271675808485 0.02397271728440864;0.1264988915061
0.02394925262384861 -0.024015195221435075;0.12632765515954
-0.023991877611486433 0.023920207606985634;0.12615712309097
0.023897062345875006 -0.023962861853472753;0.12598726298470
-0.02393984522444624 0.023868093420163973;0.12581809815724
0.023845231172292425 -0.02391092182950197;0.12564959626148
-0.02388816971868342 0.02381637026510871;0.125481780650
0.023793754440132167 -0.023859370632978924;0.12531461925344
-0.023836846562589935 0.023765033574519104;0.1251481351621
0.023742627748326757 -0.023808203644405612;0.12498229687519
-0.023785871482433822 0.02371407867685038;0.12481712692007
0.023691846951236085 -0.023757416139799932;0.12465259466278
-0.023735240456457904 0.023663500802570528;0.12448872178423
0.02364140814708969 -0.023707003304707368;0.1243254787782
-0.023684949698207336 0.023613295090847614;0.124162886211
0.02359130766762616 -0.02365696023513586;0.12400091597544
-0.023634995649358594 0.023563456601862535;0.12383958726966
0.023541542063211386 -0.0236072819544764;0.12367887360378
-0.02358537496388531 0.023513980324330934;0.12351879260485
0.023492108089689608 -0.023557963422002733;0.12335931958959
-0.023536084491894253 0.023464861186552874;0.12320047042387
0.02344300269488654 -0.02350899954127552;0.12304222241676
-0.023487121268284318 0.023416094071987296;0.12288458950348
0.02339422300166745 -0.023460385177196008;0.12272755112400
-0.02343848249383855 0.02336767382848773;0.12257111915616
0.023345766290167325 -0.02341211516878508;0.12241527528589
-0.023390165520126148 0.023319595283602397;0.12226002922761
0.023297629983812393 -0.023364184339773365;0.12210536499912
-0.02334216783149666 0.023271853260241053;0.12195129008620
0.02324981163294581 -0.023316587518306182;0.12179779089043
-0.023294487029321895 0.023224442588076717;0.12164487260589
0.023202308893001358 -0.023269319544686903;0.1214925240686
-0.023247120814889076 0.023177358120984815;0.12134074816446
0.023155119512622613 -0.023222375291815957;0.12118953614966
-0.023200066971448205 0.023130594749192858;0.12103888862196
0.023108241314773702 -0.023175749676759713;0.120888799230
-0.023153323350537984 0.023084147411825948;0.12073926631440
0.02306167218263306 -0.023129437671698033;0.12059028587608
-0.023106887852850838 0.023038011114435583;0.12044185404591
0.023015410040551257 -0.02308343432138217;0.12029396911316
-0.023060758414899386 0.02299218094075966;0.12014662508109
0.022969452839267275 -0.023037734756875282;0.11999982242338
-0.023014932991756 0.02294665206335416;0.11985355312128
0.02292379854585689 -0.022992334200531296;0.11970781972541
-0.022969409547575037 0.02290141975566455;0.11956261231044
0.022878445124645715 -0.02294722798615239;0.11941793537616
-0.022924186039634836 0.022856479405495983;0.11927377722486
0.02283339052844907 -0.02290241156223919;0.11913014415104
-0.02287926040505974 0.022811826522301272;0.11898702285167
0.02278863268737582 -0.022857880504836364;0.11884442124719
-0.02283463055475525 0.022767456744906447;0.11870232459200
0.02274416949520429 -0.022813630525217024;0.11856074226257
-0.022790294356801494 0.02272336585422899;0.11841965824637
0.022699998801453458 -0.022769657477496652;0.11827908319295
-0.022746249633118387 0.022679549775293573;0.11813900000851
0.022656118406548645 -0.02272595736266597;0.11799942042755
-0.022702494152634242 0.022636004582769043;0.11786032645914
0.02261252604897286 -0.022682526337132074;0.11772173073342
-0.02265902561949315 0.02259272651099365;0.11758361455843
0.02256921940411446 -0.022639360714142603;0.11744599125450
-0.02261584167242043 0.022549711948843913;0.1173088416257
0.022526196081110575 -0.02259645696271012;0.11717217949638
-0.0225729398825878 0.022506957447221074;0.11703598535491
0.022483453614192482 -0.02255381171759275;0.11690027332881
-0.022530317744983958 0.022464459719450977;0.1167650237861
0.02244098946464168 -0.022511421772661855;0.11663025096908
-0.02248797268137228 0.022422215639202152;0.11649593530732
0.022398801019215007 -0.02246928408235472;0.11636209097997
-0.022445902040721395 0.022380222239933974;0.11622869865164
0.022356885591578952 -0.022427395758128583;0.1160957722614
-0.02240410309812578 0.02233847671187015;0.11596329288322
0.022315240419233606 -0.02238575406995899;0.11583127404386
-0.022362573054235856 0.022296976400005816;0.11569969738727
0.022273862672935414 -0.022344356435365975;0.11556857588172
-0.02232130904564604 0.02225571879817253;0.11543789188271
0.02223274945356235 -0.022303200420513383;0.11530765764
-0.02228030814075669 0.02221470154316002;0.11517785638890
0.022191897800958024 -0.022262283732359757;0.11504849952272
-0.022239567348090246 0.022173922410402058;0.1149195712369
0.02215130469572782 -0.022221604210889034;0.11479108199886
-0.022199083624538457 0.022133379306241166;0.1146630170697
0.022110967067462642 -0.02218115982341235;0.11453538586243
-0.022158853873104165 0.022093070261266237;0.11440817481260
0.02207088179843676 -0.022140948656950654;0.11428139219182
-0.022118874959496992 0.022052993418764974;0.11415502568777
0.022031045735673195 -0.022100968907731194;0.11402908235863
-0.022079143713721543 0.022013147029730687;0.11390355120236
0.0219914556925185 -0.022061218875236377;0.11377843801245
-0.022039656937587998 0.021973529443472813;0.11365373314113
0.021952108459093546 -0.02202169695187154;0.11352944107979
-0.02200041141264246 0.02193413909832359;0.11340555356105
0.021913000810677097 -0.02198240161322755;0.11328207375848
-0.021961403913454684 0.021894974509476237;0.11315899479360
0.021874129515018367 -0.021943331407950267;0.11303631850741
-0.021922631209454785 0.021856034263347382;0.11291403943164
0.021835491344521826 -0.02190448495016485;0.11279215805978
-0.021884090076587842 0.021817317003134426;0.11267067031951
0.021797083078971484 -0.021865860907555837;0.11254957539283
-0.021845777305436583 0.021778821424836052;0.1124288705650
0.02175890151756607 -0.021827457993479793;0.11230855373964
-0.021807689709758063 0.021740546262508403;0.11218862351872
0.0217209434864344 -0.021789274956709015;0.11206907657932
-0.02176982413396697 0.02170249028199478;0.11194991277693
0.02168320584608669 -0.021751310571263928;0.11183112762726
-0.02173217746202656 0.021664652272269463;0.1117127221812
0.02164568550027108 -0.021713563631236943;0.11159469084559
-0.02169474662283604 0.021627031034406476;0.11147703579979
0.02160837940427183 -0.021676032937352867;0.11135975042582
-0.021657528600951367 0.021589625374076916;0.11124283793676
0.021571284568733994 -0.02163871729146353;0.11112629078253
-0.021620520442829264 0.021552434092155813;0.11101011312118
0.02153439807029351 -0.021601615489144715;0.11089429656248
-0.02158371925862094 0.021515455982731503;0.1107788461055
0.02149771705432743 -0.02156472631137405;0.1106637526260
-0.02154712223468177 0.02147868982139073;0.11054902186752
0.02146123874205611 -0.02152804852018622;0.11043464405479
-0.021510726633321903 0.021442134357003845;0.1103206255823
0.021424960437601344 -0.02149158084950402;0.11020695614412
-0.021474529802284557 0.02140578831282689;0.11009364265549
0.021388879528177404 -0.021455322000408082;0.10998067438791
-0.021438529173470867 0.021369650374965923;0.10986805868120
0.02135299349011864 -0.02141927064082947;0.10975578449557
-0.021402722271866056 0.021333719193544695;0.109643859473
0.021317299892430565 -0.02138342539553622;0.10953227237097
-0.02136710671518944 0.021297993372724394;0.10942103103404
0.021281796400808246 -0.021347784844929475;0.10931012412031
-0.02133168021790742 0.021262471472420046;0.1091995595669
0.02124648077533267 -0.02131234752335888;0.10908932603892
-0.0212964405879702 0.02122715200613407;0.1089794314633
0.021211350873032185 -0.021277111918418384;0.10886986461617
-0.021261385734692557 0.021192033435903437;0.1087606333083
0.02117640465186975 -0.021242076464938267;0.10865172652841
-0.02122651366257646 0.021157114175498426;0.10854315187112
0.02114164016361879 -0.02120723954866402;0.10843489862744
-0.021191822476289535 0.021122392584425775;0.10832697410114
0.021107055561733076 -0.021172599505095785;0.10821936796070
-0.021157310375484052 0.021087866974019563;0.10811208713010
0.02107264909424717 -0.02113815461687897;0.10800512174025
-0.021122975654483213 0.021053535603864658;0.10789847825919
0.021038419102025016 -0.02110390312180059;0.10779214736158
-0.021088816701497884 0.021019396688327883;0.10768613497616
0.02100436401750856 -0.021069843207261497;0.10758043238174
-0.021054831993533668 0.020985448392483494;0.10747504492619
0.02097048236348912 -0.0210359730163132;0.10736996453367
-0.02102102009421984 0.02095168883813181;0.10726519592305
0.020936772746141197 -0.02100229065124426;0.10716073171505
-0.020987379650710798 0.02091811610737277;0.10705657594992
0.02090323385290501 -0.020968794173781446;0.10695272198167
-0.02095390938870202 0.0208847282432804;0.10684917314531
0.020869864449439154 -0.0209354816119875;0.10674592355881
-0.020920608107967843 0.020851523256300804;0.10664297580836
0.020836663371346535 -0.0209023509599296;0.10654032481388
-0.020887474678902604 0.02081849912821731;0.10643797239976
0.02080362952408546 -0.02086940018689524;0.10633591428418
-0.02085450803574808 0.020785653813686994;0.1062341515247
0.020770761872399304 -0.02083662723700072;0.10613268064234
-0.02082170717179424 0.020752985248920226;0.10603150194476
0.02073805944126734 -0.020804030040227836;0.10593061273286
-0.020789071134137797 0.020720491353615318;0.10583001256604
0.020705521302100433 -0.02077160651100396;0.10572969952450
-0.020756599018500313 0.0206881700366901;0.10562967244121
0.020673146574736248 -0.020739354556771866;0.1055299301423
-0.020724289960752672 0.020656019203388533;0.10543047076410
0.02064093441803288 -0.020707272083641315;0.10533129385590
-0.020692143135636623 0.020624036758058052;0.10523239687390
0.020608884023851845 -0.020675356997727448;0.10513378006370
-0.020660157748863893 0.020592220609754096;0.10503544024741
0.020576994611569095 -0.020643607215483063;0.10493737830825
-0.020628333027855515 0.02056056867874112;0.1048395904899
0.02054526542405906 -0.0206120206659008;0.10474207826969
-0.02059666822249321 0.02052907890058165;0.10464483734959
0.020513695719919116 -0.0205805952955359;0.10454786975687
-0.02056516259594509 0.020497749230192583;0.10445117070115
0.02048228476954219 -0.02054932907254621;0.10435474270730
-0.02053381541981121 0.020466577649651332;0.10425858055434
0.02045103184886133 -0.02051821999447475;0.10416268719136
-0.020502625967422305 0.020435562169332448;0.10406705703629
0.020419936234089192 -0.020487266090791927;0.10397169340355
-0.020471593512377942 0.020404700835166545;0.1038765904088
0.020388997198379465 -0.02045646542824122;0.10378175166819
-0.02044071732097428 0.02037399173160636;0.1036871710540
0.020358214003811916 -0.020425816113323024;0.10359285242202
-0.020409996647987184 0.020343432985043576;0.10349878947063
0.0203275859023737 -0.020395316296642117;0.10340498623018
-0.020379430735301983 0.02031302276955113;0.10331143628773
0.020297112128475944 -0.02036496417628169;0.10321814377319
-0.02034901880492533 0.02028275930507053;0.10312510223684
0.020266791895753873 -0.0203347580021005;0.10303231584990
-0.020318760057208042 0.02025264086687094;0.10293977817513
0.020236624394827103 -0.02030469607623936;0.10284749337180
-0.020288653668612808 0.02022266578557349;0.1027554550782
0.020206608788733475 -0.020274776757845205;0.10266366736316
-0.020258698785286224 0.02019283244623505;0.10257212401718
0.02017674421261361 -0.02024499846449277;0.1024808289639
-0.02022889452556162 0.020163139295394136;0.10238977618743
0.020147029770118688 -0.02021535967171948;0.10229896941726
-0.02019923997637279 0.020133584837324095;0.10220840288585
0.020117464533115567 -0.02018585891631027;0.10211808007768
-0.020169734190623588 0.020104167640116417;0.10202799552093
0.020088047538128637 -0.020156494798155927;0.10193815240618
-0.020140376186444098 0.020074886333327976;0.10184854560292
0.02005877778746734 -0.020127265977442972;0.10175917796431
-0.020111164946914617 0.0200457396079812;0.10167004474264
0.020029654248947856 -0.02009817117698961;0.10158114842025
-0.020082099422118922 0.020016726217495624;0.10149248466021
0.02000067585421581 -0.02006920918084533;0.10140405553903
-0.020053178525602802 0.019987844976292704;0.1013158571695
0.019971841499873376 -0.020040378836159736;0.10122789119128
-0.02002440113503484 0.019959094762128426;0.1011401541874
0.019943150049061685 -0.020011679047141594;0.10105264733933
-0.01999576609611025 0.01993047450820702;0.10096536772052
0.01991460032931342 -0.01998310878113757;0.1008783160488
-0.01996727221947342 0.01990198321250341;0.10079148988453
0.019886191135986442 -0.019954667058897;0.10070488946912
-0.01993891828738681 0.01987361992247965;0.10061851287743
0.01985792123659226 -0.01992635295835611;0.10053235985773
-0.01991070304831217 0.019845383744434987;0.10044642899114
0.01982978936631067 -0.01989816561052024;0.1003607195537
-0.019882625226796992 0.01981727383568995;0.10027523061756
0.01980179423507717 -0.01987010419584729;0.10018996098795
-0.019854683519886167 0.019789289402372123;0.10010491023059
0.019773934528163832 -0.019842167943892715;0.10002007668343
-0.019826876602789235 0.01976142969675656;0.09993546039496
0.019746208909978753 -0.019814356128808733;0.09985105925283
-0.01979920312943264 0.01973369401647624;0.09976687376528
0.019718616024152362 -0.019786668066718548;0.09968290139042
-0.0197716617357735 0.019706081696829393;0.09959914307242
0.01969115450052851 -0.019759103111737147;0.09951559588091
-0.01974425104584626 0.01967859211327136;0.09943226114921
0.019663822952899368 -0.019731660653395183;0.09934913558442
-0.019716969668574648 0.01965122467331539;0.0992662208958
0.01963661998641509 -0.019704340115010995;0.09918351345369
-0.01968981620792202 0.01962397881446118;0.09910101530423
0.019609544202178475 -0.019677140945185245;0.09901872252189
-0.01966278926103507 0.019596854001689736;0.0989366374444
0.019582594192175673 -0.019650062619449404;0.09885475589196
-0.019635887422828895 0.01956984972313696;0.09877308046525
0.01955576855303339 -0.01962310463457402;0.09869160676074
-0.01960910929144316 0.019542965484426696;0.09861033759336
0.01952906588365113 -0.01959626650337777;0.09852926839575
-0.019582453469547845 0.01951620080945691;0.0984484021393
0.0195024847883394 -0.01956954775277127;0.098367734138
-0.01955591856792544 0.019489555231118512;0.09828726748043
0.019476023882221936 -0.019542947920911068;0.09820699741179
-0.019529503208111074 0.01946302829533044;0.09812692708009
0.019449681791577016 -0.019516466553451607;0.09804705170948
-0.01950320602684448 0.01943661955044121;0.09796737446957
0.019423457161019494 -0.019490103197551276;0.09788789059937
-0.019477025678205494 0.0194103285458274;0.09780860324979
0.019397348654253403 -0.019463857402301284;0.09772950772679
-0.01945096083756083 0.01938415483141174;0.0976506071015
0.019371354954360244 -0.019437728713228568;0.097571896798
-0.019425010201389037 0.01935809795309188;0.09749337977117
0.019345474770916575 -0.019411716671845186;0.09741505160246
-0.019399172494379884 0.01933215745001668;0.09733691508320
0.01931970684023865 -0.019385820809745033;0.0972589659907
-0.01937344646739963 0.019306332848703138;0.09718120691660
0.01929404992835676 -0.01936004064683281;0.09710363388281
-0.01934783090409716 0.0192806236662752;0.09702624923416
0.019268502831694595 -0.01933437569137489;0.09694904926724
-0.019322324618394837 0.019255029402790044;0.09687203605160
0.019243064382286512 -0.019308825434161632;0.09679520619997
-0.019296926460604713 0.0192295495435926;0.0967185614628
0.01921773344570566 -0.019283389349952336;0.09664209880203
-0.01927163531445225 0.019204183556216906;0.0965658196217
0.019192508924444324 -0.01925806689302774;0.09648972125607
-0.019246450104073526 0.019178930884594374;0.09641380474531
0.019167389760362405 -0.019232857497752415;0.09633806781529
-0.019221369790115857 0.01915379095279187;0.09626251111300
0.01914237493215567 -0.019207760576415683;0.0961871327890
-0.019196393372192325 0.019128763164663574;0.09611193307316
0.019117463460516022 -0.019182775517536263;0.09603691055316
-0.019171519891768886 0.019103846896282015;0.09596206502853
0.019092654406039335 -0.019157901684185685;0.09588739553821
-0.019146748430979542 0.019079041501044745;0.09581290144791
0.019067946869403184 -0.019133138418626607;0.09573858224404
-0.01912207811099898 0.01905434630753372;0.09566443685470
0.01904333999425059 -0.019108485034762514;0.0955904652253
-0.019097508095376192 0.01902976062009768;0.09551666583841
0.01901883296285256 -0.0190839408227824;0.09544303909269
-0.019073037587057307 0.019005283716274836;0.0953695830378
0.018994424998097274 -0.019059505050183737;0.09529629852095
-0.01904866582947031 0.018980914851420984;0.09522318315810
0.01897011536456957 -0.01903517695649177;0.09515023823690
-0.01902439210760406 0.018956653252986566;0.09507746095640
0.01894590336468581 -0.019010955758790707;0.09500485302391
-0.019000215741458215 0.018932498128281718;0.0949324112455
0.018921788339794993 -0.018986840651830067;0.09486013772538
-0.018976136090740225 0.01890844865874485;0.09478802889072
0.01889776966768341 -0.018962830808137127;0.09471608723747
-0.018952152551476274 0.01888450400768328;0.0946443088222
0.018873846761442527 -0.018938925377222533;0.09457269650316
-0.018928264553986836 0.018860663314541705;0.09450124601234
0.018850019069241983 -0.018915123491509055;0.09442996052917
-0.01890447156132244 0.01883692570171807;0.09435883549036
0.018826286071871798 -0.01889142426327657;0.09428787436934
-0.018880773070840663 0.018813290271960256;0.09421707233990
0.018802647282530914 -0.018867826787880793;0.09414643313343
-0.018857168605952532 0.018789756114703147;0.09407595169263
0.018779102238594525 -0.018844330147838477;0.09400563197460
-0.018833657721756276 0.01876632230255007;0.09393546873459
0.01875565050947499 -0.018820933410650963;0.09386546610631
-0.018810239995475105 0.018742987898920364;0.09379561870021
0.01873229168662944 -0.018797635633759135;0.09372593078704
-0.018786915030322753 0.018719751953177453;0.09365639686916
0.018709025384303038 -0.018774435863244274;0.09358702131859
-0.018763682450447322 0.018696613509135894;0.0935177985765
0.018685851238051214 -0.01875133314097724;0.0934487330628
-0.018740541898573194 0.01867357160373058;0.09337981920148
0.01866276890105118 -0.01872832650239653;0.09331106142399
-0.018717493034549636 0.01865062527058329;0.09324245417366
0.018639778040880017 -0.018705414980511502;0.09317400185079
-0.018694535533467914 0.018627773539993522;0.09310569896718
0.018616878341637957 -0.018682597605446646;0.09303754984137
-0.01867166908289941 0.018605015443365736;0.09296954910545
0.018594069496309915 -0.018659873411520388;0.09290170094147
-0.018648893377942496 0.01858235001450187;0.09283400015018
0.018571351206262743 -0.01863724143631036;0.0927664507400
-0.018626208123382233 0.01855977629265968;0.09269904771672
0.018548723180742806 -0.018614700722818782;0.0926317948741
-0.01860361302920239 0.018537293322495173;0.09256468746038
0.018526185131959236 -0.018592250320742125;0.09249772901785
-0.01858110780701195 0.018514900159751553;0.09243091508256
0.018503736775500948 -0.01856988929082095;0.09236424889644
-0.018558692170907685 0.018492595868078117;0.09229772632373
0.01848137782545179 -0.018547616706080107;0.09223135027545
-0.018536365833924276 0.018470379525575627;0.09216511697220
0.018459107994830387 -0.018525431652613708;0.09209902896417
-0.018514128504061728 0.0184482502260142;0.09203308285573
0.018436926991183163 -0.01850333323168763;0.09196728080869
-0.01849197988694913 0.018426207077839644;0.09190161984644
0.018414834517923626 -0.0184813205622733;0.09183610170337
-0.018469919679686288 0.01840424920802604;0.09177072385374
0.018392830269950193 -0.018459392782683964;0.0917054875825
-0.018447947570002378 0.018382375764586928;0.0916403908292
0.018370913930167335 -0.018437549051760253;0.09157543441358
-0.01842606323806069 0.018360585916435135;0.09151061677143
0.01834908517569 -0.018415788549611116;0.09144593821751
-0.018404266349900174 0.01833887885148619;0.09138139770069
0.018327343668216402 -0.018394110477475863;0.09131699503985
-0.018382556561017428 0.01831725378574521;0.09125272969652
0.018305689055853218 -0.01837251406415774;0.09118860097505
-0.018360933511594867 0.0182957099574289;0.09112460886596
0.018284120972744795 -0.018350998561472584;0.09106075215183
-0.018339396827450394 0.018274246630326653;0.09099703135626
0.018262639039140736 -0.0183295632462884;0.09093344473927
-0.01831794611791665 0.018252863094515674;0.09086999335053
0.018241242856650713 -0.018308207423867538;0.0908066749426
-0.018296580977236562 0.018231558668381775;0.09074349107781
0.018219932010519087 -0.01828693042463008;0.0906804390003
-0.01827530098026537 0.018210332695825844;0.09061752079195
0.018198706068396485 -0.018265731608804014;0.09055473319414
-0.01825410568605844 0.01818918455003237;0.09049207879328
0.01817756458173283 -0.01824461036144176;0.09042955383821
-0.01823299463532796 0.018168113628932427;0.09036716140754
0.018156507081930152 -0.018223566097503578;0.09030489728288
-0.018211967349225075 0.018147119362896612;0.09024276500498
0.01813553308305544 -0.018202598259059455;0.0901807599141
-0.01819102333466146 0.018126201204961133;0.09011888598706
0.01811464208191913 -0.018181706313824646;0.0900571381497
-0.01817016207741054 0.018105358638960005;0.08999552079004
0.01809383355729039 -0.018160889758917366;0.0899340284473
-0.018149383048732787 0.018084591173688692;0.08987266588717
0.018073106970847817 -0.01814014811547128;0.08981142729193
-0.018128685700226882 0.018063898344495753;0.08975031777813
0.018052461765957963 -0.01811948093370494;0.08968933120664
-0.0181080694669623 0.018043279715295776;0.08962847300414
0.018031897371232855 -0.018098887787541575;0.08956773674750
-0.01808753377145965 0.018022734870594984;0.0895071281360
0.018011413199725226 -0.018078368274473303;0.0894466405004
-0.018067078016807438 0.018002263422305993;0.08938627977421
0.017991008648135465 -0.01805792201715331;0.08932603908375
-0.01804670159541749 0.01798186500309079;0.08926592455425
0.017970683102510952 -0.01803754865978935;0.08920592915382
-0.018026403885169705 0.017961539269703355;0.08914605914588
0.017950435933530705 -0.01801724786714967;0.08908630738850
-0.01800618425250556 0.01794128589722923;0.08902668024468
0.017930266501326918 -0.01799701932574429;0.08896717050464
-0.01798604205117591 0.017921104582866762;0.08890778457963
0.017910174155528716 -0.017976862740673914;0.08884851524872
-0.017965976627908532 0.017900995040619518;0.08878936891400
0.017890158235730848 -0.017956777833365148;0.08873033839159
-0.017945987318547643 0.017880957002063096;0.0886714300362
0.017870218075848925 -0.017936764341474648;0.08861263674086
-0.017926073453267882 0.017860990211931396;0.08855396476230
0.017850353002408934 -0.017916822017074112;0.08849540713042
-0.017906234358315336 0.017841094431056297;0.08843696994920
0.01783056233629087 -0.017896950626565197;0.08837864642527
-0.017886469351276073 0.017821269432400665;0.08832044246949
0.01781084539533035 -0.01787714994629344;0.08826235151613
-0.017866777752292298 0.01780151499840766;0.08820437923641
0.017791201496464334 -0.01785741976335086;0.08814651932805
-0.017847158875004217 0.017781830922233795;0.08808877718069
0.017771629953146864 -0.01783775987379352;0.0880311468074
-0.017827612036451383 0.01776221700468003;0.08797363327069
0.017752130081359514 -0.01781817008087167;0.08791623093460
-0.017808136553604477 0.01774267305199914;0.08785894449569
0.017732701199585754 -0.01779865019069521;0.08780176871052
-0.01778873174721017 0.017723198875435574;0.08774470787573
0.017713342629210302 -0.01777920001778819;0.08768775717456
-0.017769396943472744 0.01770379428904599;0.08763092046014
0.017694053699201774 -0.017759819373042558;0.08757419338261
-0.01775013147229418 0.017684459107972617;0.08751757931724
0.01767483374135058 -0.017740508073151036;0.08746107442076
-0.017730934673236297 0.017665193149283706;0.08740468155424
0.01765568209793711 -0.017721265931158935;0.0873483973999
-0.01771180589203194 0.017645996226402075;0.08729222429060
0.017636598119101315 -0.017702092761183334;0.08723615946218
-0.017692744484385167 0.01762686815424478;0.08718020468423
0.01761758116535011 -0.017682988372418093;0.08712435776988
-0.017673749819323417 0.01760780873810864;0.08706861990867
0.017598630609622218 -0.017663952568305344;0.08701298950975
-0.017654821276554336 0.017588817783103568;0.08695746717293
0.017579745838066173 -0.01764498514911466;0.08690205190244
-0.017635958247674548 0.01756989508604559;0.08684674370124
0.017560926248681094 -0.01762608590769519;0.08679154218601
-0.017617160139932517 0.017551040435067077;0.08673644674289
0.01754217125635288 -0.017607254626952888;0.08668145762324
-0.017598426376560207 0.017532253613917533;0.08662657358571
0.017523480288923435 -0.017588491084148596;0.08657179550265
-0.017579756394979502 0.017513534392616638;0.08651712152347
0.017504852793068598 -0.01756979504497272;0.08646255313829
-0.017561149650115813 0.01749488253347195;0.08640808788309
0.017486288232490786 -0.01755116626487012;0.08635372786825
-0.017542605614297824 0.017476297788564833;0.08629947001695
0.017467786085695915 -0.01753260448866159;0.08624531704699
-0.017524123776311122 0.017457779897673206;0.08619126529399
0.017449345851425428 -0.01751410945144296;0.08613731806383
-0.01750570364511992 0.01743932858874963;0.08608347111202
0.01743096704769455 -0.017495680872265953;0.08602972832151
-0.017487344748483034 0.01742094357713131;0.0859760848912
0.017412649209989098 -0.017477318460993423;0.0859225452510
-0.017469046630307232 0.0174026245660176;0.08586910406772
0.01739439189371117 -0.01745902191283432;0.08581576630262
-0.01745080885775241 0.017384371244409627;0.08576252610849
0.017376194674065794 -0.017440790910103997;0.08570938895063
-0.017432631015607013 0.017366183289289773;0.08565634850100
0.017358057144685517 -0.017422625122281155;0.08560341068955
-0.017414512706189926 0.01734806036483004;0.0855505687506
0.017339978917953157 -0.01740452420691071;0.08549782903757
-0.017396453552634 0.017330002120757637;0.08544518438566
0.017321959626164993 -0.017386487807546563;0.0853926415338
-0.017378453197085607 0.017312008194108712;0.08534019295662
0.01730399892184667 -0.017368515553812643;0.08528784573978
-0.017360511299334823 0.017294078210129467;0.08523559203530
0.0172860964734289 -0.017350607064837466;0.08518343923597
-0.01734262753798741 0.01727621178021714;0.08513137921194
0.017268251968952493 -0.017332761945507827;0.08507941962243
-0.01732480161078504 0.01725840850408849;0.08502755210240
0.01725046511470097 -0.017314979789899092;0.08497578452438
-0.017307033230293582 0.017240667970670934;0.08492410833821
0.017232735632581674 -0.01729726018132051;0.08487253158473
-0.017289322128451932 0.017222989756043548;0.08482104557374
0.017215063262142005 -0.01727960269025891;0.08476965846393
-0.01727166805184647 0.017205373427276918;0.08471836148353
0.017197447758798383 -0.01726200687905377;0.08466716284835
-0.017254070762052404 0.017187818540366863;0.08461605375729
0.017179888891653297 -0.01724447229983131;0.08456504243795
-0.01723653003513627 0.017170324644058897;0.08451412010944
0.017162386445101374 -0.01722699849706163;0.08446329495826
-0.017219045662838064 0.017152891276098578;0.0844125582717
0.017144940217071254 -0.017209585005493466;0.08436191814929
-0.017201617447040463 0.017135517969565542;0.08431136599525
0.017127550017281633 -0.017192231353541212;0.08426090977024
-0.01718424520432288 0.01711820424827941;0.08421054105063
0.01711021566759533 -0.017174937064985574;0.08416026760545
-0.017166928760025575 0.01710094963227516;0.08411008122632
0.017092936999029286 -0.01715770165563725;0.08405998944598
-0.017149667950295065 0.017083753635305933;0.08400998432740
0.01707571385421454 -0.017140524638803195;0.08396007311260
-0.017132462621190732 0.017066615769042427;0.0839102481850
0.017058546082321525 -0.01712340552487114;0.08386051643982
-0.017115312623204093 0.017049535540985226;0.08381087063460
0.017041433541115945 -0.017106343820898193;0.08376131728060
-0.017098217818746653 0.01703251245698069;0.0837118495444
0.01702437609273584 -0.017089339034373256;0.08366247350505
-0.017081178071246587 0.017015546022886914;0.08361318278909
0.017007373608676997 -0.017072390669451674;0.08356398300386
-0.017064193251804735 0.016998635743734017;0.08351486826631
0.0169904259597412 -0.01705549823446373;0.08346584368097
-0.017047263233745606 0.016981781127047874;0.08341690389057
0.01697353302353259 -0.017038661236888;0.08336805346063
-0.01703038789551433 0.01696498168033389;0.08331928759427
0.01695669467859541 -0.017021879187508873;0.08327061028250
-0.017013567112746333 0.01694823691689122;0.08322201732146
0.016939910803994596 -0.017005151602053466;0.08317351210509
-0.01699680076700827 0.01693154635245;0.08312509104350
0.01692318128055223 -0.016988477999083075;0.08307675690326
-0.01698008873496546 0.016914909508059933;0.0830285067358
0.016906505985857696 -0.016971857903707713;0.08298034266446
-0.01696343089421542 0.016898325911716396;0.08293226239982
0.016889884797182404 -0.01695529084754603;0.08288426739705
-0.016946827119546586 0.016881795098319455;0.08283635605130
0.016873317588576804 -0.016938776370345243;0.08278852912655
-0.016930277282534587 0.016865316608387297;0.08274078571611
0.016856804231712146 -0.01692231401827851;0.08269312589312
-0.016913781251139376 0.016848889993408944;0.08264554944409
0.016840344592161195 -0.016905903346387946;0.08259805574786
-0.01689733888765106 0.01683251481288716;0.08255064529464
0.01682393853149409 -0.016889543921020066;0.08250331676586
-0.016880950050367792 0.01681619063635919;0.08245607134734
0.0168075859048116 -0.016873235317283512;0.08240890703174
-0.016864614589477717 0.016799917045411443;0.08236182569585
0.016791286559947292 -0.016856977122305036;0.0823148246466
-0.016848332351226916 0.016783693631135334;0.08226790645254
0.016775040339561377 -0.016840768933515486;0.08222106772951
-0.016832103170087362 0.016767519996140234;0.08217431173168
0.016758847077864868 -0.016824610361070955;0.08212763441423
-0.01681592687830019 0.01675139575614263;0.08208103968151
0.01674270659941164 -0.016808501026548045;0.08203452284271
-0.01679980329433932 0.016735320539899824;0.08198808845072
0.016726618722443458 -0.016792440566181524;0.08194173118368
-0.016783732230797717 0.016719293988316557;0.08189545620860
0.016710583253557947 -0.01677642862790729;0.08184925760877
-0.01676771349070917 0.016703315755618606;0.08180314113782
0.016694599993111063 -0.016760464872123952;0.08175710031026
-0.016751746869232628 0.01668738550928573;0.08171114143896
0.016678668730716745 -0.01674454897368618;0.08166525749387
-0.016735832147927628 0.016671502931628987;0.08161945531860
0.016662789245295684 -0.016728680622654285;0.08157372738095
-0.016719969103445052 0.01665566771724917;0.08152808100702
0.016646961306759238 -0.016712859520111083;0.08148250820134
-0.0167041574993319 0.016639879576263193;0.08143701674379
0.016631184676051 -0.01669708538303049;0.08139159820743
-0.016688397091421628 0.016624138229299583;0.08134626077890
0.01661545910313022 -0.01668135793968934;0.08130099565511
-0.016672687624585812 0.01660844341483088;0.08125581138448
0.01659978432824867 -0.016665676934526842;0.08121069882145
-0.01665702883441924 0.01659279488211725;0.08116566683930
0.016584160083220154 -0.01665004212397176;0.0811207059962
-0.0166414204476869 0.016577192393610385;0.08107582543697
0.01656858609022594 -0.016634453276381966;0.08103101547849
-0.01662586218154149 0.016561635725709352;0.08098628548581
0.016553062061444766 -0.016618910175668675;0.0809416255855
-0.016610353743153713 0.01654612466828201;0.08089704530640
0.016537587700321058 -0.01660341261631386;0.08085253464259
-0.016594894833023836 0.016530659022148675;0.08080810323383
0.016522162702824493 -0.016587960406180283;0.08076374099415
-0.016579485142555403 0.016515238600661376;0.08071945761528
0.01650678675584609 -0.01657255336236193;0.08067524298763
-0.01656412435613392 0.016499863227604397;0.08063110680989
0.016491459540499166 -0.01655719131481284;0.08058703899315
-0.01654881214951947 0.016484532739998996;0.08054304919219
0.01647618072806223 -0.016541874105877374;0.080499127390
-0.016533548192329467 0.01646924698273796;0.08045528314382
0.016460949985724144 -0.016526601583710485;0.0804115065668
-0.01651833214805911 0.0164540058118108;0.08036780706280
0.016445766972523666 -0.016511373610394932;0.08032417492795
-0.016503163674513065 0.016438809092618613;0.08028061935994
0.016430631345487813 -0.016496190053327038;0.08023713089161
-0.01648804242545076 0.016423656698304534;0.08019371845875
PointOptimal;ValeurOptimale
[-0.01648804  0.01642366];0.08019371845875156
Temps;Nb iteration
0.08682751655578613;1000