Point;Valeur
2.5531132751870604 -4.19529564224681;11.994223475688
2.5368651287949073 -3.9278553672760457;11.430810112970
2.4761267561825226 -3.7516468179836107;11.513934718290
2.308912317121587 -3.580133252262769;11.230540443480
1.9262904113414971 -3.264171533193585;9.520629435232
1.7608370199807708 -2.862822231246737;8.851888466043
1.6299930696854779 -2.4476558316533987;9.080698648404
1.4695790497519385 -1.8343556335357498;7.586179540830
1.0941531005417087 -1.1014616768984165;4.397589130812
0.7996492246050917 -0.43083713930229084;4.3884849519922
0.4532771098309827 -0.08136856763299116;3.020976558789
-0.3124341559042616 -0.32591180555289184;3.2987547993164
-0.8632352625868047 -0.4523665859665035;4.43369622291
-0.9952869148200056 -0.5231554610126468;4.653533521585
-0.7816583507648118 -0.6076232037198775;4.58397160361
-0.5656910026779902 -0.6483559773081793;4.540241667390
-0.20336692027958042 -0.6287060275295664;3.6845127225994
-0.08191179523599523 -0.5796096940432386;3.310784995017
-0.01515680806673321 -0.3917407660261486;2.6817642135644
-0.09783892741095389 0.4070374287322619;2.8765854861593
0.3304537555467322 0.7050184630317412;4.120843037132
0.840215984690173 0.8970672108624966;3.9599622476572
0.683141170242892 0.8016399934976965;4.529584887213
0.4879834374415116 0.7124759804535707;4.477122047849
0.10950933293446496 0.5698006488582821;3.3581705357630
0.07027614540260302 0.2055979712184603;1.519979189864
-0.21515822752874408 0.4468761971069742;3.378025832151
-0.28167595761067665 0.5570039897568855;3.8408880926928
-0.11126894111302876 0.5745643162040808;3.3683891559996
-0.026326288317345792 0.5211755593898308;3.1435232389748
-0.042541465180443064 0.22914441727834733;1.637671961677
0.4060836977112012 0.019814994610578923;2.7517618567377
0.9196665964564548 0.1811161488522967;3.2907610186680
0.9909309240229837 0.10743707142223238;2.913823000120
0.6507863978020263 -0.16308938393740355;3.560368389063
0.1432329599992741 -0.13987799429628453;1.3993143039826
0.299949059869779 0.22062342373520796;2.8048684066182
0.24295907643608655 0.34924870280130327;3.1226568059094
-0.06694584956570898 0.1967722297742509;1.437686839111
0.2081704435644548 -0.12823352979137903;1.7880570671923
0.2179493663998163 -0.1688250212011086;2.0722978150027
-0.25982200799270516 0.25495270742898996;2.7671589109710
-0.5828848672418165 0.5189570140810498;4.413732290891
-0.9558317899831155 0.9102716993559945;3.6556625613365
-0.8419302871268246 0.8188578040710375;4.158599187806
-0.8655778586579822 0.8613588004053748;3.967156072159
-1.1172726737749485 1.0972790310844651;4.510420195539
-1.0171147272888323 0.9757663085260433;3.6379005705103
-1.02134164204949 1.1512255248254624;4.4348401589831
-0.8530464349835816 0.7865464261697838;4.230078853143
-0.6901838880928138 0.37785141459089033;4.243663156589
-0.4445255780466081 -0.052470655796275134;2.941935710277
0.040767514167377006 -0.10318665529210053;0.6133600327974
0.1192638374869407 0.10213329650501318;1.0050767846304
-0.21869308067484045 -0.21883610535479064;2.3591617896329
-0.32819709767819033 -0.31104012443168333;3.3021005292008
-0.19939831006827552 -0.16215053002167545;1.912489891997
0.47069442006566936 0.2210539680666097;3.4667559669207
0.8231366985307 0.47474982720477893;4.471293679381
0.7532067658630635 0.8498420764439023;4.330879360526
0.878114218930249 0.7469738600002288;4.30674714570
0.8616098897158793 0.837491601452953;4.050885171257
1.1430335992808114 1.0498810721667748;4.463008680078
1.0815555512712738 0.8998741030161531;4.010368216240
0.7840375340299196 1.1183676580737403;4.6246551926643
0.5151157173443268 0.9813020059178952;4.620867898089
-0.05973135799043294 0.903493816322481;2.7207132278903
-0.4315100623214111 0.8422406011671898;4.388784447020
-0.8633837478521342 0.9106715252195438;3.8532792038287
-0.5981204863356115 0.9532282863642831;4.5877002246392
-0.12618484975506006 0.8247232616061585;3.1632736261689
-0.05675458277907919 0.7600165333781184;3.113105216564
0.0025407285589490805 0.8598793912618318;2.741564537329
-0.16354970842396868 0.9821478748025815;3.2169549068994
0.09010243320089392 0.7223820745048153;3.2760077603162
0.05358614844336257 0.3443895340450408;2.4679389774738
-0.19272056499030052 -0.34475498306092167;2.903843625874
-0.13998977296644322 -0.8696275007194783;3.125608129955
0.11648874081508259 -0.7567159676700952;3.2892150353404
0.0830156868265039 -0.619429319065157;3.3399383436868
-0.05415764237183132 -0.31232727801312843;2.2712817109277
0.49504736189914544 0.23840113567056542;3.584372289084
0.9073285275413436 0.8491658168242987;3.9089338063441
0.9037949211062578 1.0211360327423857;3.749299990792
1.0815526783837401 0.5834349468401281;4.905884559486
0.7428098485113787 -0.09302135493336361;3.243918915555
0.3309092195728235 -0.5458064740819901;3.9591494500453
-0.012805078368672285 -1.061484546713923;2.89061191427
-0.11248086206298263 -1.2610873259302213;4.584435834807
0.019465665613699112 -1.1354780363307406;3.402013575180
-0.32073489977463143 -0.7039747467685936;4.0915211992879
-0.4776542255256084 -0.15784178085496192;3.2903683404477
-0.5055998448176036 0.030713902210099564;3.109791083995
-0.3587104974248708 -0.0651863518270632;2.5695474730916
0.31207906518083384 0.2518820601828139;2.9990572546066
0.8426048032912762 0.4050601889344011;4.324901524724
0.9373814123693935 0.47835591448643827;4.516986902235
0.8176089244669578 0.5036133805565104;4.512550503973
0.6990381142891045 0.4250939682384229;4.356328621076
0.5016463504595483 0.15965350128722866;3.3595723199924
-0.13205354859128693 0.07980954106384477;0.9772456593500
-0.6518598555674295 -0.02051984146607845;3.2508018848286
-0.6250634700026663 0.27803770596254485;3.919221411051
-0.5099157621914037 0.3905378592159032;4.042317277301
-0.2294342217036418 0.30734118912452724;2.879999645955
0.01778601090233395 -0.4183794744029593;2.805202421198
-0.29098923238985147 -0.8145002807525021;3.948672499892
-0.5030285154102435 -0.7916051313269794;4.512425756363
-0.7323612098674983 -0.8382188634784759;4.400226858881
-1.0632487737315164 -1.1394433798140025;4.490484686925
-1.076581403801894 -1.1524961327002818;4.639963297129
-0.6941427338419472 -0.590343723976706;4.584071739597
-0.03381439090159111 0.11910291531386386;0.7136587951517
0.3627193423835875 0.6311692152187601;4.160489876059
0.8732068825415391 0.7956746620313639;4.161367232252
0.765717085563415 0.9820059216472931;4.221178657847
0.8470505462928182 0.7511138312404655;4.3409596934216
0.8741723033558786 0.5657600760223576;4.557642408850
0.8638536981783033 0.21206777711573432;3.5203317207930
1.085629286543752 0.17869134135762244;3.692376366340
0.739014203001862 -0.1417133652416444;3.4140712788159
0.27805105258574425 -0.19329754215520378;2.562930473951
0.20804112025642113 0.3875718124329214;3.145778211719
-0.2596448342433969 1.0203734441561232;3.892182627445
-0.6425984124237787 1.369113164568847;6.0488241487344
-0.9586016644570292 1.7344304450343022;6.062521607090
-0.6608272292472595 1.8083073015788222;6.56834077251
-0.279492688802758 1.8657400271793152;6.130157186298
-0.07322893292627924 2.0756546959839075;5.3672558522586
-0.13299586554265624 1.6719940527911854;5.836498428573
0.05901099112014385 0.9720628410465808;2.6841266392603
-0.06982195305138508 0.12821585141569836;0.9036904159692
0.07012460435494908 -0.3899662089905397;2.7387869966643
-0.20234340663051617 -0.9529630061124091;3.4226026401588
-0.31025887710991007 -1.1538872249555983;4.723584720529
-0.2539940187530202 -0.9989890283180296;3.8030596115137
0.2418255901098869 -0.9706225297564648;3.679250518243
0.7495352536660089 -0.8795733248357158;4.297396152850
0.6617700922757722 -1.0813835970356027;4.812414561179
0.605109618168891 -0.895485031635575;4.55185094182
0.4976433612805704 -0.7459658246521524;4.501439838834
0.2356183016496975 -0.5380627349511504;3.668920591454
-0.04001855166539198 0.059386731382721325;0.3344323243544
-0.012366643643759778 0.37427201261116166;2.5920597148525
-0.011695472864301344 0.6215025481277014;3.254100102006
0.028032610687337173 1.0861780586881866;3.055862920122
-0.041024222785042 1.1959990640795033;3.9168072198011
0.11714636151150151 0.7473680478060798;3.3108651125560
-0.050534693162144456 0.09353736699643034;0.5788991283277
0.0869416740721844 -0.13515800996404714;1.0347275186529
-0.15377769129472474 0.09702948899248245;1.2240484115974
-0.030177286904028044 -0.02922717636389724;0.16527605684315
-0.27494142999482085 0.4876350084458517;3.67874657702
-0.3309783846888259 0.8606198310012279;4.0837456820189
-0.14715711419447838 0.7724923415817678;3.3733872128280
0.0017980447391951204 0.8430883550974173;2.7934137711622
-0.2870284909581884 1.025371898950865;4.054252635777
-0.45860013035511626 0.8183312562581992;4.443548832610
-0.5290328764762253 0.6081384196266878;4.458470434180
-0.47145782183853274 0.2774318758254764;3.64601171157
-0.0854437557730483 -0.018137419834933832;0.4383756096230
-0.19942039804707457 0.19318210902435534;2.096049564727
0.006029875360324621 0.06510594524876351;0.29487979515542
-0.5191595086984907 0.13284703190506023;3.3264255672326
-0.931035733773891 -0.3097551460756467;3.9990733106932
-0.8976163469877707 -0.7363790074716453;4.317222862678
-1.1622623285031062 -0.6689937730622565;5.154942359710
-1.1113296107434012 -0.621800981820431;4.992209213533
-0.7864217068244055 -0.623567089417563;4.580711179450
-0.4146916110125439 -0.545373226197471;4.162550888472
0.0864056169911257 -0.24970845640434874;1.9161048384559
0.24247665991204342 0.015799010804778524;1.7099005923561
0.03312722094104831 -0.08451969217131688;0.4632483135074
0.35411496628328726 0.4101655098816013;3.710188359038
0.6177307597489996 0.8373231350520789;4.557912656011
1.0777668016393191 0.6579805789842972;4.805896734669
1.2328606093914898 0.4623620068414054;5.467323719473
1.045431225015861 0.11636521517975318;3.138485913154
1.0003541488772998 0.2994982672276366;4.049264498526
0.8411330335384369 0.272455064826657;3.8468934390378
0.742604531775531 -0.048102675730058;3.141343600889
0.6196189536547779 -0.055559140807268925;3.2924786020916
0.34253528449168497 0.057610551665775556;2.464108885270
-0.36851658245298785 -0.42445131402944425;3.7898392732485
-0.9837693276658099 -1.1335957745685232;4.246863129223
-1.3384593522139772 -1.6952563153199205;7.333698115663
-1.6923679381369596 -1.8244461339396827;7.602181052275
-1.9712081355412805 -2.1097914709618104;7.018246492575
-1.8695971192473808 -2.0254982191200726;6.870034525535
-2.138748714635448 -1.9623516018765372;7.208785032469
-2.001486546115035 -1.9700806969175846;6.579492458139
-2.173804382098425 -1.9555433540910223;7.4558628094590
-1.877222810031252 -1.9645582895898765;6.768867038900
-1.7776076112892538 -1.9022066352508546;7.2383612644183
-1.8700454288097679 -1.9700691940823831;6.79608171303
-2.0704267564876915 -1.8104772768275406;7.2716936246296
-1.8822842063893528 -1.794798917831764;7.210964964549
-1.8876288547719302 -1.9298585836732498;6.765773658826
-2.1739253862519 -1.779777974190995;7.894769424500
-2.1985613059346187 -1.6845103382623003;8.240424077127
-1.9013974353424377 -1.6384320575545148;7.605967503046
-1.660294212563552 -1.5658019049601926;7.750832089414
-1.330061567642038 -1.389628846270086;6.946756225922
-0.780458011397394 -0.7034743158676275;4.527688868135
0.06799506758104168 0.148145254680755;1.0493209829602
0.9229915832388671 0.9575863417774035;3.6257214848133
1.5515506540268813 1.5491733972014772;7.663790616302
1.7275794982637431 1.8297718920951316;7.521816215046
2.19016605373732 1.748889338526062;8.065798642988
2.478587622595328 1.723160232911983;9.107624654515
2.77095087782525 1.8107830648233152;8.908225280300
2.871925610534972 2.2235762836911546;9.216060736994
2.9275857879366916 2.546001811709521;10.19380530256
2.964192831315375 3.181324209391322;9.89801171062
2.9332136169750544 3.9146964682695025;10.278056889573
2.978654601873733 4.401265239087732;12.193123927808
2.9150159885918216 5.162665296835375;12.074615349329
3.107282279162049 6.059490979486827;12.729692531991
2.958607399712598 6.964101409400337;13.21924839578
3.046476117712785 7.8641433137355;14.408000442734
2.933780791861331 8.633266855738656;16.079649263134
3.1148570061014325 8.840677973349155;15.499272615838
2.825687381760129 8.935020034144566;15.41436749394
2.7387324863218874 8.933137828799339;15.859198263302
2.930999648626465 9.004819800050038;14.882553531707
2.7477541270915666 8.76630657781;16.218308476871
2.649772209903147 8.566011703905872;16.619313550850
2.5997530403200497 8.283299068085109;16.258209852785
2.6339015913102526 7.898706661004265;15.486115039600
2.746921602028753 7.595339161179864;15.680831878297
3.019694434160608 7.088680871181972;13.48100291094
2.9803884517225248 6.817387970287956;13.71805458772
3.0021487197244836 6.69171922009428;14.2511574615
2.9508083461242602 6.668392315303013;14.327244347369
3.0334868797204875 6.810571448664459;13.78666794117
2.715202978907667 7.129537975227474;14.654224733626
2.4125633323609073 7.2361775851225785;15.23595199668
1.9179276017830686 7.008368393610721;13.015415143057
1.5377565046111994 6.918903740569917;14.426317139647
0.8626656991531656 7.056003534367167;13.186287186521
0.0891853769531532 6.853978376233277;13.062149246515
-0.5385401977467378 6.728075756763776;14.443867766681
-0.9549745443870956 6.753054298890221;13.463162854165
-1.0277563437361934 6.932080780771899;12.715180139780
-0.7561600629861014 6.71257298935979;14.116970558603
-0.557529843277101 6.470193244562787;14.351955535513
-0.30088609875988487 6.027399265971946;12.80096958965
0.08222587220135907 5.848920209824324;11.906671934439
0.2783035736022985 5.753213101028536;12.937129358896
0.3734497863935864 5.691181100453425;13.202496117658
0.40388531243697967 5.629231803084418;13.245238978231
0.3737334137551755 5.526377489030735;13.150627641542
0.2457339666426006 5.296881051350567;12.393433676933
-0.26091778093483253 4.6651848591363185;11.639853802445
-0.8630222470712793 3.817091316473757;9.519075994983
-1.0597613612585313 2.801842066015512;7.756496299214
-0.66779288923442 1.865919105607523;6.517025242410
-0.0851381100683829 0.747162642569716;3.2122125054476
0.0006248105114755598 0.12677739640574137;0.7350088424178
-0.09375060039143138 0.06776601598945581;0.6532909355193
0.527067626373722 -0.07792610569202221;3.220110892132
0.7600363997640625 0.31568574213591627;4.0712177256964
0.8791906989311085 0.7292849979666605;4.354757647316
0.9557424673637487 0.6795402284946457;4.469207487557
0.8189015360533787 0.7732402292137623;4.336663930509
0.8771036348405886 0.9438180447029023;3.7625441222507
1.0883021659992504 0.6375813421958353;4.880048402753
0.9019715965728194 0.23181670027482842;3.5940632720942
0.9448059488271665 0.14817290963871815;3.0912435782214
0.8642022945012804 -0.2563922921927856;3.750448524398
0.820525481837501 -0.5501318611178148;4.555760801289
0.9570174022009609 -0.9560080113339008;3.5813546583679
0.7989727068293215 -0.7703009686181168;4.383494650976
0.6506344572324955 -0.5841468978574109;4.559818338561
0.3905115702111228 -0.2642141283310113;3.358443612566
-0.5166412293394436 0.03528275314355156;3.1400809926057
-0.7987050995703527 -0.015744998036756802;2.942761827474
-0.7266479164160429 0.18841545776519356;3.6101749595077
-0.6163562978066667 0.13242204310083713;3.4591188886220
-0.3599898575201998 -0.0739563506255175;2.594313318036
0.25982980298563824 0.3004841528089378;2.9812815442899
0.7657590700246173 0.5711567829593145;4.576354880618
0.689037320432246 1.0397988774431288;4.606137945965
0.6382018857455546 1.1790434527138411;5.274383485560
0.6054091345280589 0.9708107934481042;4.603869300302
0.5559417069733881 0.8269823284206441;4.558098570802
0.41110090058787013 0.6827451593410725;4.316944800770
0.06240260143951598 0.43930608937244997;2.936756908760
0.21523347261165926 -0.21220000103201075;2.3015881175357
0.09031504656915941 -0.7264365841083369;3.269147543023
0.025405367726089395 -0.494540098693337;3.0770230844131
0.049641160828070685 0.2364076976098584;1.7104388280791
-0.15716215744748385 1.065059528158463;3.4590493255554
-0.11635013422169627 1.7329942623863732;5.698482331031
0.11375108446084792 1.715926109994257;5.724196952939
0.0809535795976068 1.7074278017254962;5.657033581051
-0.0708303329209515 1.855743193907668;5.200393981345
0.29671102125740734 1.8826391353441505;6.190641553310
0.6712375135371345 1.8810540246305993;6.501598734540
1.008264946723897 2.1417781807148595;6.152070313379
1.0247456069891716 2.0646955862210845;5.687793801001
0.7975211044964452 1.8384496658521519;6.145865329791
0.6451945932111602 1.6035546372437435;6.560803138215
0.47474137426966323 1.1906867923868298;5.302010912499
0.0336643962103188 0.8809682249064816;2.7103176416378
-0.0848615954826551 0.5607077512063768;3.292549061187
0.1746587416389967 -0.13600709944273903;1.5906267049718
0.1794154791901276 -0.6451207315695794;3.612834659768
-0.3154340223250698 -0.6978115755811727;4.0740280323114
-0.7811597726469013 -0.8133393574820964;4.328760786559
-0.5791066821934543 -1.0815371184255085;4.907599261986
-0.28880293034207916 -0.9729392926104028;3.9415901533500
0.16983866086218058 -1.0746097864578994;3.581928169303
0.4971194544263842 -0.8062803849529165;4.504468227500
0.771092520498392 -0.5642792610759453;4.571665428141
0.8229951273508593 -0.08591727428403845;3.010918831496
0.9064887884886474 -0.07218664734686714;2.75539228784
0.8849633678571833 0.20295965976638702;3.445216903265
0.8573524110488052 0.22296373677891904;3.58626090282
0.9342682025209721 -0.16116969616214674;3.1677108455704
0.8230839931731463 -0.32694017224029603;4.083461555447
0.7115703833228371 -0.310885677933626;4.06207542903
0.541695455512012 -0.05917744598787511;3.218613579570
0.07177871196619762 -0.11098862462771425;0.7878184141735
0.17435785834775802 0.18709680209458707;1.9047702984861
-0.018132300229249027 0.16389316448660202;1.0532235076062
0.3901518021088948 -0.3515196215298538;3.644872205451
0.8098711349551307 -0.8527390612526526;4.1593573810824
0.7452966297462837 -0.765106484521503;4.489093548004
0.7236206996694048 -0.7253210014380783;4.563620114635
0.7447940555556396 -0.729964374286906;4.536824755652
0.870941940760163 -0.847529992989403;3.9950156816670
0.9545204768414576 -1.0514216446204632;3.761528388114
0.8393825398830261 -0.6099111558425756;4.560157335196
0.8006214616421639 0.05674664587352085;2.996267168252
0.7861070005773345 0.5555346190936822;4.564227933696
1.094469072719866 0.9345285905287544;4.007839613578
1.0326553246874821 0.9081543320447492;3.772326639897
0.9043674967150391 1.1612712328163448;4.508791083143
0.9156148895102287 1.0357199787337505;3.763551505592
1.0797932898058216 1.0479743831983632;4.0528568228851
0.6201990733079814 0.7709203388202452;4.587917308922
0.008265867244857228 0.4074600182143018;2.753497038362
-0.23582810749291322 -0.08739411551212412;1.815604913178
-0.24575170043973668 -0.3101579860325027;2.964125164539
0.00019423060609838338 -0.28405535028526363;2.0231455545897
-0.21177239188782543 0.20571963163439705;2.244062123471
-0.1861109120804265 0.48398165593475406;3.393166151027
0.13104248820004824 0.7780722562858443;3.2963936086888
0.11591462916623621 0.8040542379034381;3.17340042440
-0.21383042670540478 1.048608727222264;3.7241891818837
-0.3824201323636387 0.902756331390672;4.266960451417
-0.4228112360799391 0.7882474260788308;4.371054637367
-0.304307600861364 0.6528220222705192;4.02008820485
0.04139587440289999 0.396763253779593;2.7269248854206
-0.10127680316634996 -0.15655112485281786;1.266589501063
0.04312484039614978 -0.5042790510440713;3.1176738794287
-0.19497032097968992 -0.9428933366472092;3.372368328935
-0.22536541550584746 -0.956445809926616;3.5651214054185
0.22177687178069325 -0.8584562049620418;3.5786762602341
0.5411932479120679 -0.7967080970922377;4.5523711131848
0.9323328580477251 -0.9052699354393637;3.6901866149330
0.6645925685650441 -0.8993524318671152;4.484639372945
0.2908937440362079 -0.8607670702667111;3.916417659117
0.015209988818478237 -1.0972729111035036;3.115895202132
0.0818978513379196 -0.8342918300348138;2.964761263367
-0.09882242914887138 -0.5971343824783042;3.3620426105306
0.041424817453076135 -0.12826651601456707;0.804012466322
-0.2518905578017612 -0.2941161861402452;2.9171487478572
-0.31613206133570276 -0.24103316909223374;2.971098093325
-0.015020085525531912 0.10985711798333955;0.610537966572
-0.07281423769899217 0.07702326318983896;0.5778826566425
0.49613462993564195 -0.22725939371255324;3.5523332934392
0.850259238548762 -0.3310038744941376;4.087187674174
0.7743956132962605 -0.22412848571366195;3.7030121836516
0.8182697197048543 0.14439259526357584;3.2604508528735
0.847942692229997 0.26004430713604343;3.7827442988024
0.8782565442835981 0.05934123510613762;2.7743100803426
1.034040584266053 0.2638599909132964;3.9592976808938
0.7937025127506109 0.26218472304626644;3.845900343752
0.5095563485144363 0.01028761328617972;3.10923692101
-0.17224246580833447 0.1920820118850248;1.9240498975468
-0.6989152136182981 0.09592712796700548;3.327972500197
-0.5078002038356548 -0.05931201765431607;3.1464413662463
0.021623065681197207 0.12915172517347365;0.7698044959729
0.20722387794745667 0.018719210170662665;1.4218801996065
-0.09822322741139966 0.0984668005993254;0.8484509220464
0.07335084418172158 -0.15013244496974526;1.086506870572
-0.11558874117546103 0.019306074566271647;0.6597309565358
0.2509370755221052 -0.22570757596552765;2.5746677634929
0.4023627159049894 -0.24198331104613027;3.321794085381
0.352520455404555 -0.006681533858559602;2.47053882798
-0.1204788183668079 -0.16769104645893643;1.452212792902
-0.3089999529776299 -0.055921570748035054;2.2528534533548
-0.1752978722354681 -0.03586869648604832;1.1768654170361
0.4315113415762847 0.1265739452529582;3.04971510268
0.9190718184124886 -0.1870615645813207;3.3262981208983
0.9968279967314897 -0.32214093883609746;4.147889254660
0.7815690915165077 -0.24290927367405607;3.7758548270606
0.546482317947194 0.07635902149189983;3.254305161950
0.08667292699214907 0.05444443548773098;0.5492887964567
0.3199562077449949 -0.0809502071554139;2.3793207624947
0.31003684953164545 0.06143130107643208;2.2706959190910
-0.14988706315958272 -0.1810935127713903;1.7169917984200
-0.3538853419613778 -0.17052146441457028;2.861282484007
-0.33108089223145565 0.07561518886826815;2.4337805971210
0.035949423544150816 -0.06929158284973735;0.3761998908698
-0.08453902584919626 0.1518499971471932;1.1488580444377
0.15411735739022336 -0.08810609961998503;1.1828925228953
0.025930084310374496 0.03422741286448022;0.16994909427845
0.29615751159487813 -0.47966878859700773;3.722980800342
0.42611979705908054 -0.8622397738169114;4.377456646707
0.4864954290027454 -0.8146866670673449;4.489436505788
0.45636295955299144 -0.7791963750483758;4.439023263611
0.2626077268149654 -0.7370429201342827;3.8903739096650
-0.13094558367408798 -0.8111245344867442;3.2176627580199
-0.2726292662510148 -0.8555052783514875;3.8360281997851
-0.13265173714814532 -0.8703603123788569;3.087273555263
0.06567745893096538 -1.090142763699861;3.16975559534
-0.07422566172823247 -0.8076761519784236;3.019568555130
0.06609105293169598 -0.48249501363738423;3.0880683332614
-0.27313378592416965 0.2937157889739439;3.0089775295199
-0.5041560520577939 0.8684224729965488;4.514882472518
-0.7578632729181937 1.0067629658775217;4.293759432095
-0.9900175221715454 0.5683196363176021;4.654526758008
-0.6658007034426543 -0.16510223125291013;3.5654538646169
-0.21827762111794485 -0.7349618050344228;3.7201897209556
-0.21328527415206022 -0.5936716371185162;3.6855724121996
0.04864912195476151 -0.2633068401922616;1.9164049845901
-0.3825831613942052 0.002303968834355241;2.6328773305701
-0.7888140472834044 -0.10562247973753569;3.1742583620823
-0.6253366906513056 0.2640621507516818;3.876569186571
-0.35412273746966483 0.43627209959092256;3.780615671476
0.08517025494656749 0.4661958981167144;3.0717537911600
0.25391142573297765 0.32546773167680954;3.0662542556102
0.06954613885384775 -0.08335271409911088;0.5975677626823
0.08607565821087698 -0.04868617819883975;0.5230486711397
-0.49495982807040967 0.11036094371652211;3.2112189052461
-0.8784225614753403 -0.24493496578290813;3.6803350449625
-0.8302907557912133 -0.4810414502560921;4.481180338659
-0.8607854289170669 -0.7395700945336017;4.350243418473
-1.149805578862395 -1.0078290063076896;4.395538037448
-1.1103701232662773 -0.9093321841914066;4.154271609545
-0.6844441824930083 -1.1598417446981206;5.116124471232
-0.1829495446458833 -1.064737837060693;3.6100563987736
-0.2890214763562172 -0.8249575571499683;3.9326815384717
-0.17407735846246608 -0.5519273695848583;3.5065289017583
0.12323814762232466 0.14441629583020976;1.3029558940578
0.1409427703534736 0.6636473480127268;3.4880556254077
-0.31342698010408765 0.6346794258368025;4.032145239243
-0.6473979883439391 0.5649531348374592;4.538782404704
-0.8630304193219549 0.42654596696859115;4.378531427534
-0.7708846923724929 -0.054542290160521756;3.07915883888
-0.6535742346055504 -0.27328963027649883;3.925547343016
-0.4339731747206916 -0.283265923321364;3.5612120779822
0.10600581473015452 0.08528645837977566;0.8220010582248
0.386020867402057 0.17936051750813625;3.03664870114
0.5219884230500681 0.00024430061829933125;3.13673530276
0.605971518796467 0.09940921209099501;3.3693835043457
0.6938383998504553 -0.10394218052060905;3.355929661612
0.8234593252006424 0.057516908951949025;2.927460295960
0.9461790609197054 -0.3052005852761599;3.9893435880181
0.7990087694478822 -0.6482890517018335;4.563129286244
0.8607619735260181 -0.9176333931065792;3.850495802904
1.0872648306194228 -0.5790349239444075;4.92866126473
0.8779947409327928 -0.07563174919550097;2.825640791692
0.7004454219580799 0.07472858025385448;3.2745993772192
0.4281345579578628 -0.05617656639463531;2.8835901809044
-0.33450418825930306 0.29464962307016973;3.264228407000
-0.867032422488876 0.5862516735584946;4.558684588457
-0.8608907170828796 0.9725257424003968;3.8186251814583
-1.0040881163746709 0.8093764110856287;4.074758625721
-0.7501323160617431 0.852019954196692;4.3355135417044
-0.5129795017785008 0.868827818186023;4.524608586525
0.010621576443280545 0.8920464415112171;2.6580912301500
0.22890075829207807 0.8622783937748763;3.6115461823381
0.18578426287753078 0.8445829363387901;3.410530016372
-0.24282380076602036 1.0117277493604293;3.770861055541
-0.6086420389197773 0.7930355394784318;4.579636363800
-0.8938420207022519 0.6889778639950506;4.440126833086
-0.7782764909032832 0.6693487663705756;4.563793343460
-0.6867184689898294 0.6452734942205895;4.606690202397
-0.5522256347654548 0.568500706929862;4.44345238588
-0.27354725221242115 0.3537521629819432;3.258050243354
0.17298915741766868 -0.4968360050505724;3.386837143340
0.4825094677143204 -0.8200989399447098;4.483441017773
0.9915138090529967 -0.7431592938329704;4.32057415164
1.142527651426533 -0.7285530817562783;4.927977849250
0.8754212995930845 -0.8423252407132351;4.0005681333802
0.8173963309985575 -0.9007791142109893;4.036016311160
1.0860421946800347 -0.9399391012082154;3.9510463588440
0.8073419064882608 -0.926224199762573;4.042911042458
0.6117823598337035 -0.8788590740369717;4.548306012058
0.30360736610963224 -0.8386053883052812;3.9842538452061
-0.13311191126267213 -1.0584115609254716;3.289424447763
-0.38917462563019667 -0.8891165941891639;4.283489590725
-0.5618901414868295 -0.7674531040910959;4.570461303289
-0.7176447413250897 -0.6831624113370103;4.595992622526
-0.8754379266379911 -0.6532456434815785;4.5096041950429
-0.8333542986233999 -0.743885411514691;4.381229281744
-1.011364236075113 -1.011474024199476;3.669723866815
-0.7224285759945236 -0.7233871767853706;4.5664275747675
-0.34049802129080486 -0.34261146793363384;3.458487343454
0.2763450277816235 0.2986090852686072;3.044207277585
0.9517165788368258 0.9664951995586554;3.5815349828524
1.3594988576205123 1.372876011960471;6.9864856121758
1.7290923401971279 1.7455921479891143;7.665125764890
1.8168815781084175 1.7548540546235654;7.480894189114
2.0243495817947332 2.04197703794206;6.744429935697
1.8154350205874916 1.8737322778634304;7.155046404153
1.686069854721187 1.805858203419265;7.639341748320
1.5561222881917693 1.7968754078010187;7.704964497800
1.2948426142403109 1.8348571232218907;7.038325312707
0.7145012079974418 2.129305857866933;6.8981382213983
0.05233332311519723 2.059091421646693;5.214566467144
-0.3903780027189302 1.8291112060383288;6.503718410858
-0.8533605775531142 1.630442410697666;6.339287338485
-0.9385298179391008 1.307107881889186;5.455721194279
-0.8493672026234401 0.7012819228307021;4.451043301695
-0.8836214681037371 -0.13974248257519384;3.098347556241
-1.014377158473149 -1.1171961262207757;4.178567118451
-0.6593185744286765 -2.0893646558115773;6.8811235215988
-0.18430641403225873 -2.898412308548337;7.6288988022630
0.007962759919075635 -3.4484801238649;9.41175121456
-0.2591986005999775 -4.0747335372517615;9.973972359943
-0.4408750634652595 -4.495409288295772;11.779016027074
-0.6795339006280916 -4.900599208733859;11.572460040808
-1.1404086082863445 -4.725367823254958;11.389114294301
-1.4738025677485649 -4.5273896328255345;12.145117625183
-1.8703336538067574 -4.1308962395079725;10.205688957569
-1.7705128650764417 -4.059578428851477;10.32903601230
-1.973056908956902 -3.880929652241459;9.55149560115
-1.8124250394589787 -3.976023965053022;9.95272194473
-1.9481096668149704 -3.828575667454559;9.78889501805
-1.86864855364254 -3.954918036403182;9.675529546130
-2.2148291678449983 -3.7759056154600787;10.73947686095
-2.412100773844886 -3.614588994753247;11.45195585899
-2.5357422647871934 -3.376843625102754;11.281868502364
-2.717925095752655 -2.8819568672714144;9.98860443744
-2.9247998585101174 -2.3850231889865574;9.91724946079
-2.629146935903263 -1.9547954855266914;8.989166842110
-2.1932297238193263 -1.604659508477457;8.298442190900
-1.9336017656245654 -0.9873013419399297;5.40577752370
-1.698728052598253 -0.44469908119340484;6.5828283972589
-1.3446721350364548 0.010175564485299604;4.937354882860
-0.7645121596093403 0.09716720322597322;3.2069662482325
0.1545381270783901 -0.18234020335355655;1.7532341183526
0.8651363725967466 -0.17991655787162572;3.3446881309808
1.1540363705964762 0.02891917007273423;3.559555233961
1.054182234135535 -0.029804521725684513;2.870973090298
0.8766371016820462 0.2430117772775721;3.6716610362691
0.7128757156450998 0.31287193216042497;4.06843962521
0.4642291631449013 0.1683729126829715;3.2823670634773
-0.34148805523180364 -0.12004488260645585;2.619378253875
-0.829949155079239 -0.024928359027561214;2.8494644595770
-0.574037235925752 -0.10080695590011973;3.3435495419291
0.0027819468556807836 0.12797361642339802;0.7448788767297
0.2506136871689285 0.06711433454585203;1.8637784234679
0.1443638546288461 -0.021520733261894784;0.8936165651135
-0.2945996062045398 0.4394627185147725;3.612695431607
-0.6932865727114532 0.8592568450687507;4.456338633120
-0.8585531986588286 0.5770387717039291;4.559782537545
-0.8217367233099695 0.03542141102330609;2.889636845038
-0.8004401873542191 -0.18153463072297393;3.470531771450
-0.8028095882426985 -0.10141450026905913;3.1218902981752
-1.0646153824255857 0.08836446518749119;3.1014839187474
-0.8366196967551793 -0.0444847241785942;2.85809134761
-0.6666526236083544 0.10844072178304245;3.3918974396265
-0.36875879217393515 -0.021663236533412872;2.5674927496001
0.41153912689936145 0.39355502987821456;3.823979373012
0.7969590474413973 0.9933352464677551;4.108697552836
0.8539143639057922 1.281918323700677;5.4065509401484
0.9451980151336989 1.371935348541601;5.784526004078
0.8841137766040905 1.2035852768422408;4.849108320530
1.1671593685538675 0.6963632955895751;5.1286710313418
1.1105741067990669 0.10771709154621756;3.469610646672
0.759326114792932 -0.06757575860270532;3.1383172113074
0.2606455496391568 0.05116419777695505;1.9014240311786
0.38356922750069194 -0.40477962556089275;3.778938944591
0.3532437509231309 -0.7582900232273408;4.190972722329
-0.020476870357034327 -0.7696352455883055;3.0354245794276
-0.030105265537541892 -0.8137303032248622;2.9080342490550
0.10282186702806925 -1.0990418847817875;3.371098211942
-0.046737422873984996 -0.9285530902295059;2.6502916587530
0.20390360299702645 -0.9562442852344653;3.4346536049987
0.16618154167350419 -0.831927391607306;3.334880315559
-0.1581096733677878 -0.8652632784101305;3.2278652479172
-0.205414117164063 -0.8641380600899562;3.484170329564
0.17710905419906076 -0.9430910139016728;3.2636601610906
0.364410290218799 -0.8177494184018113;4.212296590250
0.4058392540532444 -0.6905564467515557;4.3099882426557
0.27409159653011983 -0.47848805374021364;3.6536492635174
-0.17513698737532463 0.137291480466749;1.601471122589
-0.4202019796452754 0.5480306786644944;4.179028399168
-0.6660988198393623 0.8898267811521645;4.484828303235
-1.103147315486916 0.6164107507115318;4.964482045320
-1.2364180275461132 0.28632763248585147;5.07233576051
-0.8816525672206376 -0.028051862769516045;2.700084332366
-0.5008674439651253 -0.03365545286548177;3.0999835754640
0.4882305241185405 0.12057738422955591;3.2179206822967
0.8420744942600952 -0.037466857793527764;2.8283416371283
0.5937542039313437 0.27356421236256134;3.871506596867
0.20472635138182416 0.3659223276504894;3.044870328685
0.0925796552169641 0.1379096921245092;1.083512108297
-0.031045247427606823 0.3704612811981106;2.584041268426
0.08399436777396854 0.42383700340117964;2.9155901838787
-0.07746504545459104 0.22222519751940611;1.6761601056204
0.46096976102073633 -0.18174536484595777;3.313841888373
0.861342457781727 -0.40719811326635125;4.330410659847
0.8189634803615264 -0.6077434901539303;4.568996708382
0.939130570756798 -0.9297682477073222;3.6283987083853
0.8022042464841997 -0.5757314472031074;4.571659754816
0.6784073697552608 -0.03190598550139445;3.2365126475471
0.4608202247047906 0.21548569035872833;3.4209218494566
0.01897890305158445 0.15631865694603575;0.9902002575753
0.13606222556773429 -0.14787882061832858;1.4059145371412
-0.0670146945831398 -0.08184889746531318;0.5760996139053
0.44105472027122306 0.08195425696381528;2.9781764625408
0.9634469031265133 -0.210515542325363;3.4820598081859
1.1204122027519792 -0.34530018574363575;4.688831868360
0.9021200473112738 -0.3387169590055177;4.1114844444486
0.7265239378708667 -0.08486263528895988;3.254574726089
0.5049774196047397 -0.08801479426781719;3.1883942249424
-0.15587536015992864 0.134598118500528;1.451281195534
-0.6474651489269202 0.0644550809141772;3.3038680209463
-0.6754428003627602 -0.03111939958237475;3.239094055149
-0.7968626992260673 0.1266142134928318;3.2344454727421
-0.9330578509251342 -0.18219333135392551;3.2935746937932
-0.7900350695272726 -0.2347185151618192;3.7305144300602
-0.6527100970615289 -0.010091536648312055;3.2457936648071
-0.39433395506035407 -0.07230245670809002;2.763609794339
0.41292716246768046 0.30800943523408864;3.5775976269175
0.791547615412651 0.691232671495649;4.530407112280
0.5997746812201148 0.8867283222195115;4.5540703090259
0.2853703797846086 0.7925713890706584;3.9422570726440
-0.05926933079124497 0.8802552082091033;2.7691970837657
0.013950079911002056 0.860033894474582;2.7455815073919
-0.17902088653821713 1.0820867641598968;3.6751264404379
-0.11253949591947893 0.876166763069518;2.978941529297
0.09155476786588745 0.8590457272794523;2.9310121681669
-0.14284084225111404 0.9281614952689564;3.063669525518
0.028284253410999438 0.8284917194942447;2.8580802851919
-0.16557453128042537 0.8784971875974495;3.2453079003856
0.039035979476202104 0.885651166635293;2.7083324194655
-0.26425632395002374 0.9708022061260678;3.8074171753092
-0.42692614173130927 0.8004899295586166;4.379915449863
-0.4676177373710737 0.6155806033870403;4.367844817788
-0.3462986667658903 0.30613766728096115;3.3507162285377
0.3773768494628017 -0.14422012805355788;2.878083928573
0.8505466752933374 -0.411705007025917;4.34178150163
0.8638140250326785 -0.6741519892517658;4.485822109241
1.1138466212294857 -1.1012199621265018;4.511340881284
1.0703016339602374 -1.2611695814102595;5.372568340110
0.8633254707855462 -1.0575016012506322;4.016520367182
0.8880760101674937 -0.9393914337937517;3.730625796670
1.04967269330309 -1.1413324995974876;4.450233160544
0.81077393068183 -0.9084308692880637;4.049266251013
0.6029496548181836 -0.7324993920424095;4.594314809779
0.27316530614312395 -0.483546434762075;3.6633930077879
-0.024600572221618544 0.3065060069705577;2.1919214070367
0.18568625843870604 0.8977992788941134;3.333656041250
0.19633178907883184 1.0824658199948145;3.778187481156
-0.13090777889042757 0.7236120460445292;3.399781986267
-0.1789615124462466 0.2379493587362272;2.254192649431
0.34471876311749305 0.2862466639007265;3.2714078582344
0.7827434639349226 0.054122652935624044;3.044324357816
0.5613908334759377 0.26448218004072643;3.797430137336
0.16936613420031266 0.2253647602033091;2.1232408240498
0.3159503483327758 -0.3799774373348409;3.5003561523954
0.24873937565248067 -0.852602601763541;3.7231295499290
-0.14283028250199287 -0.7121728872778925;3.4565217138971
-0.2974794401518148 -0.49729298473766137;3.768256907766
-0.1871045386078023 -0.07785090887901724;1.3984772270010
0.2038853025903189 -0.33262001005284464;2.8917184082271
0.3782590448229627 -0.40526419579870737;3.7655396505600
0.3702338199679708 -0.30039393398532976;3.4148888021895
0.021129439117513804 0.09605623895721854;0.5169994032230
0.02387207680538933 0.13914580359778528;0.8540958199426
-0.09445714149268108 -0.5217509747195567;3.2408154148281
0.3119896362361938 -0.7056036705301817;4.06488812406
0.7020840942263418 -0.8916716040079001;4.412263747894
0.8287289771195867 -0.7354482180600856;4.407667857125
0.8823060514446153 -0.6802219516740395;4.463503862770
0.8935866084653795 -0.7431766325612201;4.300598656129
1.0103349543522484 -1.0911869210808711;4.004549739958
0.8240480991305609 -1.0238390038304024;4.058756283515
0.8650767242335335 -0.8718060365324896;3.938719979098
0.9781071652125776 -1.0105786827016163;3.6230761412796
0.697752004292057 -0.5842899834053714;4.580794826581
0.2594416925130807 0.012223723823176269;1.8413740517468
0.07658310692381515 0.2519094140309676;1.9008891118980
0.0709143812641792 0.13687881843892805;0.973804990133
-0.3893228414134474 -0.2699799366173562;3.374546743348
-0.7677548381286625 -0.5629594826384691;4.571143422582
-0.7199303545459395 -1.1292959290704414;4.885168876240
-0.7325678314461171 -1.4761901317536903;6.298637077257
-0.92609899337291 -1.8413928384328155;5.723648499491
-0.7357750577865446 -1.5718919679880468;6.46129774065
-0.5722664583370369 -1.0897476110422848;4.9399332901405
-0.28309131469038673 -0.6682179736126732;3.9636756171784
0.08742234081029254 0.1631133621187143;1.2490715204575
0.1451303120103976 0.837592251890355;3.2196726517808
-0.03824587389397566 1.0285986150147264;2.7696092462132
0.20285772762256093 0.6337861872791232;3.6856536533770
0.14029203980543253 0.057372192558393986;0.9481126295941
-0.09890884888000817 -0.0332964715953894;0.5624636685470
0.24856077897706258 0.17875709705531478;2.3185199446676
0.3655995418388694 0.13332200744152004;2.786696455417
0.184610533214931 -0.08516339251239366;1.407887665587
-0.09753149002949571 0.3682122847860769;2.693723578819
-0.06342515989762934 0.7304510202583635;3.197021445806
0.1265823906735273 0.7391179687507357;3.35922956983
-0.024768067443008746 0.7851980636842796;2.9925220034146
0.23464993241167376 1.0105558102526777;3.719356472343
0.302393298422479 0.8269371689003924;3.986554448743
0.13937750057038598 0.6360065190802614;3.4856550083545
-0.010710763725211875 0.24273078654329572;1.708938991759
0.48608768778208344 0.2789780275164828;3.6872042880367
0.9006879456013048 -0.04993014222237613;2.699474976389
0.8162753797705958 -0.05252674661893686;2.938489383337
0.9528794761763124 0.0988498442467344;2.829697663507
0.6968071862631816 -0.26361252098612387;3.905024760679
0.3502247789057469 -0.4266111486911176;3.7440252710885
-0.06794172127747922 -0.43037353435508885;2.9112182696615
-0.19121290513403338 -0.2322705355987606;2.285073604071
0.2716892943869344 0.14237000687550488;2.289665889136
0.5582029967663287 0.27869969525277205;3.834206278345
0.7940198996246035 0.16795237914744013;3.4202418125709
0.8570039139858286 -0.2526318011427928;3.7381437861789
0.880362938418617 -0.6102908889580663;4.549012013966
1.100217397666007 -1.109766078473076;4.4809300229906
1.018569466344182 -1.378144503087447;5.876878591057
0.9402484430662755 -1.5863320829506051;6.271755244712
1.0566348034610453 -1.9656447717389072;5.527229892657
0.8110844168348011 -1.7955164044239427;6.193310778953
0.6439363847095386 -1.6060766230245194;6.564090080631
0.45627382068817945 -1.2530964002995435;5.543844560437
-0.08405863256672197 -0.841558624374692;2.9512640247145
-0.3731374758369556 -0.37537986612122126;3.6659592916268
-0.5608168486851772 0.005871526661793247;3.206951080676
-0.703062404909906 0.04853061571744122;3.222262458210
-1.05583988697795 -0.17929117009011367;3.546498510145
-1.0275879633972185 -0.1990501119210254;3.554821421532
-0.7938252788709118 0.2895360766809302;3.957867687335
-0.5600681176602755 0.6516070383292996;4.536490077932
-0.09560510589794174 0.8598221075185725;2.9448116212945
-0.16654543430392826 0.7703776728139601;3.458695713415
0.0769506877575813 0.7279943431202731;3.232047239087
-0.007438555400176017 0.6912310105693764;3.2052185352057
0.08863789839737134 0.7158788677746629;3.283470406529
-0.15394408132303072 0.8482701573520315;3.2399141809313
-0.020968321133630008 0.8547157295682393;2.7673422845605
-0.211903335005025 1.0757836993077419;3.8352427411872
-0.16975316487643008 0.8811352743417635;3.2642729707424
0.15313639127943215 0.849945478100331;3.2323614552196
0.20479762062324577 0.831775878417134;3.5292799422020
-0.13374874189742578 0.9127397064699436;3.025505329942
-0.165094490243363 0.8326348102669139;3.3280459866590
0.1653643874156965 0.8941445087772385;3.221964697731
0.22993720397862996 0.8525161248983387;3.628291893852
-0.06851047146041508 0.8870241110093354;2.781143910757
0.07230727323339617 0.8932895828215984;2.780308118779
-0.2875797031387517 0.9792999828355307;3.9459017534108
-0.5972288767572407 0.797478944820997;4.5777324028280
-0.8981051145080329 0.7402877841517396;4.305141618889
-0.7447399226032397 0.8780496116153491;4.313281522116
-0.7248889614039871 0.8444222203522814;4.408196110101
-0.8484342356027643 0.9213942831918048;3.889534587297
-1.037866189877954 0.9190311222225307;3.763054868037
-0.595195764264807 1.0412824799639808;4.7659589440
0.1600395063258303 0.668808859719169;3.5478317685156
0.7619653023760161 0.14837586914702516;3.3989731163682
0.7970454182155741 0.028396830469808343;2.959374379473
1.0739338392879725 0.15773360033570744;3.508072831305
0.8957080056809501 0.005298752672524998;2.64769731127
0.9275600170130968 0.16787311183570525;3.2090420811369
0.865373680452679 -0.10670786209917776;2.9772483132678
0.8556801160889592 -0.024816489427824856;2.768547693513
1.098015131004343 -0.10917354323507279;3.3933786072897
0.8243041721072533 0.10405011237574159;3.072911594332
0.5153763973680868 0.026505811945979632;3.1304981132584
-0.34203944852543133 0.07961947702543037;2.5074207602466
-0.7373037072215866 -0.32181547979787384;4.096332469186
-0.7896194121799527 -0.7719756361124483;4.398320055460
-1.1231063759671813 -0.6394709195216743;5.0206654469523
-1.142542309741166 -0.48978406168846633;5.11267848934
-0.7710888941955618 -0.13736382669595926;3.336685895231
-0.23690599433189852 -0.08716216851563674;1.8229332683953
-0.49644537551476664 0.15523566376857223;3.333716699945
-0.6758089084945768 0.11934990987132324;3.4165207985338
-1.05233132342051 -0.19303372472909627;3.6141316552239
-1.0743501050748052 -0.3387174847920151;4.464091847189
-0.7784626624350941 -0.3103923179302517;4.045374899736
-0.3938169907807019 -0.05088903331855593;2.7251578490792
0.29845729358845713 -0.4730773999965627;3.713579626729
1.0415063399599636 -1.0568425507631305;3.914313176992
1.5899455364943318 -1.419225877320234;7.499173855236
1.844656808188677 -1.9599511140106352;6.902030919096
1.867872521997136 -2.0948430476882782;7.151022501308
2.071805307630266 -1.6686584974027294;7.761128850895
1.8839930931871594 -1.0616486275214316;5.681092099518
1.7227851070384417 -0.5989397987289686;6.653805026953
1.5133134272500308 -0.025776576086228742;5.5768384906109
1.0650788486228087 0.31874757868385295;4.344728028095
0.6974794434524192 0.5437236044889042;4.543990821939
0.217401568477758 0.6962519373318474;3.7404719600547
0.22744238835503194 0.9884880694744029;3.6238620443768
-0.09583942506008047 0.7389066356844376;3.260258452356
-0.14284103937155646 0.39321325985722244;2.9439670948345
0.42401703596368145 -0.3173343350815898;3.6391624184776
1.1130732982948854 -1.1017786309736641;4.509798749262
1.6994590009360158 -1.7852947028760413;7.649608129241
1.838249902669178 -1.9879539775164023;6.938660154021
2.0221357894439467 -1.586790637295163;7.743596513358
1.7569264863434308 -0.8770481131248602;6.105845321178
1.4022740658003139 -0.15554338215918995;5.4569917218653
0.7721114845946013 0.2299493679040635;3.730737305976
0.028996806295766953 0.3792474997027073;2.6281308835273
-0.44175688451140394 0.3580112849135817;3.805542755791
-0.8466472434838721 0.060523175060923085;2.864447901087
-0.6148513568541134 0.2219412736126138;3.7342790182730
-0.2130006617560607 0.11627220476438935;1.7646185887352
-0.4974200626229097 -0.16034956257918823;3.3509929178181
-0.7025545077324945 -0.17117874874462274;3.5674225568020
-0.99760882014021 0.26364535299649644;3.8543324625594
-0.8767814820943545 0.6413097147042897;4.523551212622
-1.0999069075077852 0.9542338017396446;4.01955432262
-0.8751868375926122 0.8166147103426205;4.087102486246
-0.7361637803765421 0.7484615636134908;4.524824326364
-0.598181042693179 0.6868684493587082;4.587217686306
-0.35463315889208535 0.5599316157294532;4.04497672182
0.08604739178001619 0.2023934404744301;1.5517951050135
0.12341522604730037 0.08165169583863646;0.9231621469756
-0.535735592355903 0.056854842381464585;3.2043123656933
-0.6174763963973198 -0.12454640340833519;3.438077973059
-0.6679591423821543 0.0044472226724408676;3.232796818732
-0.8236529182590907 -0.13258888509220929;3.194209736144
-0.8897867944467617 0.23256792594249348;3.6055581662659
-0.857085852854458 0.4613152019300871;4.449698484535
-0.8831875188964198 0.7090148122726794;4.402054810170
-1.1015023780777278 1.0973283662523552;4.415651309087
-1.0001533260613646 1.1863737098285148;4.656064514560
-0.9986157429829532 0.7170555272224757;4.422342774394
-0.8139140583365612 0.013027948396630573;2.891856215571
-0.616329366242194 -0.45136810416323747;4.338595011535
-0.3106127133707072 -0.8207123913810042;4.022975569710
0.18897664361906163 -0.5276166049967148;3.505454355698
0.471670961273749 -0.05967165277474373;3.0452684009776
0.6764447676204919 0.059724838547872305;3.2755230400968
1.014382907375087 -0.25042116515792484;3.82237218008
0.9665468299051175 -0.4247500167051616;4.447359730309
0.8690207045792457 -0.5584685020305489;4.555573117
0.8574618846040689 -0.7308874839915989;4.376723231783
1.1047392978506314 -1.0841375972094012;4.363011429729
1.0283887308752178 -1.11706911086362;4.213312379509
0.9617404741432642 -0.550710939884282;4.6087509329002
1.0240843384974354 0.2691627235128975;3.955980330134
0.6505792230231735 1.0968890311790895;4.893857169586
0.16557488108417578 1.770099826824635;5.792859182593
0.03142539131236771 1.9127832262885387;4.9570621959963
0.23052343434555206 1.7444628275735599;6.0797189309417
0.2684751388275739 1.5092936648266453;6.043522047329
0.0868585523318035 0.97617617969683;2.7929592391475
0.055077140524659396 0.42333781049791774;2.8624015209620
-0.30404567098067264 0.15875499905417784;2.554934430472
-0.5206332588461576 0.05298128665350765;3.1679986676571
-0.8124483143480079 0.04654567604874242;2.9383296690420
-0.6594382226571999 -0.14059608278012103;3.4882442236628
-0.3836613742735661 -0.05237673616965138;2.677884143577
0.5304970682955106 -0.0672950065429471;3.209283113074
0.6711004463792227 0.11989884430337305;3.4212045250289
0.8511459800557304 -0.06576659144613753;2.8657986149123
0.8151902859242689 0.29243007345864236;3.9540643773490
0.8042610322089463 0.5435001391735788;4.553350148865
0.9285486739077804 0.8970059728009472;3.7178126912326
0.8154336347637381 0.5657292976068274;4.564807324176
0.7346371065164643 0.030975634796309826;3.1371248127100
0.6115312534265027 -0.20352851011345935;3.672612143547
0.35435259402645825 -0.19369372939096496;2.9518218789661
-0.33107432519605484 0.3751840568326654;3.5346113802293
-1.059995623114519 1.1026311865334208;4.234694764017
-1.6381363105669924 1.6978731624600345;7.775974282636
-1.7094186733913164 1.6288342059500776;7.771748683866
-1.8144685169504688 1.541334539336809;7.684559461807
-1.9081120176852997 1.3293866618270052;7.12677784275
-1.8987079871147279 0.608333941941029;6.618623269310
-2.104125451691485 -0.10565414599210932;5.666758431587
-1.9159904332604922 -0.796064773787215;6.027580039677
-1.8359225519533477 -1.0712536748867296;5.8815055271777
-1.8765352994153652 -0.9530218795437844;5.5614280590283
-2.043435455612188 -1.2049116984622699;6.557162087963
-1.8503015258458886 -1.1976766337290017;6.496457318253
-1.8024083736412262 -0.8482560214201271;6.058449741405
-1.7655083951078798 -0.5897092008124513;6.659169508767
-1.7291953944669205 -0.23266754636129672;6.102315768780
-1.8561068451921934 -0.0662466686445436;5.185996453454
-1.9577624815185428 -0.2053707899879469;5.71768010727
-1.7854035035530418 0.024279877124242816;5.351090574403
-1.642435779557654 -0.026964334532401102;5.666931939609
-1.387122935818215 0.042985975235374604;5.174488053451
-0.555697563645587 -0.19225810343771083;3.5675823823013
-0.11648858141566731 0.016099431246378693;0.6626858861079
-0.2764174528063134 -0.2604261691634657;2.873049316335
-0.2074816455053627 -0.3044277325284711;2.768674012538
0.15291570261636295 0.08396159822379906;1.154400965827
0.2389948236448995 0.18150300152418575;2.2740762891204
-0.05669467125464828 -0.09187288976839136;0.5920399077303
0.04105114525413539 0.02614575274721173;0.19971692252920
-0.4042134038448338 -0.4075552319620177;3.841696451984
-0.881392592039787 -0.8769367018254839;3.877789843100
-0.8828852872135231 -0.8728063545845695;3.8857966846202
-1.0957107273049702 -1.1178052294084404;4.50512245932
-0.9378896964654742 -0.9953562633851047;3.61796850051
-1.1118496465221186 -1.0315906766713427;4.188298018052
-0.6997039762002703 -0.7897102971410255;4.521996910260
-0.17456658786309698 -0.48904938467912434;3.3714563394260
-0.1744360626260148 0.17187907140708797;1.808238482002
0.12078899762325729 0.7529162993717433;3.3123044172856
0.1335766322259038 0.8216190334174872;3.2035681891042
-0.2830777886726076 1.0260849276959523;4.03609396857
-0.6657014712010809 0.8203384131331004;4.531929185201
-0.8677324318232842 0.8131814882428162;4.114695506583
-0.7882196459363545 1.1588672305140832;4.837518477187
-0.7907113827180471 1.2071123648582918;5.113832911913
-0.9793113355646246 0.7884178476520551;4.125873105910
-0.7851482028239345 0.32155247075003834;4.0818196321948
-0.635924199316715 0.05693963655552109;3.294890777007
-0.33413160158124 0.07892952750061266;2.4598162760881
0.39369738258303133 -0.40105448657954024;3.7965487773154
0.9027068790813291 -1.1165737267862517;4.2095285999830
1.0357623417379385 -1.7115677983767683;6.202081222411
0.730331645834964 -1.6436310843715822;6.5202859519782
0.4262256352062375 -1.4691681247750992;6.217579356087
-0.06785647319673072 -0.9249236139580972;2.7154914186866
-0.29238203877676344 -0.33431018607899254;3.2548579277702
-0.2222698116658867 -0.08926258904170148;1.7189913206317
0.4490041988490271 -0.31692368759913325;3.7065760582866
0.833852534499339 -0.4041485217492471;4.323108478693
0.7930432654996697 -0.3625617966055639;4.212741445225
0.7805332991240769 -0.06352287889967523;3.0712670506299
0.9112753499997321 -0.1788472661656653;3.2824062336440
0.7841660457532396 0.17536936220942986;3.472233865649
0.6301783607989502 0.3069634633771764;4.009514929455
0.3487146475201973 0.22436805989857067;3.0471626758358
-0.3549728003334459 -0.42227745710146425;3.7459471691269
-1.102264546863282 -1.0440319702914702;4.1687830068456
-1.6975446394661078 -1.4563969368149337;7.616062013000
-1.7305660813753558 -2.0406351918606416;7.492686469223
-1.8298532817602422 -2.385813585104608;8.773112867482
-1.9863798331831266 -2.794227904165516;8.514693884431
-1.6845040281267165 -2.635649405310801;9.278820480851
-1.3347471819635341 -2.3822260991737574;8.588954363567
-0.8073303906896325 -1.57221155404563;6.380452184702
-0.13306012137899115 -0.8625304391297689;3.1056994243726
0.14422498269974837 -0.02996511915687583;0.9061006988855
0.16048660673437287 0.5467524480702418;3.457748767700
-0.33519913125733336 0.7909449763912075;4.126233899863
-1.0056716769842344 0.8656579637137481;3.842637874044
-1.4423054997429328 0.9445360404666236;6.043256013842
-2.102720230618729 0.9003346487087559;6.010089355937
-2.659339342676316 1.005742114556966;8.081185335598
-2.614486685462441 0.727729018246218;8.452656868823
-2.469796586659924 0.48058326912634397;8.333910723294
-2.0555260769439454 0.09805887338704328;5.362414936412
-1.8181760269208351 0.07990684833579953;5.348883809293
-1.65602703719432 -0.057623275909817806;5.688111191050
-1.376141055611511 0.028480161080422325;5.110340235999
-0.5331907515451398 -0.21454228090737137;3.5948126205844
-0.1107944422677305 -0.07114030522333109;0.7834996685652
-0.44192595973512294 -0.11921836838936814;3.0679043952511
-0.7834049281114126 0.13449506694675836;3.2982053675584
-0.758456296292009 0.002181980009282186;3.059474659144
-0.9014522633117469 0.14900415018284854;3.1215740409974
-0.7837213163630042 -0.18660966375173457;3.523331296569
-0.6413396109159484 -0.30119532294934626;4.0024145748533
-0.3774399638103508 -0.19932674178292564;3.0730930889688
0.4304166280398342 0.33389581275310054;3.706837084844
0.7340868199093953 1.05904667529972;4.5341610065
0.9313787668416589 1.7099142428486462;6.141911214821
0.7934531596080233 1.6604691844951014;6.424760202069
0.7478678917587288 1.5558256991869075;6.429413236775
0.7672997504124965 1.2832686825545585;5.578375066248
1.109863128474191 0.7279752301828033;4.7687775459746
1.088573427184972 0.09396088347517262;3.2655843252344
0.7719786245707942 -0.19612836801212663;3.584153314999
0.37044475744064964 -0.24809686002403905;3.2267135326886
-0.10428400105799168 0.28473837050891293;2.223826883673
-0.34945593909578143 0.6706401424878581;4.159155069060
-0.5192025466511452 0.8415211812508908;4.529322760449
-0.8066804365576321 0.8593065398542001;4.15437080470
-0.7590758870275114 1.1750876708898133;5.017473828650
-0.7859483682568736 1.193058379536171;5.04459275351
-1.0305537951700439 0.7121471154181214;4.5131779417798
-0.8214252108379294 0.08825106741740829;3.023346567070
-0.5849560860419944 -0.22668072309530657;3.7167756591727
-0.1977617555657759 -0.29814344843172796;2.6927295919401
-0.13277385857414586 0.07602017307890147;0.9651009024346
0.10265020030971095 -0.04260084530620012;0.6150413744807
-0.2167800158090193 0.19696782432871804;2.2235696533691
-0.2861565861913912 0.18179508423120827;2.5547197318730
0.0656915186839716 -0.14712439764957042;1.0323691031027
PointOptimal;ValeurOptimale
[ 0.06569152 -0.1471244 ];1.0323691031027558
Temps;Nb iteration
0.10477614402770996;1000