Point;Valeur
-3.0493173905427673 -1.8805352104168724;8.347492457485
-2.807100235538008 -2.1304829871243163;8.89138000518
-2.6637611943615966 -2.106200835172301;9.201218563478
-2.5614637511839367 -1.9180701109625495;9.0257881750
-2.39447085415432 -1.8572027236763764;8.768082090836
-1.9789516775264495 -1.94218546320496;6.586411014290
-1.890115468432878 -1.9080175242409427;6.8034667855865
-2.0649126149366728 -2.038828337594159;6.879646408605
-1.7859975814765745 -1.800635742833535;7.438086944028
-1.5673580613425613 -1.624960795511155;7.739827511690
-1.2948518368175308 -1.4156791362131491;6.905624668230
-0.8489669183905659 -0.9103786658550204;3.9043536637518
-0.46745220825537853 -0.4948644746334145;4.182090121672
0.1422772565940002 0.14172008418843157;1.4049967007948
0.46122903640893914 0.4829414346179184;4.146248493662
0.6899756886709735 0.7320383867854666;4.584149742538
1.06349217912288 1.0203575452415903;3.8781477841562
1.0423641280846674 0.9414235442495638;3.73842151506
0.8341888886226793 1.0965793340123375;4.318433771527
0.8054801135819928 0.8894281894595064;4.09813854867
0.8921279744332182 0.8678600103919933;3.877679306909
0.9725103613887687 1.0954668884420429;3.987927906559
0.8834554129524178 0.8132652980536073;4.081767099977
0.8568423734581945 0.6554785861858624;4.5165489698992
0.8457687512864479 0.515831817396886;4.525913150840
0.8397064348548593 0.27639130229275555;3.8659545800855
0.9962330536627528 -0.15179173076922153;3.1731937251734
0.8516831424926006 -0.3100193672337739;4.003549514625
0.7480083711660506 -0.27395007353290024;3.927121108135
0.6719928527103844 -0.03617701815144772;3.24765087368
0.5981875857655913 -0.04543167323029623;3.2705106876057
0.4455245808357329 0.026145544757462114;2.9190513206682
-0.01436930061196623 -0.06581467890772595;0.30711602651446
0.03927241248676261 0.09608559155288708;0.5587997549312
-0.14517985329269015 -0.29664489794199667;2.45559592089
-0.08202739528544667 -0.4536055650471682;3.0234011825768
0.02136620984596603 -0.4663906706725899;2.9895356630013
-0.03896991511901346 -0.2836592071304631;2.0494765608130
0.18584394273902108 0.33076961604628496;2.808887981681
0.14370645129778323 0.7434844986768684;3.4140511073952
-0.21370034339580948 0.8119853708528404;3.60377295881
-0.32990740096595206 0.8511586102431012;4.082701341585
-0.24024423602891234 0.8663799221149575;3.6663866413028
0.16554333164585303 0.9667918489380065;3.2081953546076
0.29769148048284655 0.85188210181069;3.951431633448
0.21983568310927315 0.7793622395030977;3.67806156330
-0.07401885839369243 0.8113566925167515;3.008017286541
0.013658383523520612 0.8895279766793719;2.6658276859120
-0.15496581218572997 0.9634080668316052;3.1408755231186
0.07661549003259999 0.8406109853455617;2.9292418181682
-0.028346174940270807 0.8218064881351574;2.8797452919649
0.12598383166719626 0.9830069711907028;2.9976437976306
-0.1198055015457212 0.7699734857729952;3.2718010412627
-0.09490782550780891 0.5720116061442632;3.3281973655219
0.04141241292582176 0.20612852615668276;1.4466509188644
-0.3657077976715907 0.11442942536947301;2.728372665059
-0.6480152244925228 -0.035091532267072595;3.264100357984
-0.9847812912877872 0.1555604197249295;3.1728362272550
-0.8692617973745357 0.05119264741239418;2.776543952268
-0.9896583073037212 0.027539331782922727;2.6361274798785
-0.701453020566593 -0.02772748236774336;3.200320013411
-0.3573833870305159 0.030650493642562324;2.512193843800
0.3396705922686964 -0.19836546550354794;2.9025299831346
0.823446118167405 -0.14914370257177317;3.2706955440683
0.6891389925251716 0.1572106544171077;3.5281110838280
0.5180828710307752 0.20572879087779022;3.536363037153
0.18482530283958776 0.019108549286618065;1.2323209219983
0.13040087123839633 0.35044628894126195;2.700994863356
-0.03824722531339669 0.49219430667281455;3.0806584877074
0.029136811399720103 0.5181471815388401;3.1386631948639
-0.03318220838075677 0.41469492167893235;2.7999366173579
0.06545659003177737 -0.009531597645409173;0.299562005159
-0.11610361960516866 0.09631957414328424;0.9503422001690
0.1640179776400155 -0.15883652206881999;1.6579436719057
0.13680302264995373 -0.11401124430233053;1.1948976570327
-0.3195652286961812 0.23662295117340862;2.9679838919653
-0.5558818683594272 0.35900562675787173;4.049276868254
-0.6866511993075256 0.317693217412526;4.077471644588
-0.8111130942572009 0.053857518438470364;2.95750119569
-0.997821925283473 0.18868985905716443;3.4044390970284
-0.7972482390678626 -0.011378038597276124;2.945008478454
-0.6833918826831752 0.05253475070629182;3.256203957918
-0.5730625240424958 -0.0433044692724031;3.245531992690
-0.33801024690898135 0.03729615710762463;2.406639450725
0.30761794941589643 -0.18585813857209668;2.6902360723530
0.7402448809989397 -0.14258264915112365;3.4152695138989
0.7929812334804165 0.21055732952701442;3.617512620698
0.8286534019866123 0.32037436202718295;4.056207001193
0.8551024420176553 0.21733718966071497;3.5596528384468
0.9876483683806568 -0.179209984189395;3.3236977865636
0.8488906549733795 -0.31911617615324295;4.04164098194
0.7498392809720132 -0.26860897343242235;3.9060068545225
0.6868855617450645 -0.01528889274213835;3.2141013054277
0.6402469133921485 -0.042039327081771966;3.2743151107559
0.5823638491801877 0.03405515548967562;3.246483449226
0.43285717892635234 -0.03546424318622281;2.8777486160880
-0.03554620167991451 0.07470171393625279;0.4074891106211
-0.03031260983605094 -0.07723882636433678;0.40890059510494
0.06578960406688299 0.35258192177726605;2.536901082940
-0.04865384068086724 0.634518732681852;3.28354625153
0.14519365561800446 0.9801580591454324;3.103138843446
0.037719217521273524 0.8656727156397088;2.758327965245
0.049329918527540526 0.9826203687384356;2.669741921125
-0.12661317151160012 0.7227959581821436;3.386419126816
-0.05333937714733067 0.43945311936577675;2.9240173041852
0.0076408288881098935 -0.24347707750027875;1.7136680808942
-0.0435600624648528 -0.7943190879085387;2.989625936396
0.11912243457426397 -0.6732346164362447;3.4176102423369
0.03188463256898384 -0.5178101919593292;3.1399572478185
0.018622917024919423 -0.14007969732716147;0.8546040263706
-0.03486820734281664 -0.36823618082364196;2.5759351880476
0.03215863183055221 -0.3810293697965452;2.6400640493829
-0.05241134980534091 -0.09188322664856113;0.5750050916362
0.2922085844430176 -0.27371094116551176;3.0048323442687
0.40402451821973323 -0.24781677037137634;3.3479238646140
0.31341167650959945 -0.03286719120970341;2.246383081471
-0.18909984218610865 -0.14062332592946383;1.7186865573698
-0.392319853961464 -0.019870006416156674;2.6869571290951
-0.3974928898351193 -0.029238518047022516;2.718317653677
-0.10988104560418982 0.026344541008484164;0.6276675687343
-0.2929709477037783 -0.23065324299420192;2.8157474280741
-0.2543293149136669 -0.2390653587166649;2.660630018333
0.09862637596168244 0.0924795656655103;0.8152489888041
0.1036865280899753 0.08347847836157407;0.7970806186505
-0.31567875871911133 -0.23619246278078093;2.948367672344
-0.5132383386459465 -0.32763811216118655;3.88779679906
-0.5863778719994703 -0.24274580286523617;3.768380778887
-0.6092191767592692 0.017301069538108227;3.253369997679
-0.5866092778622789 -0.010740219078607172;3.237087535817
-0.4974655248327654 0.016561442101221104;3.08033724905
-0.1956582199994265 -0.022181261042950567;1.32776978819
-0.03201449275279494 0.2817983869689522;2.026589442815
-0.03558556417447217 0.30276491047372756;2.178437885542
0.043698902495553915 -0.0894699431061518;0.527674599349
-0.0739413275619995 -0.010520088796644456;0.35325453195934
0.3619957001474898 -0.11523361004187438;2.7120535180946
0.6446591945176239 0.023963103068500413;3.2564742702818
0.9944369739932526 -0.14993741994528528;3.158080258944
0.8836318483022574 -0.034421425896280014;2.704925471668
1.0081915301663709 -0.06690756619944954;2.780596904733
0.6918281516863471 0.16533922961205957;3.554521481343
0.3338552635110279 0.14213486079879384;2.6546293081260
-0.24680680662311572 -0.3129195254929819;2.981176871356
-0.5936105456338554 -0.5716051225935075;4.497896088367
-0.9279656319080849 -0.8841139250309574;3.756917491334
-0.723311526677487 -0.7757241079685295;4.507023245431
-0.5450951719151809 -0.6904882266863541;4.542483496087
-0.29748661464955695 -0.5689025305761907;3.9057620140533
0.03433830382469222 -0.31612830140944603;2.2658914515632
-0.15239237715446297 0.14618084470770543;1.5004046004693
-0.08084798075992176 0.28200355375410907;2.1303274742646
0.02852793009160516 0.04255357859881828;0.21355303887976
-0.26559363912789197 0.2994387851292917;3.00162116252
-0.3307690662612189 0.3417482772088939;3.422066661250
-0.18742682411056158 0.18272864471556313;1.9582712859045
0.29578420472721867 -0.2510264396173304;2.921053663188
0.5553099190058752 -0.4568908041071006;4.266210594262
0.7281492748385937 -0.5634833941720845;4.570949262185
0.8764036991692801 -0.6818916845360596;4.46400523538
0.9096903785251099 -1.0018550222096134;3.6885226771846
0.9885201431127147 -0.7644277136840723;4.235194258115
0.8570219620526907 -0.6644855110161094;4.50482706021
0.7855624094385599 -0.5834282043482695;4.578335754575
0.7269817202503283 -0.4599507142146453;4.435975711832
0.6540991530188405 -0.22253735000379238;3.759299857778
0.5733786242654024 0.03539294212709482;3.2381752279720
0.3845168389943091 0.014747079247840272;2.645779782854
-0.22689878194065205 -0.001768923490214059;1.5775604852448
-0.6454176600104022 0.009004932351707073;3.2492917248826
-1.0002809651854494 -0.037886939897974994;2.6780435622755
-0.7665268980158934 0.07491085271369324;3.137698072334
-0.5688102634389697 -0.03410091221182271;3.2315980031630
-0.20508465810771792 0.046607611839751706;1.4492527818066
-0.13443270119222336 -0.34573978288308954;2.690204771450
0.042020534591274056 -0.573223790557479;3.2443650327607
-0.07519784970594777 -0.8038289846413083;3.033743325379
0.21898704770570343 -0.9171560446901116;3.515190838086
0.24894306645898692 -0.8621463513483147;3.7148924100623
-0.010852892057946234 -0.8838071841407724;2.6780532763900
0.17616206297932102 -0.9604186463140565;3.2672243174504
-0.005626632344776866 -0.8454503441814619;2.786580226785
0.11057559189936082 -0.9063138629549816;2.9155323884365
-0.19491010845898982 -0.9204647875448561;3.372373196478
-0.21454226506658303 -0.8771135517556456;3.518021009333
0.09189341729106554 -0.9269757769491839;2.8065302188793
-0.014589596263708732 -0.8820152303820219;2.6849589883194
0.13863478774621743 -1.022601997202438;3.1704688930602
-0.08443297181860551 -0.772948641089372;3.1470378762965
-0.03569478147138608 -0.542949133836107;3.1939767916060
0.0025497599906256566 -0.08124657973782246;0.39663441687401
-0.05389745084091208 -0.2865834693862323;2.0962871964580
0.04807702500764661 -0.1715010230581867;1.1734317906961
-0.3059491669799137 0.25721721873131237;2.9944956343170
-0.4489054793461018 0.45020658260269;4.051366434458
-0.4571258324659007 0.5006410224559623;4.172164040861
-0.34042627910726436 0.4289641614069789;3.722034269211
-0.03809852178702855 0.15583112637930469;1.018732335856
-0.3644848099067391 0.06910665476747857;2.6083186841571
-0.5218353705081941 -0.006839214926480625;3.136980151820
-0.6233137829048119 0.035397368012340856;3.26911990027
-0.7732911638228486 -0.05230338668243759;3.0680080367303
-1.0109567279504434 0.17127012142255935;3.330014108932
-0.8483345540356193 0.09762475864489267;2.9827068674825
-0.887353858917604 -0.05423939125680727;2.7387985031758
-0.9670484559518179 0.2012656765268404;3.429194438378
-0.848671781025762 0.15431278361706355;3.240938286653
-0.9102090293427176 -0.11107192507879396;2.912638475505
-0.8890298545471904 0.030477331210616715;2.685609209462
-1.0025661495105065 -0.1790723774058662;3.355891944602
-0.8164239995606001 -0.050485256721095384;2.9336878423340
-0.7831138465865035 -0.03187915088398696;3.006732890341
-0.9354647523409361 0.025300546209285665;2.6036042709256
-0.7678530750987539 -0.14279013104377714;3.365036752169
-0.6287716647394792 -0.05003229612389075;3.2857733281854
-0.4167810819253994 -0.0065939288083572065;2.79455591854
0.18816400468168193 -0.033201413852398;1.280412949113
0.5413277205134986 0.028284008585261526;3.1852551565416
0.950224501924547 -0.08665343876264325;2.774807055067
0.8015511874969953 0.09390410276171174;3.0990504905040
0.7313933149602836 -0.01743036205628952;3.133448753433
0.7502584787664077 0.06299454796460892;3.1508565901831
0.9019087701993052 -0.10602153579822775;2.9007291188837
0.8466396906123812 0.16472244852211998;3.2979611737679
0.8319337548470838 0.1362916280565327;3.191089088056
0.9849351065938847 -0.14327079018835728;3.0997552375
0.8193119369631623 -0.07728226552577205;2.9940345845352
0.8221509616524703 0.03279927278982109;2.884478629976
0.9937232116861983 -0.13953012004107487;3.09506179830
0.7812657366415043 0.0657163233753428;3.0743815630524
0.6137243983978673 -0.004407634372620373;3.2511153899368
0.34076891216966476 0.026025321762665497;2.4116445359640
-0.3570632067908974 -0.12158417809339048;2.7064409230699
-0.9119637612213499 0.08460051968575358;2.7932509857844
-0.9455564438826141 0.005235726956866582;2.5817030442636
-0.9174793659130109 0.11237472362932638;2.9104342787360
-0.960285253281826 -0.17661948060514243;3.2699240191347
-0.8621992319474443 -0.14679694246720768;3.1750982431590
-0.949398079168376 0.12860189490234772;2.981133082410
-0.8492796601947802 0.01904224989279732;2.7822344276021
-0.9660789449518525 0.07282452718757304;2.7261299863919
-0.764550081488454 -0.20310424635965768;3.6248615292301
-0.5642758686944066 -0.24100171752544383;3.7310821685928
-0.240691549472128 -0.06147004157447883;1.772481834513
0.12533605582574575 -0.2865744433823765;2.3138203436329
0.19898709085926075 -0.2774720821279957;2.58681247919
-0.05036960015094635 0.03606809852013387;0.274813051534
0.11250611120144652 -0.10354871945805913;0.9689063875138
-0.15559402216797455 0.1560254445688303;1.5849672975778
-0.11200915685455273 0.10671937819129204;0.9849751536573
0.2833670161834625 -0.25460091527436624;2.879003760943
0.44986012696861166 -0.38591460624886786;3.899963292682
0.4669355498040201 -0.35781779033406114;3.8666897068273
0.3328993125657484 -0.16697141433255977;2.7440508378245
-0.2504737134499216 0.06834449168500006;1.8661044759736
-0.6054187844996584 0.01929173813185786;3.2527526568068
-1.0410178714744234 0.02467077532405631;2.7991707349252
-0.9644028007700375 -0.01945236446721719;2.594027929662
-1.0096996413862094 0.1060795937189423;2.9530797029969
-0.7947709220657522 -0.19451311719064754;3.5408023044338
-0.5964823275371829 -0.2513707518314542;3.8075843472975
-0.30158872941081405 -0.09892185370608;2.3156783165
0.36445276682577954 -0.009837495941873983;2.538425419659
1.003911397293317 -0.07604809978106307;2.8026209131893
1.2089149815269369 0.015334652951790553;3.992663329657
1.0085963106584874 -0.03862586433985572;2.7019317715479
1.028466936192276 0.1362445806596571;3.177629486479
0.8118764851455939 -0.09912914821780938;3.088694228861
0.6492419211674888 -0.04795179929056473;3.278188857267
0.427779327965041 0.007623425268536856;2.8412334419678
-0.17168665256692034 -0.06229885312852828;1.2177161599139
-0.49021867125118934 0.038247034240578744;3.075124072697
-0.7845541765756702 -0.07317920952501114;3.083987051320
-0.8816302313653093 0.22413672742381982;3.5660705066415
-0.8738172476497089 0.2646407086612498;3.7842958850228
-0.8994635868789517 0.007827954919179425;2.640501491129
-0.9605539273242709 0.1999250316225722;3.4139940308239
-0.8543479706505998 0.054178729795581415;2.825698649677
-0.9711396540503694 0.05980545848123896;2.685687699374
-0.7448256337222501 -0.1410118992445245;3.401595434442
-0.5145505113915849 -0.08827105995469167;3.2119881033355
-0.019656069487892558 0.04619481741749756;0.20787038675404
-0.05602282487246313 -0.10325581502668782;0.6662490676754
0.15316149296778817 0.294095585694096;2.473790451832
0.11308861569738601 0.45428248635887275;3.0951479274784
-0.03656852280223652 0.47046109028625255;3.0139435386412
0.034120596900507796 0.30301864136244594;2.1783261969310
-0.16385363495629013 -0.3065818094746169;2.5905560465325
-0.08912455493254881 -0.7136529494740678;3.288431600439
0.09520984804234897 -0.8812409951506007;2.8923958669821
-0.1657962229133915 -0.859255733941916;3.2794393377629
-0.1130094499566062 -0.8652712909890476;3.0052869653715
0.1379840357865649 -1.0281467538818498;3.186406695207
0.04990127010747111 -0.8177203416044272;2.9283997132677
0.007535699779665873 -0.7502530384329692;3.0826082244751
0.02034176037343759 -0.8151848101666426;2.8929046418201
-0.05603392876006934 -1.0440147505144453;2.880651820924
0.11984498561154629 -0.7237462770565146;3.3624904839410
0.04415553409608146 -0.370259633798779;2.597638990138
0.019317066361514958 0.3768601109695845;2.608889208535
-0.0059147568241445965 1.0451410920032491;2.802743468913
0.0072644805406262905 1.3348526235266873;4.880822436625
-0.0054116039478972824 1.4195708190808518;5.291907323248
0.004590544410760787 1.3026964049790097;4.6823072908926
-0.014979164798580575 0.7300267258163798;3.135210746833
0.02752631315127243 -0.015182099747389377;0.1150438219030
-0.027744482466128033 -0.36154853886547994;2.5327711693136
0.03386567008336072 -0.5425753048929239;3.1917537148446
-0.05066638126427994 -0.7054568717892993;3.221557738162
0.13367922095089482 -0.9831041813987239;3.0410495962350
-0.021916020700978894 -0.8074407623759814;2.919434532334
0.06842081709992408 -0.7495355092644858;3.1646270640826
-0.07778053445478357 -0.7923108631208259;3.074629279802
0.13033228775194605 -0.9431403272755272;2.9900307023688
-0.06675027305105968 -0.8153346626182182;2.97582011197
0.04916296787740321 -0.7919632437498413;3.0069960810989
-0.11539693258382483 -0.9190950595626752;2.923757899120
0.1547819093076464 -0.846201112826997;3.248440182637
0.12177326295795324 -0.822144189708842;3.1507851092096
-0.12526632679768074 -0.9783006275873609;2.9863887503926
0.009377978738619869 -0.8037126052043057;2.9233419030772
-0.06600425965227741 -0.7536963929382006;3.1489518607817
0.08273506402775449 -0.8183976259257875;3.0138352973641
-0.15441917367887908 -0.9640216849233245;3.1381545533382
-0.0307840002375471 -0.8192005688867763;2.8912524595221
-0.05225440735900544 -0.8491580087154802;2.836400229661
0.12250596621712123 -1.032911372706246;3.118219431727
-0.06028071587542547 -0.7853719104571324;3.049846539499
0.016556056645218517 -0.5809520223689999;3.2339211018275
-0.0373416966927914 -0.2146397657362038;1.5093874393242
0.31264829577007636 -0.1282021781707607;2.484377539283
0.4375661829032365 0.03244572709080537;2.8935726299995
0.3837941379577353 -0.029774174784125335;2.6518977542456
-0.005717970917832826 0.06252164937573151;0.2792165664511
0.15527308541982743 -0.1361147774979861;1.4564690039605
-0.03283238110591452 0.028966053533255237;0.17424094944511
0.26950347909187916 -0.2475512558578988;2.779020244407
0.33774438873012097 -0.290614692641173;3.261313088699
0.1828659523859298 -0.1140278966302598;1.5294116523299
-0.3366819176975416 -0.01584316080174525;2.3799455380400
-0.7574468208969023 -0.04114637238691961;3.092826613095
-0.7655642514775678 0.13220571791569008;3.328166875736
-0.8303448157196326 -0.012154354367513664;2.8377161578262
-1.0122706577592697 0.1698804167492654;3.325229817451
-0.8083359640411285 0.020064385199639823;2.9149161816902
-0.7259682338966791 0.055034533771224706;3.1903872694080
-0.723106325046938 -0.05422202897270219;3.19480277938
-0.8146004849398197 0.08308264791473356;3.026042206354
-0.9708298851078804 -0.16944303865559157;3.2367182174434
-0.8237253592423693 -0.0908415352920253;3.0257215519157
-0.8589304197054759 0.04081439446971799;2.783359076930
-0.9988492146010146 -0.1845786841819976;3.3811686090595
-0.8212697666676492 -0.0906103809223126;3.0319228845733
-0.808906205390518 0.026996178873528523;2.9198784565434
-0.9681070627216241 -0.12502009357620164;2.9726464801546
-0.7771463934343407 0.13247173299477027;3.3041242612180
-0.6054183952448846 0.11916317975558413;3.417142927998
-0.3202457874224274 -0.037929698086615005;2.2969635972250
0.26209917263108595 0.2798167311213193;2.8966874412202
0.5960540825587481 0.39150803782350146;4.187589363286
0.8188653983500327 0.35766015573922455;4.190690187720
0.8732258095192607 0.0710834803571701;2.8221885480209
0.987754022390679 0.19551126023836746;3.4256188402402
0.8057003194162902 -0.04051929076377864;2.9489193797532
0.7040553341959509 0.025766136744855395;3.194272751459
0.6440904383147538 -0.04260147507857914;3.2737241268628
0.5666837185859162 0.04167399134189598;3.236003350482
0.37074330745933565 -0.036625917539201455;2.591176779158
-0.22923280739374013 0.13435980267754072;1.9681883439877
-0.5804837472087789 0.04911074188362137;3.2602207944067
-1.0193166913272977 0.012682498965657096;2.6993638719041
-0.9161161299004545 0.009120525214159413;2.6108601887261
-1.043917591272868 -0.012955555784603529;2.800576534123
-0.6490430038883906 0.05442048929066419;3.287267033405
-0.09110142048244174 -0.060671331115656854;0.6039353796929
-0.11459949654816287 0.12514772279089975;1.1192892076266
0.1513392313408765 -0.1795488773698546;1.7151464414893
0.1265819535083743 -0.18517890227027012;1.6128362796457
-0.19875420996574172 0.2825837109932369;2.6137552666516
-0.2810748497155064 0.5102114153788168;3.748808869882
-0.16342975445110353 0.6191088806769884;3.5518390139890
0.06321596762167336 0.768415060274393;3.1043376175187
-0.12353769677293083 0.9437533959310819;2.953164748526
0.1015691293499402 0.7957428809724995;3.1415456423198
0.031099608983295696 0.7044600922696906;3.198354110210
0.011622529329768247 0.6684027363510623;3.2340623293991
0.0009219004997731602 0.6705492044291591;3.229987208192
0.005172547294665861 0.7370181347660223;3.115482528299
-0.011701690145731643 0.9731899094165544;2.5945632183494
0.04514639043484884 0.647874902513603;3.2752440891868
-0.04450381163485936 0.18717477400365812;1.295270899295
0.26594352878155497 0.2985347544854613;2.999117276614
0.3305542541620679 0.21120769764810626;2.9121886377712
0.08733176379843197 -0.06162437426466777;0.5842141052616
0.11714368381584153 0.233424682527213;1.9176637409348
-0.0449051674786807 0.1978438031257946;1.3852539248324
0.23010973412374433 -0.24743192822065432;2.578589336856
0.27494938594888313 -0.4375909861388141;3.545191862681
0.12924392855479577 -0.46312404510060406;3.165970894584
-0.018216002324932284 -0.2906902176816123;2.0772080353658
0.21694553798638427 0.28652520979961116;2.719981041405
0.21843380461925416 0.6281784339309516;3.7332009125041
-0.10842867877672951 0.9361867273005552;2.8772375560920
-0.09477992953877135 0.8311958283526732;3.0187786462791
0.09248613444536377 0.9156282676721095;2.820967570112
-0.16515904020472275 0.884338272025384;3.2341767287601
-0.10029696171852884 0.8779644111689238;2.9208981095497
0.10957519874394508 1.0354621742206533;3.0609213267066
-0.05347998645852983 0.7846354647874669;3.037453053916
0.029351493386146343 0.5801315374122259;3.240540225085
-0.04247621065344499 0.2155071225638744;1.5263505117491
0.3405247283331667 0.10689419610525594;2.572851820512
0.5531189168562831 -0.02064877468022433;3.200458581424
0.7675487365491329 0.06991669896326852;3.1224165042641
0.9819059223999718 -0.20020156830803865;3.444146879817
0.8454911592142252 -0.19897649232435932;3.4776056326490
0.8353848393328283 0.06397161575844107;2.907375694570
0.9051759900543839 -0.06170430240517552;2.723582230853
0.9274324687455642 0.2184133181879366;3.510608952142
0.8751576517534183 0.22785399433876738;3.5923935522289
0.9175895300211088 -0.07694063389129488;2.756217872972
0.8938586169421623 0.04572527504949819;2.7035495278696
1.0003641509718706 -0.18173596689215393;3.367055672405
0.8228302478720365 -0.07998677425027428;2.992051001099
0.8143141760834328 0.012036159480158987;2.890019589081
0.9952173531964419 -0.10486303759811344;2.9099789819673
0.7335838431410573 0.1615852303375399;3.497537889702
0.45581119732503794 0.1751425724691141;3.2773058826967
-0.09226795171405777 -0.11717058831409846;0.9349058126263
-0.2953508491315038 -0.12660312938217166;2.3738671277039
-0.19796589763944655 0.04566746842867492;1.388013409859
0.2430891049690752 -0.27556401705307126;2.7876733518600
0.43562570338044915 -0.3769983426539158;3.841659690772
0.4685547899293193 -0.3190153020320019;3.7625777944488
0.34211949236130856 -0.09265616243958488;2.541064993464
-0.21408256189671504 -0.08874990811363329;1.6537513953707
-0.5226560988641578 0.038604205307088135;3.1565371802955
-0.8308667969995983 -0.08703061130512726;2.9920226560624
-0.7941573435932161 0.2111750453702774;3.618609002051
-0.7676881954113756 0.2625857332888575;3.8702898934692
-0.7732981948786257 0.07588818771352165;3.1222999421424
-0.9585655923422391 0.06467114605379382;2.692926462059
-0.691388292603674 -0.12163704883535059;3.4101276757903
-0.3762738434301103 -0.054120855383314154;2.6432362277812
0.3664258710112158 0.024095498456058087;2.5565831220860
1.0288016143933765 -0.13242396334915368;3.157210010390
1.3048084310730708 -0.08880357686337396;4.804511617135
1.331807196272511 0.015676365994396604;4.865674813220
1.0213413987994662 -0.039095578135762865;2.7441731428813
1.0009186159799495 0.10976020096702926;2.9480439761659
0.8662981623717407 -0.1784868374330913;3.3350799907470
0.7846715988344105 -0.1926887975371536;3.5491117891870
0.7898144790758652 0.04507428310313347;3.006052414487
0.8907731178545222 -0.08449883867237715;2.8296045393858
0.9115003407039692 0.21178322282791126;3.4752440353813
0.8761303520591355 0.2380808830483811;3.6460872374066
0.9116111053994073 -0.049986373681111196;2.6802461903291
0.9120118308625245 0.11579908582750006;2.9334989533591
0.9316124444004681 -0.1318308348826779;3.0009294741614
0.8905091445654012 0.01004468184191315;2.6613555801421
1.0145085401529503 -0.16162108294569472;3.281184740673
0.7942036892990781 0.03046313677953119;2.9707619515879
0.6439188205973702 -0.04032475946684866;3.2712159969763
0.43280148159585324 0.03573143244242327;2.877777382321
-0.1258323581853717 -0.09850472877679706;1.029168595729
-0.3422736728066862 0.0035005445230314736;2.409841166734
-0.3069745879694945 -0.03398869531078398;2.2049040157060
0.1591415211628977 0.07777002730943149;1.1756570251572
0.28203558807554824 -0.02995384535330925;2.0258465665028
0.042569851497469946 0.0696297982138303;0.4002479703397
0.26086108955692167 -0.2934662884267155;2.954036063332
0.2646544848405644 -0.4245345148329105;3.4722389337856
0.07915605976979698 -0.3755411017544153;2.6865188190492
0.04362623745869214 0.025819042290681493;0.2106005441674
-0.02703817869069773 -0.1484787755071248;0.9360232506804
0.10359287979222921 0.19197390707083334;1.5468530158764
-0.020216038306568665 0.19318318821997613;1.304587477373
0.1870166774457191 -0.28476900475757727;2.5710062759670
0.15510120843873237 -0.5250442127750461;3.4002234835177
-0.06470832847994407 -0.7341814424226063;3.1916913238207
0.1311957300211613 -0.9468285483799433;2.994988374877
-0.0627597596735367 -0.7886071089429196;3.046095472455
0.030510443680299343 -0.704128020154928;3.1983525956427
-0.051968543906484435 -0.6653567069758537;3.2734756871852
0.051143111949043044 -0.6425153659813186;3.285065836937
-0.04727077189569853 -0.6117499229079849;3.2793908604113
0.040557748783611805 -0.5339292038427599;3.1817044542311
-0.03895560372447175 -0.3001085493102349;2.1648444241926
0.22287181269576817 0.3218451025592991;2.9202626290613
0.24659632313132274 0.7234398183790194;3.8371559555199
-0.08743290880511545 0.8605461348352968;2.911563168381
-0.01695897635433241 0.8842172298010392;2.681265887962
-0.06554214980692832 1.0272102584406546;2.8395458283534
0.15962609797904456 0.6772192266228863;3.543194878084
0.1204853292914741 0.27438224514601733;2.2155586827695
-0.3543181974289245 -0.024181441494692812;2.4893451027177
-0.6663176332981113 -0.006448537876271032;3.2346406782643
-1.0452991390432542 -0.011269220967669913;2.806023260778
-0.8835517188805686 0.012435039820137064;2.6796156804324
-0.9614438755487026 -0.03918513884214095;2.6240603269670
-0.8181868438867367 0.16321606047606468;3.3488818714382
-0.7296002087033283 0.088963157961429;3.259477265626
-0.7305361528981311 -0.031811288503071994;3.1473635940868
-0.8428648939743195 0.08775023701519262;2.960565231639
-0.9575769182953777 -0.19842977181194704;3.4021189167985
-0.8459989384115465 -0.19531902065505508;3.457744283101
-0.8664812632541119 0.08004450397536006;2.869519852984
-0.9169311581913901 -0.051672219544147774;2.6766156122608
-0.9310799932572575 0.21788473465294403;3.5077159024140
-0.8760950241956559 0.2116108864639876;3.5030548605632
-0.9352872548141143 -0.11271969690061581;2.8989221902955
-0.8699391765081589 -0.056070562985692296;2.7869044521762
-1.030033644110139 0.03183437596132156;2.76306890408
-0.6718870148030327 -0.14519450917848936;3.4981828387091
-0.243848954625473 -0.058428592557508;1.7892822007887
-0.26959789384597366 0.003844413328841792;1.916252385724
0.15707293496410057 -0.06093701141886236;1.0944429403524
0.21345313399520283 0.045601345884014;1.516032837087
-0.18771198177695725 -0.14533507254382472;1.7358897275781
-0.28222142337693973 -0.07579371832963633;2.117626513534
0.023408302002163983 0.02945107258023133;0.14373982351321
-0.2432848192669944 -0.15482480874779664;2.16415707960
-0.22779637157732321 -0.07224983561861571;1.7027656682926
0.30406360195657856 0.03488995266482901;2.1863737562170
0.6852441805299243 -0.05678158254757121;3.260712679163
0.9541858653671271 0.20650634759131448;3.4489682394678
0.8503298305857357 0.20564462075985648;3.5049975343586
0.8728009419444503 -0.07431671547100968;2.833871912384
0.9190110571831851 0.06063912451579498;2.6992146975312
0.9285440298655737 -0.21742816777948673;3.504826883813
0.8762123650299439 -0.22323224218095142;3.5663824611291
0.9229852221515447 0.08804018182599918;2.7938704374158
0.8856301057735482 -0.01490935160870685;2.6761325333139
1.0253606332375067 0.14072316911568927;3.1921616974763
0.775401227252783 -0.07672862716199264;3.1188787792555
0.5494019408422408 -0.022724235833954276;3.1956350332127
0.1032601688136533 -0.0103869174037503;0.5566080421987
0.34003526697905345 0.0048471615450926524;2.3965627890559
0.3300434861319456 -0.00851235879515821;2.33591909388
-0.07719427055166211 0.019828819344793032;0.3864110415067
0.013956800185850216 -0.037570573109186566;0.15561995559580
-0.26448043465579985 0.26793081629553006;2.851922102926
-0.31528233508691894 0.3412434569586839;3.3654868392424
-0.1582707865946139 0.2039110901593342;1.9204420905771
0.1737291276966345 -0.34397190511494613;2.825756726940
0.24648207314509807 -0.6836695585046912;3.845879832131
-0.003285510048612633 -0.9027768583230087;2.632454265305
0.20781007638737298 -0.776857657758527;3.6284244741095
0.17650424870877568 -0.6668894692413916;3.6035869883207
-0.02783117132141308 -0.5317892224842109;3.1668317235787
0.030402016455023634 -0.22944379211578075;1.6198484831780
-0.30654292422225227 0.1264337670332803;2.441564178144
-0.4143031300150377 0.20646273013084798;3.2404728007605
-0.33145688986886496 0.06688962271528964;2.416509842722
0.1859054205793214 0.038174551252065064;1.270803956933
0.40401150968421207 -0.010536000380825472;2.7383083586126
0.4462983389652634 0.02248673040816341;2.9196132356503
0.27870874549063346 -0.024593604165005327;1.9958877299263
-0.34652413074653116 0.13761349197563058;2.7052844334973
-0.8193683684224193 -0.010336053795860473;2.872666881021
-0.6824960099343422 0.16073516008606706;3.544287877321
-0.509814815776223 0.08846789494093071;3.201171725518
-0.09621167395269198 -0.030680284732806568;0.5370393800020
-0.29082451196939135 0.20831240936659864;2.702311112262
-0.253804394944958 0.19282398619348448;2.421789465307
0.1594311083240536 -0.15839136072967794;1.6252022762691
0.28005987474089783 -0.2303462721361581;2.749842578608
0.12846995133788103 -0.04807404440063878;0.8249128038447
-0.12088718450618804 -0.3146766602157798;2.47005914162
-0.10115063323748774 -0.34589230578641794;2.5856588012251
0.06421728912112556 -0.043347932910511866;0.37261545417042
-0.24129079167805856 -0.22912057350527612;2.540427592142
-0.28579180191706777 -0.17866582009566434;2.53831530782
0.038313584966936376 0.0982398353094221;0.5710994676373
-0.03325089855697061 -0.013707060201900295;0.1358397096629
0.2632155011715294 0.28510110931769594;2.9262432937505
0.33161416780814634 0.3600836113298546;3.487207876388
0.2035598521739564 0.24133546258386715;2.405091742603
-0.23305767144030498 -0.2914249540703213;2.8191241888667
-0.43792174983812054 -0.594343068759238;4.285102434782
-0.549535101730248 -0.8102227807744855;4.5568655994942
-0.6975020250259303 -0.8913440386911896;4.422921825900
-1.0483877163136144 -0.9539905546627963;3.749093839969
-0.8834914908079854 -0.9173796832295152;3.775857093723
-0.9852628348243389 -0.9748766402412713;3.5826561600174
-0.7795709050232015 -0.8705799709472151;4.218459975211
-0.6782789807395306 -0.8415464940116131;4.497501557527
-0.6264296056464248 -0.8492099657251866;4.5477735519805
-0.6005614179760173 -0.8677727905324242;4.555298538723
-0.5908776431203085 -0.8786822206667738;4.557111893740
-0.594712135723598 -0.881134283451284;4.55598478632
-0.6203924157077084 -0.883715392958931;4.541736441870
-0.706176058845873 -0.8987920559846051;4.398322060758
-0.9780391995525619 -0.9634486125958428;3.577554703707
-0.6942356465585964 -0.8958433141577895;4.427783080369
-0.4318434969442409 -0.8477601619611604;4.389627595769
0.02494639441267127 -0.8814138443828673;2.6966332438485
0.07089421110814176 -0.8914896994912593;2.779281095088
-0.1774277970598358 -1.0054652362910055;3.353116676038
-0.1043882196331424 -0.8246571156780227;3.073260418536
0.0504758322586486 -0.8062092765730215;2.9656587226657
-0.12271523440007981 -0.9270938695778015;2.954649840430
0.13263063364880234 -0.842796927525989;3.148330022118
0.06908954671400236 -0.8223884893950044;2.9608153975067
-0.04314762512497117 -1.010609595314725;2.7179733454104
0.164142742578819 -0.6883029667753807;3.5526271429018
0.11746625243379163 -0.31890222262774026;2.483129570586
-0.2910003824970955 0.24823051137309637;2.886090293995
-0.49155824891755423 0.5711574654774296;4.353343128460
-0.6389178798709139 0.8166437414560019;4.5574597134238
-0.9566415251683695 0.8996642820328024;3.6840571577289
-0.7035801542004435 0.9777952388545916;4.4300305239263
-0.50880274689083 0.8596656280991779;4.519082497584
-0.20681904927969236 0.7880386742237766;3.607807937503
0.006675159948885151 0.8948096865442418;2.6501049348933
-0.22179420600920038 0.9050437956959304;3.5359688033295
-0.1647263934135464 0.8806854873906913;3.237269785302
0.17310512225835123 1.0013811224004932;3.315841566349
0.22459775952578584 0.8405076812838279;3.616393981377
0.024867625877668137 0.7643662416571517;3.0542520099053
0.07857668458061987 0.8080209091151427;3.0313316244507
-0.15164841450090252 0.9988177800456015;3.1783209386275
-0.043629384253191406 0.8131498461025319;2.9306873415322
-0.025654303020720498 0.777242867598827;3.01752061418
0.01717736906557949 0.9212179220779922;2.6091824339877
-0.1092534257922673 0.8077621892808146;3.137722778458
0.054676136203699016 0.7983835089565366;2.998583776244
-0.11671963237574587 0.9174240823450326;2.9320571163663
0.14549466562698607 0.8544672095981017;3.18448304969
0.08876788341062142 0.8447019596298647;2.959123978776
-0.0881892179857742 1.0309273630602307;2.94208026028
0.10756580552532463 0.7603819730684049;3.2505420801382
0.04501502540103347 0.49397540948343643;3.0924867648977
-0.004128750353405222 -0.09451628347223984;0.4892477992033
0.020173733735580755 -0.3050770227430066;2.178666655348
-0.022512871006484143 -0.21223895925506095;1.4678461535396
0.1377310292276963 0.3569242057786457;2.758570681200
0.0030628924515381795 0.7762132066935027;3.0081375859546
0.1756218650221776 0.7386193030734962;3.5457111614038
0.0809007261632858 0.7173129910093482;3.261572576514
-0.017571847258177398 0.8104672622748006;2.906031800001
0.14593902613105716 1.0252005786177405;3.222060783304
-0.024545305567511028 0.8064479304257324;2.925176628744
0.05368062880787389 0.6796745716461887;3.2622709045441
-0.041659853786605555 0.543907711412649;3.201300940536
0.04320324715918593 0.2399565086758605;1.725474018626
-0.3447680745178178 -0.136117728552832;2.6909531405400
-0.5230194335819773 -0.2411014359132086;3.6556657126300
-0.5902438430083478 -0.13073316957698994;3.4351027279302
-0.6430698432448255 0.036613307274381224;3.2676231659866
-0.7133257407421452 -0.05717769108019985;3.2187070576575
-0.8951251508987391 0.10475241239627342;2.9062792006400
-0.8297467657841342 -0.17203764814622535;3.3683269213216
-0.8007812286776257 -0.16490805736655095;3.392833524947
-0.9044997355685025 0.11110356887184619;2.9206651124959
-0.8732119389925499 -0.018536250230529322;2.711471101750
-1.0121459525809031 0.15551828778408852;3.237069834715
-0.7913529471930929 -0.03516838277763504;2.9857750483548
-0.6358435390629467 0.037087187850749936;3.2700647888247
-0.4075263152907665 -0.03529807941006566;2.7701291478402
0.20441584048892075 0.11863272220365928;1.7126467423980
0.5552212415727996 0.02168855144837928;3.204240964112
0.9794785831735429 0.061247282427425664;2.7002422603928
0.8252137190152089 -0.07440020252582005;2.967743004179
0.796507188612005 0.07097087638710595;3.043575846069
0.8929572626228777 -0.10408513444936887;2.907171360633
0.8996822457716195 0.1570827220577555;3.1686540195013
0.8908368194495097 0.07473728332370805;2.793734430445
1.0395575104548975 -0.04235840897333348;2.824653515184
0.6901479345501655 0.16331736136943226;3.5485677974937
0.29301173581336204 0.11158221262932277;2.3035222454588
-0.12165760207903831 -0.3203902629804739;2.5062585469701
-0.2568695508553844 -0.5304496780328278;3.7186699233834
-0.17841893040918338 -0.6309658556843644;3.6049626104891
0.07170536716672005 -0.7654808583474716;3.132296583138
-0.08009502072199126 -0.9236436430925806;2.7612426262211
0.20532203103239294 -0.8068732974712698;3.571745668318
0.24463414850887488 -0.713583133472962;3.834085207893
0.07265762585330118 -0.6156927175167324;3.31905333482
0.022021851099219017 -0.4489793396730862;2.929234045717
0.012331853088681163 0.04280433466067457;0.1780225520317
-0.005376605892011478 0.035058741243273794;0.1334797190099
0.12711034851901495 -0.2217990495752299;1.880421247651
-0.009238937162645428 -0.15469729410396005;0.9682198867795
0.2712076924799228 0.2942892002985876;3.003138392776
0.339813535947322 0.5115484987137497;3.9171876422878
0.23761080782919938 0.6042122953084247;3.773588685306
-0.04048701085749726 0.6784715440447612;3.245572646526
0.01711652436675068 0.7722590549340999;3.0253511888965
-0.09359236486714023 1.0271633035753025;2.9515803058277
0.11104491641909076 0.7686015853977138;3.2434898908194
0.053977641270975873 0.5220120999959418;3.172311146235
-0.015317650841959712 0.00545043525696709;0.05301063789207
0.05896388901735877 0.03118069302117038;0.30345073171053
-0.3450217901397879 -0.16244254526735008;2.787834576346
-0.54666691487259 -0.10779614066432153;3.3189485865655
-0.7479922843094932 0.053760281212987204;3.138065477417
-0.9787556696631049 -0.18119815811137166;3.3205751270275
-0.8321849115066735 -0.11421836559537094;3.092905429953
-0.8690455647995331 0.07018418971128429;2.8299879092424
-0.9566284772256619 -0.1647644528720659;3.1947102244135
-0.845372609952709 -0.04031648094332843;2.8231093322503
-0.9501854743263186 -0.056270823797118535;2.6649313183486
-0.803381019199396 0.1510209943759069;3.3242056124045
-0.7043765771071652 0.08163162996725756;3.284443695891
-0.6541600441526858 -0.024824970901922067;3.2521803573690
-0.6026410821685798 0.04581884241761376;3.2735891644124
-0.4860557296171765 -0.037886627818987065;3.062870205404
-0.13904230928523698 0.05235277386576974;0.9214151783133
-0.25699907452605286 -0.3057120933775661;2.9924955025043
-0.16979488283907135 -0.43226984657093304;3.182277556797
0.03610396392107701 -0.37410125780192177;2.6082908816027
-0.07399334220932399 -0.021065742422451794;0.3681685876839
0.18678855044638418 -0.2160948864264497;2.1614104344484
0.15879361815594512 -0.1431332942553975;1.5239767436401
-0.3187620006036484 0.2310410664252983;2.9406088781741
-0.5759603378464893 0.37432630957850455;4.118731176740
-0.7342366204110197 0.3640697265083829;4.221711663720
-0.8554220527589571 0.14943840936844863;3.2023348389980
-0.9817677655375623 -0.015699933478434347;2.6084861673140
-0.7370940043245668 0.2059237012358618;3.668915402548
-0.47880528067996664 0.19518626803132622;3.4073002076094
0.023821133595138044 -0.08463809642891718;0.4426626062538
0.12176235696625953 -0.03761805567935561;0.7434078870584
-0.34798311262341525 0.014897676738769045;2.447030023523
-0.7055217036863896 -0.037126660222224946;3.202982782373
-0.9602878032545166 0.15470420946476454;3.1367306567677
-0.8019029934550368 0.0010029083326024146;2.927397352692
-0.7729644763389631 0.06986706198549324;3.1076961184701
-0.8855088888615741 -0.10060333870124359;2.9062234317436
-0.8979893789003183 0.16742749640039167;3.228990953514
-0.8867985067614048 0.10601736957345059;2.927539715805
-1.0310959795961203 -0.12451275512850712;3.1220422474487
-0.7983481617887899 0.009340884276312966;2.940622650805
-0.6534235334355107 -0.0516699568384658;3.281132856981
-0.4610308193802606 0.036871865939652915;2.983017269765
0.03001103378762149 -0.08202534050964527;0.438935443821
0.05762323440492584 0.06691217906455421;0.4470342448699
-0.17715536615759983 -0.33157651797167836;2.7777868163771
-0.16717965377602922 -0.5147552103125537;3.412587497813
0.03559828407433105 -0.6205028695942618;3.2689925517901
-0.05074871294625985 -0.7296117743722157;3.1753305556553
0.12717988531816862 -0.9684283545980514;2.984858263596
-0.06852769621099444 -0.7778453466489348;3.090896721382
0.011368180834772534 -0.6368509473505364;3.2528798786776
-0.030742129927086276 -0.43141236591027476;2.8678456116314
0.07288552081108299 0.1342532106299621;0.9623056539925
-0.029292890188520687 0.36403848075572476;2.547805222336
0.03644862483792999 0.37489700991632224;2.6128129039421
-0.05602404328777974 0.0760779492211408;0.4912097356553
0.276014264680732 0.2860199754467966;2.9874930643987
0.3732231674401063 0.28657253519246983;3.3767909318676
0.25851642618097004 0.08942056936957532;1.990754130763
-0.34276976740345644 0.09856301062434958;2.561023584323
-0.8712379180619463 -0.09240701044878755;2.9039182635383
-0.8451595831481267 0.037543024664187186;2.818902708226
-0.9855889717530472 -0.14880295488501355;3.13368063645
-0.7970587678900835 0.04537215268553779;2.9843402299792
-0.6877932455854221 -0.03924085075952641;3.2326017064064
-0.5897872783456358 0.044645820875563375;3.263521636316
-0.3907749724113683 -0.03649666014116684;2.6928357839600
0.1942122137743027 0.12304488410661432;1.659912512604
0.50149383310753 0.035025103869227595;3.1027727544834
0.8169111215933493 0.023232222996816716;2.8899722490356
0.7843797870313324 -0.03817268804668774;3.0114199067085
0.9213771732320933 0.08862317104594011;2.7979751770352
0.8292170291186024 -0.21437592789432205;3.581164225359
0.7644158516282393 -0.2737138773072252;3.916438074249
0.7217158689583705 -0.11348594937043963;3.345366091958
0.7879399698636933 0.006280191344421371;2.9726777005227
1.011679216907988 -0.1290663163253678;3.0810889799719
0.7742723675640861 0.08585460920959326;3.147726374361
0.5614479665161944 0.029350337185842318;3.218157921491
0.15184983662863105 0.00580343552625439;0.9426663902359
0.3730754533880115 0.03294504908114958;2.5996811359545
0.3814408630158466 -0.025754649948861924;2.6367351948709
0.08304261932298529 0.04716729274931425;0.49811084000719
0.30454321775790755 -0.2591002943997411;2.9963192583634
0.3169649045503252 -0.3301961564316163;3.331450873102
0.1201912097428475 -0.1764158504540405;1.5142799952021
0.048831853158437466 0.32625385399437024;2.3508220731528
-0.0011442365862646547 0.7107020834744344;3.171693337840
0.08308877492320195 0.9206862700823168;2.7761690337619
-0.2114649497665737 0.74944908023708;3.678449529032
-0.2706442962238191 0.5714835515117032;3.8316948352822
-0.1232452027116632 0.28825911290325645;2.3164227724716
0.09311508059938034 -0.35282525569972556;2.6014257513476
-0.03264020241944607 -0.8495670998778785;2.7975270396844
0.1337351352323704 -0.71196655809206;3.4255809549848
0.046487353911190674 -0.5657789607575301;3.2400337340370
0.006877517377277778 -0.26359889389417873;1.8712581808956
0.09526982858800055 0.30071718917551143;2.2986065987397
-0.053728544131437475 0.7072062930019638;3.2235270308023
0.22303333563478123 0.8851109376429778;3.5568821714206
0.23289730070744036 0.857945324812879;3.6372105145833
-0.06845815572984654 0.9137543125127955;2.7314013630113
0.06889213239892761 0.8932054934324519;2.769109454586
-0.18000179979193426 0.9796474811320763;3.3145484608064
-0.09904427182016412 0.8373896763804349;3.0177573816944
0.051325186279896684 0.8938643713617274;2.7168953951407
-0.21065254997538607 0.9512551365062245;3.4721323229940
-0.18277183884693465 0.8621144415646776;3.3649715450431
0.12407794519410414 0.9311175584368357;2.9594782542031
0.055428122223468684 0.868480981839368;2.789147980488
-0.017179497994810472 1.0311427021298298;2.7478188121865
0.1143931424238896 0.6599493175083203;3.4114340304361
-0.013110819129133922 0.18614241307897617;1.2383083212789
0.24728000622468493 0.3114163217731093;2.976407215324
0.2609147800973792 0.23077745194472965;2.653318239467
-0.10004690079983664 -0.12239031593719313;1.0141786783428
-0.1339501334354766 -0.15226381742662423;1.4225131231633
0.2318488605941524 0.24425601957230156;2.5706668782137
0.3546970337578792 0.3949819339819215;3.6686071000626
0.3006752925950999 0.37219332935972643;3.422590969487
0.028722403335366187 0.11587750315732936;0.6778572259446
0.35373756706650056 0.14538207891325786;2.7690777981027
0.482758785107332 -0.01917534240862767;3.039860581745
0.48348671518424063 0.034810662810362256;3.0525710397715
0.3016616594701417 -0.033984235048256886;2.168909439192
-0.31827197699428744 0.17069974967215612;2.682675779972
-0.7396644095577063 0.10007991877931185;3.2713199668230
-0.8015136936915844 -0.12452387499277082;3.214452480523
-0.8946911374079151 0.011606391880690042;2.652667532503
-0.9307452951513384 -0.1989351464791371;3.3945352167069
-0.8785901467534996 -0.08132294750090488;2.8443567233566
-1.0425757089816392 0.005472063551650336;2.7904973265753
-0.6619747518459514 -0.1063452685880281;3.3888859429837
-0.16968216506642841 0.03117265300212725;1.1207097238570
-0.28769830683499176 -0.24055867796925506;2.83530758883
-0.19143060933795358 -0.2550896317244855;2.422227597171
0.1370479249770719 0.15322039271133686;1.448245095370
0.1779610275148554 0.2577178476405856;2.370168673069
-0.055723718384629695 0.02710007942611009;0.27471470610196
0.24094939053637027 0.18592327185285074;2.309349474038
0.26076783589285557 0.09567685560352054;2.028542158115
-0.18856208029935223 -0.05232324806826408;1.3265272631459
-0.31816832214946233 0.02764891839342734;2.271990997431
-0.12686234315560246 -0.04998489966896316;0.8185231196649
-0.002296192745366077 0.361596921186216;2.5212490809087
-0.04612419772807391 0.64035942531026;3.2791386410551
0.114892892518653 1.012187261936113;3.005608169642
-0.008375819016830446 0.9066996202277882;2.626461517516
0.13526746420025948 1.012393143465375;3.1183502415493
-0.12048884861979142 0.7745128978455291;3.26390499515
-0.10674257665308734 0.5502296679933543;3.322585938878
0.05535278827939988 0.12357026748965122;0.8116677085504
-0.2434156801068194 0.24103990839656236;2.6140843968258
-0.27412080001242545 0.13288337783476584;2.2645186521769
0.13343752172597145 -0.07519964404295132;0.9663797104971
0.1762110842154218 0.005568891648694174;1.1495571203607
-0.30629355133921093 -0.11998992354531765;2.416558685791
-0.5894511461952496 -0.00023145353991557704;3.2379530668267
-0.948095833714628 -0.0962125604089871;2.8168735498395
-0.751276247209084 0.1231273715184178;3.323930493902
-0.5607420070934189 0.07741880003085455;3.278718185831
-0.18719458282254126 -0.02943967975530555;1.2659466410116
-0.20602102225602154 0.324164682355023;2.8601426088238
-0.0258160241891999 0.4580963111227311;2.9640979762846
-0.03662754601417774 0.440100878542092;2.9071197787468
0.028236666521694473 0.17387665599029573;1.1512330803412
-0.32450546104899647 0.01565035584053967;2.3038447761610
-0.466737645001466 0.03677613614712502;3.002025776992
-0.4735108394063556 -0.026451677901120144;3.015647906547
-0.28827953609024193 0.033682331472914606;2.075225130481
0.3340958600090934 -0.1741910038352648;2.7786360190078
0.7645804582017504 -0.10248269927332618;3.223924268891
0.7385489679794717 0.12362965896072306;3.3499764671458
0.7367622781372601 0.05312358742471776;3.1635572633356
0.8845763819031229 -0.007278633749521604;2.6745058065382
0.8845066387473455 0.11310940086508574;2.9645372648555
0.9581283321764751 -0.15889910029389814;3.160306059739
0.8515944575406313 -0.08201810808018062;2.9161386843953
0.9692088779218707 0.0433343865829984;2.6385381266280
0.7636301112136445 -0.21326501641785459;3.669477163972
0.5588967560079241 -0.2372521704185469;3.7109298683590
0.22240104280281814 -0.04321571229965265;1.5842873768728
0.0068369039897318296 -0.34510820315290597;2.427284874358
0.030799361380490886 -0.4357958735314402;2.8852924421265
-0.024545692149009042 -0.3272470383168553;2.3272948848846
0.09423119940630043 0.21853515864665973;1.7097435356507
-0.01526463713009478 0.505436673907915;3.1005863871808
0.0661292808169622 0.778383944104275;3.0835347224862
-0.21405641252294158 0.9205708256675319;3.485612392316
-0.21889216084341767 0.8534078261216222;3.5700090045992
0.072561554491055 0.8967181575061551;2.774334044163
-0.06610287961733999 0.9085016034178358;2.7317085430267
0.20177305535088738 0.9628868684105392;3.4277063921678
0.17218689802181297 0.8580337461247189;3.315397672953
-0.11913014585637427 0.9198548639686188;2.941877383811
-0.022676137230469046 0.8788618852293483;2.7005457270258
-0.07708840360032433 1.0396634792630062;2.932880545466
0.15518217516978627 0.687500140750714;3.522290952372
0.12303586681971118 0.28821714151102334;2.315349766029
-0.35621358667034386 -0.08262831185531427;2.593506810534
-0.6424132308733295 -0.1514397220241887;3.5229871155763
-0.9377713818581609 0.11960776238337273;2.933346044362
-0.8139367750293127 0.03862044784381266;2.9196267048427
-0.8749482448281617 0.017249901268781426;2.705624111383
-1.0126056434535529 -0.0071206555798548135;2.6741322051592
-0.6608209324653529 0.04978503801898274;3.2738274067605
-0.1776810202786997 -0.04664682173330086;1.2211750927038
-0.30184738265238553 0.24639954072739362;2.928733219478
-0.22119860568639577 0.2882251701205259;2.7484888851393
0.09017550462987334 -0.021045314443694618;0.4754498258057
-0.010254981117608558 0.055363360844125215;0.2415572677585
0.2360269727915135 -0.31513827511480075;2.9451703151433
0.2583803288574321 -0.46236277774195406;3.5625973359506
0.08853129365737875 -0.45724792727573244;3.0489785965794
0.015032080501136719 -0.23089759106913357;1.6156043859520
0.13907753245377774 0.32050607266846964;2.569959780428
-0.002106542320473914 0.6997839914080247;3.1910798998247
0.19110244271999452 0.939442314146179;3.347927899138
0.06158187076435617 0.8152132255616217;2.9628547049931
0.02770790904972692 0.8762264779987754;2.7136861800798
-0.012059468824576688 1.0106773148984909;2.6708533600735
0.0814069103421546 0.6667967624058002;3.325956492165
-0.040639001894562723 0.21585474393422444;1.5255698475828
0.3214019133449809 0.2338140837271368;2.96447860445
0.4618701223038758 0.055263617136564414;3.0070634199567
0.45942485895269447 0.030761430812962842;2.972269030789
0.2396466654746892 -0.008969680618125517;1.6833677558832
-0.33870749639215597 0.13358849067222028;2.650082548985
-0.7634399542971273 -0.01142188609978173;3.0478218919216
-0.7602317906299629 0.2016965243520167;3.624590566248
-0.7673658642617012 0.15153758231421388;3.401492954618
-0.9170975821435225 -0.11184440228912029;2.908242288326
-0.8397963404274192 0.03433467992448255;2.830438973277
-0.9341338026065096 -0.12321048379181435;2.9535235372161
-0.854340934260612 0.14999380835700618;3.2073777880840
-0.8273315497745868 0.11531499670020187;3.110165827861
-0.9864543754744498 -0.12204601624260819;2.981998560783
-0.7970829479299201 0.024460986406218882;2.955054589673
-0.7080289148050305 -0.06091030007479199;3.234746268572
-0.659950323968694 0.053513910495908604;3.2797796858420
-0.6105273934303337 -0.04557691583709407;3.2769299640383
-0.5043982370147307 0.03878792155010388;3.1136409772965
-0.19506426778834873 -0.046445107724372714;1.3656756520388
-0.04086439936785785 0.36157445853699355;2.5466425008959
-0.0386456982711149 0.6384386326889966;3.2710896643725
0.06213761282163792 1.023294628856711;2.813582840696
-0.06916134547917784 0.884263843022537;2.7894662541594
0.11986306319453284 0.9219018991845405;2.9438000425479
-0.11250664261037101 0.9022024094198801;2.930807511711
0.04922916097082934 0.9157888239637842;2.671981313789
-0.20636707604736582 0.9558841503731971;3.4494534153224
-0.163588550658769 0.8647442751232423;3.257783068795
0.13361184942571583 0.9532638352198642;3.010132382720
0.06336033168454092 0.8479727395629207;2.868223737178
-0.02359375298204225 0.9666973782550833;2.6004663044277
0.17092259802501186 0.7541289696380278;3.5043383172248
0.12035800381577705 0.5430095024283434;3.3425701286525
-0.052381846469431004 0.12384274676874757;0.8033508284631
0.24783123012435132 0.23743445089325504;2.618519277517
0.280931871421613 0.12601734572076148;2.280367034462
-0.11756933048670587 -0.06265566674423842;0.7949843740874
-0.12334743483957689 0.03703193306354455;0.7542212284503
0.3044110456929977 -0.25691471565297674;2.9862960532930
0.5053989440422337 -0.3321727272479891;3.8837650506979
0.5782362951926997 -0.23399308414914938;3.7303788153970
0.5973874847259288 0.027754463446982236;3.2535251405092
0.5557572187649253 0.0030119743927459475;3.1992914560597
0.39849739308522303 0.007364951374023036;2.711726988056
-0.14808277922888136 -0.01400882618507416;0.9161499716575
-0.36246911937684967 0.015244479699956476;2.5295919406826
-0.3471664501727693 -0.018730676696610802;2.444310670907
0.040671410912661854 0.04228280504201784;0.2555405216019
-0.11280667007108192 -0.09226348355649852;0.9054114187590
0.17830397532192988 0.17353813612548677;1.8433989119469
0.1778887817105693 0.15418715313413586;1.7211029730998
-0.258307723772508 -0.22603423931474279;2.6157925885189
-0.45094250662371244 -0.3645202498822896;3.8462374634148
-0.49134717537422945 -0.336944500117581;3.8662389917942
-0.3909402941684608 -0.1452420841229013;2.9418266011048
0.0756851458324817 0.019933124818088982;0.37689879926271
0.10389953727488577 -0.061661486552460995;0.693642710577
-0.2878208119777017 0.27491672739088596;2.9906642708456
-0.4530573205835624 0.391394167840457;3.921527904320
-0.46974609810633394 0.3521206348610444;3.8579716326537
-0.3344199699712971 0.1499544874963902;2.6865848377568
0.2555908717375196 -0.02716122479663774;1.8239211708620
0.6507030680728874 0.04686726813631674;3.2760788426657
0.9938354866477888 -0.17901798961474963;3.3351285350351
0.9132179829055339 -0.14272677674821763;3.073936895447
1.0057265118680856 0.16728494254131668;3.2909814886753
0.8351704019272908 0.16825839181813942;3.338683542934
0.7923831580974038 -0.06793184518936593;3.047727424170
0.8333031790438433 0.03881210847934846;2.8581688476438
1.0111035776124377 -0.16366495326503877;3.2836196016186
0.8109354564240193 -0.032508923874188606;2.920180818714
0.7444679186594123 -0.04360007511081719;3.129755715398
0.7982140301233681 0.04591125833289181;2.981736455304
1.0021377001206169 -0.1452142685220281;3.148076587274
0.7988973915447213 0.013284063951286063;2.9406855292709
0.6928072742612479 -0.05846938885600639;3.25371423388
0.6036915372176372 0.04677816743655214;3.2752767998194
0.43286023820893504 -0.03562909834698265;2.87791505114
-0.06372480261133051 0.08630822628183665;0.5874280049193
-0.13642197754878954 -0.04522861690613772;0.878983798260
0.2623502956780042 0.21593408377872497;2.586847334735
0.41242945524627733 0.24183761500021925;3.355924455023
0.3757554636832574 0.06951951070255194;2.6676578610812
-0.005453830637278612 0.042385662058209136;0.16878678254462
PointOptimal;ValeurOptimale
[-0.00545383  0.04238566];0.16878678254462542
Temps;Nb iteration
0.09574389457702637;1000