Point;Valeur
-8.95022029420364;15.6042403727
-8.805220294215257;14.479701487507
-8.70462438332466;13.724241821523
-8.623465814795468;13.129504510991
-8.553836516994654;12.629753989524
-8.49205449223585;12.19444457674
-8.436056401381691;11.806483593476
-8.384549743959548;11.455176969336
-8.336661916799725;11.133312747021
-8.291771121173216;10.835757114189
-8.249415809369221;10.558703102178
-8.209242245856428;10.299235792589
-8.170972248759709;10.055065002404
-8.134382366053599;9.824352816627
-8.099289893535463;9.605597844171
-8.065543173758964;9.397554950180
-8.033014675808078;9.199178023667
-8.001595939881293;9.009578186311
-7.971193807143059;8.827992639605
-7.941727556786764;8.65376101835
-7.9131266970133405;8.486307152851
-7.885329236176515;8.325124801134
-7.858280312394326;8.169766344221
-7.83193109477648;8.019833725561
-7.8062378932382135;7.874971113446
-7.7811614304577095;7.7348589022655
-7.756666241280117;7.599208765813
-7.732720173318287;7.46775954566
-7.709293968659661;7.340273808615
-7.6863609111381646;7.21653494489
-7.66389652703192;7.096344706732
-7.641878329616625;6.979521108497
-7.620285599967065;6.865896625394
-7.599099197911535;6.755316640584
-7.578301398218726;6.647638100056
-7.557875748018761;6.542728342302
-7.537806942188084;6.440464075818
-7.518080714006258;6.340730482250
-7.498683738857902;6.243420426832
-7.479603549125674;6.148433760836
-7.460828458724881;6.055676703270
-7.442347495977061;5.96506129110
-7.424150343722984;5.876504888972
-7.406227285742811;5.789929750653
-7.388569158690121;5.7052626258456
-7.371167308861638;5.622434406614
-7.354013553220515;5.541379808745
-7.337100144172902;5.462037083892
-7.320419737664872;5.3843477589447
-7.303965364225115;5.3082563995489
-7.287730402627342;5.23371039510
-7.271708555888479;5.160659762896
-7.255893829354282;5.089056969318
-7.240280510654511;5.018856766418
-7.2248631513365185;4.950016042175
-7.209636550008211;4.88249368313
-7.194595736841672;4.816250448163
-7.179735959305637;4.751248852290
-7.165052669009509;4.6874530595851
-7.150541509554878;4.624828784318
-7.13619830530186;4.563343199574
-7.122019050967397;4.5029648526685
-7.107999901981442;4.443663586753
-7.094137165534394;4.385410468072
-7.0804272922564335;4.328177718365
-7.066866868474788;4.271938651998
-7.053452609000844;4.216667617412
-7.040181350403172;4.16233994253
-7.02705004472734;4.108931883829
-7.014055753626422;4.056420578715
-7.001195642870137;4.00478400104
-6.9884669772029255;3.95400091942
-6.975867115524457;3.904050858210
-6.963393506367901;3.854914060847
-6.951043683654118;3.806571455526
-6.938815262701108;3.7590046228827
-6.926705936470551;3.712195765630
-6.914713472034083;3.6661276799888
-6.902835707244054;3.620783728762
-6.89107054759434;3.576147815978
-6.879415963258176;3.532204362949
-6.867869986290934;3.488938285686
-6.856430707986678;3.4463349735559
-6.845096276378483;3.404380269105
-6.833864893872772;3.363060448978
-6.822734815009336;3.3223622058471
-6.8117043443386445;3.2822726312955
-6.800771834409252;3.242779199601
-6.7899356838582765;3.203869752349
-6.779194335598635;3.165532483826
-6.768546275097015;3.127755927159
-6.757990028737229;3.090528941139
-6.7475241622636934;3.0538406976954
-6.73714727930038;3.017680669980
-6.7268580199408055;2.982038621033
-6.716655059404831;2.9469045929802
-6.706537106758593;2.91226889674
-6.696502903693867;2.878122102241
-6.6865512233636295;2.8444550290293
-6.676680869270464;2.811258737377
-6.6668906742052485;2.7785245197524
-6.657179499233085;2.7462438926784
-6.647546232724004;2.714408588963
-6.6379897894261575;2.6830105502643
-6.628509109579045;2.652041919981
-6.619103158064915;2.621495036455
-6.609770923596124;2.5913624264555
-6.600511417936796;2.5616367989460
-6.591323675156875;2.5323110391147
-6.5822067509170346;2.503378202647
-6.5731597217829325;2.4748315102401
-6.564181684567144;2.4466643423353
-6.55527175569773;2.418870234071
-6.54642907061186;2.391442870433
-6.537652783173418;2.364376081600
-6.528942065113468;2.337663838473
-6.520296105492369;2.3113002483752
-6.511714110182645;2.2852795509253
-6.503195301371576;2.2595961140655
-6.494738917082622;2.23424443024
-6.486344210714788;2.209219112725
-6.478010450599166;2.1845148920803
-6.469736919571819;2.160126612752
-6.461522914562311;2.1360492297907
-6.453367746197187;2.1122778056862
-6.445270738417725;2.088807507326
-6.437231228111364;2.0656336030
-6.429248564756184;2.042751459857
-6.4213221100779085;2.0201565405963
-6.41345123771887;1.9978444014090
-6.405635332918471;1.97581068914
-6.397873792204559;1.9540511389323
-6.390166023095409;1.932561571768
-6.382511443811756;1.911337892270
-6.374909482998503;1.8903760864392
-6.367359579455719;1.8696722195293
-6.35986118187855;1.8492224339801
-6.35241374860567;1.829022947417
-6.34501674737594;1.8090700507217
-6.337669655092943;1.7893601061564
-6.330371957597122;1.7698895455607
-6.323123149445148;1.7506548685976
-6.315922733696337;1.7316526410588
-6.308770221705741;1.7128794932236
-6.301665132923753;1.6943321182694
-6.294606994701914;1.6760072707311
-6.2875953421046935;1.6579017650097
-6.28062971772707;1.640012473925
-6.273709671517657;1.6223363273176
-6.266834760607135;1.6048703106825
-6.260004549141881;1.5876114638582
-6.253218608122538;1.5705568797445
-6.246476515247365;1.5537037030632
-6.239777854760213;1.5370491291538
-6.233122217302928;1.5205904028060
-6.2265091997720505;1.5043248171254
-6.219938405179661;1.4882497124322
-6.2134094425182;1.4723624751923
-6.206921926629143;1.4566605369782
-6.200475478075426;1.4411413734604
-6.194069723017405;1.425802503426
-6.1877042930923505;1.41064148
-6.181378825297231;1.3956559288606
-6.175092961874788;1.380843469047
-6.168846350202706;1.3662017903821
-6.1626386426858115;1.351728613466
-6.1564694966512095;1.3374216966847
-6.150338574246241;1.3232788353988
-6.1442455423391875;1.3092978611631
-6.138190072422595;1.2954766409613
-6.132171840519191;1.2818130764646
-6.126190527090254;1.268305103307
-6.120245816946411;1.254950690385
-6.114337399160727;1.2417478391682
-6.108464966984057;1.2286945830309
-6.102628217762605;1.2157889866063
-6.096826852857521;1.2030291451493
-6.091060577566637;1.1904131839200
-6.085329101048112;1.1779392575819
-6.079632136246036;1.1656055496151
-6.073969399817869;1.1534102717451
-6.06834061206373;1.141351663384
-6.062745496857382;1.1294279910906
-6.057183781578947;1.117637548033
-6.051655197049276;1.1059786534807
-6.046159477465897;1.0944496522917
-6.040696360340535;1.0830489144260
-6.035265586438112;1.0717748344630
-6.029866899717219;1.0606258311331
-6.024500047272033;1.049600346860
-6.019164779275578;1.0386968473158
-6.013860848924326;1.0279138209815
-6.008588012384136;1.0172497787249
-6.003346028737402;1.0067032533831
-5.998134659931478;0.9962727993565
-5.99295367072825;0.9859569922127
-5.987802828654908;0.9757544282986
-5.982681903955813;0.9656637243622
-5.977590669545478;0.9556835171823
-5.972528900962616;0.945812463207
-5.967496376325201;0.9360492382023
-5.962492876286562;0.9263925369023
-5.95751818399245;0.9168410726761
-5.952572085039039;0.907393577195
-5.947654367431886;0.8980488001127
-5.942764821545776;0.8888055087442
-5.937903240085436;0.8796624877627
-5.933069418047129;0.8706185388948
-5.92826315268106;0.861672480625
-5.923484243454604;0.8528231479089
-5.918732492016315;0.8440693918865
-5.914007702160713;0.8354100796091
-5.9093096797938145;0.8268440937667
-5.904638232899383;0.8183703324233
-5.899993171505912;0.8099877087572
-5.895374307654284;0.801695150807
-5.890781455366106;0.7934916012241
-5.886214430612714;0.7853760170262
-5.881673051284797;0.7773473693618
-5.877157137162665;0.7694046432754
-5.872666509887126;0.7615468374785
-5.8682009929309356;0.7537729641262
-5.863760411570861;0.7460820485970
-5.85934459286027;0.7384731292781
-5.854953365602308;0.730945257354
-5.850586560323584;0.7234974966031
-5.846244009248401;0.7161289231888
-5.841925546273488;0.7088386254679
-5.8376310069432265;0.7016257037927
-5.833360228425388;0.6944892703212
-5.829113049487309;0.6874284488301
-5.824889310472568;0.6804423745319
-5.820688853278098;0.6735301938949
-5.816511521331729;0.6666910644674
-5.812357159570194;0.6599241547049
-5.808225614417533;0.6532286438005
-5.804116733763917;0.6466037215191
-5.800030366944863;0.6400485880339
-5.795966364720864;0.6335624537669
-5.791924579257398;0.6271445392320
-5.787904864105284;0.6207940748807
-5.783907074181447;0.6145103009517
-5.7799310657500085;0.6082924673219
-5.775976696403741;0.6021398333616
-5.7720438250458725;0.5960516677914
-5.768132311872202;0.5900272485421
-5.764242018353571;0.5840658626171
-5.760372807218629;0.5781668059575
-5.756524542436922;0.5723293833093
-5.752697089202295;0.5665529080936
-5.74889031391658;0.5608367022780
-5.745104084173584;0.5551800962521
-5.7413382687433625;0.549582428703
-5.737592737556765;0.5440430464964
-5.733867361690268;0.5385613045542
-5.730162013351058;0.5331365657408
-5.726476565862397;0.5277682007472
-5.722810893649227;0.5224555879779
-5.719164872224028;0.5171981134410
-5.715538378172936;0.5119951706383
-5.711931289142079;0.5068461604595
-5.708343483824166;0.5017504910761
-5.704774841945295;0.4967075778390
-5.701225244251997;0.49171684317627
-5.697694572498488;0.48677771649384
-5.694182709434143;0.4818896340773
-5.690689538791191;0.4770520389955
-5.6872149452725935;0.4722643810060
-5.683758814540152;0.4675261164613
-5.6803210332027945;0.4628367082181
-5.676901488805069;0.4581956255465
-5.673500069815824;0.4536023440419
-5.6701166656170665;0.4490563455377
-5.666751166493021;0.44455711801980
-5.663403463619348;0.44010415554214
-5.660073449052559;0.43569695814414
-5.656761015719582;0.43133503176901
-5.6534660574075115;0.4270178881837
-5.650188468753518;0.42274504490004
-5.646928145234916;0.4185160250970
-5.6436849831594005;0.4143303575449
-5.64045887965543;0.4101875765294
-5.637249732662764;0.40608722177876
-5.634057440923156;0.40202883839002
-5.630881903971184;0.39801197675830
-5.62772302212523;0.39403619250603
-5.6245806964786045;0.39010104641369
-5.621454828890802;0.3862061043516
-5.618345321978892;0.3823509372131
-5.615252079109052;0.3785351208480
-5.61217500438822;0.37475823599771
-5.609114002655884;0.37101986823147
-5.606068979475991;0.3673196078830
-5.603039841128979;0.363657049988
-5.600026494603939;0.3600317942266
-5.597028847590884;0.3564434448556
-5.59404680847314;0.35289161065712
-5.591080286319851;0.34937590487595
-5.588129190878596;0.34589594516351
-5.58519343256811;0.34245135352084
-5.58227292247113;0.33904175624307
-5.579367572327324;0.3356667838644
-5.576477294526341;0.3323260711044
-5.573602002100957;0.32901925681422
-5.570741608720321;0.32574598392466
-5.567896028683301;0.32250589939426
-5.565065176911927;0.3192986541585
-5.562248968944923;0.3161239030796
-5.559447320931339;0.31298130489725
-5.556660149624276;0.3098705221797
-5.553887372374691;0.3067912212761
-5.551128907125304;0.303743072269
-5.548384672404578;0.3007257489282
-5.545654587320787;0.2977389286642
-5.542938571556183;0.29478229248346
-5.540236545361219;0.29185552494382
-5.5375484295488775;0.2889583141104
-5.5348741454890575;0.2860903515126
-5.532213615103061;0.2832513321010
-5.529566760858134;0.28044095420577
-5.526933505762096;0.2776589194947
-5.524313773358043;0.274904932932
-5.521707487719119;0.27217870274219
-5.519114573443355;0.26947994036127
-5.516534955648592;0.2668083604068
-5.513968559967464;0.2641636806350
-5.5114153125424385;0.2615456219028
-5.508875140020946;0.25895390813133
-5.506347969550557;0.25638826626797
-5.5038337287742305;0.2538484262505
-5.501332345825625;0.25133412097102
-5.498843749324475;0.24884508624009
-5.496367868372021;0.24638106075218
-5.493904632546501;0.24394178605089
-5.4914539718987125;0.24152700649502
-5.489015816947617;0.23913646922494
-5.486590098676013;0.23676992412953
-5.484176748526256;0.23442712381345
-5.481775698396046;0.23210782356499
-5.479386880634255;0.2298117813242
-5.477010228036821;0.2275387576517
-5.474645673842686;0.22528851569757
-5.472293151729788;0.2230608211708
-5.469952595811107;0.22085544230959
-5.467623940630758;0.21867214985103
-5.46530712116013;0.21651071700232
-5.463002072794086;0.2143709194116
-5.460708731347195;0.21225253513954
-5.458427033050019;0.2101553446310
-5.45615691454545;0.208079130687
-5.453898312885084;0.2060236784399
-5.451651165525644;0.20398877532067
-5.4494154103254475;0.20197421103799
-5.447190985540918;0.19997977754905
-5.444977829823134;0.19800526903410
-5.442775882214428;0.1960504818707
-5.440585082145018;0.19411521460873
-5.43840536942969;0.19219926794478
-5.436236684264509;0.19030244469809
-5.434078967223581;0.1884245497858
-5.431932159255842;0.1865653901994
-5.429796201681896;0.18472477498018
-5.427671036190884;0.1829025151965
-5.425556604837393;0.18109842392072
-5.4234528500384;0.17931231620564
-5.421359714570251;0.17754400906272
-5.41927714156568;0.17579332143948
-5.41720507451086;0.17406007419761
-5.415143457242481;0.1723440900912
-5.413092233944878;0.17064519374557
-5.411051349147179;0.16896321163571
-5.409020747720489;0.16729797206582
-5.407000374875109;0.16564930514847
-5.404990176157784;0.164017042784
-5.402990097448984;0.1624010186419
-5.4010000849602156;0.16080106813810
-5.399020085231365;0.15921702841804
-5.397050045128066;0.15764873833619
-5.395089911839103;0.15609603843703
-5.393139632873845;0.15455877093618
-5.391199156059698;0.15303677970181
-5.389268429539598;0.15152991023622
-5.3873474017695235;0.1500380096576
-5.385436021516039;0.14856092668211
-5.383534237853864;0.14709851160614
-5.381642000163469;0.14565061628877
-5.379759258128701;0.14421709413446
-5.377885961734427;0.142797800075
-5.376022061264213;0.14139259055738
-5.3741675072980195;0.1400013235176
-5.372322250709927;0.1386238583737
-5.370486242665885;0.13726005600468
-5.368659434621484;0.13590977873543
-5.36684177831975;0.13457289032079
-5.3650332257889675;0.1332492559298
-5.36323372934052;0.1319387421306
-5.361443241566757;0.1306412168742
-5.359661715338882;0.12935654948050
-5.357889103804859;0.1280846106222
-5.356125360387351;0.1268252723110
-5.354370438781667;0.12557840788231
-5.3526242929537435;0.12434389198112
-5.350886877138134;0.12312160054775
-5.349158145836029;0.12191141080365
-5.347438053813292;0.12071320123756
-5.3457265560985165;0.11952685159174
-5.344023607981102;0.11835224284833
-5.3423291650093505;0.11718925721599
-5.340643182988583;0.11603777811659
-5.338965617979274;0.11489769017207
-5.337296426295202;0.11376887919151
-5.335635564501626;0.11265123215832
-5.333982989413471;0.11154463721755
-5.33233865809354;0.11044898366341
-5.330702527850738;0.10936416192686
-5.329074556238315;0.10829006356344
-5.327454701052129;0.10722658124113
-5.32584292032892;0.10617360872847
-5.324239172344611;0.10513104088271
-5.322643415612613;0.10409877363817
-5.321055608882157;0.10307670399469
-5.319475711136634;0.10206473000625
-5.31790368159196;0.1010627507697
-5.31633947969495;0.10007066641367
-5.3147830651217065;0.09908837808741
-5.31323439777603;0.0981157879501
-5.311693437787841;0.09715279916000
-5.310160145511613;0.09619931586378
-5.3086344815248285;0.09525524318609
-5.307116406626443;0.0943204872191
-5.305605881835369;0.09339495501237
-5.3041028683889655;0.09247855456239
-5.302607327741551;0.09157119480288
-5.301119221562928;0.09067278559466
-5.299638511736916;0.08978323771591
-5.298165160359902;0.08890246285244
-5.296699129739409;0.08803037358812
-5.295240382392666;0.08716688339536
-5.293788881045202;0.08631190662579
-5.292344588629448;0.08546535850092
-5.290907468283353;0.08462715510303
-5.28947748334901;0.08379721336607
-5.288054597371298;0.0829754510667
-5.286638774096534;0.08216178681556
-5.28522997747114;0.08135614004818
-5.283828171640314;0.08055843101668
-5.282433320946726;0.07976858078099
-5.281045389929213;0.07898651120046
-5.279664343321492;0.07821214492544
-5.278290146050883;0.0774454053890
-5.276922763237043;0.07668621679883
-5.275562160190715;0.07593450412897
-5.274208302412477;0.07519019311193
-5.272861155591517;0.07445321023073
-5.271520685604407;0.07372348271108
-5.270186858513891;0.0730009385136
-5.268859640567687;0.07228550632618
-5.267538998197293;0.07157711555641
-5.26622489801681;0.07087569632406
-5.264917306821768;0.07018117945369
-5.263616191587969;0.06949349646734
-5.262321519470336;0.06881257957722
-5.26103325780177;0.06813836167860
-5.259751374092021;0.06747077634269
-5.258475836026566;0.06680975780963
-5.257206611465498;0.06615524098156
-5.255943668442421;0.06550716141576
-5.254686975163357;0.06486545531786
-5.253436500005663;0.06423005953512
-5.252192211516956;0.06360091154981
-5.250954078414042;0.06297794947264
-5.249722069581862;0.06236111203624
-5.248496154072445;0.06175033858879
-5.2472763011038595;0.061145569087606
-5.246062480059191;0.0605467440928
-5.244854660485511;0.05995380476147
-5.243652812092866;0.05936669284076
-5.2424569047532685;0.05878535066253
-5.2412669084997;0.05820972113700
-5.240082793525116;0.05763974774682
-5.238904530181467;0.057075374541227
-5.237732088978723;0.056516546130187
-5.236565440583904;0.055963207678656
-5.235404555820122;0.055415304900869
-5.234249405665628;0.05487278405470
-5.233099961252869;0.054335591936088
-5.231956193867546;0.05380367587351
-5.2308180749476945;0.0532769837225
-5.229685576082751;0.05275546386046
-5.228558669012645;0.052239065180831
-5.2274373256268865;0.05172773708831
-5.226321517963668;0.05122142949337
-5.225211218208968;0.050720092807167
-5.224106398695667;0.05022367793634
-5.223007031902663;0.049732136278035
-5.221913090454001;0.04924541971484
-5.220824547118007;0.048763480609873
-5.219741374806423;0.04828627180181
-5.218663546573558;0.047813746600126
-5.217591035615437;0.04734585878019
-5.216523815268964;0.04688256257862
-5.215461859011084;0.046423812688512
-5.214405140457957;0.04596956425479
-5.213353633364137;0.04551977286967
-5.21230731162175;0.04507439456805
-5.211266149259692;0.044633385823018
-5.21023012044282;0.04419670354140
-5.209199199471159;0.043764305059373
-5.208173360779102;0.0433361481380
-5.207152578934634;0.04291219095926
-5.206136828638544;0.04249239212115
-5.205126084723655;0.04207671063405
-5.204120322154051;0.04166510591627
-5.203119516024318;0.04125753778995
-5.202123641558786;0.040853966476984
-5.201132674110771;0.04045435259494
-5.200146589161836;0.04005865715311
-5.199165362321045;0.03966684154847
-5.198188969324228;0.039278867561799
-5.197217386033252;0.03889469735378
-5.196250588435291;0.03851429346119
-5.19528855264211;0.03813761879305
-5.194331254889351;0.037764636626870
-5.193378671535817;0.03739531060495
-5.1924307790627715;0.03702960473070
-5.1914875540732375;0.03666748336495
-5.190548973291302;0.03630891122236
-5.189615013561427;0.0359538533679
-5.188685651847762;0.035602275213214
-5.187760865233464;0.035254142513219
-5.186840630920024;0.03490942136259
-5.185924926226592;0.03456807819236
-5.185013728589315;0.03423007976652
-5.18410701556067;0.03389539317865
-5.183204764808813;0.033563985848652
-5.182306954116919;0.03323582551938
-5.181413561382541;0.03291088025349
-5.180524564616961;0.03258911843014
-5.179639941944553;0.0322705087418
-5.178759671602148;0.031955020191307
-5.177883731938401;0.031642622088332
-5.17701210141317;0.031333284046706
-5.176144758596886;0.031026975981155
-5.175281682169943;0.030723668104324
-5.174422850922078;0.0304233309237
-5.173568243751767;0.030125935239072
-5.172717839665614;0.029831452138756
-5.171871617777753;0.029539852997541
-5.17102955730925;0.029251109473398
-5.170191637587509;0.028965193504718
-5.169357838045683;0.028682077307507
-5.168528138222088;0.028401733372603
-5.167702517759621;0.02812413446291
-5.166880956405184;0.027849253610709
-5.166063434009107;0.02757706411489
-5.165249930524581;0.027307539538378
-5.164440426007089;0.02704065370539
-5.163634900613845;0.026776380698902
-5.162833334603232;0.02651469485800
-5.162035708334252;0.026255570775382
-5.1612420022659675;0.025998983294738
-5.160452196956959;0.02574490750831
-5.159666273064775;0.025493318754395
-5.158884211345396;0.025244192614848
-5.158105992652694;0.024997504912693
-5.157331597937898;0.02475323170969
-5.156561008249066;0.024511349303964
-5.155794204730554;0.024271834227625
-5.155031168622492;0.024034663244455
-5.15427188126027;0.02379981334758
-5.153516324074011;0.023567261757196
-5.152764478588065;0.02333698591828
-5.152016326420491;0.02310896349838
-5.151271849282558;0.022883172385365
-5.150531028978235;0.022659590685246
-5.149793847403688;0.022438196719999
-5.149060286546789;0.02221896902541
-5.148330328486615;0.022001886348947
-5.14760395539296;0.021786927647646
-5.146881149525842;0.021574072086032
-5.146161893235024;0.021363299034046
-5.145446168959525;0.02115458806500
-5.144733959227145;0.02094791895356
-5.144025246653987;0.020743271673741
-5.14332001394398;0.020540626396902
-5.142618243888415;0.020339963489815
-5.141919919365471;0.020141263512701
-5.141225023339755;0.019944507217314
-5.1405335388618365;0.01974967554503
-5.1398454490677885;0.01955674962497
-5.139160737178734;0.019365710772128
-5.138479386500389;0.019176540485524
-5.137801380422616;0.018989220446378
-5.13712670241897;0.018803732516300
-5.13645533604626;0.018620058735497
-5.1357872649441;0.018438181320999
-5.135122472834474;0.0182580826649
-5.134460943521296;0.018079745332637
-5.133802660889976;0.017903152061237
-5.133147608906989;0.017728285757648
-5.132495771619444;0.01755512949703
-5.13184713315466;0.017383666521102
-5.131201677719738;0.017213880236473
-5.130559389601141;0.01704575421302
-5.129920253164278;0.01687927218227
-5.129284252853082;0.01671441803577
-5.128651373189598;0.016551175823569
-5.128021598773574;0.01638952975254
-5.127394914282048;0.016229464184930
-5.126771304468943;0.01607096363675
-5.126150754164662;0.015914012776313
-5.125533248275687;0.015758596422645
-5.124918771784178;0.015604699544067
-5.124307309747578;0.01545230725668
-5.123698847298215;0.01530140482290
-5.123093369642911;0.015151977650046
-5.122490862062594;0.015004011288837
-5.121891309911905;0.014857491432040
-5.121294698618817;0.0147124039130
-5.120701013684249;0.014568734704405
-5.120110240681685;0.014426469916612
-5.119522365256796;0.01428559579657
-5.118937373127064;0.014146098726366
-5.118355250081404;0.014007965221831
-5.117775981979794;0.013871181931304
-5.117199554752906;0.013735735634279
-5.1166259544017345;0.013601613240115
-5.116055166997234;0.013468801786755
-5.1154871786799525;0.013337288439455
-5.114921975659671;0.013207060489522
-5.114359544215045;0.01307810535307
-5.113799870693243;0.012950410569798
-5.113242941509595;0.012823963801745
-5.112688743147238;0.012698752832104
-5.112137262156763;0.012574765564014
-5.111588485155866;0.012451990019380
-5.111042398829002;0.012330414337699
-5.110498989927039;0.012210026774895
-5.1099582452669114;0.012090815702178
-5.1094201517312845;0.011972769604897
-5.108884696268209;0.011855877081420
-5.1083518658907865;0.01174012684201
-5.107821647676832;0.01162550770774
-5.107294028768542;0.01151200860938
-5.106768996372161;0.011399618586318
-5.106246537757653;0.011288326785488
-5.10572664025837;0.011178122460322
-5.105209291270727;0.011068994969688
-5.104694478253881;0.01096093377685
-5.104182188729403;0.010853928448449
-5.103672410280961;0.010747968653463
-5.103165130553997;0.010643044162223
-5.102660337255413;0.010539144845395
-5.102158018153255;0.010436260673000
-5.101658161076397;0.010334381713434
-5.101160753914232;0.01023349813249
-5.100665784616358;0.010133600192426
-5.100173241192273;0.010034678250965
-5.099683111711066;0.009936722760400
-5.099195384301113;0.009839724266645
-5.098710047149772;0.009743673408310
-5.098227088503082;0.009648560915792
-5.097746496665464;0.009554377610371
-5.097268259999422;0.009461114403315
-5.096792366925243;0.009368762294990
-5.096318805920707;0.009277312373990
-5.09584756552079;0.009186755816262
-5.095378634317374;0.00909708388424
-5.094912000958954;0.009008287926032
-5.094447654150351;0.008920359374504
-5.0939855826524285;0.008833289746516
-5.0935257752817975;0.008747070642061
-5.093068220910543;0.008661693743453
-5.0926129084659335;0.008577150814519
-5.092159826930146;0.008493433699794
-5.091708965339983;0.008410534323730
-5.091260312786593;0.008328444689906
-5.090813858415202;0.008247156880256
-5.090369591424829;0.008166663054290
-5.089927501068019;0.008086955448338
-5.089487576650571;0.00800802637479
-5.089049807531262;0.00792986822135
-5.088614183121583;0.00785247345030
-5.088180692885475;0.007775834597762
-5.087749326339052;0.007699944272957
-5.087320073050349;0.007624795157518
-5.0868929226390485;0.007550380004755
-5.086467864776225;0.0074766916389594
-5.086044889184082;0.007403722954700
-5.085623985635696;0.007331466916141
-5.085205143954755;0.007259916556350
-5.084788354015306;0.007189064976624
-5.084373605741496;0.007118905345821
-5.083960889107325;0.00704943089969
-5.083550194136388;0.006980634940228
-5.083141510901626;0.006912510835005
-5.08273482952508;0.006845052016544
-5.082330140177637;0.006778251981669
-5.08192743307879;0.006712104290879
-5.081526698496388;0.006646602567720
-5.081127926746393;0.006581740498168
-5.080731108192638;0.006517511830011
-5.080336233246586;0.0064539103722
-5.079943292367087;0.006390929994489
-5.079552276060145;0.006328564626349
-5.079163174878674;0.006266808256871
-5.078775979422264;0.006205654933937
-5.078390680336949;0.006145098763689
-5.078007268314968;0.0060851339099634
-5.077625734094536;0.006025754593715
-5.077246068459611;0.005966955092466
-5.076868262239667;0.005908729739746
-5.076492306309459;0.005851072924540
-5.076118191588801;0.005793979090749
-5.075745909042338;0.005737442736650
-5.075375449679319;0.00568145841435
-5.075006804553374;0.005626020729308
-5.0746399647622935;0.005571124339716
-5.074274921447802;0.005516763956077
-5.07391166579534;0.005462934340641
-5.073550189033845;0.005409630306914
-5.073190482435534;0.005356846719146
-5.0728325373156835;0.005304578491840
-5.072476345032416;0.005252820589257
-5.072121896986484;0.005201568024929
-5.071769184621058;0.005150815861171
-5.071418199421509;0.005100559208610
-5.071068932915205;0.005050793225705
-5.070721376671294;0.005001513118283
-5.070375522300497;0.004952714139067
-5.070031361454901;0.004904391587226
-5.069688885827749;0.004856540807913
-5.069348087153237;0.0048091571918129
-5.069008957206309;0.004762236174702
-5.068671487802449;0.004715773237001
-5.0683356707974845;0.004669763903342
-5.068001498087379;0.004624203742127
-5.067668961608035;0.00457908836510
-5.067338053335094;0.004534413426959
-5.067008765283735;0.00449017462485
-5.066681089508481;0.004446367698038
-5.066355018103;0.004402988427449
-5.0660305431999095;0.004360032635275
-5.0657076569705835;0.004317496184563
-5.065386351624957;0.004275374978822
-5.065066619411335;0.004233664961619
-5.064748452616201;0.004192362116192
-5.0644318435640265;0.004151462465059
-5.064116784617079;0.004110962069632
-5.063803268175238;0.004070857029841
-5.063491286675803;0.004031143483749
-5.063180832593311;0.003991817607183
-5.062871898439346;0.003952875613367
-5.062564476762361;0.003914313752548
-5.062258560147487;0.00387612831163
-5.061954141216356;0.003838315613856
-5.061651212626915;0.003800872018369
-5.0613497670732475;0.003763793919941
-5.061049797285394;0.0037270777485876
-5.060751296029172;0.0036907199692240
-5.060454256105996;0.0036547170813293
-5.060158670352705;0.003619065618605
-5.059864531641382;0.0035837621486419
-5.05957183287918;0.003548803272584
-5.059280567008147;0.003514185624807
-5.058990727005056;0.003479905872585
-5.0587023058812255;0.003445960715772
-5.058415296682354;0.0034123468864874
-5.058129692488348;0.003379061148789
-5.057845486413147;0.003346100298373
-5.057562671604559;0.0033134611622543
-5.0572812412440955;0.003281140598464
-5.057001188546794;0.003249135495747
-5.0567225067610595;0.0032174427732584
-5.056445189168497;0.003186059380267
-5.056169229083746;0.0031549822958623
-5.055894619854317;0.003124208528658
-5.055621354860425;0.00309373511650
-5.055349427514833;0.003063559126219
-5.055078831262686;0.0030336776532634
-5.054809559581353;0.003004087821501
-5.0545416059802655;0.0029747867829065
-5.054274964000757;0.0029457717172834
-5.054009627215908;0.002917039832001
-5.053745589230388;0.002888588361721
-5.053482843680296;0.0028604145681309
-5.053221384233007;0.0028325157396773
-5.0529612045870165;0.0028048891913078
-5.052702298471787;0.0027775322642093
-5.052444659647592;0.0027504423255517
-5.052188281905367;0.0027236167682340
-5.051933159066554;0.00269705301063
-5.051679284982952;0.002670748496349
-5.051426653536567;0.0026447006939701
-5.0511752586394625;0.0026189070968158
-5.050925094233608;0.002593365222701
-5.050676154290733;0.0025680726136982
-5.050428432812182;0.002543026835892
-5.050181923828761;0.0025182254791556
-5.049936621400601;0.0024936661569069
-5.049692519617004;0.0024693465058863
-5.0494496125963035;0.0024452641859245
-5.04920789448572;0.0024214168797177
-5.048967359461217;0.0023978022926040
-5.048728001727361;0.0023744181523416
-5.048489815517177;0.002351262208889
-5.04825279509201;0.0023283322341914
-5.0480169347413835;0.0023056260219582
-5.047782228782861;0.002283141387457
-5.047548671561908;0.0022608761673022
-5.047316257451752;0.002238828219240
-5.0470849808532465;0.002216995421950
-5.046854836194735;0.002195375674835
-5.046625817931914;0.002173966897819
-5.046397920547697;0.0021527670311504
-5.046171138552084;0.002131774035195
-5.045945466482022;0.0021109858902505
-5.045720898901275;0.0020904005963406
-5.045497430400293;0.0020700161730295
-5.045275055596077;0.002049830659227
-5.045053769132049;0.002029842113003
-5.044833565677922;0.002010048611396
-5.044614439929569;0.001990448250229
-5.044396386608897;0.001971039143926
-5.044179400463712;0.001951819425333
-5.0439634762675984;0.0019327872455316
-5.043748608819787;0.0019139407736667
-5.043534792945032;0.001895278196766
-5.043322023493479;0.0018767977195695
-5.043110295340547;0.001858497564349
-5.0428996033867985;0.0018403759707446
-5.042689942557818;0.0018224311955897
-5.042481307804086;0.0018046615127454
-5.042273694100859;0.001787065212933
-5.042067096448046;0.001769640603569
-5.041861509870087;0.0017523860086034
-5.041656929415832;0.0017352997683556
-5.041453350158419;0.0017183802393565
-5.041250767195158;0.0017016257941891
-5.041049175647407;0.0016850348213316
-5.040848570660458;0.0016686057250024
-5.040648947403416;0.001652336925005
-5.040450301069082;0.001636226856579
-5.040252626873838;0.0016202739702444
-5.040055920057527;0.0016044767316549
-5.039860175883341;0.0015888336214508
-5.039665389637705;0.001573343135110
-5.039471556630161;0.0015580037828080
-5.039278672193258;0.0015428140892654
-5.039086731682432;0.0015277725936144
-5.038895730475899;0.001512877849253
-5.03870566397454;0.0014981284237099
-5.038516527601789;0.001483522898499
-5.038328316803527;0.0014690598689915
-5.038141027047963;0.001454737944273
-5.037954653825531;0.0014405557470158
-5.037769192648775;0.0014265119133402
-5.0375846390522465;0.001412605092687
-5.03740098859239;0.0013988339476880
-5.037218236847439;0.0013851971540320
-5.037036379417307;0.0013716934003427
-5.036855411923481;0.001358321388049
-5.036675330008916;0.0013450798312628
-5.0364961293379285;0.001331967456650
-5.0363178055960915;0.0013189830033154
-5.03614035449013;0.001306125222672
-5.035963771747817;0.0012933928783291
-5.03578805311787;0.001280784745967
-5.035613194369847;0.001268299613224
-5.035439191294044;0.0012559362795758
-5.035266039701394;0.0012436935562203
-5.0350937354233665;0.0012315702659652
-5.034922274311863;0.0012195652431129
-5.034751652239118;0.0012076773333485
-5.034581865097601;0.0011959053936286
-5.034412908799914;0.0011842482920712
-5.034244779278694;0.0011727049078464
-5.034077472486514;0.0011612741310691
-5.033910984395784;0.0011499548626911
-5.033745310998657;0.0011387460143960
-5.033580448306926;0.001127646508494
-5.033416392351935;0.0011166552778184
-5.033253139184474;0.001105771265621
-5.033090684874691;0.0010949934254760
-5.032929025511993;0.0010843207211694
-5.03276815720495;0.001073752126608
-5.032608076081207;0.001063286625717
-5.032448778287382;0.0010529232123436
-5.0322902599889785;0.0010426608901558
-5.03213251737029;0.0010324986725520
-5.03197554663431;0.001022435582562
-5.0318193440026375;0.0010124706527581
-5.031663905715386;0.0010026029251528
-5.031509228031094;0.000992831451115
-5.031355307226633;0.0009831552912765
-5.031202139597118;0.0009735735154380
-5.031049721455819;0.0009640852024839
-5.030898049134068;0.0009546894402912
-5.030747118981174;0.0009453853256424
-5.030596927364334;0.0009361719641383
-5.030447470668543;0.0009270484701117
-5.030298745296509;0.000918013966542
-5.030150747668565;0.0009090675849734
-5.030003474222583;0.0009002084654251
-5.029856921413884;0.0008914357563148
-5.029711085715161;0.0008827486143736
-5.029565963616383;0.0008741462045652
-5.029421551624717;0.0008656277000058
-5.029277846264442;0.0008571922818843
-5.029134844076865;0.0008488391393832
-5.028992541620237;0.0008405674696011
-5.028850935469669;0.0008323764774750
-5.028710022217051;0.0008242653757035
-5.028569798470968;0.0008162333846717
-5.028430260856617;0.00080827973237
-5.0282914060157315;0.0008004036543469
-5.028153230606492;0.0007926043935823
-5.028015731303449;0.0007848812004670
-5.027878904797445;0.0007772333327050
-5.027742747795531;0.0007696600552464
-5.027607257020887;0.0007621606402173
-5.027472429212745;0.0007547343668492
-5.027338261126309;0.0007473805214102
-5.027204749532677;0.0007400983971356
-5.027071891218762;0.0007328872941604
-5.026939682987215;0.0007257465194516
-5.026808121656347;0.0007186753867415
-5.0266772040600545;0.0007116732164617
-5.02654692704774;0.0007047393356780
-5.026417287484238;0.0006978730780248
-5.0262882822497374;0.000691073783641
-5.026159908239708;0.0006843407991099
-5.0260321623648245;0.0006776734773885
-5.025905041550892;0.0006710711777534
-5.025778542738772;0.0006645332657346
-5.025652662884308;0.0006580591130559
-5.0255273989582525;0.0006516480975737
-5.025402747946193;0.0006452996032177
-5.02527870684848;0.0006390130199314
-5.025155272680156;0.0006327877436129
-5.025032442470879;0.0006266231760578
-5.024910213264856;0.000620518724900
-5.024788582120767;0.0006144738035579
-5.024667546111697;0.0006084878311727
-5.024547102325066;0.0006025602325572
-5.024427247862554;0.0005966904381386
-5.024307979840037;0.0005908778839036
-5.0241892953875125;0.0005851220113443
-5.024071191649034;0.0005794222674045
-5.0239536657826385;0.0005737781044263
-5.023836714960281;0.0005681889800977
-5.023720336367766;0.0005626543573999
-5.023604527204674;0.00055717370455
-5.023489284684303;0.0005517464949802
-5.023374606033595;0.0005463722072257
-5.0232604884930705;0.000541050324936
-5.023146929316761;0.0005357803367951
-5.023033925772146;0.0005305617364767
-5.022921475140083;0.0005253940225974
-5.022809574714745;0.0005202766986675
-5.0226982218035525;0.000515209273043
-5.022587413727111;0.0005101912588796
-5.022477147819146;0.000505222174083
-5.022367421426436;0.0005003015412677
-5.022258231908752;0.00049542888770
-5.022149576638791;0.0004906037452776
-5.022041453002115;0.0004858256504444
-5.021933858397086;0.0004810941441834
-5.021826790234804;0.0004764087719541
-5.021720245939045;0.0004717690836526
-5.021614222946199;0.00046717463356798
-5.0215087187052045;0.0004626249803396
-5.021403730677493;0.00045811968691465
-5.021299256336924;0.00045365832050600
-5.021195293169725;0.0004492404525505
-5.021091838674428;0.0004448656586680
-5.020988890361815;0.00044053351862030
-5.020886445754855;0.0004362436162705
-5.020784502388643;0.00043199553954
-5.020683057810339;0.00042778888038581
-5.020582109579116;0.0004236232347267
-5.020481655266093;0.00041949820243908
-5.020381692454282;0.0004154133873009
PointOptimal;ValeurOptimale
[-5.02038169];0.0004154133873009316
Temps;Nb iteration
0.037313222885131836;982