Point;Valeur
-3.0493173905427673 -1.8805352104168724;8.347492457485
-1.9593174305688026 -2.970535177993332;7.975300010332
-2.291082729952797 -2.9996846174690845;9.539682898643
-1.4000495452679942 -2.6640367176634565;9.134908274023
-1.1110552214504135 -2.6006480265624043;8.3311194624
-0.7060196721154415 -2.6201296722220757;8.486214365042
-0.9016901346245442 -2.4766346864547626;8.024735548554
-1.0484579094685211 -1.9619705018439042;5.497622925037
-0.5894408286557575 -1.991474953703453;6.729340113796
-0.7496788725050607 -1.5961109793447448;6.4707074013336
-0.9006013184817778 -1.422330748792464;5.990868027043
-0.9774441490778216 -0.8283129972302202;3.955168222064
-0.8614460456373743 -1.4536921586962013;6.114608994299
-0.9829046816049163 -1.0785357667105566;3.8940614293436
-0.8918838208295341 -0.44882713916756733;4.433838678091
-0.8412231745331428 -0.2218328717550193;3.601454721318
-1.0207340589105403 0.2855575885233631;4.032743939891
-0.6536936417273476 -0.18304984414364217;3.626154067097
-0.6423340491238294 0.11062834172431224;3.4058646191619
-0.6532896904741373 -0.11412719293170562;3.4130719200058
-0.6897631174205331 0.11568739087179358;3.3939085196978
-0.8158684201208277 -0.12948126393867262;3.1996623800101
-1.117516962350043 0.2141145523136391;4.072396473188
-0.5229017936122908 -0.1870657245803302;3.4897970733723
-0.3073117738514278 0.0336443965080748;2.2067538270869
0.27136801027705626 -0.05392788194741495;1.9869569977243
-0.27758356555301955 0.09842085095535656;2.1554319012328
0.18692283128541265 -0.1453178487951753;1.7303198540337
-0.2478788137856719 0.24131822525505542;2.638707034358
0.06494972258380727 -0.08756664645834822;0.6009356457027
-0.2101171754525582 0.28875005298497053;2.699796784315
0.05531310824175345 -0.01691962842882122;0.2504309575932
-0.2486099712698761 0.08204244409560671;1.893451718389
0.1388354757054317 -0.1065506601011934;1.165890774306
-0.2119326559770528 0.20847866386281977;2.2609808170123
0.06835713327999998 -0.10205248055637423;0.7106861115496
-0.1501915042737103 0.242085507312096;2.133325473479
0.07858616371275798 -0.08285492737413075;0.6421138959414
-0.1705749767616254 0.19213023626308318;1.9143501414993
0.09489942050928693 -0.10743910035615029;0.8850745999809
-0.15536830908324276 0.18140791349209184;1.7519377454532
0.09945416873301752 -0.10995733808608738;0.9279820090908
-0.14558562378202664 0.16245348814099925;1.5640001941613
0.1062872648659475 -0.11440034757588607;0.9977552899849
-0.13526165666409595 0.14493519857897297;1.3810775457391
0.11109833472647071 -0.1164411828589596;1.0405334511232
-0.12565482759611882 0.1303704996528383;1.2231722913257
0.11281487807576185 -0.11552825354527604;1.0453689880490
-0.117859818612855 0.11950699496792266;1.102795689318
0.11163131551950525 -0.11237308523523576;1.0178307383755
-0.11196466320159296 0.11191357135356667;1.0170274984883
0.1086534494230281 -0.10825044185678986;0.9731861085375
-0.10729925563823489 0.10645872665303444;0.9535409528642
0.10499065363204457 -0.10412083370775618;0.9246677674108
-0.10325256356965642 0.10219176220545087;0.9020201273206
0.10127627562829139 -0.10037398838772935;0.8787124298339
-0.09956420434791327 0.09860446006965351;0.8574544501375
0.09776192414003246 -0.09705298106926913;0.8370877806283
-0.09617693313147033 0.09546348204230129;0.8179265304349
0.09452522106563879 -0.09409055788570467;0.7997693523526
-0.09308669292915286 0.09265027407696758;0.7825897649971
0.0915814326222971 -0.09141364631301546;0.7663163088395
-0.0902876799867004 0.09009382952297804;0.7508923622739
0.08892183095732883 -0.08896782431331715;0.7362658365045
-0.08776367852391034 0.08774839214638949;0.7223849540626
0.08652615616820852 -0.08671642634628235;0.7092051212932
-0.08549096239424792 0.08558413364232087;0.6966813076118
0.08436845610935875 -0.08463534530835942;0.6847748758314
-0.0834422469856212 0.0835814135125296;0.6734466671566
0.08242086183331185 -0.0827084479085281;0.6626632186753
-0.08158974393945942 0.08172675543475078;0.6523904533967
0.08065613867423874 -0.08092424145479385;0.6425993249811
-0.07990719973526678 0.08001008576121044;0.6332602467648
0.07904927817727878 -0.07927363561515255;0.6243478755603
-0.07837108720251504 0.0784229456571863;0.6158366354674
0.07757834186372775 -0.07774854532575881;0.6077042627690
-0.07696115052196106 0.07695742496663863;0.5999287581149
0.07622475431237577 -0.07634110446770048;0.5924904258539
-0.07566049022614502 0.07560560814521708;0.5853704207489
0.0749732195058167 -0.07504330325679465;0.5785512181382
-0.07445534731992526 0.07435936653113337;0.5720167078448
0.07381140388877178 -0.07384690397544405;0.5657512412194
-0.07333471367644512 0.07321037006000325;0.5597410338202
0.07272949731335052 -0.07274352497572434;0.5539720997371
-0.07228986440819382 0.07215022334917431;0.5484325932048
0.07171973299190576 -0.07172481152176746;0.5431100363257
-0.07131387972024283 0.07117065702225917;0.5379941701521
0.07077592160017471 -0.07078263543815169;0.5330739064136
-0.07040120033143746 0.0702637260716448;0.5283402663022
0.06989303386861684 -0.06990928425186294;0.5237834507053
-0.06954724221434228 0.06942198400493121;0.5193955051683
0.06906684998940751 -0.06909761582225443;0.5151678238315
-0.068748082701557 0.06863861508514618;0.5110932728191
0.06829368258793028 -0.06834116627125641;0.5071643400212
-0.06800022025707064 0.06790751732480094;0.5033745579213
0.06757017194069237 -0.06763420806631157;0.49971740158912
-0.06730040367513904 0.06722333650027806;0.496186959467
0.06689314682730393 -0.06697176132548774;0.49277758077734
-0.06664552229497817 0.06658145660980416;0.4894838358228
0.06625954127722436 -0.0663495655147125;0.48630083120551
-0.066032546544877 0.06597795511486981;0.48322357303558
0.06566635594936587 -0.06576402075502688;0.4802478092638
-0.06545850730137515 0.06540953275323635;0.47736895515788
0.06511065257250268 -0.06521210861353924;0.474583289325
-0.06492050269426994 0.06487342762006265;0.47188662137046
0.06458957052332306 -0.06469130180163082;0.4692756594340
-0.06441572200357451 0.0643673224838251;0.4667465978321
0.06410035581308579 -0.06419947108091748;0.46429648596667
-0.06394147770840383 0.06388925287238562;0.46192189336555
0.06364039445660172 -0.06373479607037177;0.4596201373304
-0.06349523857202874 0.06343752178353917;0.4573881497102
0.06320724398586905 -0.06329568498634877;0.4552234580843
-0.06307465847908661 0.06301062520324663;0.45312333842990
0.06279865878723048 -0.06288070661577463;0.4510854862083
-0.06267759758545507 0.06260719088521266;0.4491074974609
0.06241260665141743 -0.062488536220594665;0.44718720702524
-0.062302133977856056 0.06222593140778958;0.4453225015103
0.06204727546442697 -0.06211791572935421;0.4435113384495
-0.06194656543474637 0.061865611271963356;0.4417518614158
0.061701070219757126 -0.06176762746936569;0.4400421431
-0.06160940195546741 0.061525026845585376;0.43838054838
0.061372601440718114 -0.061436479860266915;0.43676526402936
-0.061289350516143384 0.061202997237572235;0.43519483961255
0.06106066675371488 -0.06112330291386081;0.4336675792506
-0.060985293979180094 0.060898363829714974;0.4321821825803
0.06076422763515056 -0.06082695117442555;0.4307370751979
-0.06069626624707716 0.060609995998371954;0.42933107539468
0.06048238350295487 -0.0605463116183181;0.42796273414600
-0.06042142579928546 0.060336800623410555;0.42663096126784
0.060214345158004334 -0.06028031420066211;0.4253344351613
-0.06016002951179952 0.06007773318893668;0.42407213520820
0.05995940933913675 -0.0600279430555776;0.42284286645857
-0.059911408332469926 0.05983180866837784;0.4216456613796
0.05971693582085398 -0.05978824667977241;0.4204794476750
-0.0596749460487325 0.05959811074160361;0.4193432997322
0.0594863280220579 -0.05956034594478299;0.41823626081382
-0.05945006191979198 0.05937579841630089;0.4171574408344
0.05926701772757388 -0.05934343917046146;0.41610598874155
-0.05923619754916716 0.05916410948459869;0.4150810476802
0.05905845411593175 -0.059136803930147724;0.4140818603041
-0.059032808025828803 0.058962360697019975;0.41310760378117
0.058860096923935304 -0.0589397956344853;0.4121576012222
-0.058839357019236344 0.05876994484308132;0.411231066706
0.05867141333187234 -0.05875184322404113;0.41032739014405
-0.058655315298106456 0.058586325182795954;0.4094458264620
0.05849187793137657 -0.05857244250104879;0.4085858191659
-0.05848016196042839 0.05841102785212472;0.40774666812111
0.058320975027503164 -0.05840114777857344;0.4069278583447
-0.05831338760536724 0.05824363293900403;0.40612873821792
0.0581582024883765 -0.05823756257928657;0.40534882383266
-0.05815449865615753 0.05808376496056285;0.40458751451552
0.0580030763634313 -0.05808133006851418;0.40384434909142
-0.05800302209981033 0.057931083413680265;0.4031187787565
0.05785513557783216 -0.05793212387946789;0.40241035894691
-0.05785850998571418 0.05778527399168196;0.4017185920076
0.057713946130008034 -0.0577896398344666;0.40104304608536
-0.05772054321511226 0.0576460409107295;0.40038327241318
0.057579104376701676 -0.05765358896698261;0.39973884988031
-0.05758873423349027 0.05751310066149566;0.3991093749457
0.05745023910260069 -0.05752369205800115;0.39849443706367
-0.057462728446930164 0.05738617736988359;0.3978936731233
0.057327012267948646 -0.05739967580943933;0.3973066842678
-0.05734220431258033 0.057264999747815876;0.39673314230990
0.05720911844613687 -0.05728127057910058;0.3961726620863
-0.05722687214006353 0.057149299589407815;0.3956249445207
0.05709628306115899 -0.05716820956462232;0.395089620600
-0.05711647182444793 0.05703881157159457;0.3945664145976
0.05698825965670459 -0.05706022917028153;0.3940549761714
-0.05701076971665919 0.056933274115105195;0.39355504754227
0.056884826441933226 -0.05695707028210058;0.3930662993243
-0.056909554931054915 0.056832431008472586;0.3925884869955
0.05678578243252225 -0.05685848015065634;0.3921213037923
-0.056812635381503565 0.056736033462611565;0.3916645146471
0.05669094345324503 -0.05676421454923661;0.391217836376
-0.05671983383193975 0.056643842307895986;0.3907810405479
0.056600138292628416 -0.056674039935226544;0.39035386769179
-0.056630984215615715 0.05655563006045347;0.3899360942220
0.05651320523819421 -0.0565877353718883;0.3895274837213
-0.056545928414667934 0.05647118266396588;0.38912781655244
0.05642998912171743 -0.05650509404100476;0.388736877959
-0.05646451363062456 0.05639030073452768;0.38835445222923
0.05635033904142352 -0.056425924205137534;0.38798034426467
-0.0563865904511697 0.056312800235567506;0.38761434290262
0.05627410676894923 -0.05635004957884683;0.38725627024425
-0.056312011598931774 0.056238512544061245;0.38690592077578
0.05620114584420503 -0.05627730909774739;0.3865631311274
-0.05624063136424598 0.05616728393919351;0.38622770278534
0.056131311303183606 -0.056207556152455956;0.3858994841716
-0.0561723055940799 0.05609897460101829;0.3855782851682
0.056064459918729284 -0.05614065736615012;0.3852639633999
-0.0561068921672425 0.05603345719494983;0.38495633843563
0.05600045086569151 -0.056076491033607526;0.38465527480176
-0.05604425180474247 0.05597061520815304;0.3843606028165
0.05593914664400898 -0.056014945369847705;0.38407219190545
-0.055984249064417124 0.055910341129241536;0.38378988388406
0.05588041411917338 -0.055955916684279225;0.38351355160104
-0.05592675340434708 0.05585253464714966;0.3832430486438
0.05582412557605332 -0.05589930760186984;0.3829782502925
-0.055871640191632224 0.055797100935303406;0.38271902180874
0.055770159655054136 -0.05584502546218251;0.38246524037552
-0.05581879154697943 0.05574394916292229;0.38221678240791
0.055718402088051 -0.05579298094701979;0.38197352688613
-0.05576809695094742 0.05569299127123624;0.3817353605535
0.055668746178138814 -0.05574308701971034;0.38150216444590
-0.05571945359373859 0.0556441410661956;0.381273834520
0.05562109299862261 -0.05569525817746458;0.3810502543901
-0.05567276642263386 0.055597313635021184;0.38083132795338
0.05557535130218773 -0.05564941002836192;0.3806169420884
-0.05562794791361533 0.05555242508078985;0.38040700729289
0.05553143716721569 -0.055605459167528765;0.3802014144618
-0.05558491760447905 0.055509392525244436;0.38000007936733
0.0554892734147443 -0.05556332330834733;0.3798028976433
-0.05554360141668062 0.05546813435035751;0.37960978912867
0.055448788870847754 -0.05552292160332435;0.3794206548243
-0.05550393086457728 0.055428570587668605;0.3792354175734
0.05540991751658415 -0.05548417509862889;0.37905398421904
-0.05546584216972504 0.05539062341912357;0.37887627975683
0.05537259759909262 -0.055447007251818586;0.37870221715946
-0.055429275380222465 0.05535421770573097;0.37853172297745
0.055336770763064896 -0.05541134445647346;0.37836471633390
-0.05539417352806092 0.05531928147853109;0.3782011249764
0.055302381254170294 -0.05537711650484023;0.3780408740846
-0.05536048189777745 0.055285746378206824;0.37788389243323
0.0552693752421943 -0.055344256966744984;0.3777301108865
-0.0553281474058257 0.055253547955011834;0.3775794593360
0.05523770028807179 -0.055312703429563445;0.37743187385966
-0.05529711815091497 0.0552226258560467;0.3772872856390
0.05520730495426723 -0.0552823976094802;0.3771456353581
-0.05526734311006129 0.05519292385473028;0.3770068558721
0.0551781386003318 -0.055253285318191445;0.3768708917603
-0.055238771996246896 0.055164389751286666;0.3767376779141
0.05515015129698869 -0.05522531628798878;0.3766071621554
-0.05521135525381472 0.05513697513886942;0.3764792817901
0.05512329388627506 -0.05519844389106898;0.37635398722771
-0.05518504416861879 0.0551106350765251;0.3762312185782
0.055097518145261246 -0.05517262476826221;0.3761109282069
-0.05515979105919795 0.05508532768235318;0.37599305932899
0.05507277699696038 -0.055147818405074905;0.37587756579954
-0.05513554952366942 0.05506101369750885;0.37576439411520
0.05504902477553575 -0.05512398668126295;0.37565349925514
-0.0551122747008293 0.0550376560329735;0.37554483107397
0.055026217484989745 -0.05510109342630416;0.3754383454360
-0.05508992352563866 0.055015219341813276;0.3753339955462
0.05500431303996882 -0.055079104013976185;0.3752317379910
-0.055068454943169906 0.05499366963332465;0.37513152922250
0.05498327145396538 -0.05505798500815455;0.3750333265274
-0.05504783007052223 0.05497297395833435;0.37493708938215
0.05496305497029377 -0.05503770387810872;0.37484277584464
-0.05502801229554441 0.05495310015660458;0.37475034813095
0.05494362812068104 -0.05501822879491099;0.3746597652138
-0.05500896729242856 0.054934016704986405;0.37457099172426
0.05492495770982461 -0.05499952851349611;0.3744839877150
-0.05499066297473475 0.054915692622319406;0.37439871986558
0.054907012731453986 -0.054981572316578894;0.37431514954645
-0.054973069382268425 0.054898097464269366;0.37423324511925
0.05488976422714385 -0.05496433004178074;0.37415296945976
-0.05495615850800399 0.05488120136842152;0.37407429227979
0.054873185091529775 -0.05494777215106611;0.3739971781441
-0.054939904094953015 0.05486497514862135;0.37392159783362
0.05485724986172169 -0.054931869836576344;0.37384751770996
-0.054924281407506506 0.05484939040642693;0.37377490938313
0.054841934474032336 -0.054916595149960584;0.37370374113174
-0.05490926699996988 0.054834419671561746;0.37363398519591
0.054827216039253335 -0.054901921130834974;0.373565611775
-0.05489483848042273 0.05482003652918124;0.373498593671
0.0548130726198366 -0.05488782193451619;0.3734329029343
-0.05488097431420884 0.054806215723433804;0.373368512886
0.05479948304297942 -0.05487427292643998;0.37330539737585
-0.05486765364732213 0.05479293325679417;0.3732435302107
0.05478642674240186 -0.054861250750234944;0.37318288690397
-0.05485485617704297 0.05478016641981148;0.37312344182635
0.05477388365506937 -0.05484873335402274;0.3730651719823
-0.05484256205476418 0.05476789381728098;0.37300805237741
0.05476183413825669 -0.054836699991014176;0.3729520613341
-0.054830751836837235 0.054756095340243185;0.372897174594
0.054750258942329266 -0.05482513117141467;0.3728433715752
-0.054819406467563725 0.05474475210128321;0.37279062890093
0.054739139214502436 -0.05481400859441443;0.37273892690088
-0.05480850730186326 0.05473384635503689;0.37268824313063
0.05472845652708963 -0.054803315039271314;0.37263855869563
-0.05479803614478439 0.054723361385584104;0.3725898521793
0.054718192928159506 -0.05479303426381797;0.37254210528405
-0.05478797530334491 0.054713281386412946;0.3724952976734
0.05470833100603066 -0.05478315086524635;0.3724494115702
-0.054778307664371376 0.054703591335851856;0.37240442774242
0.054698853957348914 -0.05477365016757109;0.372360328820
-0.05476901674799223 0.054694276871824224;0.3723170966750
0.05468974564173154 -0.05476451809364265;0.37227471430852
-0.054760086769162955 0.05468532418164922;0.37223316468354
0.05468099063861988 -0.0547557410733671;0.3721924311483
-0.05475150267923179 0.054676719910442956;0.37215249766251
0.054672574276175515 -0.054747305948180586;0.37211334796992
-0.05474325018885699 0.0546684510863049;0.37207496693930
0.05466448264991951 -0.05473919990853235;0.37203733870948
-0.054735315778311214 0.05466050505356512;0.3720004490034
0.054656702621506376 -0.05473141045491488;0.37196428241441
-0.054727686684842264 0.05465286945967211;0.37192882538058
0.05464922179396771 -0.05472392537016395;0.3718940629920
-0.05472035086756208 0.054645532225349625;0.3718599823225
0.05464202847290976 -0.054716732715369795;0.3718265690038
-0.0547132969633496 0.054638481558617905;0.3717938106614
0.05463511161307419 -0.05470982085116262;0.37176169351025
-0.05470651422908185 0.054631705971792274;0.37173020561437
0.05462846075710161 -0.054703178448827466;0.37169933383168
-0.05469999247696268 0.05462519430726674;0.3716690665961
0.05462206596909837 -0.05469679452814763;0.3716393914111
-0.054693722001425485 0.054618935770899324;0.3716102970294
0.05461591776231704 -0.054690658489655763;0.3715817716231
-0.05468769352151552 0.054612919961501416;0.3715538042092
0.05461000704133602 -0.05468476013729069;0.37152638360556
-0.05468189811139143 0.054607136898206204;0.37149949910210
0.05460432504066995 -0.054679089713707704;0.37147314013505
-0.05467632715187834 0.05460157704724819;0.37144729624079
0.05459886327847714 -0.05467363790877974;0.371421957447
-0.054670972286305894 0.054596231328762054;0.3713971135469
0.05459361351122774 -0.05466839587536461;0.37137275509467
-0.05466582538139164 0.05459109112503721;0.371348872183
0.05458856771958508 -0.05466335522192778;0.37132545584609
-0.0546608785222964 0.054586148266681525;0.37130249646445
0.05458371808222222 -0.054658508000506464;0.37127998550270
-0.05465612398508181 0.05458139502318579;0.3712579136793
0.05457905697807068 -0.05465384668837621;0.3712362728219
-0.0546515542479632 0.05457682407332411;0.37121505400564
0.054574576986820195 -0.05464936415713101;0.37119424937276
-0.05464716199509373 0.05457242847210682;0.3711738503695
0.05457027089841203 -0.054645053637529764;0.3711538494132
-0.05464294012679226 0.054568201618457116;0.3711342383412
0.054566131729728656 -0.05464090868669606;0.37111500981370
-0.054638881779352375 0.054564137217841466;0.37109615605
0.054562152736020705 -0.054636923146225175;0.3710776699119
-0.05463498033226781 0.0545602292416327;0.3710595440316
0.05455832742790029 -0.05463309111098172;0.37104177144536
-0.054631229429160516 0.05455647189951161;0.37102434518583
0.05455464958387536 -0.054629406896056804;0.37100725845340
-0.05462762298364457 0.054552859602672546;0.37099050464009
0.05455111325452598 -0.054625865003631535;0.37097407714048
-0.05462415518838455 0.05454938694249882;0.37095796968646
0.05454771277475691 -0.05462246010679145;0.3709421758564
-0.0546208205182232 0.054546048667176286;0.3709266896864
0.05454444275625428 -0.05461918702556455;0.37091150494802
-0.05461761371944655 0.054542839671085974;0.37089661597030
0.05454129807850572 -0.05461604072871386;0.3708820167239
-0.05461452980090317 0.05453975499330875;0.3708677017870
0.05453827388165497 -0.054613016321615374;0.37085366536427
-0.05461156403021454 0.05453678980563115;0.3708399022303
0.054535365545558726 -0.05461010904503805;0.37082640681527
-0.05460871189830745 0.05453393942035252;0.370813174107
0.05453256868007239 -0.05460731428287732;0.3708001987799
-0.05460596912208998 0.054531199293031296;0.3707874759641
0.05452987909330781 -0.05460462756405936;0.3707750005773
-0.05460333160320664 0.054528565031745704;0.37076276793425
0.054527292781111764 -0.054602044574989086;0.37075077315131
-0.054600795419266546 0.05452603239713631;0.37073901169781
0.054524805900370385 -0.054599561159596424;0.37072747894488
-0.0545983568023351 0.054523597320472975;0.37071617046445
0.05452241475017894 -0.054597173330674126;0.37070508186491
-0.05459601211865972 0.05452125589768489;0.3706942088498
0.05452011576160276 -0.05459487727134224;0.37068354724046
-0.054593757854443134 0.054519004399003465;0.3706730928536
0.054517905476227146 -0.05459266933722755;0.37066284173212
-0.0545915906093527 0.054516839266210204;0.37065278981583
0.05451578054382965 -0.05459054605374289;0.3706429333079
-0.05458950708029803 0.054514757105033756;0.3706332683045
0.054513737714512414 -0.05458850411265832;0.37062379119028
-0.05458750406510961 0.05451275469158537;0.37061449816334
0.0545117738300636 -0.05458654036455479;0.37060538577931
-0.05458557845398922 0.054510828952608434;0.3705964503778
0.05450988582614126 -0.0545846518123768;0.37058768863300
-0.05458372722758016 0.05450897696319358;0.37057909705601
0.05450807073282145 -0.05458283560180352;0.370570672424
-0.054581947464881334 0.05450719593233613;0.3705624113974
0.05450632567915953 -0.054581089002860225;0.37055431087498
-0.054580236342851834 0.0545054831937417;0.37054636764795
0.054504647891163174 -0.054579409405731305;0.37053857872835
-0.05457859114095656 0.054503836190220395;0.37053094104754
0.05450303469793176 -0.0545777943061322;0.37052345170710
-0.05457700923987652 0.05450225246657665;0.3705161077910
0.054501483536931475 -0.05457624129335997;0.3705089064828
-0.05457548813000811 0.05450072965532554;0.370501845000
0.05449999194849196 -0.05457474804434212;0.3704949206218
-0.05457402540356007 0.054499265475715306;0.3704881306849
0.05449855757944676 -0.05457331231366458;0.37048147255550
-0.054572618763890274 0.05449785771812568;0.37047494370749
0.054497178185828 -0.05457193192795272;0.3704685415660
-0.05457126601753118 0.054496504242600524;0.37046226374451
0.054495851628248076 -0.05457060477950754;0.37045610773518
-0.05456996507371312 0.05449520297254887;0.37045007125195
0.05449457586160458 -0.05456932882662087;0.3704441518971
-0.05456871393744847 0.05449395190078911;0.37043834746141
0.0544933489405158 -0.05456810208973546;0.3704326556458
-0.0545675107067268 0.05449274907919882;0.3704270743183
0.05449216900262717 -0.05456692265511742;0.37042160127429
-0.05456635356417698 0.05449159262317019;0.37041623446394
0.05449103427345725 -0.05456578866862484;0.37041097176730
-0.054565240771222503 0.05449048071281001;0.3704058112128
0.05448994305242574 -0.05456469834426482;0.37040075077658
-0.05456417066080023 0.054489411597318335;0.37039578853976
0.05448889370237142 -0.05456364996361672;0.3703909225686
-0.05456314163107738 0.05448838358541297;0.3703861510049
0.05448788465725046 -0.05456264186717237;0.3703814720201
-0.05456215214406829 0.05448739505722362;0.37037688380330
0.05448691440111973 -0.05456167247102345;0.3703723845978
-0.05456120070974102 0.054486444459527786;0.37036797266751
0.05448598147368855 -0.05456074025559651;0.3703636463313
-0.05456028589396998 0.054485530306060376;0.37035940390
0.05448508446427505 -0.05455984376514164;0.3703552437827
-0.054559406305185784 0.05448465117618943;0.37035116433752
0.05448422200268366 -0.05455898161460837;0.37034716403572
-0.05455856060007992 0.054483805714356015;0.3703432413083
0.05448339276649038 -0.054558152477630836;0.37033939467357
-0.05455774747526361 0.054482992623910736;0.3703356226311
0.054482595476878726 -0.05455735508615708;0.3703319237576
-0.054556965672969485 0.05448221066592866;0.37032829660249
0.05448182889527982 -0.05455658822927621;0.37032473980639
-0.054556213976906895 0.05448145865723003;0.3703212519751
0.054481091826637296 -0.05455585075044091;0.3703178317970
-0.0545554912097644 0.054480735464356514;0.3703144779179
0.05448038311284199 -0.054555141538229976;0.37031118909225
-0.05455479623980815 0.05448004000097571;0.3703079640342
0.05447970164499483 -0.05455445952869069;0.37030480150774
-0.054554127975012995 0.05447937122365151;0.3703017003150
0.05447904635350402 -0.05455380369951482;0.3702986592390
-0.05455348536881262 0.054478728126897344;0.37029567714247
0.054478416212140696 -0.054553173063504615;0.37029275284976
-0.05455286741511031 0.05447810974243804;0.370289885262
0.054477810238011404 -0.05455256667029787;0.37028707327928
-0.054552273154800615 0.054477515137643706;0.3702843158104
0.05447722748737334 -0.05455198359990637;0.37028161179311
-0.05455170166262238 0.05447694340749565;0.3702789602072
0.05447666706062779 -0.0545514229662228;0.37027636002252
-0.054551152059469685 0.05447639368051431;0.3702738102490
0.05447612809649946 -0.05455088390897338;0.3702713098996
-0.05455062350335531 0.054475865111611316;0.37026885802975
0.05447560977209495 -0.054550365599739026;0.37026645368572
-0.05455011518701319 0.05447535688641325;0.3702640959498
0.054475111297255185 -0.054549867236413224;0.37026178391909
-0.054549626342948784 0.0544748682157752;0.3702595167146
0.05447463191791828 -0.05454938804431911;0.37025729343572
-0.0545491562271232 0.05447439833934262;0.37025511327441
0.054474170912245365 -0.05454892727809864;0.3702529753601
-0.054548704133944734 0.054473946524147374;0.37025087888811
0.05447372758418004 -0.054548484217048734;0.370248823053
-0.05454826938334437 0.05447351206490206;0.3702468070640
0.05447330126784285 -0.054548058169505545;0.37024483015371
-0.05454785132103382 0.05447309428424778;0.37024289156240
0.05447289132041991 -0.054547648471452645;0.37024099053779
-0.05454744931473959 0.05447269253055781;0.3702391263670
0.05447249712170914 -0.05454725448680253;0.37023729831873
-0.05454706275620946 0.05447230617985359;0.37023550570407
0.05447211807528797 -0.054546875602745196;0.3702337478303
-0.05454669105745748 0.0544719346352925;0.3702320240218
0.0544717536007035 -0.05454651123742649;0.37023033362646
-0.05454633365285466 0.05447157732576567;0.37022867599394
0.05447140314536479 -0.054546160828737714;0.37022705048402
-0.05454598999535032 0.05447123369971106;0.370225456472
0.05447106617097959 -0.05454582383883155;0.3702238933607
-0.05454565955695963 0.05447090323449545;0.3702223605358
0.05447074215485574 -0.05454549975686207;0.37022085741395
-0.05454534182432229 0.05447058542766765;0.37021938342331
0.054470430596963715 -0.05454518809196254;0.3702179380010
-0.05454503630405752 0.054470279800647683;0.3702165205812
0.05447013101377862 -0.0545448883703496;0.37021513063657
-0.05454474252649007 0.05446998588685599;0.37021376762290
0.054469842939513555 -0.05454460014157886;0.37021243102783
-0.054544460029682065 0.05446970324609193;0.37021112032
0.054469565924226165 -0.054544322969860976;0.37020983502495
-0.05454418837474777 0.05446943145184405;0.3702085746222
0.05446929953833936 -0.05454405643705075;0.3702073386561
-0.05454392714296233 0.054469170092612484;0.3702061266354
0.05446904336977905 -0.054543800139045265;0.37020493809762
-0.0545436759263801 0.05446891877161704;0.370203772590
0.0544687970212346 -0.054543553686313626;0.37020262966283
-0.0545434343398558 0.0544686771065032;0.37020150889260
0.05446856011387452 -0.05454331670606127;0.37020040983038
-0.05454320200835283 0.05446844473148495;0.37019933206978
0.05446833228051143 -0.05454308883698479;0.3701982751872
-0.05454297857572836 0.05446822128969654;0.37019723878196
0.054468113175936375 -0.054542869725792975;0.3701962224610
-0.05454276370514209 0.05446800643629633;0.37019522583549
0.054467902464227336 -0.054542659037646005;0.37019424850906
-0.05454255706567342 0.05446779984225364;0.3701932901385
0.054467699827599914 -0.05454245644680858;0.3701923503165
-0.0545423583435391 0.0544676011859138;0.37019142871408
0.0544675049570503 -0.0545422616397582;0.3701905249670
-0.054542167239377826 0.05446741016098655;0.3701896387247
0.054467317557852 -0.05454207431409032;0.37018876966295
-0.05454198346468846 0.05446722647055098;0.37018791742805
0.05446713734684838 -0.05454189417913119;0.37018708171597
-0.05454180674160511 0.05446704983093642;0.3701862621931
0.05446696405141137 -0.05454172095568752;0.37018545854091
-0.05454163680186652 0.05446687996574502;0.3701846704685
0.05446679741005814 -0.054541554375858295;0.3701838976577
-0.054541473387426445 0.05446671661385051;0.37018313982207
0.05446663716896297 -0.054541394181950184;0.3701823966699
-0.05454131624863741 0.05446655952423199;0.3701816679081
0.054466483080977776 -0.05454124012954778;0.37018095327489
-0.05454116514819202 0.05446640845492101;0.3701802524815
0.05446633491608191 -0.05454109197828651;0.37017956526883
-0.0545410198526429 0.05446626317450716;0.3701788913645
0.0544661924439834 -0.054540949504802;0.37017823052655
-0.05454088014218837 0.05446612346022507;0.37017758248382
0.05446605544462535 -0.05454081249019581;0.3701769469917
-0.05454074579733734 0.0544659891002784;0.3701763238190
0.05446592370971713 -0.05454068072724712;0.3701757127178
-0.054540616612702555 0.05446585988952063;0.37017511344689
0.05446579703347183 -0.054540554014499795;0.3701745257970
-0.05454049239110481 0.054465735632604415;0.3701739495286
0.054465675223139345 -0.05454043216019876;0.3701733844282
-0.054540372936812256 0.05446561614051251;0.37017283026178
0.05446555808576532 -0.05454031497967407;0.3701722868424
-0.05454025806698659 0.054465501232060204;0.37017175394109
0.054465445444433824 -0.05454020229519135;0.37017123137810
-0.05454014760484556 0.05446539073456595;0.37017071892946
0.05446533712331332 -0.0545400939349788;0.3701702164070
-0.054540041379591286 0.054465284475521514;0.3701697236186
0.05446523295740767 -0.05453998973480248;0.3701692403868
-0.054539939226241896 0.054465182298884515;0.3701687665048
0.05446513278256758 -0.05453988953690771;0.3701683018097
-0.05453984098720162 0.0544650840476604;0.3701678461143
0.0544650364468668 -0.05453979318914498;0.37016739925113
-0.05453974651206457 0.054464989569585356;0.37016696102923
0.05446494380304154 -0.054539700540774116;0.37016653131511
-0.05453965566076999 0.05446489872115698;0.37016610992123
0.05446485470997707 -0.05453961145218414;0.3701656966866
-0.05453956828788585 0.05446481136170589;0.37016529145012
0.05446476903106297 -0.054539525785750234;0.3701648940810
-0.05453948426553505 0.054464727357439846;0.37016450439013
0.054464686636427784 -0.05453944340820045;0.37016412226564
-0.05453940346514559 0.05446464657887577;0.37016374753242
0.05446460740205994 -0.054539364192984274;0.37016338006672
-0.05453932576312831 0.05446456890072948;0.37016301971120
0.0544645312072438 -0.05453928801688952;0.37016266634
-0.05453925104243082 0.0544644942026585;0.37016231981441
0.05446445793609818 -0.05453921476405173;0.37016198000472
-0.054539179187512846 0.054464422370776144;0.370161646767
0.05446438747423883 -0.05453914432172369;0.37016131999208
-0.05453911009168248 0.054464353294281745;0.3701609995511
0.05446431971931519 -0.05453907658021327;0.3701606853104
-0.05453904364870227 0.0544642868653991;0.3701603771634
0.0544642545661527 -0.05453901143527802;0.3701600749787
-0.054538979756905345 0.0544642229833841;0.37015977865587
0.05446419191492015 -0.05453894878881868;0.3701594880698
-0.05453891831745929 0.054464161548663514;0.3701592030992
0.054464131669410776 -0.054538888540621236;0.3701589236636
-0.05453885924003067 0.05446410246939219;0.370158649640
0.05446407373773954 -0.0545388306038518;0.37015838092306
-0.0545388024295613 0.05446404565469411;0.37015811740728
0.05446401802907308 -0.05453877488854347;0.3701578590010
-0.05453874779858195 0.054463991020413244;0.37015760559710
0.05446396445927265 -0.0545387213097452;0.37015735710563
-0.05453869526706952 0.05446393847917451;0.37015711342533
0.054463912945841755 -0.0545386697850483;0.3701568744643
-0.05453864475089737 0.054463887954304444;0.37015664013873
0.054463863409587726 -0.05453862023609102;0.37015641033904
-0.054538596172483494 0.054463839364951264;0.3701561849951
0.05446381577452315 -0.05453857258855961;0.3701559640258
-0.05453854945823758 0.054463792641637074;0.37015574732441
0.05446376996533843 -0.054538526769578835;0.3701555348305
-0.054538504535240326 0.05446374771221563;0.3701553264469
0.05446372591311757 -0.0545384827093611;0.370155122103
-0.054538461335265104 0.05446370450759738;0.3701549217196
0.054463683549498 -0.0545384403403265;0.3701547252076
-0.05453841979227016 0.054463662959241516;0.3701545325120
0.054463642813190896 -0.0545383995962567;0.37015434354596
-0.054538379842305834 0.05446362300568447;0.37015415823665
0.054463603636793964 -0.05453836041793993;0.37015397652536
-0.05453834142355485 0.054463584587488276;0.3701537983254
0.054463565963200636 -0.054538322742440415;0.3701536235834
-0.054538304477844954 0.05446354764398362;0.3701534522218
0.05446352973318358 -0.05453828651378809;0.37015328418073
-0.054538268948178176 0.05446351211812335;0.3701531193915
0.05446349489277039 -0.054538251675506355;0.37015295779972
-0.05453823478275892 0.05446347795563272;0.3701527993378
0.05446346138822809 -0.054538218175500336;0.3701526439447
-0.05453820192511781 0.05446344510657489;0.3701524915620
0.054463429167744534 -0.05453818596105882;0.37015234212621
-0.05453817032805329 0.05446341351631043;0.37015219558738
0.054463398182953315 -0.05453815498299966;0.3701520518871
-0.054538139942045774 0.054463383139423074;0.37015191096901
0.0544633683881041 -0.05453812519308701;0.37015177278734
-0.054538110724257904 0.05446335392734093;0.37015163727879
0.054463339735877137 -0.054538096545690196;0.3701515043913
-0.054538082626206366 0.054463325834889706;0.37015137407802
0.05446331218318484 -0.054538068996905276;0.37015124629173
-0.054538055606052946 0.05446329882024155;0.37015112097478
0.05446328568697058 -0.05453804250532274;0.37015099809280
-0.054538029625264065 0.054463272841582644;0.37015087759274
0.054463260210723036 -0.054538017027910016;0.3701507594219
-0.054538004640327334 0.054463247858766245;0.37015064353999
0.05446323571054666 -0.054537992528195856;0.37015052990280
-0.05453798061597091 0.05446322383241198;0.3701504184668
0.05446321215234079 -0.054537968966375194;0.3701503091890
-0.054537957513524415 0.05446320072802377;0.37015020203067
0.05446318949782186 -0.05453794630829703;0.37015009694156
-0.05453793529754257 0.054463178510155225;0.37014999389929
0.05446316771353599 -0.0545379245205064;0.370149892846
-0.05453791393408765 0.05446315714404906;0.370149793750
0.05446314676424795 -0.0545379035669567;0.37014969657089
-0.05453789338991377 0.05446313659729306;0.3701496012781
0.05446312661786286 -0.054537883418833796;0.37014950782857
-0.05453787363406548 0.05446311683972434;0.3701494161945
0.05446310724619029 -0.05453786404218411;0.37014932632871
-0.054537854636178884 0.0544630978393658;0.3701492382081
0.05446308861507766 -0.0545378454102612;0.37014915178608
-0.054537836367353806 0.05446307956810163;0.3701490670518
0.054463070700006194 -0.05453782749359347;0.3701489839477
-0.0545378187975874 0.05446306199839189;0.37014890245615
0.054463053472910056 -0.05453781026327954;0.3701488225469
-0.054537801903186856 0.05446304510244267;0.37014874417989
0.05446303690542256 -0.05453779369507733;0.37014866733714
-0.05453778565606922 0.05446302885543593;0.37014859197526
0.054463020973833945 -0.0545377777611431;0.3701485180769
-0.0545377700343988 0.05446301323062486;0.37014844561469
0.054463005653253044 -0.054537762439089935;0.3701483745448
-0.054537755009441 0.05446299820666489;0.3701483048636
0.05446299092096192 -0.05453774770533126;0.37014823652392
-0.05453774056197895 0.054462983759386935;0.3701481695187
0.05446297675220664 -0.05453773353757667;0.3701481037938
-0.054537726665869354 0.05446296986672346;0.3701480393543
0.05446296312601616 -0.05453771991561626;0.37014797616183
-0.054537713303624766 0.054462956507029744;0.3701479141871
0.05446295002425944 -0.054537706813929485;0.3701478534232
-0.05453770045484009 0.05446294366076973;0.37014779382991
0.054462937422643104 -0.05453769421563104;0.37014773538529
-0.05453768809792034 0.05446293130713466;0.37014767808412
0.05446292530715437 -0.05453768210012028;0.37014762188578
-0.05453767621653739 0.054462919424911466;0.3701475667739
0.05446291365589914 -0.05453767044885163;0.37014751273533
-0.05453766478983467 0.05446290800146934;0.37014745974243
0.054462902450684775 -0.05453765924686525;0.3701474077786
-0.054537653802256794 0.05446289701463178;0.3701473568129
0.05446289167611153 -0.054537648472206476;0.37014730684073
-0.05453764323692113 0.054462886449211434;0.3701472578352
0.05446288131628406 -0.05453763811065822;0.3701472097805
-0.05453763307727283 0.054462876288678005;0.3701471626542
0.05446287135235764 -0.054537628146674;0.37014711643703
-0.05453762330629257 0.05446286651764054;0.37014707111828
0.05446286177239397 -0.05453761856419828;0.37014702667902
-0.05453761391134297 0.054462857121840944;0.3701469831013
0.054462852559789776 -0.054537609349934124;0.37014694036648
-0.05453760487762367 0.05446284808565982;0.37014689846083
0.05446284369989267 -0.05453760048841827;0.37014685735834
-0.0545375961881735 0.05446283939706251;0.37014681706104
0.0544628351800034 -0.054537591968554885;0.3701467775431
-0.054537587833694084 0.0544628310417902;0.3701467387916
0.05446282698682427 -0.05453758377540928;0.37014670078865
-0.054537579798565244 0.05446282300751304;0.37014666352157
0.05446281910734675 -0.05453757589677488;0.3701466269767
-0.054537572070727056 0.0544628152821465;0.3701465911378
0.054462811529631464 -0.054537568319869584;0.3701465559916
-0.05453756463999647 0.0544628078522178;0.3701465215296
0.05446280424359723 -0.054537561032992316;0.37014648773130
-0.054537557496393135 0.05446280070696134;0.3701464545998
0.054462797237726554 -0.05453755402712199;0.37014642209951
-0.054537550625240835 0.05446279383580942;0.37014639023013
0.0544627904999454 -0.05453754728934121;0.3701463589792
-0.05453754401786018 0.05446278722842912;0.37014632833145
0.05446278402084276 -0.054537540810238885;0.37014629828226
-0.05453753766329729 0.054462780875503505;0.37014626880886
0.054462777788755745 -0.0545375345797728;0.37014623990697
-0.054537531552461396 0.05446277476545383;0.3701462115655
0.05446277179713992 -0.054537528587298434;0.37014618377282
-0.054537525677236534 0.05446276888937898;0.37014615652181
0.054462766036323565 -0.05453752282645906;0.3701461298047
-0.054537520027229225 0.05446276323853043;0.37014610358798
0.0544627604951987 -0.05453751728450136;0.3701460778909
-0.05453751459389798 0.05446275780601159;0.3701460526917
0.05446275516776461 -0.0545375119554162;0.3701460279752
-0.0545375093688467 0.054462752580962656;0.37014600374291
0.054462750044890734 -0.054537506831726174;0.37014597997979
-0.05453750434549151 0.05446274755434409;0.37014595666829
0.05446274511924057 -0.05453750190202679;0.3701459338167
-0.054537499514932336 0.054462742721413146;0.3701459114039
0.05446274038036611 -0.0545374971640781;0.370145889426
-0.05453749486846263 0.054462738075859995;0.3701458678796
0.05446273582374017 -0.05453749260835951;0.37014584674412
-0.05453749039832659 0.054462733609077676;0.3701458260186
0.054462731440866094 -0.05453748822716864;0.37014580569278
-0.05453748610020484 0.054462729312622346;0.37014578576116
0.054462727225830745 -0.054537484014601484;0.37014576621744
-0.05453748196742497 0.054462725181467525;0.3701457470524
0.05446272317448379 -0.05453747996322639;0.37014572826386
-0.05453747799424122 0.05446272120743745;0.37014570982727
0.05446271927704463 -0.05453747606658632;0.37014569175598
-0.054537474172607694 0.05446271738823193;0.37014567403717
0.05446271553045866 -0.05453747231913024;0.37014565665349
-0.054537470498681864 0.05446271371344466;0.37014563961541
0.0544627119268294 -0.05453746871628509;0.3701456228979
-0.05453746696546469 0.05446271017936684;0.3701456065118
0.054462708463320186 -0.05453746525110538;0.3701455904436
-0.05453746356769246 0.05446270678157775;0.37014557468106
0.05446270513062762 -0.05453746191839608;0.37014555922253
-0.05453746030106561 0.05446270351329745;0.3701455440712
0.05446270192695046 -0.05453745871308199;0.37014552920248
-0.054537457158890176 0.05446270037195684;0.37014551463889
0.05446269884566174 -0.05453745563261975;0.3701455003405
-0.05453745413542385 0.05446269735012721;0.3701454863224
0.054462695881895035 -0.05453745266965489;0.3701454725794
-0.05453745122994125 0.05446269444461997;0.37014545910343
0.05446269303329525 -0.05453744981939378;0.37014544588564
-0.054537448436018515 0.054462691649871;0.37014543292580
0.05446269029350277 -0.05453744707960177;0.37014542021897
-0.05453744574981498 0.05446268896203106;0.3701454077535
0.054462687659533854 -0.05453744444401276;0.3701453955360
-0.05453744316592139 0.054462686377352035;0.370145383543
0.05446268512521481 -0.05453744190973464;0.37014537179452
-0.05453744068068116 0.05446268389297075;0.3701453602656
0.054462682688562594 -0.0545374394739328;0.37014534897169
-0.05453743829213106 0.05446268150280713;0.37014533788194
0.0544626803459967 -0.054537437128951025;0.37014532701497
-0.05453743599427102 0.054462679205010814;0.3701453163556
0.05446267809157698 -0.05453743487623129;0.3701453059033
-0.05453743378285725 0.05446267699691695;0.37014529565444
0.054462675923557524 -0.05453743271068011;0.37014528560464
-0.05453743165697972 0.054462674873483;0.37014527575044
0.05446267383940048 -0.05453743062730529;0.3701452660837
-0.054537429613307514 0.05446267282894823;0.37014525660107
0.054462671834989776 -0.05453742862449605;0.37014524731369
-0.0545374276477657 0.05446267086581036;0.37014523819892
0.0544626699071097 -0.05453742669817739;0.37014522926043
-0.05453742575717073 0.054462668976761205;0.3701452204948
0.05446266805342699 -0.0545374248443881;0.3701452118944
-0.05453742394084961 0.05446266715951609;0.3701452034750
0.05446266627245694 -0.05453742306332178;0.37014519520968
-0.054537422193240134 0.0544626654118113;0.37014518710283
0.05446266455869293 -0.054537421350281876;0.37014517915836
-0.054537420512983145 0.05446266373145271;0.37014517136154
0.0544626629107894 -0.0545374197014593;0.3701451637163
-0.054537418897109544 0.054462662115487726;0.370145156223
0.05446266132662542 -0.05453741811638636;0.37014514887146
-0.05453741734351965 0.054462660560997966;0.3701451416650
0.05446265980330384 -0.05453741659135547;0.3701451345928
-0.05453741585016371 0.05446265906431286;0.3701451276595
0.05446265834043236 -0.054537415125188116;0.37014512087303
-0.0545374144150164 0.05446265762590266;0.37014511419968
0.05446265693273204 -0.05453741371343904;0.37014510766658
-0.05453741303530703 0.05446265624300349;0.37014510125948
0.0544626555782783 -0.054537412358282814;0.3701450949746
-0.05453741170667485 0.05446265491367584;0.37014508880947
0.05446265427602792 -0.05453741105370699;0.3701450827641
-0.054537410428087074 0.05446265363605972;0.370145076836
0.05446265302250301 -0.05453740980196252;0.3701450710293
-0.054537409198555986 0.05446265240829122;0.3701450653259
0.054462651815088844 -0.054537408597930284;0.37014505973398
-0.054537408015492964 0.05446265122775783;0.37014505425475
0.05446265065613347 -0.05453740743984231;0.37014504888084
-0.05453740687794874 0.05446265009270926;0.3701450436098
0.0544626495397863 -0.05453740632678432;0.3701450384382
-0.054537405785042056 0.054462649000603464;0.3701450333750
0.05446264846926724 -0.05453740525542118;0.3701450284055
-0.05453740473423131 0.05446264794977555;0.37014502353091
0.05446264743796772 -0.05453740422410472;0.3701450187441
-0.05453740372388488 0.054462646938593845;0.37014501406197
0.05446264644672791 -0.05453740323367491;0.3701450094618
-0.054537402751560576 0.05446264596707147;0.3701450049568
0.05446264549476694 -0.05453740228087091;0.3701450005398
-0.05453740181730386 0.054462645031980145;0.3701449962007
0.05446264457885597 -0.0545374013633152;0.37014499195181
-0.054537400918736656 0.054462644133421584;0.3701449877829
0.054462643696640625 -0.05453740048274537;0.3701449836948
-0.054537400054346624 0.05446264326984211;0.370144979689
0.05446264284907916 -0.05453739963598636;0.3701449757585
-0.05453739922262697 0.054462642438916894;0.3701449719011
0.054462642033861364 -0.05453739882155506;0.3701449681252
-0.05453739842292757 0.05446264164081459;0.37014496441695
0.05446264124952517 -0.054537398038799964;0.3701449607848
-0.054537397654619374 0.05446264087079786;0.37014495721136
0.05446264049708473 -0.05453739728303113;0.37014495372034
-0.05453739691706955 0.0544626401307714;0.37014495029033
0.05446263977263967 -0.05453739655777111;0.37014494692985
-0.05453739620723512 0.05446263942094863;0.3701449436405
0.05446263907563287 -0.054537395861594326;0.3701449404041
-0.05453739552292766 0.05446263873828136;0.37014493723760
0.05446263840471621 -0.054537395191482985;0.37014493412267
-0.05453739486444942 0.054462638081418865;0.37014493107647
0.054462637760188976 -0.054537394548555315;0.37014492809217
-0.05453739423209672 0.054462637449831264;0.37014492515611
0.05446263714070752 -0.0545373939281944;0.3701449222846
-0.05453739362535784 0.05446263684222169;0.37014491946804
0.05446263654412835 -0.054537393332390174;0.370144916699
-0.05453739304047371 0.05446263625728631;0.3701449139885
0.05446263597245926 -0.05453739275903342;0.37014491133614
-0.05453739248025059 0.054462635693755465;0.37014490872484
0.054462635422749164 -0.054537392206867125;0.3701449061748
-0.05453739194012995 0.05446263515365858;0.3701449036650
0.054462634892940495 -0.05453739167544508;0.3701449012040
-0.054537391421348655 0.05446263463246155;0.3701448987937
0.054462634383439346 -0.054537391166007754;0.3701448964312
-0.05453739092185329 0.05446263413302939;0.37014489411472
0.054462633893031284 -0.05453739067484377;0.3701448918335
-0.05453739044207857 0.05446263365168787;0.37014488961282
0.05446263342460206 -0.054537390202407984;0.37014488742646
-0.054537389981607495 0.054462633187250295;0.3701448852805
0.05446263297200955 -0.05453738974834406;0.3701448831796
-0.05453738953681478 0.05446263274345629;0.37014488111832
0.05446263253657556 -0.05453738931226182;0.37014487909741
-0.05453738910900899 0.054462632315827236;0.3701448771114
0.05446263211632171 -0.054537388893819844;0.370144875168
-0.054537388697868464 0.054462631905662015;0.3701448732643
0.05446263171174798 -0.054537388491848596;0.37014487139103
-0.05453738830061436 0.05446263151262129;0.37014486956259
0.05446263132255871 -0.05453738810683059;0.3701448677646
-0.05453738791859089 0.05446263113472735;0.3701448660030
0.05446263094844778 -0.05453738773598946;0.3701448642752
-0.05453738755149494 0.05446263077005002;0.3701448625754
0.054462630589115116 -0.05453738737823276;0.37014486091636
-0.054537387199847936 0.054462630418326274;0.37014485928079
0.05446263024425846 -0.0545373870341186;0.37014485768919
-0.054537386861713694 0.05446263008174561;0.37014485612039
0.054462629912779434 -0.054537386702540644;0.3701448545834
-0.054537386537641785 0.05446262975593884;0.3701448530763
0.05446262959522212 -0.054537386383265815;0.3701448516004
-0.054537386224896955 0.054462629442312144;0.37014485014237
0.05446262928806017 -0.054537386076867714;0.37014484872650
-0.054537385924080445 0.05446262914307036;0.3701448473316
0.05446262899270725 -0.05453738578307374;0.37014484596691
-0.054537385634954916 0.05446262885466974;0.37014484462651
0.05446262870974683 -0.054537385498375585;0.3701448433079
-0.05453738535727952 0.05446262857609244;0.3701448420209
0.05446262843730358 -0.05453738522585791;0.3701448407553
-0.05453738509083454 0.054462628308755326;0.37014483952074
0.05446262817597845 -0.054537384962831115;0.37014483829924
-0.05453738483539655 0.05446262804999574;0.3701448371122
0.05446262792555023 -0.05453738470993297;0.37014483594163
-0.05453738458829108 0.054462627802081984;0.3701448347935
0.05446262768337122 -0.05453738446695375;0.3701448336691
-0.05453738435017079 0.05446262756480642;0.37014483256675
0.054462627450087495 -0.054537384234506325;0.3701448314876
-0.05453738412249379 0.054462627335501945;0.3701448304262
0.05446262722550575 -0.05453738400913184;0.37014482937999
-0.05453738390261324 0.05446262711565503;0.3701448283665
0.05446262701109787 -0.054537383793938826;0.3701448273677
-0.054537383691986394 0.05446262690425087;0.3701448263897
0.054462626804214195 -0.05453738358710411;0.3701448254298
-0.05453738348799003 0.054462626701121425;0.3701448244827
0.054462626603894726 -0.05453738338764291;0.37014482355725
-0.05453738329212916 0.05446262650529175;0.37014482264801
0.05446262641244787 -0.054537383195408476;0.3701448217600
-0.054537383105052156 0.05446262631825349;0.3701448208956
0.0544626262280601 -0.05453738301187758;0.3701448200367
-0.05453738292332673 0.054462626137376347;0.3701448191971
0.054462626049788854 -0.05453738283526459;0.37014481837443
-0.05453738274929361 0.05446262596416644;0.37014481757068
0.05446262587831452 -0.0545373826654237;0.37014481677570
-0.05453738258117097 0.05446262579847937;0.37014481600709
0.05446262571514694 -0.05453738250139349;0.37014481524309
-0.05453738241963507 0.054462625637726386;0.37014481449747
0.05446262555686335 -0.054537382344703456;0.37014481376774
-0.054537382266208176 0.05446262548342169;0.3701448130560
0.05446262540497071 -0.05453738219357876;0.3701448123483
-0.054537382115834476 0.0544626253346267;0.37014481165472
0.054462625259374606 -0.05453738204790866;0.37014481098409
-0.054537381972512816 0.05446262519205024;0.370144810315
0.05446262511912307 -0.05453738190757641;0.3701448096698
-0.0545373818361192 0.054462625053939784;0.37014480902977
0.05446262498491186 -0.05453738177248399;0.3701448084083
-0.054537381704887034 0.05446262492101678;0.37014480779246
0.05446262485581048 -0.054537381641708654;0.37014480719111
-0.05453738157789513 0.0544626247940046;0.37014480660269
0.05446262473090696 -0.054537381517603525;0.37014480602474
-0.054537381455877595 0.054462624671140505;0.37014480545566
0.0544626246117465 -0.05453738139678657;0.37014480490067
-0.05453738133872722 0.05446262455316862;0.3701448043543
0.05446262449658611 -0.05453738128163135;0.3701448038218
-0.05453738122717382 0.054462624439983426;0.37014480330165
0.05446262438778518 -0.054537381169577986;0.3701448027873
-0.05453738111864241 0.05446262433068756;0.37014480228134
0.054462624279520644 -0.054537381063830465;0.37014480178492
-0.054537381013097436 0.054462624227634426;0.37014480130425
0.054462624176668056 -0.05453738096098941;0.3701448008214
-0.0545373809129103 0.0544626241258218;0.3701448003580
0.054462624079119754 -0.05453738086265028;0.3701447999038
-0.05453738081633745 0.05446262402928452;0.37014479945354
0.054462623984331104 -0.05453738076789687;0.37014479901607
-0.054537380723315154 0.054462623937115553;0.3701447985860
0.05446262389223902 -0.054537380677468064;0.3701447981611
-0.05453738063296246 0.05446262384759104;0.37014479774354
0.054462623804426805 -0.054537380589657264;0.370144797338
-0.05453738054684683 0.054462623762295256;0.3701447969406
0.05446262371999076 -0.05453738050603292;0.3701447965513
-0.05453738046407365 0.05446262368032562;0.3701447961689
0.05446262363886377 -0.054537380424882986;0.37014479579120
-0.054537380384576395 0.05446262359998717;0.3701447954203
0.054462623561798415 -0.05453738034534793;0.37014479505767
-0.05453738030910016 0.054462623522884404;0.3701447947056
0.05446262348789539 -0.05453738027065312;0.3701447943616
-0.0545373802359362 0.054462623448936556;0.37014479401653
0.05446262341464457 -0.05453738019908168;0.3701447936832
-0.05453738016423636 0.054462623379717745;0.37014479335646
0.05446262334611714 -0.05453738012973659;0.3701447930374
-0.054537380097212665 0.05446262331024762;0.3701447927171
0.05446262327976367 -0.05453738006259813;0.3701447924121
-0.05453738003152275 0.05446262324459901;0.37014479210192
0.05446262321473065 -0.05453737999842448;0.37014479180698
-0.05453737996795853 0.05446262318270399;0.37014479151426
0.054462623152620515 -0.05453737993796691;0.3701447912328
-0.05453737990728799 0.05446262312285098;0.37014479094972
0.054462623093375115 -0.05453737987871243;0.37014479067781
-0.05453737984945353 0.054462623065007515;0.3701447904078
0.054462623035300514 -0.05453737982226586;0.3701447901413
-0.05453737979277816 0.054462623009125424;0.37014478988065
0.05446262298082884 -0.054537379767761046;0.3701447896309
-0.054537379738032715 0.05446262295598413;0.37014478937530
0.054462622927449314 -0.054537379715969614;0.37014478913832
-0.05453737968600546 0.054462622905529084;0.3701447888952
0.05446262287594235 -0.054537379665200655;0.37014478865926
-0.054537379637468936 0.05446262285526783;0.37014478843250
0.05446262282952814 -0.054537379615442;0.3701447882087
-0.05453737958988193 0.054462622806006764;0.37014478797886
0.054462622782416995 -0.05453737956749201;0.3701447877634
-0.054537379545697304 0.054462622759354734;0.370144787553
0.05446262273867422 -0.05453737952048805;0.3701447873384
-0.054537379501573474 0.05446262271363925;0.3701447871325
0.05446262269581009 -0.05453737947768514;0.3701447869371
-0.054537379459138 0.054462622672082836;0.3701447867391
0.054462622652980505 -0.054537379436544284;0.3701447865438
-0.05453737941755518 0.0544626226313534;0.37014478635359
0.05446262261263196 -0.05453737939704058;0.37014478616980
-0.05453737937842862 0.0544626225914263;0.3701447859833
0.0544626225747151 -0.05453737935751274;0.370144785807
-0.05453737934089094 0.05446262255393068;0.3701447856318
0.05446262253837125 -0.05453737932039203;0.37014478546293
-0.05453737930572902 0.05446262251636276;0.3701447852911
0.054462622502742475 -0.054537379284018236;0.37014478512567
-0.05453737927045654 0.054462622481989645;0.37014478496496
0.0544626224678227 -0.05453737924998883;0.3701447848027
-0.054537379236704445 0.05446262244748208;0.3701447846452
0.05446262243522659 -0.054537379216644824;0.3701447844938
-0.054537379204434286 0.0544626224169269;0.370144784350
0.05446262240246068 -0.054537379186395174;0.3701447841986
-0.05453737917281448 0.05446262238616131;0.3701447840587
0.05446262237197555 -0.05453737915593722;0.3701447839132
-0.05453737914181574 0.054462622357644874;0.37014478377995
0.05446262234128679 -0.05453737912852444;0.3701447836410
-0.054537379112252315 0.054462622329687724;0.3701447835105
0.054462622312019024 -0.054537379100846856;0.37014478337435
-0.0545373790840957 0.054462622302286934;0.3701447832502
0.0544626222849624 -0.05453737907453854;0.3701447831243
-0.05453737905730968 0.054462622276241685;0.37014478300281
0.05446262225926268 -0.05453737904793528;0.3701447828794
-0.05453737903186699 0.054462622249904474;0.3701447827602
0.05446262223489287 -0.054537379021861426;0.3701447826431
-0.05453737900855933 0.05446262222409137;0.370144782530
0.05446262221099983 -0.054537378997124894;0.370144782415
-0.054537378984905224 0.05446262220042071;0.370144782308
0.0544626221892192 -0.05453737897205396;0.37014478219586
-0.0545373789633424 0.05446262217560052;0.37014478209128
0.05446262216705351 -0.054537378950755805;0.3701447819922
-0.05453737894057992 0.05446262215451539;0.37014478188589
0.05446262214451868 -0.0545373789298815;0.37014478178895
-0.0545373789182704 0.05446262213548676;0.37014478169225
0.054462622123250745 -0.05453737891022471;0.37014478159726
-0.05453737889885206 0.05446262211438958;0.3701447815024
0.05446262210402661 -0.05453737888933853;0.37014478140938
-0.054537378879820145 0.054462622095349175;0.3701447813241
0.05446262208436656 -0.05453737887130701;0.3701447812328
-0.05453737885953823 0.05446262207749797;0.3701447811455
0.05446262206510594 -0.054537378853634313;0.3701447810598
-0.05453737884210712 0.05446262206000198;0.37014478098192
0.054462622048667614 -0.054537378835494824;0.37014478089787
-0.05453737882501472 0.05446262204122543;0.37014478081391
0.05446262203174615 -0.05453737881772451;0.3701447807353
-0.054537378808262454 0.05446262202526973;0.37014478066070
0.054462622014342946 -0.054537378801928396;0.37014478057987
-0.054537378793488675 0.054462622009631534;0.3701447805182
0.054462621999716895 -0.05453737878644663;0.37014478043884
-0.05453737877737197 0.0544626219934861;0.37014478036714
0.05446262198621675 -0.054537378770462636;0.3701447803007
-0.05453737876318834 0.054462621977661954;0.3701447802265
0.054462621971356526 -0.05453737875561519;0.3701447801615
-0.05453737874929515 0.05446262196378149;0.37014478009649
0.054462621956783835 -0.05453737874105502;0.3701447800251
-0.05453737873568662 0.05446262194936695;0.3701447799652
0.05446262194412989 -0.05453737872760306;0.37014477990283
-0.05453737872234074 0.05446262193604952;0.37014477984034
0.054462621932554384 -0.05453737871360036;0.37014477978301
-0.05453737871169946 0.05446262192136837;0.37014477972174
0.05446262192038258 -0.054537378701521394;0.37014477966942
-0.054537378699649405 0.05446262191022869;0.3701447796131
0.05446262190845301 -0.05453737868885618;0.3701447795542
-0.0545373786878391 0.05446262189850856;0.3701447795029
0.054462621896760835 -0.054537378678071735;0.37014477944894
-0.054537378675445364 0.054462621888650434;0.3701447793986
0.054462621884491066 -0.05453737866831218;0.3701447793457
-0.05453737866329829 0.054462621878170026;0.3701447792926
0.05446262187410238 -0.05453737865793655;0.370144779248
-0.054537378653831944 0.05446262186789816;0.3701447792002
0.054462621863093766 -0.05453737864858588;0.3701447791531
-0.05453737864211497 0.054462621858640994;0.3701447791019
0.054462621853130874 -0.05453737863942128;0.37014477906355
-0.05453737863225171 0.05446262184874957;0.3701447790094
0.05446262184336628 -0.05453737862962879;0.37014477897194
-0.054537378623403174 0.054462621839054995;0.3701447789225
0.05446262183542473 -0.05453737861921269;0.37014477888594
-0.05453737861635949 0.05446262182956152;0.3701447788451
0.054462621826814564 -0.05453737861063264;0.37014477880542
-0.05453737860701696 0.05446262182106723;0.3701447787615
0.05446262181756545 -0.05453737860304178;0.37014477872655
-0.054537378598678826 0.054462621814370726;0.37014477869115
0.05446262180931066 -0.05453737859477535;0.3701447786491
-0.054537378591325084 0.05446262180536844;0.37014477861454
PointOptimal;ValeurOptimale
[-0.05453738  0.05446262];0.37014477861454154
Temps;Nb iteration
0.1017293930053711;1000