Point;Valeur
1.9886071433540273 4.164095107105428;10.175397618048
1.9629952531895931 3.295628147969321;9.680036275880
1.968791541529349 2.057982411443943;6.743605832734
2.007242750746565 0.7567431523725014;6.268633635955
1.7634868173740101 0.49300025604985886;6.648101212038
1.5954522179203654 0.24479846651413664;6.127382848676
1.3639086488680394 -0.21064811106235345;5.450357199341
0.7023489639448203 -0.15125676461752266;3.496565887088
0.404204704573881 0.31153605612595003;3.5624116648751
-0.15657272029863545 0.21199683557326054;1.9653061176567
0.1619043199917622 -0.6709030448526998;3.5533581637187
-0.045351947166356904 -1.2671430281749216;4.470193548993
-0.0005982323717548532 -0.7703394262496656;3.025443174693
0.0300920109158105 -0.8163167394951893;2.8996691980056
-0.10629598492110616 -1.2391936618375736;4.412236294444
0.1961499939045106 -0.6309741517565739;3.6622916610673
-0.010701179119544518 -0.1842945217940528;1.2209683428250
-0.0698261503970238 1.1388892654982516;3.530159070977
0.2637859620752462 1.0413008056956004;3.984323091063
-0.19195405145456557 0.5396809820071737;3.538286159301
-0.10837096726845169 -0.005940061273319808;0.5922877068441
0.8697827549554022 -0.29622458356966924;3.935706489204
1.539349057905469 0.06686583954310604;5.6620808076743
1.7745634709657394 0.13112982628573283;5.651169405596
2.2294124599569147 -0.2748759650194273;7.1747268720512
1.891252790021498 -0.12586214913485905;5.326320152792
1.9219137706029148 0.5560227799513907;6.674994801553
1.8668725667368233 1.0412283553494983;5.6692207896030
2.2542939317521 0.9993813047578797;6.979972620549
1.652286223051215 0.8766073737110176;6.295271900
1.3754419887438303 0.962627219060091;5.804318199035
0.670157530881274 0.9622895751946305;4.4962410073274
0.48918710069685534 0.8370456744037102;4.493224839641
0.2031451706976095 0.7563199700033041;3.635735289325
-0.4894505808777896 0.8589349444611653;4.494844599222
-0.755307655800254 0.9100963379853324;4.2475071911998
-1.3302064942589729 1.0357593473887932;5.681991865600
-1.0479497238964681 0.8384166218921313;4.077328926409
-0.4091194872386269 1.219253477388761;5.321443049390
0.23402180417741547 0.9142248526922877;3.602180432016
-0.052072515551040754 0.7473482401437346;3.1365938224980
-0.014519723317723221 0.9430377673258196;2.587621149260
0.10518505698930654 1.1167625300988209;3.5007517979359
-0.3534327427507744 0.3806473559930197;3.622269753945
-0.26730658618640557 -0.4511701977109527;3.5598078627291
0.17426496416276593 -0.6305931746927151;3.5915314701616
0.06355620908919468 -0.6908369649158216;3.265462191342
-0.23187841223227973 -0.8891300996768968;3.6022554159167
0.2502628036744936 -1.1027095502283604;4.18414511007
-0.08246759788212549 -0.6069451893567647;3.3338356610379
-0.05108850505210749 -0.230525444952213;1.666815545475
0.24718658295887758 0.981993555306051;3.7287399619132
-0.27349795168646623 1.5262350095566553;6.088999726362
-0.3370067583259923 1.631537375440038;6.366883645925
-0.1418232609677806 1.585763272274094;5.858962992098
0.2711939433980315 1.4580144182408294;5.924757717805
0.26048143753808706 1.0449540198673954;3.979630162598
-0.41599854450125984 0.3303664550081893;3.6560071979853
-0.49239336421327007 -0.4891286789166117;4.2195543207399
-0.311740366034747 -0.7744649945677586;4.052004783528
0.23348302627823425 -1.0078738708795516;3.7051690597446
-0.15229988141424805 -0.8315939714692449;3.2675911081236
0.19414896555764932 -0.9888633525634304;3.419288561506
-0.3494002778759901 -0.8467931358542793;4.155101207997
-0.26672197988272056 -0.7896932962357889;3.8686309033665
0.2926821424753439 -0.8619118544202374;3.9237821021334
0.09980973044969899 -0.9739434751871906;2.849166608576
-0.6045254965653525 -0.8991801637953208;4.552614868616
-1.1179194150946623 -0.8350213640927131;4.4344713025
-0.7314269928539816 -1.2405492217573815;5.431690743395
-0.7152501347721805 -0.8812668747981827;4.388644544886
-1.0045074599329034 -0.7641706490759967;4.2643566682745
-0.9382188084464427 -1.1735600954374255;4.5454985720765
-1.0128453992058293 -0.5328779104261814;4.697908252083
-0.7689799604986408 -0.07244375508671286;3.124904433708
-0.9403433629303978 0.5262002952572458;4.572780225089
-0.9261245132230435 0.8192452627801015;3.9962430100166
-1.0316415993714017 1.4826284794364077;6.233614625369
-0.8702921954377978 1.6391546414018205;6.312687574974
-0.9295683375459376 1.8039179255222697;5.852709603575
-1.1529066147897988 2.348008758639101;7.9049509484979
-0.8749581417498107 2.164251298230913;6.501346122625
-1.106184283735828 1.2132099764393998;5.201446735364
-0.6735391519026848 -0.2067381561672088;3.707288606874
-0.4112376112622261 -0.673105119492368;4.310721005060
0.019918070334234317 -0.8790545997908878;2.697150439789
0.17102428579510276 -1.3271095505196269;5.161234535901
-0.10924630106254107 -0.9846744921700548;2.9113615693854
0.33559102890091075 -0.5606803103994429;3.997015244425
0.29366084720222585 -0.09338872155909361;2.2468115709611
-0.536021303475155 0.5815380876244859;4.4373851520431
-0.8829038464158788 0.8538746611937955;3.9446376706337
-1.3975887717325497 1.4211038360241275;7.199196845108
-1.4394625327215613 1.5136271308172153;7.451673432207
-1.234429809370962 1.3982931665662142;6.652527369621
-0.6618851631435545 0.9664347145669872;4.517910643065
-0.5451127534816931 0.5539938643935403;4.413920496497
-0.2961875672166726 0.12349624148493588;2.367263900843
0.6196451584568026 -0.6067387342706816;4.557638603256
1.1004378783545201 -0.9641966281725933;4.01865586542
0.640366102052923 -1.212842878023798;5.427520011322
0.46008262917217313 -0.8132426540344724;4.446283479603
0.1267662335866409 -0.5629495304235947;3.39136005401
-0.39785392744438036 -0.22720256914479908;3.2535117659071
-0.281817052638028 0.4173306199528498;3.506426668134
0.19140080228687756 0.4448808328928068;3.294249244175
0.09421272401056036 0.0689882274111846;0.6620775424454
-0.7508047588606813 -0.7520492996611651;4.500029091111
-1.4592089750557413 -1.444996209601885;7.374197235727
-1.683939223278578 -1.649204092412472;7.779617975737
-1.861842027547901 -1.7924292814233083;7.265221496941
-2.262251616553508 -2.2991181212962215;9.217237892118
-2.0447692030944986 -2.1599990789767824;7.47235412624
-1.5275898397972023 -1.2241030375576585;6.892081923088
-1.0418523611110273 -0.22117958310651908;3.741526686037
-0.26949618074275694 1.1399087362032565;4.47732364205
0.7759611856865656 1.3294372641761178;5.777099528622
1.6165368076177633 0.9217234363193983;6.274646501758
2.1894823067088174 0.7276995885403965;7.163709511430
1.9140141696188675 0.9532933897567941;5.459504398204
2.0007520909843555 1.255945759763678;6.780116153361
1.8429288578140257 0.6952731264185992;6.467811150681
1.8551861208098253 0.652138869687047;6.555213741103
1.9245700076326149 0.8573770486866601;5.739374817467
2.107020315254998 1.5203567912277134;7.967798834715
1.812946054200012 1.8416792486758244;7.248930278624
2.023079921250793 2.384829200001926;8.739241060119
1.9492303866288156 2.2713723647657846;8.116922908437
1.9361726713103307 1.4575429512647111;7.543432852425
1.8785374138835749 0.699606844560635;6.426969267503
1.9240789122964037 0.5796485483474536;6.660229532653
1.8809090502506176 0.6143108364825847;6.610013051834
1.8639057604314022 0.8049356150601213;6.065747446622
2.0909690747128287 1.4151985123474158;7.733919122471
1.8285110517693957 1.4711117841799866;7.5920868825741
1.7320843342777823 1.2975455750977956;7.175467857683
1.778913383872236 0.7371993732342865;6.434676366618
1.9619825664139368 0.685885315853788;6.475605474917
1.9553690079914536 1.0399749380720842;5.47213950943
2.0065498508030606 0.8939571156583801;5.617422138867
1.7689176696989986 1.277386922423073;7.054337558727
1.7846963662618816 1.0024537305035524;5.908385994490
2.256816517472842 0.6919275664476534;7.5758391543385
2.0039948585950613 0.7174304732939134;6.42785300303
1.5900378075021955 1.2063756403803785;6.886052435365
1.2766766219802346 1.0796783539617223;5.503393703819
0.3326075249061493 0.5615241239053951;3.990506102163
-0.5849644919017748 0.03590389057681764;3.2505360858358
-1.0514127632889663 -0.40506908949980547;4.601906346507
-0.9411008920801123 -0.347829199418036;4.169380215380
-0.7565862051576436 0.16614403638519465;3.4807538958733
-0.8410899063516618 -0.011837476713989825;2.802908184667
-1.2834132748922866 -0.058277784295116195;4.603935853406
-0.7353488675964637 0.12261746855022233;3.3522230889925
-0.6060423153191036 -0.17974763416387085;3.5929183760301
-0.4200524491714229 0.00937932691406429;2.8092564386066
0.2182654257104465 0.0969237445828154;1.7186036567053
-0.31017012813799794 -0.348396273369706;3.3727731574011
-0.2060489762564291 -0.19281496610751797;2.134386554317
0.6053916044880674 0.6218234352423195;4.558201413207
1.0137019908979834 1.0404198473686035;3.762248448435
0.9861227302107649 0.8450395316439546;3.894063848807
0.8232063644679324 1.2261044333402003;5.1425314813102
1.0267163278767617 0.7234744793892396;4.46632789189
0.8218848516979786 0.8105527434523729;4.232999862274
1.0008076623957372 1.192495481509205;4.7031141399648
0.9312893152786144 0.5152808270042817;4.555710216919
0.7812626404494714 -0.01912033725388418;2.9997358143092
1.0589204915102095 -0.2647382303685698;4.057271369443
0.7354985822535148 0.23335137924874338;3.7791755698380
0.6214853285537657 0.0693670098329236;3.314722040757
0.5264808948743903 -0.24634860486078597;3.6788108074517
0.21812864558031314 -0.07350009079556835;1.630641772419
-0.9414400669321481 0.43678502846884676;4.442978920562
-1.5392422449370418 0.4833880695916577;6.42389842195
-1.6881939379944182 0.4154881755932399;6.540132235355
-1.7105362260914632 0.20398649250690615;6.022543766805
-1.8349399224718137 -0.33578849567686975;6.358165408886
-1.9816992692344608 -0.29931934315165004;6.243520185460
-1.8792321561183793 0.277561557755951;6.111281117736
-1.9016819496691597 0.10409838021484014;5.2052759044393
-2.149011638627377 -0.5408546517609838;7.269774598380
-1.8040345658987964 -0.9655689971047148;5.818770601410
-2.054869814642622 -1.269381817547991;6.9987635102493
-1.8090270305333893 -0.7583398034559049;6.33283974917
-1.852783289548861 -0.8067110321018764;6.081206918909
-2.1349854105285924 -1.3114048463451426;7.532405771135
-1.7747289514577247 -1.0925310552707959;6.182758871964
-1.950548334612173 -0.47489481049826066;6.679129464615
-1.9239595992836915 0.03431260454523399;4.942523780066
-2.092406975981358 0.1413011706552178;5.768635759281
-1.504762982001432 -0.4279418721415465;6.300886917564
-0.8734947132649269 -0.6454201860854645;4.520081583252
-0.5245708963612591 -0.9236042668565015;4.557114955686
-0.21437665896554725 -1.0087381068477825;3.5915631604433
0.7307264032867605 -0.7320643727708918;4.550036333520
1.4532367244651838 -0.6859075073234967;6.2746193887225
1.602594283814977 -0.7191075461190674;6.508614466513
1.5912688296619986 -0.8587448574888287;6.330163122488
1.5364385156167555 -1.0874986234637714;6.451494086001
1.3681049420638967 -0.8902306033189564;5.791890643779
0.7363995716479873 -0.8726416012523704;4.343168754035
0.6681601601157077 -1.0105606107526282;4.57953506202
0.894783671621072 -0.8222207841113217;4.028718532598
1.2579891732328041 -1.1435980423747771;5.66296314553
0.7768286761582054 -0.7634091061086065;4.439109913190
0.6917968864277944 -0.7500647252378454;4.569346490667
0.7352603957890874 -0.8426442585090688;4.387037897862
1.0486726905713541 -1.0813425018674372;4.064035589378
0.7638842977642263 -0.5644351508256913;4.572424188358
0.5940101866224902 -0.15952969997615601;3.5203655536845
0.3662039663331603 0.4562482777254812;3.863643338740
-0.10233793373898276 0.5498139689105885;3.31193956677
-0.12571719261072556 0.4047588303632851;2.9411680077403
0.2119746145035556 -0.1998405048702041;2.2112161713911
-0.3059838090982764 0.12594394350599908;2.4363872067212
0.10324666782631409 -0.12069562671245793;1.0212133922861
-0.35473429906731724 0.5448126432639143;4.019485950259
-0.33286471660385114 0.7482163753082756;4.129999630575
0.06370242865031672 0.8925919670438203;2.7540272463506
-0.05847440306730334 1.2407219769152777;4.298458058937
0.10414100025967099 0.5424553104552418;3.3031629646391
-0.06797688409658387 -0.11731379850690293;0.8155744831490
0.35555607307409537 0.34843854536293356;3.5278678537380
0.22617640633288677 0.2445748638825448;2.5427211458179
-0.49403297866043133 -0.4821984373241207;4.209438696939
-0.7177362116634387 -0.7049069405236223;4.584263607270
-0.9400345949918497 -0.924547233886778;3.6367374499357
-1.2262064535721808 -1.2967337257380014;6.24732400635
-0.8686820245855286 -0.9939786212335446;3.810426764475
-1.106979937747494 -0.6217920802602142;4.974368833272
-0.7594531192995042 -0.5201157849813828;4.532164263681
-0.5308820076581245 -0.3152230184065806;3.8888667145225
-0.15223258611467705 0.15148320253769942;1.5335792348362
0.8815781250338915 -0.34775093635389176;4.143909914437
1.5321701383178867 -0.21170613144135364;5.957404835890
1.7199270212242754 0.1687691405923028;5.892604791398
2.0066908005243267 -0.00700892029736197;4.944032583470
1.8831867350090752 -0.07117478036144619;5.122101464537
2.1253239077728274 0.27533415119732013;6.632789065894
1.6678043058832626 -0.03686276229063751;5.650485230954
1.531261039566208 -0.11554769761888745;5.732341215317
1.235138342742233 0.08226658191071437;4.312004891680
0.14244247127708065 -0.1192108762860514;1.2650219139389
-1.3923651565802249 0.48420952315558685;6.070205610018
-1.9943591290502338 0.7561589884395166;6.245755140232
-2.157398946425946 1.4803949789519018;8.102577691329
-1.806839256046236 1.7634397213127655;7.481289476644
-1.859626871582857 2.2473333078023354;8.093036928200
-2.1572673269560854 1.844776007833873;7.587983693063
-1.611174885688079 1.9944463830838308;7.676999220853
-1.393679873069949 1.9166927655790735;7.3722071900530
-0.8643751710637592 1.8675856353922766;5.8222524700205
-0.9846617364030059 2.1539700448246863;6.226110709635
-1.038519920280828 1.4201097824675626;6.075431371136
-0.8174045706984829 0.5481459655262597;4.554932041468
-0.695221098944842 -0.08044585487718803;3.2946341579446
-0.7798080416211091 -0.19723766136115517;3.5771981045485
-1.0207610254377488 0.2728783949804754;3.96599698702
-0.809218003245118 -0.08776126135820322;3.0568093476608
-1.0259765556642555 0.08707018046075504;2.91825780046
-0.7090356224405138 -0.3289021988644449;4.117087167323
-0.4866196829538756 -0.22647605158232953;3.5261939304778
-0.035617556345839074 0.2208505353289884;1.5575760681267
0.4527220176319583 -0.4999224507297488;4.161732349894
0.5071814883263259 -0.7206756396026534;4.508055971723
0.3757408482327921 -0.8189978269460013;4.246321374237
-0.06682744111655509 -0.9055561036578832;2.738977842031
0.05022632584516101 -1.1696584045201637;3.7214873828501
-0.13261346594806678 -0.3564362314500241;2.738952934021
0.15752491436122512 0.7703748862352245;3.4205833369331
-0.17122273144202366 1.7098648415888724;5.913828345522
0.02646791113183014 2.4470765507646215;7.5485901361197
0.08329084584219609 2.539099415118838;7.805233482394
-0.07081498995438365 2.444806231301312;7.585254023822
0.0010939258238832072 2.0137242389591674;4.9615381468048
0.03870297433391461 1.3931373726090979;5.19766848238
-0.04701015404874551 0.4577946719496975;2.98264343193
0.04306515249786385 -0.552080827409617;3.2164118820
-0.028538740411064127 -0.9932852302697577;2.644947611822
0.11895695164826325 -1.0149917917879776;3.035772651082
-0.4416472383038773 -0.6467474934133226;4.351584284159
-0.5563423328752888 -0.3015548639717419;3.8968108368159
-0.4219213060722594 0.2598332222134102;3.448003953925
0.049279138572016934 0.20563028442861925;1.460038185355
0.05158037174718322 -0.8348526973196997;2.878407568971
-0.21890425579146472 -1.8669997587277145;5.84611223877
0.22118752369622013 -2.691659924068196;8.152898577766
0.1339009258957914 -3.302835481074636;9.000996248240
-0.2686054500611288 -3.0415030886138372;8.202344997851
0.0801600058846117 -2.502981702967036;7.743098192035
0.11783084807144473 -1.9288526228192628;5.230372078832
-0.46162774920467486 -1.6820638544894537;6.5900947194158
-0.7089088279701236 -1.4413100543857384;6.230219194440
-0.9476442560422226 -0.9668146888141547;3.5852881019071
-1.2227835605315625 -0.6728684892017796;5.438159289997
-0.821873444857192 -0.6438608481140499;4.550678315059
-0.6501908300890451 -0.7168708822677315;4.604075464679
-0.5486775579967389 -0.7920342987434619;4.5586798322918
-0.39491049527529376 -0.8534752329582119;4.297003665771
0.04312970741472477 -0.8961826905193575;2.6928781132966
0.05663082599271291 -1.1800246801230525;3.8186806711653
-0.21303744221132281 -0.38131139196232156;3.139240423367
0.06539580936871009 0.606444856970612;3.302858258408
0.042906150299672624 1.1670373605426343;3.686030802103
-0.1942515027231424 0.5369449617476059;3.540049746658
0.02756590267603079 -0.09426298548340784;0.51638069199
-0.09253981756679514 0.3652700773928645;2.6657639747347
0.14166565003514214 0.024279880267586873;0.8753741123406
-0.7131669841908068 -0.3784762754094145;4.254989966747
-1.210686137191133 -0.3227719392739687;5.059776915941
-0.9075350751713664 0.0984529431986178;2.85793389993
-0.8956878698992776 -0.1768236716006576;3.2850870818668
-1.0243388089946646 0.34612632157694223;4.320213391997
-0.7528069949614242 0.19112099187850973;3.5899716880082
-0.7454933529593278 -0.4144102295442139;4.349187599741
-0.7193867233957557 -0.5206332541872012;4.525102041509
-0.664627733643683 -0.43638745637475207;4.356658739767
-0.5333460314785433 -0.1412221594150802;3.3786041412057
-0.20916512571282347 0.37596526262177665;3.1034007463059
0.4475021864055922 0.20334109982497683;3.3413643967174
0.4781889260699046 -0.3025862340845924;3.738338603269
0.2012497341215208 -0.2626186252036037;2.514962393095
-0.5816538369649641 0.45095056451371485;4.2936040344068
-0.9038754174995528 0.662592619929562;4.487257370522
-1.122168450602353 1.0017464390860358;4.188249680493
-0.42271593291661813 1.0190880343476294;4.551864090587
0.31931651431272146 0.7087690637154007;4.088025766140
0.4115503978949037 0.495735479133832;4.0633877452322
0.18816664911671566 0.11532564031500891;1.5755549652406
-0.8608523938660523 -0.7453413053207566;4.3348539705031
-1.697982950276649 -1.6146748480841222;7.774563584872
-2.257282802683049 -2.1386178543448393;8.485591138845
-1.9312284654892942 -1.919919098162872;6.670667736658
-1.9515559710401578 -2.0680413990473694;6.800764193639
-2.0979310212472164 -1.590021938241287;7.94874367564
-1.78235901760963 -1.3481826224563336;7.309460437983
-1.6941593067824996 -0.7852477517417807;6.420104845513
-1.7364586679230445 -0.671133062989355;6.592082975596
-1.8042037113313376 -0.7584453973808934;6.340344588596
-2.0440059101520345 -1.1763730883457089;6.3682137602594
-1.7692370711041767 -0.6223876474105248;6.6362739163489
-1.628837704710012 -0.3836636244300722;6.444910581644
-1.4108140702347864 -0.0461204171920927;5.280338349670
-0.7757136779443314 0.29108463631028975;3.9757493969990
-0.4496871969292818 0.04194034962681814;2.94822417733
0.19787843957368328 -0.2455694900627896;2.399743289430
-0.03408200373035836 0.28688992466281515;2.0658345954848
-0.022773733936465868 -0.24906307050947252;1.7681604014916
0.10432635644730281 0.37614877081905895;2.7513355949699
-0.146342773072773 0.17475941448871674;1.652461080194
0.4286648344618399 -0.7883112323440062;4.38394836735
0.5259794380648057 -1.3942686597526073;6.106762627177
0.5142334394983046 -1.4165293264623484;6.162848170602
0.42523167773531406 -1.0927204379736486;4.802268006108
0.0946734834100828 -0.41170210261796103;2.88898102369
-0.3986667007952035 0.5332744526707025;4.105375465950
-0.4274274283293557 0.9087980371306411;4.394729797620
-0.15401201960190763 1.075918292113122;3.4973493200681
0.7133895548613389 0.5235795272614984;4.526745748443
1.2166305172469971 0.026847193681715953;4.063766318117
0.5617790423307973 -0.4091237852452428;4.177095527449
-0.042943843053351305 -0.41356737483153105;2.8050853519554
-0.2820485837136307 0.11640928207134593;2.2502266046139
0.3661226458927392 -0.012509136288434808;2.5484688488238
0.10949225947664509 -0.04709904081426816;0.6786776768593
-0.9415236738607861 0.3301805848236079;4.097621575598
-1.4924270368662707 0.04798478259056965;5.547303098386
-1.5417563781740402 -0.2499492511021636;6.064992205461
-1.3609393565454089 -0.15652709394269232;5.283721698812
-0.6834206161724629 0.2400267618337814;3.823456369181
-0.2582441271850074 0.06413441899360697;1.9133947957130
0.9226158073188206 -0.35880842465788954;4.19652380622
1.588877612906865 -0.17887361924489775;5.953602651895
1.8994999531685894 0.24582330228446136;5.947017648275
2.1769749441989683 -0.10194993415711245;6.15977565581
1.4579569966402395 0.11782310530425918;5.562904148716
0.6367947642703405 0.002614960707354508;3.2512097577967
0.15042793439498892 -0.07880412760625627;1.1120770778731
-1.1004568222670006 0.40498720523686477;4.7843242548769
-1.3890354074344937 0.39508868818054027;5.953737131692
-1.1869316821818872 0.20418027712090758;4.452555045008
-0.27873220874368365 -0.47894334096829216;3.6689227488948
0.6630021884728016 -0.6046516506070543;4.582735428261
1.2007941899079668 -0.6004576850758294;5.399272126143
0.9999109884543429 -0.6459682063745505;4.600659663538
0.6287315790524125 -0.8863678074071615;4.534179836040
0.5106845730065577 -1.0556241562001545;4.803323892481
0.334204452243271 -0.7715532605558618;4.129319709201
-0.17353353293750517 -0.6273661633202696;3.587738305671
-0.10672372106536837 -0.47784718961208006;3.1545388185194
0.22016209145194143 -0.021498707964146213;1.5327418420164
-0.585398634095455 0.39074680321359545;4.171156959965
-0.9188328071590607 0.36929713333173964;4.231459661215
-1.0562239549925438 -0.06468059712569912;2.9676839106652
-0.5108225015498212 0.06362739104478937;3.16008497020
0.12566765824743953 -0.039028374954811026;0.777349486412
-0.42616043827153227 0.21139225426961855;3.298476413972
-0.36049825043684564 -0.0427317560722143;2.5430918555324
0.35286845149924334 -0.04459146166769476;2.5029386128553
0.11008360198673217 0.1220068642557218;1.0707924285698
-0.7837426340243239 -0.5838516820438615;4.578914404195
-1.3751274793457529 -0.9871920587027779;5.820706147314
-1.213428585096608 -1.1182450633298655;5.26143304014
-0.30633982324789355 -0.5957128713649786;3.9691966897180
0.6079605582069958 -0.10857883682075448;3.3921757131638
1.112101164234883 0.49469441087535;4.9928726294013
0.9433147985029028 0.7448370321455463;4.272526966127
0.8185853063492111 1.324080917175007;5.685730648201
0.9373825628340183 1.1158037145182176;4.137896644301
1.1699597482220236 0.1820163353475206;4.2364837275
0.5021529015574989 -0.99627693297564;4.637618634687
-0.0452453747441488 -1.4833457158513164;5.521743849123
-0.2754983111034201 -1.4706343237402133;5.967662217519
-0.15516948213513315 -1.1483681095767426;3.957812363346
0.5254832075315466 -0.10655133180106668;3.2752968061124
0.695439733400017 0.8271123914436167;4.485691734114
0.9969830282057206 1.5495601427291081;6.281954595841
1.0500882434990773 1.900756270578906;5.592620206225
0.6740689837353495 2.439600081159348;8.236404958522
0.5434405298702074 2.4751325874879244;8.365011792743
0.44855915169813976 2.239514492423252;7.595616867040
0.26158111145361723 1.6003783912241745;6.173041963842
-0.14639753764249236 1.0732223790838915;3.439730447286
0.2830135706086462 0.08747598867390893;2.157023674776
-0.2811842777757282 -0.9070989074941677;3.8548706544703
-0.028988533838520958 -1.5354819971121403;5.618607283086
0.2044682879885462 -1.7380478712432417;5.99401395354
-0.08797582423913378 -2.021721570613022;5.184292986748
0.2445316444662675 -1.8105347351181482;6.047314068974
-0.05109666213629735 -1.8494823474701558;5.169411403529
0.030490877775725594 -2.277798390252718;6.7288600262543
-0.03102121887322966 -1.731765017324386;5.520926709165
0.049438713500612075 -1.7054427179220446;5.6039493082
-0.07221698045543908 -1.9342173880037177;5.029914786948
0.27706009824003364 -2.1975256519337876;7.016409979977
0.05718131578074501 -1.7210736557692798;5.582251561059
-0.2868696659370773 -1.7008906853064012;6.281632758265
-0.17252878426872334 -1.701219666160611;5.9278074408247
0.29479435248818353 -1.8288085556266656;6.223865764805
0.1401790385028791 -2.019142448983902;5.438171186960
-0.6426952320658512 -1.7767166686770466;6.612231290594
-1.2834102561674985 -1.676458651259882;7.159924822116
-1.2604715292763622 -1.657421380303469;7.084644007653
-0.8092160571083795 -1.6762107457570044;6.387953040214
-0.7524967276538578 -1.7778688567471657;6.397168158127
-1.035793888436845 -2.0149235960527205;5.522720183893
-0.87085517008172 -1.845472843289251;5.860825108518
-1.1769785295919164 -2.0970177025638974;6.60382084784
-0.6032321638653992 -1.6286440133265878;6.598543847462
-0.2585911313043168 -1.2125934272055205;4.841309005794
0.43717618382669293 -0.2600429206370747;3.4957453293080
0.5088778291607361 0.7369077156982399;4.514842625375
0.39373079197070254 1.3363876514092934;5.773306626070
0.11749259166198767 1.2705319747674941;4.663030443595
-0.4329835546026467 0.42643959281922783;3.960382117758
-0.4901444800835772 -0.395869802053887;4.0149430101793
-0.27081144591502515 -0.6195037810832924;3.892003592779
0.23980095479843044 -0.6427287682179723;3.8116983764922
0.16246003539843662 -0.5901663508072315;3.5250995708434
-0.2485028631463458 -0.4270982755824523;3.4265599053597
-0.09925304418132108 0.06241318055999967;0.6651998488567
0.8148563186432908 -0.15960954525076315;3.3388165641565
1.650117627079946 0.27513807915817784;6.242694073300
2.120729800400584 0.24298350615227315;6.460189820710
1.775725697889731 -0.36889950292651574;6.471377201436
1.5892130034925995 -0.4824054559409965;6.506540928340
1.292042609014345 -0.45766775607960614;5.700863054020
0.6367894834166389 -0.2925606133873901;3.973127152215
0.12427964277386028 0.17549180969772993;1.5299455084304
-0.873911350329565 -0.41466681098590696;4.3510275258865
-1.482139389478536 -0.47579324765107944;6.29900399523
-1.5851044431121297 -0.4080198902093498;6.423191305121
-1.4682611814590014 -0.2075217256554217;5.802930691099
-1.064578568974213 0.21614823266704086;3.807068356486
-0.2546642421580241 -0.23532426662655082;2.643477266785
0.8914483777757083 0.09752070052591716;2.881201584136
1.8462355393614045 -0.2155502494957528;5.862067694165
2.649719997107223 0.17211291795294964;8.037422237958
3.210447862832496 0.0818491915445137;8.271118958704
2.694882588755083 -0.3101743194313088;8.388939150745
2.3900450030990776 -0.2798696949964966;7.867699917293
1.8031817015420868 0.0011105472512599746;5.277591757259
1.8700052027426737 0.17224617980585305;5.602423921838
2.145956688466328 -0.34702740084130285;6.993600539682
1.759295991190231 -0.313170076465283;6.335810142819
1.5769844149885541 0.055154872430917934;5.690452825900
1.369795018193055 0.14323595267463568;5.288391930935
0.6859310677472209 -0.12200637095677935;3.416358701066
0.36362607090986093 0.07915733434242264;2.6251090384969
-0.4828736640830695 -0.06862903251294536;3.0932510323302
-0.6569040085115556 0.03707863850838074;3.2610951946763
-0.8467148231307808 -0.0235237337334991;2.7946069479965
-1.3466113209226793 0.06971698040129963;5.00814732859
-1.0039045167504044 -0.07873746370802599;2.813236613851
-0.4662322023827824 0.31683588496490983;3.750517099880
0.17592665003894636 0.21151855245991988;2.070748885306
-0.11562391628887791 -0.6348568858573695;3.4189693351735
0.02304929188541935 -1.1570542146419776;3.5770167531505
-0.015344394505187597 -0.5017534624905835;3.091180795727
0.006990351469004969 0.22761040096996432;1.5845000531478
-0.019250188299306928 -0.31830250515565606;2.2660366108087
0.04564482115496489 0.13267943545344002;0.8505481142050
-0.2690469843870184 -0.5451787015697485;3.783051545936
-0.10501327750990302 -0.7501132196439257;3.264873093946
0.3898968771490151 -1.1410617503488196;4.920537424124
0.37899513549506847 -0.834501352299565;4.2530472929
0.010068370403394866 -0.6620363004177626;3.239195196112
-0.2576358664388019 -0.6524804698558242;3.87486332495
-0.030873189148496516 -0.5853686776041697;3.2466630526099
0.20685625103037705 -0.43400436494609074;3.3094946807196
-0.04947855571808116 0.06401596755657779;0.39573224525345
0.2964800706422275 -0.27559483303762655;3.0317382053492
-0.017915280409764756 0.03509479589276804;0.1523344324166
0.05494024641995357 -0.29993117969307354;2.190493088648
-0.1369098147362701 0.314710128897778;2.528818680131
0.2037799967244633 -0.00026215962886999566;1.3839283626513
-0.6157975178791586 -0.19705865097884429;3.6554268368719
-1.0378782033822218 0.06873581202636142;2.894150874809
-0.7751250275153921 -0.19472790639995735;3.5732659906207
-0.7963200836796825 0.17683026165134053;3.456382825089
-1.0385293696978253 -0.15108683019862912;3.302894560660
-0.6970024817711902 0.36281508794602824;4.208465658266
-0.43038348060575715 0.36510551687356513;3.7959089889231
0.05445557373137688 0.029269795862356063;0.2739253134060
-0.2789397232632767 -0.5279657736202252;3.7794749293471
-0.1299952337914633 -0.6354188846899081;3.458429309725
0.3096515822296896 -0.6862769062809014;4.053076310399
0.21423756464661659 -0.6773140619743362;3.7332775303476
-0.2749131183318816 -0.682472937832351;3.941792284897
-0.18130659641246394 -0.6601904620990394;3.6205039253869
0.2889284535002664 -0.6495638902144875;3.9716735316988
0.21262611901102058 -0.5618069695805059;3.6399356712736
-0.21118024130178215 -0.31271701028263266;2.8263400084167
0.05168514362913751 0.44471779418622104;2.9416106810656
0.05674414033720834 0.4685792967641014;3.0312217919754
-0.10991379836650256 0.08970231836341619;0.8719301089736
0.5948642863177236 -0.8221285065826651;4.569091669525
1.040087496965021 -1.437065230072864;6.132834962500
1.0648629412737178 -1.4551815027534203;6.241128595889
0.7737156228993889 -1.1463998374934083;4.81318555857
0.9845867762204852 -0.272417579322233;3.8753540570971
0.886034169411239 0.9389370513955682;3.737493868123
1.2098509147528487 1.824157515933543;6.624586866946
0.7472372101878011 2.655578587952493;8.42944002938
0.6802816308436903 3.1919673754464366;9.145391303281
0.928478924416773 2.97046555981283;7.274706551431
1.4450367541648417 2.8001106569972523;9.180387268083
1.57406396451169 2.7623765428527864;9.296025090330
1.6606998562913518 2.8015398693938343;9.201320882312
1.8958664695620404 2.965406399745558;8.137466207308
2.495786439882383 3.0917302496815093;10.393458184697
2.7403160305252476 2.825334962886252;10.037149238044
3.2226256638211055 2.9314298764808786;10.201480851055
2.740288777088768 3.1472424303024775;10.323041256053
2.8127244150186836 2.7375447473370067;10.072517667888
3.1287044502462007 2.787001226485518;10.075292515605
2.745535809116639 3.282302384298784;10.907101969285
2.725268980014313 3.11471974704449;10.23195716727
3.0963158081409814 2.523727760768256;10.429977443837
2.9769677106774095 2.08056554109189;8.21220111584
2.87275032684466 1.2113346820342255;8.2511779900
3.0417057892784922 -0.016153076426249413;7.044877810190
2.6586043796710577 -0.6838669683920655;8.530203525775
2.3914668960160435 -1.2639060919235683;8.426320298130
1.8585452607213349 -1.2707997182914843;6.888084799739
1.6981691864490351 -0.6454409188142658;6.6217367486132
1.5758969185991103 -0.3477804113582884;6.318692837545
1.3154187035055003 0.0492410967437249;4.796963764288
0.4022071653505379 0.13423234697628325;2.955590076072
-0.6851379127963804 -0.1805667601962138;3.611994731455
-1.4236411245047493 0.052914165755475556;5.3382596848694
-1.4239962076896813 0.06039292970886534;5.348686389385
-0.9624943450340808 -0.09186447506489293;2.8018995643909
-0.5941265974521881 0.35782584265612155;4.10419654689
-0.19752427803616385 0.33519437775865085;2.877947520922
0.5481031425542742 -0.26066532437944706;3.7633232859080
0.7996330618350591 -0.2699800249150507;3.8734019680428
1.0671750910592879 0.23859544765338425;3.9484863840569
0.6900129953077447 -0.1311597199422499;3.4410612045641
0.5623106755068232 0.023183354138191697;3.2153164029578
0.3148024577286736 0.04951551604837855;2.279140098632
-0.6313338342123627 -0.1402989261009252;3.48736013624
-1.1946041562536776 0.0981253208724654;4.053414329788
-0.6160739164317148 -0.17111348068149834;3.573703569220
-0.17148264180311168 0.03843532086427587;1.1501028058726
1.1316879916184033 -0.09244307590451697;3.5546806017419
1.057211936755052 0.2970560012524359;4.214780051963
0.5396900203707883 -0.04385866744218392;3.19601099000
-0.010017440736091232 -0.12861023379029615;0.7531352076975
-0.27378927889394533 0.8004833392690063;3.88865045473
0.07062554582974284 1.4902932388346521;5.569119608928
0.11701364417695129 1.6229077911228966;5.81659930465
-0.1339534112384241 1.7038531128478387;5.803074628013
0.07505264968007974 1.9289343778422692;5.045630253229
-0.2306521432289806 2.213468068143921;6.9279853067875
0.056145561003701494 1.697606807190383;5.628901168327
0.04731018936208364 1.595327244701949;5.692056339730
-0.08634880359134905 1.486517444680823;5.583605907020
0.030211056300602182 1.1088790910431983;3.2147926693700
-0.07888995080345416 -0.006782492667851692;0.38262425662852
0.6586035033313242 -0.6380518915432197;4.599228045924
1.0823343871744424 -0.985388535537927;3.9171083916449
0.6595761623651812 -1.1045793070735566;4.91003418013
0.6130483407445477 -0.6668779096516642;4.589687833056
0.5116885547179129 -0.3452024883125054;3.9317773337116
0.19872462070907632 0.1791735581216622;2.0080656149014
-0.7730998401276505 -0.216135670402185;3.669937806717
-1.540753226434168 0.06574792071942115;5.662709667665
-1.840891979755161 0.0811618161405337;5.279206742308
-2.4177526471560684 -0.3003172544906938;7.993256353607
-2.4329459450192434 -0.3081873494170287;8.049711978677
-2.117370067492734 -0.09275563973962994;5.699884789438
-1.0970857763084982 0.5174042991092042;4.954454659813
0.00873718041707372 0.8156430031699362;2.8842092855145
0.6584101467089413 1.4026525938169434;6.1480914482234
1.1119893363440043 1.4097090213398533;6.24284796990
0.9932836532711671 1.0062896407733293;3.627025734137
0.7637291579110983 0.5100075966885789;4.520341306416
0.6093898520653713 0.044885972094280524;3.2756888286452
0.4638753970765781 -0.38822537522167827;3.938617705330
0.09328625644511668 -0.3534636612448001;2.6053280870191
-0.4611532997714445 0.32727087174793157;3.7679419196764
-0.5049155425947144 0.4058799248139663;4.06860280104
-0.2917417393652931 0.17249732247609206;2.5443165932278
0.5364371066878784 -0.5177233957131505;4.34571390924
0.8664705542122918 -0.7521089730173242;4.307927205385
1.2533382752331745 -1.245972851821646;6.139044126705
0.9221186579581633 -0.9830979916131768;3.633182733993
0.9789481402112385 -0.7139051255923308;4.4007276510597
0.8537702636415374 -0.9210209757944232;3.870441483713
1.219043994993614 -1.2232695804760678;5.854677816330
0.8077342109626483 -0.769377816759643;4.368247693942
0.7903210905354799 -0.763305012950029;4.414750851846
1.0054186457911456 -1.0055978259496114;3.645041828385
0.9054087266820462 -0.9221479977205631;3.706132246734
1.1458950891444981 -1.088518309229175;4.651493775797
0.46656585639545944 -0.5838810446855656;4.32629315512
-0.18631492312992415 -0.1006253728561311;1.4896183333868
0.33967326712474866 0.7742203913099386;4.1462366663790
0.27995607684494656 1.3570456121460381;5.610386498833
-0.06597913735012523 1.2459576712490656;4.352953741628
-0.021360440792710378 0.2740815315919335;1.958759862074
0.11031919284055572 -1.2447591441073524;4.464652381176
-0.19823764574985567 -1.3398980599869332;5.307025563514
-0.024575487368970722 -0.8271619136475202;2.8580878331857
0.2154756536472843 -0.8994603004602922;3.5032914437286
-0.32803391313864916 -1.027966599460982;4.2559454233
-0.14258122522377842 -0.7401111378958111;3.4154860624601
0.4291540713330075 -0.7612204047077957;4.383660314464
0.530216692871039 -0.7610177100550308;4.543366328245
0.46666520984305115 -0.7547786679493719;4.454634578583
0.21708630464749568 -0.7304065384601688;3.7193063003861
-0.4190594370344488 -0.8144200978807662;4.361335158215
-0.5335836126236437 -0.8748907079438748;4.543324882438
-0.5201883026498413 -0.8949328563505208;4.5379641078691
-0.40569795490466226 -0.8623543768524754;4.3264991738978
-0.009674012916388974 -0.8354962658334585;2.819812373182
0.29223434939233073 -1.2126058020977029;4.9672211260862
0.04998891291122434 -0.8012711013640474;2.9800260477871
-0.3449762406828436 -0.920321481168654;4.142891994936
-0.11672586675087102 -0.9295078770085934;2.9221757459547
0.6487475791878057 -1.0097636058923747;4.616671752724
1.3502569507471984 -0.7866428576169502;5.849012018405
1.2939796649433037 -0.8185718823063979;5.537156262751
0.6274127465295936 -1.0645004727951948;4.807095631358
0.3686350647601315 -0.8007814272307816;4.229179181560
-0.15613872315327115 -0.6614629475618258;3.5369524035574
-0.09121863993370938 -0.5987502882057478;3.346644679089
0.20783318599528955 -0.4718772934050097;3.427990532880
0.008882129924901672 -0.051462741602632256;0.21875860613512
-0.2317337505440385 0.8725460199946655;3.6157014830097
0.2659750359891198 1.5728198992609035;6.150015097415
0.3015476402004123 1.8446685358126125;6.235317475745
-0.12882224672748666 2.112487809387207;5.826507420174
0.18889262123603445 1.5114780858550003;5.861779721781
0.09395518869085426 0.8777122447532928;2.895074054589
-0.4614151847161986 0.7542084200145779;4.445372836820
-0.5943819800070349 0.6557497244414341;4.57151874294
-0.5805266193939451 0.5271901205789414;4.423192899682
-0.41641932870648024 0.26444028579092216;3.445890894911
0.07768544903556701 -0.3100044822962492;2.3083592960316
0.07560032117319249 0.10975055752410684;0.7974580112844
-0.5202635751362422 -0.46472521888212465;4.2232662618782
-0.6800505026920827 -0.5862516587907407;4.576494095904
-0.7330068810913323 -0.5683222246630435;4.57517514502
-0.7564193760928386 -0.46753291945786923;4.456389248533
-0.7517546215780386 -0.1955336229909186;3.6097133589800
-0.9053079716528383 0.4827458820720061;4.499108886626
-0.9363206868667739 0.7308821633736087;4.318178418888
-0.9488849641611856 1.2755625957263401;5.26165357352
-0.971964561605837 0.8358556791214595;3.9193930977790
-0.9105440863786078 1.0670880046450406;3.9079111975386
-1.1805529502079857 0.6192183555626485;5.298183799816
-0.7997808940675071 0.4284108219098932;4.383204277328
-0.5638474400747427 0.04125706779767779;3.231834300840
-0.2507629732177675 -0.3261827698641511;3.0563884660708
0.4483183426506415 -0.02955854302702221;2.931852737113
0.44059587140261725 0.2501937077913021;3.4738485878429
0.06880968878698884 0.027098996730521574;0.34901147251965
-0.8969558327807217 -0.40624191046333474;4.334879521865
-1.4583215698949266 -0.34546876494617423;6.072875079041
-1.4935549289847267 -0.09566603352178277;5.616912613446
-1.222710310094233 0.2778773717842387;4.969974739197
-0.39353146958863194 0.07213521297787232;2.7595269676413
0.7005989714644566 -0.2939336216920291;4.006770337415
1.3764530194459166 -0.12803232645314525;5.279780174834
1.253254197422635 0.2759203000502619;5.1248604101197
0.544993481690896 0.12298259402945882;3.352680953439
-0.1168055349080469 -0.2802743925761506;2.2400997161579
-0.06748781836910595 0.2676594279982585;1.9916376833709
0.27980126708899894 -0.27783108198262396;2.967812920249
-0.04780688178281367 -0.07571426142276366;0.4554081156700
0.21278717293853744 0.780616508337004;3.645231224825
-0.16485204110756868 1.4871498725967625;5.748644702028
-0.11316928329447146 1.6298645540913204;5.807412350638
0.1976080894723934 1.736008039902175;5.9719886554453
-0.045398596389101264 1.9645596642971572;4.93967625715
0.09127183359078106 2.0694607773289837;5.402677988749
-0.3322269372786101 1.490088002532076;6.127783323251
-0.3800119523572842 0.8430116742757066;4.254781946622
-0.04546081941880553 0.4525013585343104;2.962254811685
0.30536543804129423 -0.2278628909009649;2.8636066210318
-0.06160501898162546 -0.11719390622793296;0.7879881385102
0.1977637334569794 0.8443796341347873;3.473083204597
-0.27237891820119736 1.645776861633996;6.23374314645
-0.2626259314324297 2.0900530398668713;6.404934408970
0.33560658680736494 1.8140077328387492;6.369672851263
0.3537816846926552 1.7109936222935676;6.4429256761861
0.11149109498998885 1.6254645512256896;5.804030723841
-0.31426122035365767 1.5783843438629162;6.260537544886
-0.3419483265890284 1.3751427493470862;5.815936318766
-0.11964105354610138 0.8286524039665872;3.125023078952
0.5419377225431596 0.7978016811789992;4.552858987806
0.8603973636918132 0.791306225350002;4.2005848880136
1.3066187642870946 1.1690532163388883;6.038494443085
1.0016322191688622 0.8682840511701739;3.8247166861375
0.5842578430059047 1.1441778148252166;5.1568202108370
0.3621187292774998 0.7947166732489253;4.211019177901
-0.14665653622733343 0.6033969318666416;3.4910938914930
-0.11470524327148579 0.38671306725418425;2.830164117299
0.2501692326577398 -0.311567517007694;2.9894564852682
-0.04169008442255795 -0.20265935127672452;1.4183684369647
0.0282297633032704 0.8818083015449618;2.699936966848
-0.09772280008179585 1.8721489358037484;5.246649200077
0.3068966358542111 2.8179605832402967;8.29098954631
0.16571598960886563 3.54337660933539;9.812392337204
-0.19594797779080453 3.8730981413501655;9.48617236171
0.19200844759710212 4.340630284923429;10.986952238322
0.10096015573340103 4.153733237755084;9.617249890286
-0.4126598317934318 3.2177209585789113;9.355313077430
-0.5635697364053097 2.1416504929081626;7.231799055979
-0.7230008113520779 0.9633998830204273;4.35536066757
-1.2134271003275987 0.11999111823022113;4.27265316013
-0.6307043735402091 -0.8625010890766109;4.539006072788
-0.3650695198243977 -1.5278943763863215;6.2634833678423
-0.007551557807133569 -1.7069533639588654;5.5660346491524
0.24455407764491832 -2.080885338172232;6.272639011375
-0.2298340105699329 -1.7677539472993682;6.048782512226
-0.06542521318494399 -1.7337624642016358;5.5669744038832
0.278193365556775 -2.0155184897748857;6.213058112274
-0.10915206915403447 -1.8803697995837831;5.27348060508
0.1773832678664672 -2.086851147353812;5.934249908172
-0.3216818168023627 -1.5810366098834554;6.2787176716273
-0.40141374356361714 -1.0907812499004705;4.7359492994282
-0.12474780789857448 -0.29792687469933254;2.3827627292523
0.5089092809175844 0.9546369574938106;4.574744624931
0.789320231364993 1.5867847219036935;6.415199114474
1.1199828179668028 1.890533165306287;5.941647923743
0.643099525190822 2.379400243043514;8.094887982559
0.43251356052636575 2.317669451917503;7.873151316831
0.17341379697016757 1.8557555717104965;5.6368865185444
-0.5971130665196074 1.8188242211584449;6.64325152411
-1.1793482150524506 1.8303476973220676;6.440285717438
-0.8618026362586857 2.1539636148764862;6.477845274730
-1.1064756171840051 1.5477474631318837;6.518315951939
-0.8888651948327037 1.056047217106121;3.920007655697
-1.1471787856488698 0.21932378243413175;4.276309556261
-0.5672945290609797 -0.9212610403708293;4.5715866817656
-0.20196307128482877 -1.5657438458310133;5.986259202191
0.3317353288348978 -1.8102053837106309;6.3604909812281
0.30549148834358963 -2.0374323801529286;6.402483909083
-0.2429164908436815 -1.8030757334575613;6.0511927154585
-0.09105818792194903 -1.8274045778283823;5.354674680059
0.41667774909538374 -2.2283524009529003;7.509956846617
0.5571059577152517 -1.9708135933224038;6.723838533946
0.7130755764005385 -1.6319356051571203;6.535363010450
0.9410048235095627 -1.3525804898264004;5.6954249724027
1.0919900102282727 -0.5907836585625637;4.940981131193
0.7232824598004499 -0.18028103424576897;3.5821246405370
0.6198548703992914 0.5477064299011287;4.495569534394
0.4376789444975381 0.8511264178402584;4.402526702998
0.06137766240852255 1.035370198327932;2.858637865731
-0.5663838882613621 0.6348457535739496;4.530827218887
-0.8281195169636149 0.2852706533479393;3.9143139337467
-1.087849905167419 -0.45784338263490393;4.848091796043
-0.7922695299258772 -0.7170836219710861;4.494458050959
-0.7669276429840178 -1.0669622918130033;4.445524424138
-1.2179907945903075 -0.79397570364681;5.168834151304
-0.7906749968050467 -0.9358459559146103;4.102556171916
-1.001092393248144 -1.0738392802218482;3.889665293482
-0.9357914021206979 -0.5136081197686279;4.55828976729
-0.7795116151238821 -0.04985413598672217;3.045450952467
-1.0374805067967066 0.4697478099109599;4.6982590922446
-0.8432712959675348 0.6034618324956985;4.560710595916
-0.7615898219077124 0.7196768381935494;4.529508604039
-0.8545154690090084 0.9435090161492049;3.8446529560266
-1.377871485497188 1.1593015701308476;6.300805563259
-1.2591240841552058 0.8279014608778821;5.32767052433
-0.48098704499065914 0.882070368171685;4.48705209127
0.19208287048766115 0.8809954113052275;3.388854576709
-0.06671598235028275 1.0327062495278252;2.8653209738431
0.1912818944318635 0.6289110032660179;3.645398450115
-0.04122404738846841 0.30969207154187167;2.2326395647325
-0.011575578005457055 -0.6997111663758793;3.193240219117
0.05131169192452144 -1.5355016248426687;5.637376232740
-0.038347126575037735 -1.8672292703239441;5.0869244179701
0.11838153162836805 -2.456642744109624;7.701229698036
-0.02646826364686393 -2.491812266789664;7.664737828175
-0.052070939036438765 -2.2516611112015372;6.576552342369
0.13417929271148826 -1.2374940536520975;4.496097897422
-0.19502525377183083 0.24235895144753972;2.365849203074
0.24244541773571254 0.4515017614184802;3.480942585647
0.12247012552700443 0.2272808127604166;1.897688692360
-0.5210043910303745 -0.7899350030336553;4.5337056994036
-0.7942713009812945 -1.4338379327434174;6.130259184284
-1.1011168035813121 -1.486989416875243;6.414442747144
-0.9294685629919737 -1.2784122766148536;5.286928207012
-0.8956262181841632 -0.38170617216957115;4.262256391175
-0.8381956302250552 0.5670799934165622;4.560889865057
-0.8230757990097348 1.1256421211965284;4.523012092292
-1.2561595594290227 0.7652363249410847;5.445537966831
-0.8951176122372473 0.7853051320728843;4.160477761285
-0.8379517379595867 1.2253845880559848;5.101396778743
-1.102224546789975 0.7395730841698291;4.696978557322
-0.6994570919110661 0.8271073788167429;4.479168522627
-0.6480054999144833 1.0223119885765728;4.648072267625
-0.8336498565856858 0.8341903482161848;4.136647158307
-1.2923689406770817 1.0565314727308146;5.5227014125
-0.8517183577663503 0.8369973448700554;4.078615947979
-0.9042901524755564 1.0667443123125568;3.9227194526281
-1.2715072993767167 0.6229095601305491;5.694126115029
-1.0006320687754524 0.394290634814512;4.428101905453
-0.5529481684294196 -0.12079990195570989;3.360758546221
-0.07221249800339619 -0.14055265157991143;1.007438471793
0.7457507744479874 0.7846523032018542;4.457945135474
1.4775125672946934 1.563397480249928;7.579719405360
1.7422366793335762 1.9254218115750037;7.340591617184
2.3321203264826136 2.2396624557693103;9.250960589707
2.276609205812041 1.9773518431520483;8.152356519680
1.5012730019704184 1.7465092940158293;7.677961197412
0.8530876512592387 1.642288944919862;6.3351423652108
0.6250686507973985 1.636538012101615;6.600752445711
0.5228959708705925 1.5281866451489123;6.42978776835
0.3902454242344612 1.2254314200620797;5.30993807650
0.0405340121194504 0.48282570890873644;3.0559577891055
-0.301827702921917 -0.3459746716912464;3.3338615669439
-0.0715022831970901 -0.4209666868154328;2.8794327833381
0.2958941576538109 0.036824491077632304;2.132855499796
-0.31974037661005916 0.15966646404760682;2.6457303643514
-0.046084168813477655 -0.2517023867296142;1.8229530615847
0.36151029278659685 0.43256708803935073;3.791618900796
0.27904173220909356 0.546163133623575;3.814290649496
-0.12994382020544826 0.3979245740355424;2.924484602924
-0.0228183546802343 -0.22070794152834539;1.5386604781415
0.1771010456977366 0.4001592981003165;3.0862974074389
-0.11453243778824757 0.3069518676483898;2.401298974170
0.1259028856274247 -0.4990954383582483;3.260390350264
-0.03636585428886896 -0.6930214181283287;3.222012437760
-0.0036395113831191594 -0.9928032873733048;2.6216115837219
0.04150992104534727 -0.9288902102653787;2.6379380950221
-0.1954016984697688 -1.0080981408210639;3.4722191456933
0.4160085060780681 -0.7271786148946773;4.348397957613
0.5317739495023301 -0.5136787150992256;4.3316459968289
0.4093739019450319 -0.1756596754079922;3.1173473080661
-0.1351356692012034 0.44599866943444344;3.1255420669808
-0.13418623691355525 0.4171759166156904;3.016428932203
0.22428910883043152 -0.08182477940132576;1.7073388897677
-0.49718499437189334 0.03412692740323947;3.090625363213
-0.6233382984309659 0.004259582606342835;3.2526471393870
-0.6958822570248696 -0.02867867655277314;3.2100655015647
-0.9291095571663293 0.0583789723890979;2.681253000340
-1.1876524248783118 -0.2503213887026751;4.663680521127
-0.637557414717481 0.07893156725292005;3.3331673686326
-0.305827564079919 0.04254095097315047;2.20881367812
0.7210918869531506 -0.16414446865961896;3.5231672492512
1.5093378764706498 0.16322017422340374;5.795798029818
1.7461409632924338 0.08135555634626265;5.570734804940
2.211463354766327 -0.26932337860121347;7.0622387753058
1.8593792594039245 -0.055677443684975486;5.147953282077
2.0234924135037398 0.3749608046519578;6.6169805961
1.8080579469698161 0.286801468007637;6.214332250679
1.7911294857368223 -0.20794353280377997;5.925215424322
1.9946942248425292 -0.009232098237290598;4.919004618800
1.8968505077664322 0.17696254623800162;5.582723464536
2.0028906207344206 -0.3692468321155162;6.550646846540
1.8068619449392358 -0.3366597465113662;6.37680892939
1.7520860044031812 0.03406043414201676;5.467677588239
2.077256746462281 0.1282578264072482;5.617583095027
1.631556760555671 -0.4367851115596592;6.51838133425
1.215475590942326 -0.6552413169379456;5.424898047506
0.3890318588838457 -0.9248377553573736;4.300066340816
-0.5086176174706636 -1.004014180880897;4.660661297385
-0.9608907717414913 -0.7817383059479843;4.138937122952
-1.188114684687257 -1.132784022618853;5.17069176104
-0.5332428006581335 -0.6847086203113221;4.525986596062
0.026335655028066007 -0.3385692517128261;2.398672180262
0.2732260008266932 0.6164041710303605;3.8963039323934
0.058392942102652 1.0944525763423996;3.1761019319318
-0.424622867805895 0.5824613283719743;4.241510704216
-0.47227032341577807 0.0874321566810487;3.0955205516215
-0.12290838732960102 -0.4700845589391978;3.1709792722329
0.41237107158467284 -0.44628332629180956;3.9577315004026
0.45250110658156745 -0.14699481430237404;3.181444856706
0.07654321485141335 0.39718594635838333;2.7852401851504
-0.40702609384300176 0.178488309687587;3.1178549995756
-0.24125226448936493 -0.37192085725054336;3.2069227649854
0.3175300935021627 -0.24541712172691987;2.996003377602
0.122682736184337 0.349915091429168;2.6728900881750
-0.3932848838966648 0.08447240331805683;2.7840232308320
-0.1512414346282226 -0.3528943118058647;2.7856838499055
0.4382594298829334 -0.02474690089465542;2.890480029069
0.335834707135746 0.2610140120537555;3.138598851502
-0.2308255301228636 -0.044325499837541915;1.654730308321
0.39409314465294737 0.007267557105227085;2.6906390912452
0.19786166853610426 0.014072247655420804;1.338812874937
-0.9615824307894159 -0.07117731669087282;2.717113999791
-1.624588174800421 0.3199280518644074;6.3265038855624
-1.9269731335798719 0.31650479835372436;6.266445781284
-2.075923524451917 -0.17567656650447355;5.8693020550489
-1.5700402030249743 0.20472381706391363;5.998691336865
-1.0977371663962348 0.1390714274870212;3.54113267590
-0.04997406789536929 -0.5490078222036961;3.2192265644505
0.7561353136657067 -0.7798697266287503;4.447167294035
1.4858561034238693 -1.1339900389707092;6.5160901623676
1.7055184864900044 -0.9536548087257926;6.140834313170
2.133462409657449 -0.8673912002480673;6.322600409336
1.6144304001422258 -1.2740156461702257;7.128893145868
1.246246101751849 -1.1286475126995696;5.521513764628
0.265452682221742 -0.4585493364233383;3.574472166641
-0.7360200804788546 0.29808514794315577;4.01800560734
-1.3949281005744485 0.35649629372832586;5.908660074908
-1.4204600645191008 0.1750545420519102;5.574009018709
-1.008114051929404 -0.24986817262770059;3.802045799352
-0.4275706296282846 0.18637984759198858;3.2196806978197
0.3644183063182196 0.05794916230153105;2.587293973698
0.20817004155844576 -0.23110970429802966;2.3707942973217
-0.5582741056776137 0.2922678392898136;3.8736468456997
-0.8361135738109733 0.27174326230845813;3.848001141101
-1.1181374434322753 -0.2941730634989518;4.474668222251
-0.6856736181991849 -0.11087213835914161;3.3839690377858
-0.5295613561189354 0.3507029213561103;3.9812879504678
-0.20055241906712173 0.3262224495148154;2.847213395224
0.5152651763856533 -0.28232509349607415;3.7633298107015
0.7072586217108696 -0.3061663316315044;4.0467433243129
0.8163787858481438 0.06680152142949136;2.972781483388
1.2561283562078462 -0.025809839983446603;4.367375626531
0.6286474687171728 0.021100359505352898;3.2584041796275
0.24066673191383314 -0.01902506253988756;1.6978845625550
-0.9830024712184384 0.0590695685924125;2.698565312701
-1.5603673501678799 -0.27427849907230517;6.150325572324
-1.7344834464989787 -0.21550805331182063;6.037656822140
-1.9810570753855177 0.25170938150807964;6.004984425046
-1.9526201901858538 -0.11338211139032156;5.1965577515216
-1.9384637332026984 0.26189790467504653;6.020862103629
-1.8916246965322892 -0.12203966332883442;5.307282468543
-2.1089853485582686 0.21548564503789486;6.258804858326
-1.5938235872860198 -0.21210379873475532;6.043503054201
-1.1554373738262922 -0.16821498214527825;4.0709377623837
-0.053005251331213366 0.466116553294559;3.0181531731941
0.800058996559017 0.46469894283352553;4.454509391487
1.3360806055928902 0.2513945448464374;5.44688324236
1.1406373496143585 -0.2303599305486725;4.292666607657
0.29802304492221476 0.08009182629993344;2.236696625061
-1.0396704668127021 -0.05741855277908531;2.8649958504970
-1.338954327120223 0.2228819591462985;5.376544691347
-0.9748536149816751 0.037057943039678964;2.6304923696201
-0.6064892139097493 -0.32726843498390384;4.040544071345
-0.22643689976919684 -0.22638894719184766;2.444615648362
0.6852616623171055 0.5096406936754669;4.495470177416
1.1887182013747193 0.8017117831242454;4.973565932434
0.769054320388348 1.342011094265768;5.839982232611
0.6746264920049074 1.1820990180517836;5.241023332437
0.8081912045753223 0.492669156550002;4.498354539328
0.8942176987268384 -0.11081959584914369;2.9358398137517
1.1609374768058978 0.08153418102981103;3.737144189899
0.38178080659307656 -0.196972663188419;3.0823570369656
-0.608031099938142 0.07184968307122352;3.3145424212008
-1.171941180628946 0.02599460499024564;3.700882686244
-0.5336064211970326 -0.13876223914986024;3.372463382017
0.10895635211996457 0.08610778768033944;0.8459737048439
-0.30059429692091866 -0.42887721142198254;3.6012003461097
-0.17588248693783537 -0.400095379294011;3.081879071686
0.31906858755030937 0.10304822888767645;2.4369913036113
-0.10255869700979214 0.03909765171088697;0.6040216458362
0.5072150142779204 -0.3483453110607871;3.930852972534
0.6379597872182823 -0.2710414630279809;3.908406291572
0.6302372723249495 0.1573005132825484;3.5382026617085
0.5818093198680099 0.05102644824717467;3.263911743175
0.43094834027863516 -0.1693246897630329;3.176120372785
-0.09513834267178978 0.0815810639707924;0.7322468209627
PointOptimal;ValeurOptimale
[-0.09513834  0.08158106];0.7322468209627999
Temps;Nb iteration
0.09033346176147461;1000