Point;Valeur
2.7940483238434943 2.171814348681562;-0.12766230552279
2.971949430086213 2.308004413383363;-0.15285966346027
2.967264758649947 2.302518867841972;-0.1617744244184
2.796159116127005 2.168009168042589;-0.1267322076888
2.8228248825756377 2.1869537488914537;-0.1701345489513
3.0124168795561506 2.3322335986113947;-0.09043740286877
3.0139093104650234 2.331969855171416;-0.08909832204159
2.838867276198922 2.1951942299232305;-0.19036941444510
2.8152468572032636 2.175602748462684;-0.15365568902711
2.9702077932180577 2.294103256888493;-0.16525333707409
2.9515535073316084 2.278583868762247;-0.19246744715989
2.798519988222765 2.1593997529227464;-0.12197199208020
2.8433007159162926 2.192920770110892;-0.19256831887682
3.023410343523688 2.3308870842967164;-0.08019662176896
3.0202770308598414 2.3276296640352094;-0.08597626287674
2.841909255084419 2.1893694684196254;-0.1891541139519
2.8170891456051486 2.169461735781168;-0.15062026864427
2.97293259708468 2.2887375299867685;-0.16661636034590
2.9559586235237876 2.2750154889771443;-0.1911394540187
2.8024609909369733 2.1562678557597392;-0.12366855869124
2.846768836120325 2.1897562165285063;-0.1934017223471
3.025289467910061 2.326529008497291;-0.08170017703459
3.01972698068234 2.3217617339010252;-0.09123975135396
2.836829320733861 2.1806722919854287;-0.17877954092467
2.8209045818384424 2.167974370525612;-0.15342477895623
2.9836129651361696 2.2925967523104647;-0.15310164683907
2.964078102142507 2.2772117358950075;-0.1828964495662
2.797578232057333 2.148948278476122;-0.11196098569828
2.830566045976021 2.1739431510014713;-0.1678960472202
3.0286550806377592 2.3257685346291583;-0.07887170267370
3.0428997863540435 2.3364272226389495;-0.05713242129051
2.90015781129688 2.2265547933286576;-0.2296462860314
2.7725752328195505 2.1283533774396224;-0.06769333332394
2.8267303561377437 2.1696720442855852;-0.16077932536261
3.0505166452240307 2.3412144363573164;-0.04710023695797
3.115532321650841 2.3909058816893545;-3.5377585268175995e
3.17722819404554 2.4380474588125245;-0.04048773486499
3.3630476246449645 2.580440418182351;-0.1660721061691
3.445764250448554 2.643743655128098;-0.06320822875633
3.3843571989978667 2.5964734842763573;-0.14455360187486
3.2028296556555604 2.4570626241920763;-0.07380208788127
3.1824606231550034 2.44129230883252;-0.0464298868478
3.297116385436201 2.5291033880393314;-0.1806328437328
3.454792321474253 2.6499343301297325;-0.05220677737053
3.471328366466596 2.6625069372268406;-0.033331999237823
3.3748399333649193 2.5883878793595847;-0.155395092832
3.1736528604731546 2.43398311174868;-0.03557195454574
3.106276622285747 2.38220128820031;-0.00114802454158
3.0180073694426364 2.3143887944084813;-0.09901184256858
2.7547635081619477 2.1123991452899507;-0.039293633669320
2.65184252526251 2.0333454957664023;-0.034545864279054
2.408970758026311 1.8469750083213023;-0.19579748457094
2.402470647976156 1.8418509409103978;-0.18192454079771
2.626157535768322 2.013215066234004;-0.07697329149681
2.6360028186333024 2.0206443326267327;-0.059408589885063
2.462374613095302 1.887425291303531;-0.2777269851317
2.3891990131165786 1.8312309059767005;-0.1523281999783
2.5587761220404124 1.9611069027583725;-0.2155198530945
2.5175181159136293 1.9294072257324664;-0.2752228682284
2.3800905347889563 1.8240256909515025;-0.13177205339313
2.4892365786055635 1.9076142337059063;-0.2888048681243
2.5895065548827167 1.9844238150509244;-0.1530230982153
2.455110478258604 1.8814022083605335;-0.2705613756211
2.4431016949787 1.8721889632156792;-0.25565936583734
2.5821612834418124 1.9787594188017505;-0.16867814103858
2.4867228627271807 1.905630612122959;-0.2887533830171
2.403470145251734 1.8418595324491303;-0.18328292236890
2.554318741628685 1.9574939749270077;-0.2238879297888
2.5034174291960936 1.9185252901573957;-0.28519145637092
2.403513104538171 1.842019084208129;-0.18350566012235
2.5385780567995955 1.9455941394893534;-0.24969806999292
2.5070689261988846 1.9215144563534163;-0.28315485487108
2.412720141289029 1.8492864042809931;-0.2029311326412
2.5409956600554033 1.9476990077618412;-0.24586507942057
2.4968857601993877 1.9139836471370861;-0.28760803106863
2.425180566895956 1.8591288972714342;-0.22719516354210
2.551673219994164 1.9562180459806595;-0.22795090344084
2.4822322585364156 1.9030993748808083;-0.2882300757782
2.4377739768430913 1.8691475640761306;-0.24858311582621
2.559401941606615 1.962549289948732;-0.21346589928062
2.4712867755865817 1.8951195307974147;-0.2842256679964
2.4469128565153455 1.8765815987246464;-0.2617390115769
2.5612809817199085 1.9644558707022122;-0.20945338061160
2.463086427252291 1.889296301815047;-0.2788387709553
2.4563708517762337 1.8843151155005162;-0.2728435363001
2.5574693618035607 1.9620482943856272;-0.2162094625523
2.452457905804381 1.8816551821390406;-0.2688698392455
2.4729005439231 1.8975249641607728;-0.28534210390062
2.5431101489244776 1.9515914016109908;-0.2408104398685
2.4369238618577707 1.8702915858148588;-0.24860954189435
2.5003620210648085 1.9191796282843694;-0.2859294147937
2.5135935141238708 1.9295384663606538;-0.2773521124354
2.435148198884623 1.8695278478343522;-0.2463118545084
2.5285510803900637 1.9414526997288006;-0.2611679046390
2.4799264178285627 1.9043294202115137;-0.2880497617614
2.458072723426232 1.8877707558347323;-0.2754836387869
2.5360142438875144 1.947859370553767;-0.2504646828723
2.452182311078414 1.883693038334875;-0.2697649636726
2.4899683078949053 1.9129547154003677;-0.2885863221210
2.51236412154862 1.9303986036329974;-0.2776539309576
2.443722056471873 1.8778961328408925;-0.25995059369518
2.520349397683087 1.9370297387331117;-0.26976215927632
2.4771372477409637 1.9040617768990338;-0.28756826399992
2.467011916593029 1.8965314573131244;-0.2830603444212
2.5228878136954904 1.9397446877784525;-0.2665094713795
2.451543616511577 1.8851442013883433;-0.2700909639847
2.5000955323522223 1.9227422699888217;-0.28521717917438
2.494026312601015 1.9183364781597323;-0.2875211101141
2.457096560829323 1.8901973635576466;-0.2759943679709
2.5189620859847257 1.9380625679967067;-0.27016210969203
2.463028008558752 1.8952943283840216;-0.28100486191249
2.486353819915301 1.9135196945371877;-0.28876442809965
2.5022004075524023 1.925992466631088;-0.2836846828078
2.4555417552613417 1.89035586037898;-0.2751668857088
2.511167550497166 1.9334632866372754;-0.27703435256498
2.4715272691151444 1.9032216975826213;-0.28618644753250
2.478541841366421 1.908910103243797;-0.2883217580223
2.5042725162236743 1.9290160807305274;-0.2819737779919
2.457669695172917 1.8934054255147814;-0.2776688179064
2.5040833286195 1.929457048873886;-0.28191102724562
2.4766367854797395 1.9085985481437209;-0.2880489814177
2.4746924328372306 1.9073955543484042;-0.2875900103222
2.503100985835682 1.9295896852562362;-0.2822739005388
2.460563846682174 1.897093861847797;-0.2805153950428
2.498730021797671 1.9268217943027814;-0.2846579501102
2.479137556727623 1.912011780577231;-0.28860144835638
2.473194840206199 1.9077309413193464;-0.28735888131494
2.500568997840357 1.929151309607051;-0.2833905396073
2.4631125240972427 1.9005562100474844;-0.2827483707379
2.4949004239452846 1.9253918919681627;-0.2861118065119
2.4799122038230283 1.914129772574821;-0.2887421579727
2.4729546926140302 1.9090676760962817;-0.28750876768462
2.497617464922226 1.928417172034755;-0.2846192690946
2.4650921017027803 1.9036118002489448;-0.2843422323551
2.49213786649715 1.9248099664038547;-0.28689229602211
2.479656428450927 1.9154797736876352;-0.2887716989999
2.4733116485057858 1.9108911540584492;-0.28781369650342
2.4946433967135433 1.9276866446012206;-0.28569815595814
2.4665743955751505 1.9063088304122173;-0.2854723680148
2.4900420163412615 1.9247623177266253;-0.28733761923934
2.478845151284498 1.9164211236861355;-0.28876893677906
2.4738932189762446 1.9129088212437326;-0.2881290940600
2.491795090784586 1.9270688076714935;-0.286567666894
2.467686540951566 1.9087394622630651;-0.28629439914600
2.4883276785109265 1.9250244005444255;-0.28761787518394
2.477778777576708 1.9171802914131693;-0.28875138979561
2.4744960032466667 1.9149590009992286;-0.2883897888366
2.4891211964823414 1.9265969441355608;-0.2872388327003
2.468535455421712 1.9109814176869657;-0.28691143430432
2.4868119558912887 1.925451078619813;-0.2878170619242
2.4766371864301724 1.917892032480805;-0.28872565471569
2.475011562112531 1.916953878606188;-0.28857814100657
2.4866341994898598 1.9262772800617847;-0.2877415874379
2.4691936521294156 1.913086810964227;-0.2873858324627
2.4853873479856836 1.9259559590141182;-0.2879759165338
2.475521486310526 1.9186312554402003;-0.28869799716988
2.475385056889903 1.9188476191690411;-0.28869969395141
2.4843342997205564 1.926107259001427;-0.28810785009002
2.4697045002994753 1.9150860058867771;-0.28775480173798
2.483997154541989 1.926492430728315;-0.28811303185454
2.474482665027954 1.9194348812865598;-0.28867423801209
2.4755928847935125 1.920619077655066;-0.2887689000479
2.482217164719543 1.9260814043964174;-0.28836677614988
2.4700914765585877 1.9169945966795519;-0.2880416122921
2.4826166644715584 1.927039116067249;-0.2882356857912
2.47354055385416 1.9203163009979565;-0.28865836052102
2.4756302839630577 1.9222621762978243;-0.28880163606852
2.4802759287362717 1.9261927551494697;-0.288543642653
2.4703663027345666 1.9188195701496271;-0.2882623068489
2.481239886177209 1.9275895691692753;-0.2883457481663
2.472696302428699 1.9212748754025357;-0.2886519942641
2.4755040189047794 1.923780194510889;-0.28881171581921
2.478501564059303 1.9264330569791404;-0.2886596773574
2.4705347743800545 1.9205637161338849;-0.2884292559455
2.479870690843118 1.928145367937318;-0.2884429760417
2.471940573698477 1.9223021675015444;-0.2886547411911
2.4752277282633797 1.9251821131227214;-0.2888096522265
2.4768830546336136 1.9267928144560256;-0.28873215866955
2.4706004449198016 1.9222284042132745;-0.2885528104435
2.478517201266208 1.928711709717213;-0.2885267636434
2.4712588786085283 1.923385992769321;-0.2886648866832
2.474818785975932 1.9264801298881413;-0.28880261848239
2.4754077356162507 1.927261485093291;-0.2887746722288
2.470566694799139 1.9238151284388938;-0.2886419391946
2.4771884480522726 1.9292947623796906;-0.2885969391104
2.4706349694705803 1.9245129893303987;-0.28868013123816
2.4742961247791557 1.9276879228090917;-0.2887949724401
2.474061794104818 1.9278278112767415;-0.28879750241111
2.470437713875941 1.9253262232313655;-0.28870440540809
2.4758925419965343 1.9299001942683374;-0.28865399571585
2.470052908258129 1.9256701783405799;-0.28869815640363
2.4736787361125616 1.9288194415156383;-0.2887889664808
2.47283083545626 1.9284802148603437;-0.2888081206154
2.470218814117297 1.9267650695286915;-0.2887467891246
2.4746358166878455 1.9305324626736293;-0.28869902361298
2.46949823706625 1.9268458405090492;-0.288716974676
2.472984673843787 1.9298880939021663;-0.28878543451684
2.4717004266399853 1.9292071842088316;-0.2888117149213
2.469916366984709 1.9281360166458446;-0.2887745023460
2.4734225616762666 1.9311945675230593;-0.2887335168009
2.4689585519874044 1.9280299385645305;-0.2887350884164
2.4722304391411862 1.9309062333320393;-0.28878435897702
2.470656560263093 1.9299976082483912;-0.28881170702
2.469537558276394 1.9294441675584175;-0.2887918491215
2.4722550923163054 1.9318880733906256;-0.28875915934129
2.468423692875694 1.929214247778653;-0.28875151160987
2.4714306497859555 1.9318848714694332;-0.2887852893430
2.469686013808455 1.9308410360747925;-0.2888102163607
2.4690900786946233 1.9306951181865204;-0.2888021345993
2.4711339928208993 1.9326132724396068;-0.2887776438753
2.4678856970058205 1.9303923074868035;-0.2887657097611
2.4705979152318163 1.9328335555054397;-0.2887876216913
2.4687766007146283 1.9317278579804325;-0.28880844913602
2.468581817634234 1.9318947022894462;-0.28880780721350
2.470058431294092 1.9333694089076552;-0.28879054220959
2.467338617734085 1.9315592707495066;-0.2887775022821
2.4697428540758533 1.9337603602659437;-0.28879076560490
2.4679173230581664 1.9326494141551718;-0.288807005459
2.468020594876922 1.933048768352575;-0.2888106139904
2.4690264869206477 1.9341549178002302;-0.2887992284836
2.466778275464476 1.932711703510693;-0.28878695766676
2.4688742043963443 1.934671956313813;-0.28879422887254
2.4670984418351476 1.9335980424301331;-0.28880610894607
2.467413944663954 1.934162999330139;-0.2888117520681
2.4680354561695497 1.9349676511875546;-0.2888048460882
2.4662019843679603 1.9338473663654259;-0.2887942991155
2.467998989552753 1.93557372451319;-0.2887976476039
2.4663114825971277 1.9345670779935336;-0.28880576933671
2.4667689547897234 1.9352427769906413;-0.2888120050354
2.4670821216303525 1.9358050785897734;-0.28880830640708
2.4656082817653058 1.9349649994200515;-0.2887998287596
2.4671227122089614 1.93646989542038;-0.28880078376902
2.4655491933051654 1.9355508175290816;-0.2888058912729
2.466092156936101 1.9362930876956859;-0.28881185811054
2.466162977258104 1.936664455939066;-0.2888103078595
2.4649966758716437 1.9360641221660864;-0.2888038723633
2.466249557496616 1.9373636982251097;-0.28880350607515
2.4648054691313717 1.9365444587312004;-0.28880634230589
2.4653894613659735 1.9373184640629817;-0.28881159042650
2.465274409786031 1.9375429623554352;-0.2888113657461
2.4643674201575108 1.9371448545919392;-0.2888067427693
2.465382592532362 1.938257508890882;-0.28880576471440
2.464075256323174 1.9375440242530344;-0.2888069917438
2.4646661280398816 1.9383229561775466;-0.28881134555447
2.4644128393175944 1.938437806616174;-0.2888118459068
2.4637213177644273 1.9382077620932137;-0.28880871866768
2.4645239541737585 1.9391529908219267;-0.288807566288
2.4633544446973517 1.9385462772582573;-0.28880772981587
2.4639267662897275 1.9393101260688472;-0.2888111830125
2.4635748237616317 1.939346306551942;-0.28881199756250
2.463059556372998 1.9392537243980894;-0.28881003482575
2.4636750203083135 1.9400512240732253;-0.28880895218321
2.4626397560070807 1.9395486340312353;-0.2888084744140
2.4631753558622074 1.9402830597380567;-0.2888111141900
2.4627571323607373 1.940265945166927;-0.28881198265298
2.462383572086843 1.9402838273539817;-0.28881088018731
2.46283656233878 1.9409528210237064;-0.28880998166968
2.4619286334799595 1.9405490776471916;-0.2888091706604
2.4624152831053867 1.9412443917696773;-0.28881112615992
2.461956793577982 1.9411944073466498;-0.2888119004225
2.4616949398624484 1.9412992756199172;-0.2888114008563
2.4620088781801837 1.9418580277452169;-0.2888107197729
2.461219136225827 1.941546075492478;-0.288809786877
2.4616493871235807 1.9421963383774183;-0.28881119652901
2.4611711222809602 1.9421296008033386;-0.2888118069862
2.4609952875325973 1.9423013239344877;-0.2888117056905
2.4611919061615297 1.942766811176832;-0.28881122933939
2.46050984095317 1.9425385024856667;-0.2888103092476
2.4608800117103082 1.9431407355325745;-0.28881130196481
2.460397730655413 1.9430696645897172;-0.28881173020593
2.4602862302688457 1.9432912245016876;-0.2888118728992
2.4603853209163207 1.9436789327967081;-0.288811566445
2.4597997524540602 1.9435255711126753;-0.28881073649254
2.4601090597814967 1.9440790795313796;-0.2888114224903
2.4596345267194524 1.9440129680886287;-0.2888116805170
2.4595693224073614 1.9442701880816515;-0.2888119566040
2.459588612751136 1.9445940098189676;-0.2888117782716
2.4590882235779326 1.9445067688240696;-0.28881107527655
2.4593380478327465 1.945012567995699;-0.2888115431142
2.45887970371239 1.944958102963872;-0.2888116584634
2.4588460237313363 1.9452393565196413;-0.288811992762
2.4588011521862696 1.94551156513458;-0.2888119026514
2.4583748848699867 1.9454818029335461;-0.28881133658244
2.458568158602057 1.945942139821416;-0.28881165391613
2.458131723097982 1.945903870152979;-0.28881165968621
2.458117677558503 1.9461997846277235;-0.28881200416868
2.458022241447647 1.9464310672902219;-0.28881196865931
2.457659583661467 1.9464505528481;-0.28881153308579
2.4578002906778655 1.946868513023981;-0.2888117493458
2.4573892934078017 1.9468492636044124;-0.2888116780325
2.4573854982747827 1.94715242958133;-0.2888120044552
2.4572511546432567 1.9473519618016693;-0.2888119977499
2.456942332123916 1.9474130292737841;-0.2888116774058
2.457035104224395 1.947792219800468;-0.2888118272208
2.45665134669933 1.9477934521314797;-0.2888117073395
2.4566505662461737 1.9480981462050864;-0.28881200115604
2.4564871683071656 1.9482736950526098;-0.28881200511464
2.456223263628968 1.9483693398747517;-0.2888117810601
2.4562730623688322 1.9487136383827937;-0.2888118877051
2.455917014019574 1.948735760438354;-0.2888117423301
2.45591382835916 1.949037686762366;-0.28881199794841
2.455729583846181 1.9491957319353648;-0.2888120010347
2.455502596647873 1.949319660809827;-0.28881185394312
2.45551446804279 1.9496330214991986;-0.2888119324185
2.4551856009244966 1.9496756501515982;-0.2888117789467
2.455176102684708 1.9499717040812499;-0.28881199622651
2.4549777432925817 1.9501175683086782;-0.28881199210546
2.454780605383627 1.9502642135259376;-0.28881190416420
2.454759496280018 1.9505505214085126;-0.28881196373377
2.454456563829365 1.9506127014556969;-0.2888118143603
2.454438086040946 1.950900757040449;-0.28881199615457
2.454231039619519 1.9510387392262045;-0.28881198227001
2.454057596307547 1.9512032461706714;-0.28881193811498
2.4540082221305966 1.9514662116027814;-0.2888119842703
2.453729487730631 1.9515465957567002;-0.288811846809
2.4537003634545744 1.9518253176196605;-0.28881199733412
2.453488922714991 1.9519588237677874;-0.2888119736485
2.453333889820314 1.9521370190112446;-0.28881196066212
2.4532606444466403 1.9523801053467316;-0.288811996560
2.453004065657577 1.9524770996539627;-0.2888118753762
2.4529634187184013 1.952745778882256;-0.2888119991975
2.452750901961463 1.9528774472125283;-0.2888119671712
2.4526098062723127 1.953065793280538;-0.28881197539585
2.452516705856039 1.9532921712951963;-0.2888120028552
2.4522800800560716 1.9534040503968637;-0.2888118997538
2.4522276454118557 1.9536624633869255;-0.28881200121707
2.4520165462350176 1.9537942811811613;-0.28881196304152
2.4518856556480273 1.9539898229084616;-0.28881198488668
2.4517763092873075 1.954202346451324;-0.2888120050336
2.451557386194685 1.9543273428940504;-0.28881192004416
2.451493357919422 1.9545756316518808;-0.2888120029956
2.4512854819932857 1.9547090422636257;-0.28881196105995
2.4511617302942263 1.9549093486494522;-0.2888119909225
2.4510393314250964 1.9551105467432006;-0.2888120045830
2.450835897596448 1.9552469182837309;-0.2888119365923
2.450760802085723 1.9554854903792684;-0.2888120042885
2.4505573900285063 1.955621489580831;-0.28881196083903
2.450438300113112 1.9558245941628727;-0.28881199471247
2.45030563346717 1.9560166755105157;-0.2888120026241
2.450115573428818 1.9561627540229332;-0.288811949865
2.450030165267426 1.9563922002469378;-0.2888120049872
2.4498320013274233 1.9565314216271281;-0.2888119619375
2.4497156097407724 1.9567357636650844;-0.28881199705203
2.4495750695515475 1.9569206301693365;-0.2888119999584
2.449396407744035 1.9570748554106983;-0.2888119603657
2.44930158561473 1.9572958831264882;-0.2888120050883
2.449109092417423 1.957438672690872;-0.28881196393730
2.4489938772673567 1.9576430408111416;-0.2888119984515
2.448847493197014 1.9578223073285865;-0.28881199712712
2.4486784204229632 1.957983248439251;-0.28881196858012
2.4485751604925263 1.9581966286541277;-0.288812004658
2.448388480468367 1.9583431090663863;-0.2888119664813
2.448273294148641 1.9585465885286641;-0.2888119992316
2.448122762066227 1.958721606589007;-0.28881199446806
2.447961649675242 1.9588879738598295;-0.28881197494681
2.4478509539890756 1.959094500103293;-0.28881200380426
2.447670018389159 1.9592446252434246;-0.28881196928709
2.4475540259860287 1.9594465495488724;-0.2888119995913
2.4474007413490066 1.9596184332580753;-0.2888119921690
2.447246145916011 1.9597890823257804;-0.28881197984328
2.447129003521343 1.959989539567429;-0.288812002645
2.446953590059199 1.9601431401922478;-0.288811972145
2.4468362139319346 1.960343047447539;-0.28881199965467
2.4466813060107526 1.960512700172541;-0.28881199031198
2.446531966861189 1.9606866304948758;-0.2888119835832
2.4464093255530543 1.9608817724582972;-0.2888120013013
2.446239105824583 1.9610385938432746;-0.2888119749105
2.4461199765071777 1.9612361880197393;-0.28881199950177
2.4459643421403263 1.961404328801817;-0.2888119889086
2.445819173676501 1.9615806779526468;-0.2888119864206
2.445691920488485 1.9617712113592514;-0.2888119998755
2.445526498328547 1.9619309438157744;-0.2888119774908
2.4454054116637214 1.9621260608617739;-0.28881199918768
2.445249747584743 1.962293249791746;-0.2888119879279
2.4451078280267353 1.9624712848542136;-0.28881198855714
2.4449767767835193 1.9626578592785613;-0.2888119984537
2.4448157187232504 1.9628201624443515;-0.28881197983391
2.4446925989643913 1.9630127410550504;-0.288811998753
2.4445374320413724 1.9631794030699012;-0.28881198731548
2.4443979898832113 1.9633585101576985;-0.28881199015027
2.4442638743692737 1.9635417123569974;-0.28881199710058
2.4441067332827515 1.9637062341083669;-0.2888119819171
2.443981601777167 1.9638962908703221;-0.2888119982335
2.4438273167469355 1.9640627376307842;-0.2888119870075
2.4436897159597857 1.9642424103607303;-0.28881199132234
2.443553187440576 1.9644227620849397;-0.28881199586078
2.4433995204227696 1.9645891528806316;-0.28881198373819
2.4432724694097687 1.9647767614341458;-0.2888119976560
2.4431193338770387 1.9649432110874858;-0.2888119869397
2.442983058662758 1.9651230386438925;-0.2888119921677
2.442844686699864 1.965300997089151;-0.2888119947613
2.442694068109788 1.9654689204783562;-0.28881198530755
2.44256523913631 1.9656541943152133;-0.2888119970466
2.4424134257526955 1.9658207890636776;-0.2888119870525
2.4422780654566956 1.966000444343603;-0.2888119927595
2.442138341120503 1.966176404539517;-0.2888119938150
2.441990371650076 1.9663455445081996;-0.2888119866435
2.4418599380724344 1.9665286229972156;-0.28881199642
2.441709543929756 1.9666954444917577;-0.28881198729393
2.441574778550964 1.9668746726861297;-0.2888119931545
2.4414341193010025 1.9670489712377557;-0.28881199302326
2.441288431819637 1.9672190369833622;-0.2888119877684
2.4411565848826142 1.9674000742244677;-0.2888119958167
2.4410076482352383 1.9675671568618522;-0.2888119876202
2.4408732348362876 1.9677457647162886;-0.2888119933969
2.440731990480936 1.967918684430503;-0.2888119923795
2.4405882533096843 1.968089413080716;-0.2888119887058
2.44045519131526 1.968268569211222;-0.2888119952301
2.440307705784701 1.9684359114525838;-0.28881198799668
2.44017346601156 1.968613757383848;-0.28881199352214
2.4400319252605516 1.9687855323941703;-0.2888119918718
2.4398898434582916 1.9689566901311433;-0.28881198947879
2.439755763546593 1.9691341247066358;-0.2888119946789
2.4396096900300033 1.9693016985840768;-0.28881198839592
2.4394754988404044 1.9694786837337142;-0.2888119935581
2.4393338960917994 1.9696495048336957;-0.2888119914854
2.439193211227644 1.9698208867991054;-0.28881199010939
2.439058303354187 1.969996753925446;-0.2888119941716
2.438913579851286 1.9701645129042655;-0.2888119887976
2.43877935549399 1.9703405731695443;-0.2888119935275
2.43863787758158 1.9705105931358873;-0.28881199120380
2.438498366394434 1.9706820224348216;-0.2888119906178
2.438362809121811 1.9708564673480518;-0.28881199371342
2.438219358712725 1.9710243527210483;-0.28881198918725
2.43808505395744 1.9711994517660671;-0.28881199344880
2.4379438466429653 1.9713687904942092;-0.2888119910104
2.4378053189319235 1.9715401165737636;-0.28881199102223
2.437669276688585 1.9717132733947067;-0.2888119933067
2.437527013894214 1.9718812193932957;-0.288811989554
2.4373926084585222 1.972055342602908;-0.28881199333663
2.4372517825353746 1.97222409194839;-0.28881199088953
2.4371140785447616 1.9723951885589872;-0.2888119913389
2.436977700056314 1.972567178989381;-0.28881199295211
2.436836535802771 1.972735116783375;-0.2888119898937
2.436702029903513 1.9729082661060942;-0.2888119932030
2.4365616668165586 1.9730764943545394;-0.28881199082668
2.436424654330977 1.973247257270767;-0.28881199158210
2.4362880719680247 1.9734181900273648;-0.2888119926479
2.436147917359979 1.9735860507734808;-0.2888119902009
2.436013326306277 1.9737582403872276;-0.2888119930575
2.435873483232526 1.9739259963006923;-0.2888119908090
2.4357370545584547 1.9740963409394483;-0.28881199176433
2.4356003843749137 1.9742663117460288;-0.28881199239159
2.4354611534749497 1.9744340288424889;-0.28881199047472
2.4353265031944966 1.974605281563168;-0.2888119929077
2.4351872175683185 1.974772597993636;-0.2888119908254
2.435051286519513 1.9749424570263059;-0.2888119918964
2.4349146288068337 1.9751115490237854;-0.28881199217933
2.434776240588457 1.9752790597016998;-0.2888119907153
2.4346415639908563 1.9754494040559198;-0.2888119927592
2.4345028574715393 1.9756163011186119;-0.28881199086644
2.434367356459214 1.9757856221606018;-0.28881199198792
2.434230796656358 1.9759539066094383;-0.2888119920069
2.434093176288246 1.9761211529876657;-0.2888119909240
2.43395851035825 1.9762906208694189;-0.2888119926164
2.433820392259108 1.976457108690872;-0.2888119909243
2.4336852695536653 1.9766258521208808;-0.2888119920467
2.4335488793928675 1.9767933892962464;-0.28881199186994
2.433411958987025 1.9769603190040586;-0.28881199110282
2.433277342511964 1.9771289438366892;-0.28881199248243
2.4331398127260626 1.9772950249038892;-0.2888119909928
2.4330050299252526 1.977463161843032;-0.2888119920798
2.4328688687189124 1.977630002049169;-0.2888119917637
2.4327325876591908 1.9777965685093255;-0.28881199125397
2.432598059494644 1.977964383839589;-0.2888119923591
2.4324611109527456 1.9781300549768748;-0.2888119910669
2.4323266406916577 1.978297565456765;-0.28881199209304
2.432190756675883 1.9784637500898663;-0.28881199168397
2.4320550616291303 1.9786299125449913;-0.2888119913801
2.4319206594178846 1.9787969509999972;-0.28881199224785
2.4317842801227725 1.9789622050082627;-0.2888119911428
2.4316501040321827 1.9791290763345883;-0.2888119920912
2.4315145357118957 1.9792946389529795;-0.2888119916264
2.4313793804014443 1.97946036229771;-0.28881199148411
2.431245139668904 1.9796266548452819;-0.28881199214901
2.4311093143537144 1.9797914818413267;-0.28881199121766
2.43097542126463 1.9799577071523953;-0.28881199207853
2.430840198718746 1.9801226745161529;-0.2888119915872
2.4307055435317055 1.9802879289940778;-0.28881199156852
2.43057149708487 1.9804535044482632;-0.28881199206264
2.4304362085407605 1.9806178929395768;-0.288811991289
2.430302592930997 1.9807834699567026;-0.28881199205822
2.4301677390420564 1.9809478630113082;-0.28881199156310
2.430033550527203 1.981112623820836;-0.28881199163596
2.4298997280996675 1.9812775085459577;-0.28881199198834
2.4297649582146423 1.9814414462735246;-0.28881199135647
2.429631618884605 1.9816063762344727;-0.2888119920330
2.4294971504746528 1.981770211020891;-0.2888119915508
2.429363400776158 1.9819344578678337;-0.2888119916888
2.429229828861972 1.9820986756355747;-0.2888119919254
2.4290955594199346 1.9822621502234083;-0.2888119914181
2.4289624983741334 1.9824264369780418;-0.28881199200508
2.428828427240702 1.982589725463569;-0.28881199154784
2.4286950934975056 1.9827534420832371;-0.2888119917294
2.4285617953362464 1.9829170140531613;-0.28881199187302
2.4284280086055943 1.9830800134896582;-0.2888119914739
2.4282952301269014 1.98324366275214;-0.2888119919760
2.42816156396386 1.9834064135718916;-0.288811991551
2.428028627710732 1.9835695872512817;-0.28881199175984
2.427895623377506 1.9837325320362784;-0.28881199183016
2.4277623025313955 1.9838950450180581;-0.28881199152371
2.4276298124263462 1.9840580637547376;-0.2888119919472
2.4274965556347663 1.984220282864617;-0.2888119915610
2.4273640022185003 1.9843829039751968;-0.2888119917817
2.4272313087923476 1.984545237772102;-0.28881199179581
2.4270984381895624 1.9847072539360133;-0.288811991567
2.426966243181909 1.984869649872579;-0.28881199191965
2.426833397573759 1.9850313411175267;-0.2888119915737
2.4267012156006285 1.985193402671824;-0.2888119917968
2.4265688473844347 1.9853551394351103;-0.2888119917689
2.426436412737347 1.9855166494987408;-0.2888119916055
2.426304519991762 1.9856784307330337;-0.288811991893
2.42617208539166 1.985839596333892;-0.2888119915887
2.426040266215409 1.9860010935735537;-0.288811991806
2.4259082349879173 1.986162245213346;-0.2888119917484
2.425776223444298 1.9863232410440548;-0.2888119916382
2.425644640201808 1.9864844157470465;-0.288811991870
2.4255126149539454 1.986645056710151;-0.28881199160508
2.4253811522110014 1.9868059867314132;-0.28881199181186
2.4252494674908927 1.9869665633262332;-0.28881199173354
2.4251178676480953 1.9871270379571353;-0.2888119916660
2.4249866009520695 1.9872876141500655;-0.28881199184907
2.4248549823417305 1.9874477306112872;-0.28881199162190
2.4247238715337347 1.9876080920283266;-0.2888119918140
2.4245925408492557 1.9877681020401692;-0.28881199172321
2.4244613427167137 1.9879280496424503;-0.28881199168941
2.424330399220359 1.9880880350376202;-0.2888119918305
2.4241991838176515 1.9882476265402331;-0.2888119916386
2.424068421946959 1.9884074191895798;-0.2888119918138
2.4239374510957585 1.988566869672143;-0.2888119917167
2.423806646024392 1.9887262855000778;-0.28881199170884
2.4236760318589265 1.9888856873921137;-0.2888119918145
2.4235452157956145 1.9890447531135376;-0.28881199165482
2.423414801045139 1.989203977795595;-0.2888119918119
2.423284194342704 1.989362874595246;-0.2888119917133
2.4231537749286898 1.9895217549103181;-0.2888119917248
2.4230234956232644 1.9896805801086372;-0.28881199180104
2.4228930748121265 1.9898391190388507;-0.2888119916701
2.422763006272177 1.9899977772948123;-0.2888119918089
2.4226327667845564 1.9901561252370141;-0.2888119917123
2.422502726756616 1.9903144672174125;-0.2888119917378
2.422372787200387 1.9904727220135283;-0.2888119917898
2.4222427575017607 1.9906307330912414;-0.2888119916845
2.4221130349409794 1.990788827017452;-0.28881199180538
2.421983164691444 1.9909466300749208;-0.2888119917133
2.4218534987956843 1.9911044317241697;-0.28881199174833
2.4217239032265545 1.991262121881586;-0.2888119917808
2.421594260574105 1.9914196040980674;-0.2888119916977
2.421464884247434 1.991577136189495;-0.28881199180149
2.4213353844061736 1.991734397635566;-0.2888119917158
2.421206088283838 1.9918916576838426;-0.2888119917566
2.421076840305255 1.9920487884502243;-0.2888119917738
2.4209475807933125 1.9922057409218115;-0.2888119917096
2.4208185512875007 1.992362713946539;-0.28881199179759
2.4206894223341715 1.9925194364873307;-0.2888119917193
2.420560492408572 1.992676154300387;-0.2888119917632
2.420431595016094 1.9928327304273616;-0.28881199176854
2.4203027149672147 1.9929891524497652;-0.28881199172050
2.420174033069712 1.9931455693403246;-0.2888119917938
2.420045274942319 1.993301755234911;-0.2888119917236
2.419916708303855 1.9934579307211484;-0.2888119917684
2.419788163930872 1.9936139565014301;-0.2888119917647
2.419659659928008 1.993769847578439;-0.2888119917301
2.419531326529932 1.9939257113534128;-0.28881199179050
2.419402938747644 1.9940813625149167;-0.2888119917284
2.419274733049207 1.9942369960405526;-0.2888119917724
2.4191465436169595 1.9943924753474904;-0.28881199176231
2.419018412522592 1.994547835206576;-0.2888119917387
2.4188904285435906 1.994703148908371;-0.2888119917875
2.41876241030826 1.9948582669861121;-0.2888119917334
2.418634563675048 1.9950133593018695;-0.28881199177552
2.4185067306415755 1.9951682956286092;-0.2888119917609
2.4183789696060303 1.9953231242284284;-0.2888119917463
2.418251335933971 1.9954778908735247;-0.28881199178507
2.418123686219465 1.9956324773261476;-0.288811991738
2.417996197162611 1.995787029496874;-0.288811991777
2.417868721576708 1.9959414259998804;-0.28881199176059
2.417741328032494 1.996095723525839;-0.28881199175298
2.4176140454825608 1.9962499460710772;-0.2888119917830
2.417486763106116 1.9964040022250449;-0.28881199174384
2.4173596304467706 1.9965580155683036;-0.2888119917798
2.417232513002152 1.99671187511121;-0.2888119917609
2.4171054846489675 1.9968656419644437;-0.2888119917588
2.416978553935962 1.9970193232838236;-0.2888119917816
2.416851637615448 1.9971728503802848;-0.2888119917489
2.416724860420702 1.9973263264138221;-0.28881199178132
2.416598101503951 1.997479651606422;-0.2888119917620
2.4164714362923667 1.997632888390095;-0.288811991763
2.416344858012429 1.9977860312592386;-0.2888119917806
2.416218306412376 1.9979390304916884;-0.2888119917538
2.4160918839387304 1.9980919708864893;-0.2888119917825
2.415965483678112 1.9982447641239822;-0.28881199176355
2.4158391797861474 1.998397471625012;-0.2888119917684
2.4157129544075473 1.9985500787133104;-0.28881199178014
2.4155867661748314 1.9987025512570036;-0.28881199175852
2.4154606978202433 1.9988549577989112;-0.28881199178368
2.4153346561266487 1.9990072212952434;-0.28881199176548
2.4152087119392203 1.9991594004667907;-0.28881199177247
2.4150828397988744 1.9993114743343268;-0.28881199178005
2.4149570135883187 1.9994634213678246;-0.288811991762
2.4148312988541023 1.9996152959256297;-0.2888119917847
2.4147056154595568 1.9997670317450884;-0.2888119917677
2.414580029542247 1.9999186836863665;-0.28881199177600
2.414454510849248 2.0000702267859594;-0.2888119917803
2.4143290453436483 2.0002216495067366;-0.28881199176720
2.4142036838002827 2.0003729940042088;-0.28881199178570
2.414078358293246 2.0005242040904045;-0.28881199177014
2.4139531293689904 2.000675330027333;-0.288811991779
2.4138279642089087 2.000826344708889;-0.28881199178100
2.4137028581315723 2.000977244344788;-0.2888119917711
2.413577849394264 2.001128060740973;-0.2888119917867
2.4134528812462737 2.001278746938312;-0.288811991772
2.413328008175325 2.001429348207203;-0.2888119917820
2.4132031965181513 2.0015798367231223;-0.28881199178195
2.4130784486419765 2.001730214539708;-0.2888119917748
2.412953792348156 2.0018805048097077;-0.2888119917877
2.412829180942193 2.0020306688864498;-0.28881199177542
2.4127046626992703 2.0021807469146515;-0.28881199178459
2.4125802044092475 2.002330711428042;-0.2888119917831
2.4124558135614445 2.002480568732364;-0.28881199177839
2.4123315093549182 2.0026303348545533;-0.28881199178891
2.41220725400598 2.002779978520415;-0.28881199177817
2.4120830896607455 2.002929534811644;-0.2888119917869
2.4119589845075318 2.0030789774054463;-0.2888119917845
2.4118349495694646 2.0032283155459467;-0.28881199178167
2.411710997090171 2.0033775594933902;-0.28881199179013
2.411587097061862 2.003526684412701;-0.2888119917809
2.411463285763678 2.0036757205334697;-0.28881199178921
2.4113395334314074 2.0038246432174094;-0.288811991786
2.41121585334042 2.0039734635860285;-0.28881199178476
2.41109225221265 2.0041221873168573;-0.28881199179144
2.4109687067337506 2.004270795122342;-0.2888119917836
2.4108452476952764 2.0044193126892575;-0.2888119917913
2.4107218477931704 2.0045677174088454;-0.28881199178796
2.4105985215398316 2.0047160214380715;-0.2888119917876
2.4104752713674666 2.0048642268908177;-0.2888119917928
2.410352079644156 2.0050123191931726;-0.28881199178640
2.4102289721274657 2.0051603198607166;-0.2888119917933
2.4101059242017766 2.005308208506603;-0.288811991789
2.4099829508243205 2.0054559976655364;-0.28881199179043
2.409860051188057 2.00560368675694;-0.2888119917943
2.4097372124121508 2.00575126515164;-0.28881199178908
2.409614455719026 2.0058987506038526;-0.2888119917953
2.4094917592605123 2.006046125017686;-0.2888119917918
2.4093691378437585 2.006193400810473;-0.2888119917930
2.4092465882965963 2.006340575431933;-0.2888119917958
2.409124101654704 2.0064876415073094;-0.2888119917917
2.4090016951145854 2.0066346134490654;-0.2888119917972
2.408879349567935 2.0067814754317967;-0.28881199179388
2.4087570792370543 2.006928239393177;-0.2888119917955
2.4086348793053225 2.00707490141109;-0.28881199179753
2.4085127439830205 2.007221456751482;-0.28881199179429
2.4083906869463636 2.0073679169018277;-0.2888119917990
2.4082686917187566 2.007514268220184;-0.288811991795
2.408146771634027 2.0076605219110117;-0.28881199179792
2.4080249208172586 2.007806673167277;-0.28881199179924
2.407903136003124 2.00795271935662;-0.2888119917968
2.407781427834817 2.008098669444415;-0.2888119918009
2.4076597823010575 2.0082445118358527;-0.28881199179812
2.4075382116543835 2.0083902568403986;-0.2888119918002
2.407416709425914 2.008535899152425;-0.28881199180101
2.4072952743154854 2.0086814377772777;-0.28881199179926
2.4071739143883812 2.008826879534699;-0.28881199180280
2.407052617898494 2.0089722147129963;-0.28881199180028
2.4069313959082903 2.0091174526346776;-0.28881199180245
2.40681024171695 2.0092625877970307;-0.28881199180284
2.4066891555135665 2.0094076204475577;-0.28881199180165
2.4065681432052166 2.009552555608288;-0.28881199180465
2.4064471950888287 2.0096973852672186;-0.28881199180245
2.406326320996499 2.009842117725073;-0.2888119918046
2.406205514268681 2.009986747509929;-0.28881199180470
2.406084776186181 2.0101312757814616;-0.28881199180399
2.4059641108740135 2.010275706075741;-0.28881199180650
2.4058435104459144 2.0104200318937595;-0.2888119918046
2.4057229835115517 2.0105642605193985;-0.28881199180672
2.4056025236521665 2.010708386678681;-0.28881199180660
2.4054821329144658 2.010852412171839;-0.2888119918062
2.405361813974351 2.0109963393257315;-0.28881199180836
2.4052415605382382 2.0111401629684917;-0.28881199180679
2.4051213800357507 2.01128388940196;-0.2888119918087
2.4050012664333615 2.0114275136707076;-0.2888119918085
2.4048812222730573 2.011571037990137;-0.2888119918085
2.404761249077615 2.0117144637238664;-0.28881199181023
2.404641341927805 2.0118577868465257;-0.2888119918089
2.4045215071439783 2.0120010127355425;-0.28881199181081
2.4044017391701993 2.0121441368317656;-0.2888119918104
2.4042820408296075 2.0122871615873175;-0.2888119918106
2.4041624127466372 2.0124300876145913;-0.28881199181210
2.404042851170457 2.0125729118635323;-0.2888119918110
2.4039233614026747 2.0127156388617156;-0.28881199181281
2.4038039384134247 2.012858264487645;-0.28881199181244
2.40368458514444 2.0130007912939543;-0.28881199181284
2.403565301535467 2.0131432193197663;-0.2888119918139
2.403446084817736 2.0132855463355313;-0.28881199181320
2.4033269393687613 2.0134277760975157;-0.2888119918147
2.4032078607091663 2.013569904942657;-0.28881199181441
2.4030888517719293 2.013711935417764;-0.2888119918149
2.4029699119922707 2.013853867138801;-0.2888119918158
2.402851039414327 2.013995698556192;-0.28881199181530
2.402732237593176 2.0141374327387593;-0.2888119918167
2.4026135025971675 2.0142790664803885;-0.28881199181638
2.40249483725846 2.0144206022445093;-0.28881199181701
2.4023762406577918 2.0145620393496917;-0.28881199181775
2.402257711499817 2.0147033767991274;-0.2888119918173
2.4021392526184777 2.0148446170586145;-0.2888119918186
2.402020860611363 2.0149857573634913;-0.28881199181836
2.4019025381446655 2.015126800039404;-0.28881199181905
2.4017842840658523 2.015267744208643;-0.2888119918196
2.4016660976077517 2.015408589316689;-0.288811991819
2.4015479809807823 2.0155493373075064;-0.2888119918206
2.401429931280474 2.0156899858327457;-0.2888119918203
2.401311950964579 2.015830537044249;-0.28881199182106
2.401194038744156 2.0159709899492633;-0.2888119918215
2.4010761942661087 2.016111344340249;-0.2888119918214
2.4009584192082305 2.0162516017148917;-0.2888119918225
2.4008407111260937 2.0163917601095767;-0.2888119918223
2.4007230722442006 2.016531821481405;-0.2888119918230
2.4006055012134166 2.016671784786112;-0.2888119918234
2.400487997995721 2.0168116500805184;-0.288811991823
2.4003705638223347 2.0169514184880475;-0.2888119918244
2.4002531966653726 2.0170910883935953;-0.28881199182427
2.4001358985045034 2.017230661549687;-0.28881199182500
2.4000186679888595 2.017370136909705;-0.28881199182534
2.3999015053131076 2.017509514726053;-0.2888119918254
2.3997844113391307 2.017648795812083;-0.28881199182631
2.3996673844091747 2.017787978862798;-0.2888119918262
2.3995504262595055 2.0179270654267203;-0.28881199182695
2.3994335355792615 2.018066054490335;-0.2888119918272
2.399316712728435 2.0182049464450595;-0.2888119918274
2.399199958267075 2.018343741850504;-0.28881199182819
2.3990832708631182 2.0184824396749463;-0.28881199182816
2.39896665201678 2.018621041268825;-0.2888119918288
2.398850100488089 2.0187595456773977;-0.28881199182912
2.3987336167455524 2.0188979533834375;-0.2888119918294
2.3986172011093374 2.019036264744882;-0.2888119918300
2.3985008525280365 2.019174478965274;-0.2888119918300
2.3983845722795842 2.019312597208951;-0.288811991830
2.398268359213993 2.019450618596127;-0.2888119918310
2.398152213865476 2.0195885436651047;-0.2888119918313
2.398036136363498 2.019726372613273;-0.28881199183192
2.3979201259001637 2.0198641048485864;-0.28881199183201
2.3978041835432635 2.0200017413586555;-0.28881199183266
2.397688308249594 2.020139281353231;-0.2888119918328
2.3975725005802437 2.020276725393244;-0.28881199183325
2.397456760521331 2.0204140735552594;-0.28881199183378
2.3973410874681935 2.0205513254179626;-0.2888119918339
2.3972254822988037 2.0206884818095237;-0.28881199183453
2.3971099440819006 2.0208255420330365;-0.28881199183475
2.3969944733781237 2.020962506649317;-0.2888119918351
2.396879070069268 2.0210993756469633;-0.2888119918356
2.3967637337169254 2.021236148744407;-0.2888119918358
2.3966484650323934 2.021372826629536;-0.28881199183639
2.396533263193125 2.021509408696527;-0.28881199183661
2.396418128743531 2.021645895492912;-0.2888119918370
2.3963030614885135 2.021782286941849;-0.2888119918374
2.396188061127372 2.021918582877696;-0.28881199183768
2.3960731282243932 2.022054783864622;-0.28881199183823
2.3959582620616917 2.0221908893846914;-0.2888119918384
2.3958434631544847 2.0223268999607473;-0.28881199183889
2.3957287312557605 2.022462815472142;-0.28881199183930
2.3956140661754524 2.0225986358462067;-0.28881199183954
2.395499468349144 2.022734361538592;-0.28881199184007
2.395384937161024 2.022869992117043;-0.2888119918403
2.395270473084015 2.0230055280687638;-0.28881199184073
2.395156075842538 2.0231409692488187;-0.2888119918411
2.3950417453315644 2.023276315656149;-0.2888119918413
2.394927481878245 2.023411567654871;-0.2888119918418
2.394813284958471 2.0235467248898544;-0.2888119918421
2.394699155001891 2.023681787811789;-0.28881199184257
2.3945850917149456 2.0238167562602514;-0.28881199184293
2.3944710950622246 2.0239516302929332;-0.2888119918432
2.394357165275867 2.024086410193534;-0.28881199184370
2.394243301919207 2.0242210956805415;-0.28881199184395
2.3941295053698877 2.0243556871607717;-0.2888119918443
2.3940157753363738 2.024490184475172;-0.28881199184474
2.3939021118278134 2.0246245877190554;-0.2888119918450
2.3937885150041835 2.0247588971150767;-0.2888119918455
2.393674984500768 2.024893112442244;-0.2888119918457
2.393561520649106 2.0250272340683484;-0.28881199184619
2.3934481231625955 2.0251612618382873;-0.28881199184653
2.3933347920866397 2.0252951958777983;-0.2888119918468
2.393221527518038 2.0254290363560647;-0.2888119918472
2.393108329159267 2.0255627831085086;-0.2888119918475
2.392995197293551 2.0256964364622987;-0.28881199184798
2.392882131648179 2.0258299962737447;-0.288811991848
2.392769132291538 2.0259634626880048;-0.2888119918486
2.392656199270521 2.026096835831764;-0.288811991849
2.392543332345582 2.0262301155895375;-0.2888119918493
2.392430531754187 2.0263633022495693;-0.28881199184976
2.392317797242474 2.0264963956839166;-0.28881199185008
2.3922051288909034 2.0266293960476487;-0.2888119918504
2.3920925267098845 2.0267623034366697;-0.2888119918508
2.3919799905065084 2.02689511777457;-0.28881199185112
2.3918675204779505 2.027027839315399;-0.28881199185152
2.3917551163906605 2.0271604679482955;-0.28881199185185
2.391642778330717 2.02729300383308;-0.288811991852
2.391530506280221 2.0274254470416264;-0.288811991852
2.391418300085401 2.0275577975304038;-0.28881199185288
2.391306159907973 2.0276900555232467;-0.2888119918532
2.39119408553415 2.0278222209257843;-0.2888119918536
2.3910820770517156 2.027954293899291;-0.28881199185395
2.3909701344211607 2.028086274497099;-0.28881199185432
2.3908582575216966 2.0282181627035243;-0.28881199185463
2.390746446482661 2.0283499587149123;-0.2888119918550
2.390634701110097 2.028481662453489;-0.2888119918553
2.390523021491291 2.028613274079821;-0.2888119918556
2.3904114075685254 2.0287447936314758;-0.28881199185606
2.390299859250873 2.028876221118136;-0.28881199185637
2.39018837663679 2.029007556709718;-0.28881199185675
2.3900769595538423 2.0291388003465154;-0.28881199185707
2.389965608083335 2.029269952183921;-0.2888119918574
2.389854322157014 2.029401012250669;-0.2888119918577
2.3897431017060287 2.0295319805749314;-0.28881199185809
2.3896319468031804 2.0296628573050484;-0.28881199185847
2.389520857295774 2.0297936423976264;-0.2888119918587
2.3894098332581164 2.0299243360018915;-0.2888119918591
2.3892988746147075 2.0300549381401147;-0.2888119918594
2.389187981314696 2.030185448855714;-0.2888119918598
2.3890771534089414 2.0303158682780627;-0.28881199186018
2.3889663907630765 2.030446196379233;-0.28881199186049
2.3888556934424185 2.0305764333009204;-0.2888119918608
2.3887450613680103 2.030706579062275;-0.28881199186119
2.388634494503301 2.0308366337184975;-0.28881199186151
2.3885239928796715 2.030966597382306;-0.2888119918618
2.388413556379907 2.031096470040297;-0.2888119918621
2.388303185060364 2.031226251826507;-0.2888119918625
2.3881928788402593 2.0313559427583514;-0.28881199186288
2.388082637693874 2.0314855428998744;-0.28881199186320
2.387972461637208 2.0316150523508822;-0.28881199186356
2.3878623505671674 2.031744471109414;-0.28881199186388
2.387752304532352 2.031873799303098;-0.2888119918642
2.387642323450436 2.032003036947661;-0.28881199186456
2.387532407305856 2.0321321841158437;-0.288811991864
2.387422556099538 2.032261240894026;-0.28881199186523
2.387312769743364 2.032390207293187;-0.2888119918655
2.3872030482754893 2.0325190834318976;-0.28881199186590
2.3870933916164065 2.0326478693281196;-0.28881199186623
2.3869837997557513 2.0327765650587746;-0.28881199186655
2.386874272683111 2.032905170700586;-0.2888119918669
2.3867648103236676 2.033033686275641;-0.2888119918672
2.3866554127051605 2.0331621118934295;-0.2888119918675
2.3865460797519624 2.033290447575071;-0.28881199186788
2.3864368114570795 2.0334186934001726;-0.2888119918682
2.3863276078013795 2.033546849438078;-0.2888119918685
2.386218468720052 2.0336749157192173;-0.2888119918688
2.3861093942336447 2.033802892346588;-0.28881199186921
2.386000384268068 2.0339307793425583;-0.2888119918695
2.3858914388207 2.0340585767903674;-0.2888119918698
2.385782557863877 2.034186284751828;-0.28881199187019
2.3856737413428792 2.03431390326576;-0.2888119918705
2.3855649892692536 2.0344414324273905;-0.2888119918708
2.3854563015740298 2.03456887226329;-0.28881199187117
2.385347678255157 2.0346962228569705;-0.2888119918714
2.3852391192790905 2.0348234842652166;-0.28881199187182
2.385130624599356 2.034950656533442;-0.28881199187214
2.3850221942201593 2.0350777397506215;-0.288811991872
2.384913828076853 2.0352047339469728;-0.2888119918727
2.3848055261668284 2.0353316392054768;-0.28881199187312
2.3846972884526205 2.03545845557921;-0.2888119918734
2.3845891148953884 2.0355851831201;-0.2888119918737
2.3844810054905743 2.0357118219093784;-0.28881199187409
2.384372960179627 2.035838371982151;-0.28881199187441
2.384264978959541 2.0359648334209957;-0.28881199187473
2.384157061787193 2.0360912062742695;-0.2888119918750
2.3840492086327627 2.0362174906013495;-0.28881199187537
2.3839414194824378 2.036343686475378;-0.2888119918757
2.383833694284624 2.036469793937249;-0.28881199187601
2.383726033032672 2.036595813066212;-0.28881199187633
2.383618435683992 2.036721743910699;-0.2888119918766
2.38351090221068 2.0368475865316675;-0.28881199187697
2.383403432595634 2.036973340999313;-0.28881199187729
2.3832960267906733 2.037099007357229;-0.28881199187761
2.383188684786605 2.037224585682298;-0.28881199187793
2.3830814065416535 2.0373500760234617;-0.28881199187824
2.3829741920292493 2.0374754784428184;-0.2888119918785
2.3828670412289195 2.0376007930075777;-0.28881199187888
2.382759954096202 2.0377260197642815;-0.2888119918791
2.3826529306198347 2.037851158787961;-0.28881199187951
2.3825459707570396 2.0379762101267613;-0.2888119918798
2.3824390744848314 2.038101173845238;-0.28881199188013
2.3823322417784683 2.038226050006969;-0.2888119918804
2.3822254725964536 2.038350838661023;-0.2888119918807
2.3821187669265402 2.03847553988113;-0.2888119918810
2.382012124725496 2.0386001537147753;-0.28881199188139
2.3819055459717022 2.038724680227782;-0.2888119918817
2.3817990306382084 2.0388491194815224;-0.2888119918820
2.3816925786865384 2.038973471527332;-0.2888119918823
2.381586190101152 2.0390977364363545;-0.28881199188264
2.381479864840815 2.039221914257511;-0.2888119918829
2.3813736028840884 2.039346005056749;-0.2888119918832
2.3812674042017394 2.0394700088931987;-0.2888119918835
2.3811612687584276 2.0395939258208036;-0.28881199188388
2.3810551965359963 2.0397177559080655;-0.28881199188419
2.3809491874946174 2.0398414992049125;-0.2888119918845
2.3808432416131384 2.0399651557774834;-0.28881199188480
2.3807373588601415 2.0400887256829185;-0.2888119918851
2.380631539203609 2.040212208977818;-0.2888119918854
2.380525782621906 2.040335605727617;-0.2888119918857
2.3804200890778757 2.040458915984547;-0.28881199188603
2.3803144585487277 2.040582139812951;-0.2888119918863
2.3802088910033903 2.0407052772698844;-0.288811991886
2.3801033864113985 2.0408283284134714;-0.28881199188695
2.3799979447475756 2.0409512933059566;-0.2888119918872
2.379892565979172 2.0410741720030807;-0.28881199188756
2.3797872500789556 2.0411969645652235;-0.2888119918878
2.3796819970199805 2.041319671052977;-0.2888119918881
2.3795768067681133 2.0414422915209034;-0.28881199188847
2.379471679300861 2.041564826033559;-0.28881199188878
2.3793666145843173 2.041687274645368;-0.2888119918890
2.3792616125912005 2.0418096374165082;-0.28881199188938
2.3791566732947067 2.041931914407571;-0.2888119918896
2.3790517966615914 2.042054105673685;-0.28881199188998
2.378946982666989 2.0421762112771074;-0.28881199189029
2.3788422312801405 2.042298231274912;-0.28881199189059
2.378737542471251 2.0424201657248626;-0.288811991890
2.3786329162144555 2.042542014688299;-0.28881199189119
2.3785283524765437 2.0426637782202053;-0.2888119918914
2.3784238512330593 2.04278545638289;-0.2888119918917
2.378319412451646 2.0429070492319665;-0.28881199189208
2.3782150361045944 2.043028556827033;-0.2888119918923
2.3781107221642244 2.043149979227569;-0.2888119918926
2.378006470598544 2.043271316489355;-0.2888119918929
2.3779022813821684 2.0433925686737524;-0.2888119918932
2.3777981544839424 2.0435137358371804;-0.2888119918935
2.3776940898747387 2.04363481803792;-0.2888119918938
2.377590087527809 2.0437558153360986;-0.2888119918941
2.377486147411283 2.043876727787446;-0.2888119918944
2.3773822694985673 2.043997555452142;-0.28881199189476
2.3772784537600145 2.0441182983877613;-0.28881199189505
2.377174700165555 2.0442389566514048;-0.2888119918953
2.377071008688593 2.044359530303412;-0.28881199189564
2.3769673792974 2.044480019399334;-0.28881199189593
2.37686381196533 2.044600423999279;-0.2888119918962
2.3767603066623058 2.0447207441601853;-0.2888119918965
2.376656863358988 2.0448409799396887;-0.28881199189681
2.376553482028711 2.044961131397594;-0.2888119918971
2.376450162638739 2.0450811985884774;-0.2888119918973
2.376346905164402 2.0452011815739826;-0.28881199189769
2.376243709573331 2.0453210804090953;-0.28881199189798
2.3761405758377094 2.0454408951525416;-0.28881199189827
2.3760375039302293 2.0455606258634504;-0.28881199189856
2.3759344938183053 2.04568027259652;-0.2888119918988
2.375831545477031 2.0457998354129403;-0.2888119918991
2.3757286588744755 2.0459193143677434;-0.2888119918994
2.375625833982669 2.0460387095194146;-0.2888119918997
2.3755230707737818 2.0461580209264802;-0.2888119919000
2.3754203692162466 2.046277248644391;-0.28881199190029
2.3753177292839447 2.046396392733065;-0.28881199190058
2.3752151509460706 2.046515453248412;-0.2888119919008
2.375112634174013 2.0466344302481403;-0.28881199190115
2.375010178939717 2.0467533237903273;-0.28881199190144
2.374907785212819 2.0468721339311338;-0.2888119919017
2.374805452965785 2.046990860729164;-0.2888119919020
2.374703182168648 2.04710950424098;-0.28881199190229
2.3746009727925474 2.04722806452377;-0.28881199190258
2.3744988248095718 2.0473465416358776;-0.2888119919028
2.374396738188832 2.0474649356328656;-0.28881199190315
2.374294712903431 2.0475832465736232;-0.2888119919034
2.374192748922586 2.0477014745136604;-0.2888119919037
2.3740908462188406 2.04781961951144;-0.2888119919040
2.3739890047624885 2.047937681623297;-0.2888119919042
2.3738872245242555 2.048055660906017;-0.2888119919045
2.3737855054765 2.0481735574177544;-0.28881199190484
2.3736838475883038 2.048291371213892;-0.28881199190512
2.373582250832649 2.048409102352963;-0.28881199190541
2.373480715179111 2.0485267508906126;-0.28881199190569
2.373379240599531 2.048644316884489;-0.2888119919059
2.373277827065147 2.0487618003915737;-0.2888119919062
2.373176474545214 2.048879201467187;-0.2888119919065
2.3730751830140098 2.048996520170839;-0.2888119919068
2.3729739524387408 2.049113756555888;-0.28881199190708
2.3728727827936456 2.04923091068179;-0.2888119919073
2.3727716740486313 2.0493479826043064;-0.2888119919076
2.3726706261731154 2.04946497237855;-0.2888119919079
2.3725696391420006 2.049581880064498;-0.28881199190820
2.372468712921667 2.04969870571472;-0.28881199190847
2.3723678474869896 2.049815449389158;-0.2888119919087
2.372267042806871 2.049932111142237;-0.28881199190903
2.372166298852897 2.050048691030926;-0.2888119919093
2.3720656155965383 2.050165189112232;-0.28881199190958
2.371964993008022 2.050281605441778;-0.2888119919098
2.3718644310590498 2.0503979400764374;-0.28881199191013
2.3717639297203497 2.0505141930721797;-0.2888119919104
2.3716634889631503 2.050630364485448;-0.28881199191
2.371563108758585 2.0507464543725633;-0.28881199191095
2.3714627890770363 2.0508624627892607;-0.2888119919112
2.371362529890729 2.0509783897927996;-0.2888119919115
2.371262331169374 2.0510942354380046;-0.2888119919117
2.3711621928851296 2.0512099997820337;-0.2888119919120
2.371062115008306 2.051325682880371;-0.28881199191231
2.370962097510115 2.0514412847890973;-0.2888119919125
2.3708621403625236 2.0515568055651348;-0.2888119919128
2.370762243534434 2.0516722452625205;-0.2888119919131
2.370662406999509 2.0517876039394634;-0.2888119919134
2.370562630726925 2.0519028816503613;-0.2888119919136
2.3704629146879608 2.0520180784513093;-0.2888119919139
2.370363258855212 2.05213319439934;-0.28881199191420
2.3702636631968517 2.0522482295478373;-0.2888119919144
2.3701641276873655 2.0523631839554346;-0.288811991914
2.370064652295196 2.052478057675607;-0.288811991915
2.36996523699225 2.052592850764809;-0.2888119919152
PointOptimal;ValeurOptimale
[2.36996524 2.05259285];-0.2888119919152825
Temps;Nb iteration
0.07978510856628418;1000