Point;Valeur
-11.782069707359966 -2.888404809491721;206.81667164607
-11.675026608563266 -2.7813617106950215;203.5953388701
-11.523609225050775 -2.6299668245186756;198.96001537121
-11.338187741460972 -2.4446390205780006;193.15022541546
-11.124204612473651 -2.230900701041907;186.24711355437
-10.88522362627635 -1.9924322888337105;178.25904782589
-10.623877450989966 -1.7320265694685701;169.1421099079
-10.34228623927662 -1.452016284513918;158.80030983015
-10.042293346737637 -1.1545224005970158;147.07179870782
-9.725639047461247 -0.8416464363167113;133.70117236363
-9.39409369043735 -0.5156836158150006;118.25044913984
-9.049859778278671 -0.17946544092169975;99.93272497845
-8.69618206607909 0.16287046327163118;77.04325056333
-8.33964481588738 0.5033606902677878;43.84993177179
-8.007072127857136 0.8130766521034636;41.48613377062
-7.8025957777041075 0.9851250716849652;61.36690561627
-7.654089450564358 1.0980816910348603;71.59376285379
-7.547462763078787 1.166789607805204;77.29985560166
-7.4769464932532435 1.1974403508007925;79.92473379829
-7.439779916750455 1.1932004255898994;80.00667330475
-7.434756592214366 1.1557526803044278;77.67850971889
-7.461697133916201 1.0858791568890598;72.76532499359
-7.521271610721356 0.9837065066856018;64.6785760563
-7.615032082345581 0.8488042527418433;51.88106871281
-7.74563468177016 0.6803629490094355;28.37997350410
-7.914629610355914 0.4825083337350565;37.955703770315
-8.015893369280326 0.3546983935560769;53.67122236452
-8.076696046580897 0.26782657270044985;62.027588733594
-8.104188492744216 0.21440033566310918;66.53048911505
-8.10144170562276 0.19130828953330067;68.21174821672
-8.06986922749831 0.19724637872972;67.3974516800
-8.009937468686516 0.23197367218605885;64.02125298107
-7.921382040684958 0.2960986845992305;57.586770036870
-7.803154004236659 0.39116776432050554;46.68291142276
-7.653036694527233 0.5201711384918992;25.620064716366
-7.468494102152337 0.6876750021719238;36.06570360198
-7.340269464997662 0.7975033545469378;50.889923618044
-7.246394277870199 0.8716837758687719;58.89870689365
-7.180936545273275 0.9161467788954067;63.31233416379
-7.141507082181675 0.9333173366299162;65.09056327147
-7.127276693553333 0.9241162510785523;64.5372941380
-7.138417062746738 0.8885398658258322;61.589145733581
-7.175991783108642 0.8258038644374441;55.7826375522
-7.24216583310217 0.7342073689305879;45.822524502688
-7.341025932473783 0.6105338718062743;26.789858299232
-7.481699258248484 0.44854975997818614;33.373118165470
-7.565401212488873 0.3452908941459441;47.67537545349
-7.613802358401134 0.2776992209215308;54.978447099626
-7.632467369626645 0.23993968617677558;58.55622142737
-7.623575577062323 0.22979932816569165;59.3018982926
-7.587830199891517 0.24667087304373247;57.389686140454
-7.524950886371689 0.29104472826255456;52.4846523363
-7.43365591445653 0.36455141603347924;43.3893563776
-7.311058589585781 0.4706641761819142;25.29576371068
-7.150497131974707 0.6175387509493047;32.62338091673
-7.043265264766627 0.709907561776865;46.27150782114
-6.968920168449024 0.7682712880560063;53.19165059650
-6.922190539429557 0.7979119890809673;56.4882639082
-6.901175932609139 0.8007810942825646;56.997539984160
-6.905561585191956 0.7773069431236556;54.84327283814
-6.936220656093884 0.7268239283304725;49.600019313712
-6.99541304121956 0.6474421027530315;39.78983291383
-7.0879824048906315 0.5350797485894861;18.108058991350
-7.227392112199311 0.3801729601738163;37.73435775833
-7.327179615422536 0.26528189233894683;52.141382460368
-7.399558016246597 0.17758806656526308;60.84923368240
-7.448319555718923 0.1131032502084742;66.48387909487
-7.475106944758062 0.07010634741040053;69.92989047496
-7.480619338431059 0.04788890004319433;71.55894505886
-7.465007506868903 0.04634820448367677;71.50367994826
-7.428023788574618 0.06583762445582857;69.73352058673
-7.369059616208852 0.10713631318238817;66.04858466681
-7.287095951893433 0.17151354001660052;59.985792643368
-7.180527012688636 0.26093321877678255;50.49268353365
-7.046680989022426 0.37859841910698566;34.374650820351
-6.8803636079797 0.5306645272183785;23.962450705944
-6.794161137732091 0.6012155954144709;37.3963916169
-6.747817667942357 0.6309849888406648;41.94368454194
-6.734846095396137 0.626604524086486;41.62868558073
-6.75422171339092 0.5893426965287114;36.521851720323
-6.80854605883768 0.5170924285538269;23.16834343427
-6.908531461638284 0.4008566209118095;27.67534426037
-6.957104403621858 0.33769630739808587;38.28179617739
-6.97200498659587 0.3087648591923111;42.14009782421
-6.957210665923131 0.3099217120457402;41.75644980468
-6.913250483098735 0.3407175802525001;37.07310584116
-6.838084432031067 0.4034871126750914;25.350954518355
-6.72416158304863 0.5066099894533451;23.370817323137
-6.667974607495335 0.5515056470363958;32.726866004481
-6.647497155917376 0.5601671538796669;34.42465317224
-6.659443815701899 0.5359908577508032;30.448687642714
-6.706254017060533 0.47685581626585516;16.500295126574
-6.803915131684019 0.3684300290607818;30.77323312730
-6.865367175235377 0.29662950031433133;41.82885393260
-6.900998776148355 0.25063141281177587;47.52903505329
-6.913742878093103 0.22738815802166565;50.0918501585
-6.9044949340346085 0.22599289054709476;50.103663424982
-6.873060639884131 0.2467033747669393;47.537716411
-6.81827752196981 0.29082818544055167;41.75242343147
-6.737556875453975 0.36122694662884813;30.48254723425
-6.624612161123384 0.464757427167348;16.128027491792
-6.591334004842817 0.4885192385493022;23.28540896973
-6.600965610338021 0.46921311603363053;18.333073967121
-6.657987328268938 0.40293830419554233;20.120642044731
-6.667350996078836 0.3854091156562808;24.34928367721
-6.640859943643966 0.4043274181117229;19.186343108667
-6.573458128628596 0.46505602833657483;18.187091823502
-6.555170762736828 0.47654593354621355;21.677760483397
-6.57396675505027 0.45082309287518807;13.691750552151
-6.642939606990803 0.3754533176283652;25.69154180059
-6.680770568829527 0.33143314591912004;33.929181439676
-6.695288682794663 0.31071050657980587;37.12191321605
-6.688232590602223 0.31150600826029057;36.88668515400
-6.659229192250588 0.3342332869549175;33.08186416133
-6.605865668307407 0.3814399547104351;23.4720849487
-6.520348157347168 0.46129316268694837;19.046309282207
-6.482828401573993 0.4927989904522807;26.966259627492
-6.476187025929622 0.4930484617292423;27.171648684758
-6.49939998326703 0.4631418009892227;20.214153545172
-6.5602173770617105 0.3956490663151011;18.666481453114
-6.574745743766705 0.37518177027151234;23.927985126709
-6.555975485880893 0.3883443564801801;20.397099510210
-6.5007126071471175 0.4384953427317717;12.645583155337
-6.507804720732891 0.4264800567370899;5.479950791244
-6.595754255775738 0.33542970184724785;31.59510076963
-6.66768518604705 0.26033864297825726;42.956698414310
-6.727404459304926 0.1972755293253379;50.56035980713
-6.7762415561153455 0.14483588032790556;56.098146650496
-6.8147652959127365 0.10239469541755074;60.1995816515
-6.843181910344509 0.06970125639453352;63.165563000338
-6.861477798612844 0.046734230321156915;65.15162366502
-6.86948007694587 0.03364089129586672;66.23226244153
-6.866881435450056 0.030713141671977633;66.42617020294
-6.853244445034043 0.03838500479992353;65.70372878005
-6.827989102884313 0.05724790765046653;63.982204410546
-6.7903603963035195 0.08808735711502433;61.10603404556
-6.739363465813771 0.13195428475444848;56.79843362867
-6.673632869236193 0.19030653393827285;50.53744397306
-6.591135234576544 0.26532661572531957;41.15634795808
-6.488297899619425 0.3608436407964027;24.557852501707
-6.355293651394032 0.4872966905502466;28.91535227053
-6.257881521635447 0.5771333193848894;43.109745013040
-6.182884611911109 0.6435900657694301;51.15660662752
-6.126761106970835 0.690167459734548;56.14536685542
-6.088100530494784 0.7182339192700048;58.99539419724
-6.066439224025745 0.7282254762625177;60.05671872919
-6.0619179828312815 0.7199966281299609;59.41346033507
-6.075195818474735 0.6929164223888707;56.94587156322
-6.107512534459017 0.6458213918068358;52.269595770317
-6.160944743758104 0.5767895194662643;44.447524535320
-6.239158049943741 0.4824663257210017;30.565529082268
-6.350535315454657 0.355339474292402;21.9347853646
-6.398539720463844 0.29410004868723827;33.99379086336
-6.411449756752066 0.26859645743759447;37.78113982611
-6.393902084791664 0.2739938731479749;36.754716394493
-6.346094593343935 0.31019397885598826;30.45613586610
-6.264374364578977 0.38124672353551853;10.60955482638
-6.1305799515890556 0.5078477716136938;36.37155345838
-6.022134704625285 0.6084463832093288;49.61651908662
-5.931787769956419 0.6901478478695496;58.20310868718
-5.856990413239518 0.7553851141139934;64.25527183627
-5.796559855635393 0.8052431310700219;68.54328033685
-5.749953988047199 0.8401812578798962;71.42608045112
-5.717020228619048 0.8602845974266308;73.07990219812
-5.69789374524019 0.8653678756315746;73.57586707785
-5.692961011727422 0.8550157699510209;72.90717123114
-5.7028630807235725 0.8285857187091648;70.99078638377
-5.728535153746522 0.7851777013947369;67.64571393973
-5.77129615004405 0.7235596975617191;62.53077438189
-5.833032765574736 0.6420104071835633;54.97505612729
-5.9166159287697075 0.5379608022544901;43.38796313075
-6.027113050967171 0.40696828380953487;20.946035697370
-6.177741472863078 0.23877763972033644;37.83600788216
-6.289118136328891 0.11024384662376874;53.449300563896
-6.37385188266918 0.008023572409922006;63.1422283790
-6.435780434307128 -0.07197211134599368;69.76116186615
-6.476601639859096 -0.13156021931198564;74.26621857401
-6.4971065946500435 -0.1715767538994218;77.08700456880
-6.497587827777479 -0.19230040384888272;78.42423764282
-6.478008664513872 -0.19362468807886568;78.3468187128
-6.438075954638399 -0.1751274970040071;76.82205795074
-6.377259504399905 -0.13608304777671598;73.70965786949
-6.2947671050858585 -0.07542473550531005;68.71497196677
-6.189459988174353 0.008358873017586643;61.253730565146
-6.0596511073157355 0.11746021842211478;50.01274608293
-5.902600961411634 0.2553342295938903;30.548801101257
-5.713533190617381 0.42800645209257315;31.911632590576
-5.585846866358672 0.536222360507091;47.39448560220
-5.492660230302212 0.6077825093698738;55.370415268709
-5.42760484309287 0.6492051372443897;59.59538338944
-5.388234975033588 0.6630383516761895;61.095899813205
-5.373790560255318 0.6501845325527726;60.163504437828
-5.384618949782498 0.6105261823325198;56.66637722837
-5.422125679898479 0.5430382036355967;49.950060598513
-5.489184979078717 0.4455165560857298;38.01944668826
-5.591776597593377 0.3134770076664132;2.867825303928
-5.715659368188435 0.1843066763550734;37.77624290550
-5.8308386905665435 0.06390037811140864;52.585618021640
-5.9394239700717115 -0.05000811886880613;63.5052171458
-6.042197096851067 -0.15829986969808013;72.38467649949
-6.139528273607029 -0.2614259887138734;79.93629322813
-6.231596323042197 -0.3596380993802286;86.52271318712
-6.318471064848488 -0.4530747565446802;92.35720970564
-6.4001516165006125 -0.5418017214689138;97.57681704769
-6.476586711674272 -0.6258333458237094;102.27490843606
-6.547686463361731 -0.7051449257629454;106.51770988275
-6.613329596876823 -0.7796802403654468;110.35347166773
-6.673368085978578 -0.8493562979529697;113.81791880191
-6.727630205997208 -0.9140663488730186;116.93766075191
-6.775922573424037 -0.9736817554627771;119.73240880560
-6.818031509844614 -1.0280530650011037;122.21645872326
-6.8537239397669225 -1.0770104947645371;124.39969878531
-6.882747956927054 -1.1203639575098645;126.2882971469
-6.904833147624759 -1.1579027051911568;127.88516212545
-6.919690729897792 -1.1893946351383222;129.19023298895
-6.927013546838254 -1.2145852788853828;130.20063597443
-6.926475936983329 -1.2331964749569484;130.9107246971
-6.9177334917879 -1.2449247103487637;131.31201236805
-6.900422697720075 -1.2494390990356934;131.39299305944
-6.8741604467917234 -1.2463789476934335;131.1388388848
-6.838543382429442 -1.235350836825227;130.53094762036
-6.793147025109243 -1.21592511692557;129.5462987121
-6.737524590672258 -1.1876316802838296;128.1565513401
-6.671205368344571 -1.1499548134866264;126.32678042130
-6.5936924565035735 -1.1023268538087465;124.01368462342
-6.50445954727054 -1.044120247871937;121.16299459829
-6.402946279525711 -0.9746374139113058;117.70561932125
-6.288551394313567 -0.893097485785221;113.55170703584
-6.160622429187169 -0.7986184632753309;108.58106512782
-6.018439774705161 -0.6901922964057392;102.62677723107
-5.861191129666549 -0.5666485286960095;95.44495947263
-5.6879286201489165 -0.4265982378954737;86.65279440990
-5.497492135077611 -0.2683414750340144;75.58082273687
-5.288360361551294 -0.08970180480911433;60.822881134097
-5.058338279185694 0.11227869083129485;37.94257835325
-4.804519578611399 0.3409568027446521;33.236698125814
-4.615496074599534 0.49435723022841105;53.094319215299
-4.458777416173674 0.6100041040359917;64.18006766866
-4.327128540559282 0.6958101233731515;71.37080231216
-4.2174288739487515 0.7550939483272758;76.03327472336
-4.128134797797497 0.7894730807481838;78.73896469004
-4.058553835106286 0.7996924786257905;79.74466317816
-4.0085750040601305 0.7859464361594735;79.1332789518
-3.9785742858747666 0.7480164284364494;76.85382694427
-3.969419910136654 0.6853184915355914;72.70709150444
-3.982572956945775 0.5968856994777006;66.26265352187
-4.020342710597749 0.48127589100228924;56.596893765421
-4.086523430142513 0.33635837529921153;41.21270543073
-4.188477229753608 0.15908550327297635;12.844010491104
-4.164867010645304 0.14852582615133555;15.849281008756
-4.085321524752187 0.20169451069777056;18.7128303597
-4.060957967777959 0.20008453954084915;18.813254923473
-4.083443876259793 0.15234679673321688;12.058474779862
-4.041134062920768 0.17564939014984296;11.168929326061
-4.063193379754694 0.13622131646090016;17.051745166515
-4.046427205725583 0.1373738869606657;16.295866702548
-3.992342618124571 0.17753505563034105;13.531178913792
-3.9868873568172574 0.1690714510206423;10.119327446789
-4.035757912063771 0.10723000126536006;23.64849953234
-4.05970946613325 0.07084226045277779;30.713953797717
-4.0642329686060386 0.05411458452104084;33.38582038539
-4.050451061690888 0.05587923738729454;32.95057340486
-4.017762674774136 0.07681440003685135;29.1475808072
-3.963627071154763 0.11969226203522551;19.402321633462
-3.879134060588256 0.19413131829467994;20.954869826006
-3.828136319997059 0.23401322726547719;29.63653062617
-3.799853573142674 0.250190948975083;32.589232702391
-3.7923381244582965 0.24461539411591168;31.810637155213
-3.8063933608379448 0.2165206931713006;26.82653750130
-3.846123339846667 0.16195913851974633;11.907420357523
-3.9345687351341176 0.05966679790513428;30.90567229121
-3.9993432487203218 -0.018495024568651458;42.30246018700
-4.046464929674005 -0.0790220512026264;49.33030107171
-4.077850934615084 -0.12402351783130836;53.9398488330
-4.094247178662471 -0.15434307651106166;56.801605594978
-4.0958448184353555 -0.1702112958193623;58.19429278429
-4.082482006834301 -0.17145561968164855;58.20745228621
-4.053707999707182 -0.1575621562694018;56.79460562170
-4.00877077926312 -0.12765348200667662;53.75869380663
-3.9465221471062786 -0.08037427886169732;48.65319363125
-3.865158885039432 -0.013594113574973254;40.43320068980
-3.7614484022054864 0.07645891875292886;25.562585921389
-3.626904903372802 0.19938999880112493;26.110920246555
-3.5345448314421684 0.2770683303154736;39.06955919978
-3.4677182984735118 0.326892274663686;45.52316842016
-3.422432000162697 0.35294304941271276;48.62631948413
-3.3973853851954585 0.35654574327221444;49.170350672
-3.3926093727531863 0.33771684826670145;47.248577517862
-3.409251707044192 0.295431501828609;42.3981091512
-3.449983519260624 0.2273071584223198;32.97192743830
-3.5209745180081917 0.12796990352829762;6.38720115863
-3.6493238291014096 -0.014121475503116904;38.44281363397
-3.7600083491608967 -0.13867795528779772;52.982583508914
-3.857283397690545 -0.25035525411165727;63.239081935146
-3.9426311888136807 -0.350874686169907;71.21660597490
-4.016709621401603 -0.4410775632262233;77.67536775685
-4.079802780837417 -0.5214003585163985;82.99582029134
-4.131986353769437 -0.5920486505437665;87.39605832135
-4.173203875735048 -0.6530763491833985;91.01059916104
-4.203307110547192 -0.7044264630632271;93.92512677295
-4.222079510553812 -0.7459534274909421;96.19377565915
-4.229250714997733 -0.77743538958716;97.84835150802
-4.22450580821035 -0.79858035380523;98.9033338537
-4.207491179284836 -0.8090280846561114;99.35837347056
-4.177817871469988 -0.8083486337118774;99.19904365485
-4.1350627377005065 -0.7960377253976358;98.39608699659
-4.0787672786976685 -0.7715087312854118;96.90301215059
-4.008433574331402 -0.7340804102988225;94.65144845113
-3.923516060712276 -0.6829588017822092;91.54292619169
-3.8234067725562793 -0.6172103071689721;87.4342273061
-3.7074094435790403 -0.5357203899158006;82.1098172384
-3.574692953371939 -0.4371267381984699;75.22481688602
-3.424202357226177 -0.3197022834344767;66.16824667895
-3.2544697534020695 -0.18112603041464218;53.64373402474
-3.063135890921843 -0.01795676565691373;33.50359968046
-2.845541191462069 0.17550767824080715;30.818354425486
-2.6821081738184938 0.302459788766154;48.08596327883
-2.5470871464274816 0.3938770536138318;57.4330964309
-2.434322326775906 0.4566006306847684;63.1106771049
-2.341152014969577 0.4934191487481821;66.30416741613
-2.2663333296985915 0.505550980143528;67.47083134760
-2.2094597140154715 0.4933516334123913;66.75132672903
-2.1707861230931917 0.45656213303298915;64.06571348944
-2.1512565903119816 0.3943629334891369;59.077121682317
-2.152748803393169 0.3052761967280919;50.96392452
-2.1788087138357524 0.18682368229030605;37.40804022420
-2.2374772827069616 0.034574621910097275;12.522874921815
-2.2017959849549635 0.027075005869124744;14.708104980342
-2.114405675537513 0.0830548950656878;19.66144552129
-2.0734332859998803 0.08964634368786677;21.679054502437
-2.0702268777151023 0.05632297769027634;11.682997330116
-2.125832730208836 -0.033407542415475895;28.11428881980
-2.1546036038737055 -0.09390575721825477;37.538956378706
-2.163020410202435 -0.1328090748362108;42.45709650939
-2.152996161097713 -0.15230825308157292;44.65000554913
-2.1250801887508137 -0.15293359762883488;44.5864177188
-2.079052152459971 -0.13423369640391325;42.205006198584
-2.013952213220323 -0.09478437357739743;36.86904485979
-1.927600613553512 -0.03158561659744295;26.2994306460
-1.8140532536228688 0.0629544503212478;17.41580254209
-1.7520587032197221 0.09803450927688276;26.031932640657
-1.719978029775874 0.09857445276039671;26.348977812050
-1.716458614788841 0.06646781284016512;19.31965195852
-1.7502256915756593 -0.005962910879789271;19.212529262740
-1.7444464860044697 -0.030713686846494684;24.80999419583
-1.709606646958251 -0.021728500388136677;22.656350560347
-1.6446299731387832 0.022266671619468135;6.998324749259
-1.523239663548403 0.13190133809051854;33.05426067869
-1.4181357284186953 0.22271063551574533;45.096877958573
-1.324326976265996 0.29952288168448504;53.18896593887
-1.2397905100876874 0.36405953905981414;59.13747372649
-1.1634028765530897 0.41710657753313907;63.615644757706
-1.0944592401008826 0.4590103055811134;66.94949926633
-1.0324973305790044 0.4898552708080141;69.31356999306
-0.9772187100977547 0.5095413591313489;70.80032575213
-0.9284509954886786 0.5178184698882928;71.44884448584
-0.8861315452972316 0.5142986227610613;71.25618147982
-0.8503055131676073 0.49845238527986835;70.17874190589
-0.8211369592855886 0.4695903105680764;68.1246962199
-0.798936338642426 0.42682488260273127;64.9335012017
-0.7842147820992242 0.36900033339761784;60.329223281446
-0.7777925281830568 0.294558725123767;53.805266389371
-0.7810432597574697 0.20125308307059728;44.26829140249
-0.7966057828161709 0.08538049444426042;28.205142399277
-0.8323072508562921 -0.061475351703259254;26.24558778256
-0.8437799918687778 -0.15701578728583515;40.60519373720
-0.8391958950584117 -0.22294254118905915;48.048363424612
-0.8206573395692186 -0.2641637037948178;52.13970294127
-0.7890585576475333 -0.28248363144416416;53.82382867950
-0.744808502015593 -0.27838274861570655;53.377647923381
-0.6880323510017908 -0.2514733510684731;50.71003742428
-0.6185960043417438 -0.20053303174309833;45.299968699358
-0.5359490660445982 -0.12316580034865007;35.59650163838
-0.43833692946397856 -0.014476142167696271;12.900902572462
-0.3105310463709328 0.13818017482872713;37.13955651629
-0.19233131414851204 0.26001390366008126;51.05335024279
-0.07854380512330623 0.36007133900471433;60.10001853251
0.03367317579016345 0.4414019058054056;66.53756778315
0.14656745062565238 0.5053992726367068;71.17779453727
0.26223708187283845 0.552711096354248;74.400900512
0.38282947992382454 0.5835535579844273;76.39851840344
0.5106657752579552 0.5978446516172853;77.25670134490
0.6483325189400075 0.5952626438908397;76.98686400450
0.7987433771001464 0.5752643330576774;75.53241472580
0.9651437317115195 0.5370734393890721;72.75663452405
1.1509863145884622 0.4796361594987096;68.40414962286
1.3595250109162638 0.40152533447146876;62.00400257777
1.5928220869483358 0.30073984841595297;52.59154412094
1.8494640924494998 0.17423335548781343;37.53883418978
2.1172670751270535 0.01653893912377577;16.940583941778
2.1628352234749175 -0.030746264295660845;27.96490875068
2.150455478453516 -0.0327703281747355;28.231096480467
2.091036585641625 0.005602296863104879;19.645777372269
1.9821623419011984 0.09204029814308273;23.087325328996
1.9290337499380115 0.1277424804608213;30.207621693163
1.9123756830790057 0.12851335452924603;30.440988309810
1.9298483969473097 0.0962014090678859;24.400620671174
1.9869353304900248 0.025930776871734812;11.759604403451
1.9600101507410352 0.04011969908003309;4.246707042154
2.0425044957561673 -0.04754052728774446;29.996631872395
2.1100799116114763 -0.12076005920597585;40.77628884933
2.1659867530957277 -0.18306096424609317;48.07746769014
2.211315193169954 -0.23571835057612509;53.47166792154
2.246497405515854 -0.2793087910824256;57.548617292691
2.2716597140195964 -0.3140738850055908;60.5940539040
2.286751230881503 -0.3400517365146639;62.76024041651
2.291601230928585 -0.3571334690263743;64.12665270340
2.28594663407297 -0.36508749763849574;64.72495059168
2.269443717425882 -0.3635659800471479;64.54859977910
2.241668884314986 -0.3520980467920818;63.55339024759
2.202108712163305 -0.33006931586188465;61.64942503558
2.1501353143662 -0.2966822491236449;58.68028103855
2.084955866880053 -0.25088316642268454;54.375211235040
2.0055070420962062 -0.19121978400852974;48.22830477538
1.910205132495709 -0.11552152475711011;39.10760820881
1.7961792817182547 -0.019962949675249156;22.970871847335
1.6547495321766472 0.10617104589383917;28.18594110320
1.542126519421486 0.19784717044942418;41.83659435876
1.4470262744911588 0.26726832128536687;49.746060091672
1.3660323726267563 0.31774870494066376;54.802622693661
1.2975336596349405 0.35061460946177814;57.886556970672
1.2407164149555483 0.3663263366427136;59.35196864288
1.1952580521014835 0.36481670326611465;59.317550724191
1.1612319086654825 0.34559937377383165;57.74101265579
1.139122259393276 0.30776265271242637;54.405650356868
1.1299552668287889 0.24985176251506713;48.80254860881
1.135667390230319 0.16954001943310443;39.68945860170
1.160300285521082 0.06263890170733305;22.287250497692
1.2182606301022485 -0.08173450085348005;31.18887652345
1.2478802212632942 -0.18316517384008044;44.69243217884
1.2573346771715346 -0.25681231841866;52.32571568879
1.2490428883181095 -0.3068761135239464;56.89956597363
1.2240709722413672 -0.3350353773048265;59.2746337272
1.182924137017841 -0.3418538198632171;59.76473487073
1.1257944922225598 -0.3271953044847614;58.4095801224
1.052636315883955 -0.290332688463294;55.011630231703
0.9631330280080324 -0.22987312140692265;49.01253244088
0.8564905808732518 -0.14342503264556883;38.93649220006
0.7306059505676676 -0.026518570264970426;17.95567315989
0.5744184617320707 0.13139268330912257;35.89584304133
0.4353480862626253 0.24992970550922677;49.907408201140
0.30547627285157086 0.3418382920252773;58.490136766586
0.1811697868417219 0.41108693710417815;64.1922721570
0.05986197498874285 0.45941607202611356;67.87819355093
-0.06066475258071859 0.4875840838477007;69.92397940392
-0.18258045883516646 0.4957759587864119;70.48585795805
-0.308200027834859 0.4837626252700763;69.5816467319
-0.4401549336841485 0.4509520982597218;67.10416018744
-0.5815860671219415 0.39636875257061144;62.78280583704
-0.7363857296555785 0.3185498958405139;56.050410974455
-0.9094919361158272 0.21528594105423665;45.58971662947
-1.1070130685362163 0.08293421788006763;26.674534722499
-1.3310729121972449 -0.08542529101522683;32.202548591637
-1.47229383762704 -0.19687442806838457;46.834706952428
-1.5640095937696776 -0.2741704133280557;54.731562341340
-1.6147889243734526 -0.32311007567325994;59.175772740911
-1.6288582571237722 -0.34601367653781945;61.12021432804
-1.60886866822803 -0.34373044041877643;60.879883575864
-1.5566675746899472 -0.31620850193658107;58.431724719611
-1.4735358962224558 -0.26263584963772546;53.409642744517
-1.3601600802440397 -0.18131258528137115;44.786839081618
-1.2162561407375758 -0.06908410066076082;29.049344764624
-1.0392132386886934 0.08058882076599447;26.507249551029
-0.9217384458873428 0.16073467965564817;39.10855574899
-0.834962063544929 0.20197943800004692;44.25134031537
-0.7723164656971548 0.21059452727766853;45.328302306840
-0.7316526176048591 0.18836027380640055;42.872014730626
-0.7133482887669436 0.13473554665766985;36.09937826801
-0.721115845858514 0.04657872783179058;20.43453094990
-0.7720962874367528 -0.08609569780699593;30.433179580407
-0.7893623511879555 -0.17096911906750945;42.187242471082
-0.7823823889631134 -0.22440958713544898;48.10580019690
-0.7541572870963307 -0.2508127935726509;50.73831963112
-0.7061925685403512 -0.2516831344983159;50.755568674879
-0.6393784728121353 -0.22709676980576837;48.17528860271
-0.554204683240825 -0.17597823518410133;42.40871837366
-0.4506155029715134 -0.0957371539635004;31.363320325025
-0.3267560462732692 0.019623311398280108;13.718632549477
-0.247794139298565 0.031341115940551875;17.626668240279
-0.1932277464728601 -0.010575152274513139;10.561586200840
-0.11105871749178303 0.02759609418718957;16.673796290355
-0.040762030635668925 0.020098910623475928;14.270793878529
0.024246442007889404 -0.033753164259038314;18.473876606455
0.08665304217301303 -0.04839066072879934;22.115804237800
0.14099862894412293 -0.031982077970785255;18.04044120439
0.1784008152115422 0.02042338457683302;14.281035070232
0.24095551326710618 0.02337896286757755;15.201537766337
0.33386176399052275 -0.014800639049764901;12.718914634736
0.36371539922940443 -0.002625689116688836;6.387408340990
0.3042013529787118 0.0790352599248313;28.0511860115
0.2606570880135951 0.14288056173127947;37.812173070107
0.22747899669960783 0.19322563269116874;44.00081300615
0.202368011782423 0.23153643420142236;48.17768343424
0.1840953646620997 0.2583947457838382;50.90103728104
0.1719843136501283 0.2739400926885814;52.41274226166
0.16573641714837134 0.27801638011895646;52.80286176400
0.16538232427572921 0.2702167445632228;52.05771520508
0.17130738677579022 0.24987144495239585;50.059493523
0.1843581606902238 0.21597773486404745;46.53866685257
0.206092522754885 0.16702740269988436;40.919050209167
0.2393965312615002 0.1005655372862365;31.723973668805
0.29054951116604294 0.011649733894282546;10.497877217004
0.39275156209305717 -0.12314108147292015;35.41449524940
0.46767688949228947 -0.23681131632195335;48.99215298229
0.5191980633986607 -0.335166685827996;58.23112011243
0.5486103310499003 -0.4202573829924291;65.16446826148
0.5568331800431497 -0.4930479795807045;70.54338569468
0.5448369403800186 -0.5540073228939845;74.73625942020
0.5137680278589213 -0.6033193502012226;77.94850130658
0.46499642650509715 -0.6409767201155977;80.30059355758
0.4001477821995951 -0.6668269444399113;81.86145538362
0.32114561139375986 -0.6805952620017518;82.66389259664
0.2302780394370416 -0.6818939764669029;82.71127664046
0.13029928746321776 -0.6702221861583243;81.97877029624
0.024572406128766558 -0.6449568601656034;80.40982785452
-0.08274879589282284 -0.6053339564158735;77.9067833253
-0.18652106755230446 -0.5504154758351659;74.311568675
-0.2804569482075556 -0.47903329783256127;69.3662259441
-0.3571193244850932 -0.3896892374613316;62.62358927167
-0.40815032593692124 -0.280359837157666;53.20201080669
-0.4245157378349429 -0.14805004745549716;38.80650058229
-0.3949882051344136 0.012530125242647738;10.56981182074
-0.4682291782823515 0.026132080279847685;15.567775381740
-0.589926162085718 -0.014691935514796712;13.574480659556
-0.611103660342144 0.0050667720993755015;3.743950966349
-0.7187705150889847 -0.08124200786422758;29.48810416239
-0.8102903359639138 -0.154447379779366;40.21833277998
-0.8881220953066028 -0.2177485503761428;47.59229338956
-0.952797582661874 -0.27231967433842025;53.13742355521
-1.004321276540389 -0.31870397601080214;57.43022084975
-1.0424971043262932 -0.3571437147682557;60.75354431003
-1.0670520952928673 -0.3877007572858151;63.26264338820
-1.0776971711801278 -0.41030973052681635;65.0449034923
-1.0741626917179679 -0.42480272482834674;66.14536934785
-1.0562218129696244 -0.43091914120697256;66.57817264642
-1.023706953460855 -0.4283058012511318;66.33065366396
-0.9765217189566575 -0.41650869225483045;65.36232981053
-0.9146493007183891 -0.3949552159365769;63.59841599915
-0.8381574675537423 -0.3629228829865119;60.91496611276
-0.7471990014941309 -0.31948507238053186;57.10727486190
-0.6420031751651892 -0.26341192145200776;51.81723047952
-0.5228428171791423 -0.19296798951787186;44.332949160041
-0.3899122361411874 -0.10541053348020606;32.79638359799
-0.24268987043903825 0.004838110430976303;6.616105680671
-0.15639408763158144 -0.008401890984215446;9.397082245895
-0.05023845901797461 0.03367555779831321;18.44352083025
0.05215281059995519 0.04683981255600096;21.736744257470
0.1579394933795064 0.0356854666197546;18.926036301858
0.2755569772785333 -0.0031508476719149803;6.355886105099
0.315943706863027 0.03577646379241811;18.752089576182
0.3783609922966653 0.05027239126911311;22.20374308142
0.463097039007801 0.0439721613375076;20.556421273962
0.5758662156444277 0.014947548015396727;10.890622607608
0.7302981070962278 -0.05376288874364288;24.417021612911
0.840334119238175 -0.10208014063688953;33.14501257344
0.9153449860841403 -0.13513181366750682;37.991917090202
0.9581129816380927 -0.15441010048825685;40.55583007135
0.9700329525032017 -0.16028911404628648;41.30420886351
0.9520191737371819 -0.15249934892723507;40.304389764714
0.9046934219914845 -0.13018522238054853;37.30715498536
0.8282633463279677 -0.09168667530269392;31.500459526982
0.7219032497691585 -0.03368154105790927;19.82852326882
0.5803988756347069 0.05394618084525178;22.59525758302
0.4765703819132667 0.10980955251673624;32.89780753094
0.39255056069168726 0.14437115760168517;37.89680819199
0.32282117025297663 0.16012260938267392;39.988121881240
0.2645485351135804 0.157608094138427;39.71428958959
0.21608513711364533 0.13625976663081962;36.95224073812
0.17660609379350314 0.09432949574427973;30.764055378702
0.14637955978395406 0.027799822103742863;16.710362720125
0.13112695179997036 -0.07793173216615715;28.048345985394
0.10739039782084646 -0.15273453125974173;39.19709137829
0.07832666827095516 -0.20592188608561326;45.48615940869
0.04564152290617739 -0.24019608473044085;49.112385189413
0.010775354158048013 -0.25651936022913546;50.7479627240
-0.024824787261861832 -0.25500011549748697;50.59789807435
-0.05957243794329463 -0.2351270946124587;48.59296914417
-0.09161764418159224 -0.19575041714228064;44.352259423681
-0.11863411540831563 -0.1348028253175736;36.83347928288
-0.13719511947379487 -0.0483374042140757;22.12716164097
-0.13840724539476496 0.07461973852518122;27.380143170243
-0.15470450053808754 0.15548987569791137;39.500298200242
-0.1832189123325731 0.2091312097456517;45.792316019075
-0.22469425552247965 0.23936618251035693;48.97119241111
-0.28143929026712017 0.24749407199680695;49.7662898124
-0.35718048463233887 0.23360092693414095;48.296547276761
-0.4571530025911572 0.1968367782359683;44.225564381637
-0.5877932280423529 0.13521901489703403;36.393434197250
-0.7542505293913853 0.044587118639357395;19.815079031531
-0.9428761776802541 -0.08742023555962046;31.124486625101
-1.043945645369009 -0.1789078516825679;43.65629978203
-1.092438965188267 -0.24327776104383309;50.60758607635
-1.098846899763266 -0.2843321237331214;54.53226353015
-1.0689106221606208 -0.3035158021958452;56.2089599819
-1.0065445689120958 -0.30117639853646344;55.88489115690
-0.914710200824101 -0.27691604834498007;53.50274257247
-0.795744582940267 -0.22962528736480572;48.66748715096
-0.6514354341498889 -0.15724636352697693;40.27930961078
-0.4827363293209125 -0.05592527474166813;24.231373327397
-0.2873590561472549 0.08377938505823075;28.898798719693
-0.11414734465839338 0.17233042825817763;41.59586228528
0.05332618939198788 0.22899466404890453;47.950948852999
0.22315024149459364 0.2585754643560207;50.903560624124
0.4020841970593881 0.26273886365354754;51.20413303737
0.5966885489359877 0.24166977081940352;48.90242152874
0.8130253389375677 0.19440121203425828;43.443001894679
1.0543463278386411 0.11849631719125985;32.87940908309
1.3130720680819037 0.008312839385749046;9.562333424623
1.303859734840927 0.028912410420489962;11.027207525441
1.3660166694056717 -0.017583002302224378;19.1512592046
1.3829849587665963 -0.02538997707506782;21.21275186868
1.362202405148153 -0.00019809767279929322;13.808165316441
1.2924605701939456 0.06993474194772165;23.184595263168
1.2546140241204757 0.1090063653486244;30.65199634050
1.2396960805381945 0.12499070721271734;33.22164695105
1.2459201254264458 0.1194423698939158;32.34896029930
1.274238371984354 0.09153166712214456;27.552646325929
1.3288924899235381 0.03754369988691156;14.21440497617
1.4281616253260285 -0.05956955452101456;28.392543727202
1.4961031322259681 -0.12899510886433938;39.02233240062
1.5406771091807774 -0.17849043256669014;45.08509568642
1.5642021942988382 -0.2103784243460201;48.57652412209
1.5675372533091374 -0.2254577893326955;50.118627259178
1.5508851491203304 -0.22375107427725555;49.89537644220
1.5140228095706398 -0.20469630999878508;47.8245691366
1.456311297910288 -0.16710646443642835;43.50982672557
1.3764827286330836 -0.10886549133118192;35.864644306459
1.2718128476360124 -0.025879088052747246;20.61983085720
1.1330433113391323 0.09407755540284375;28.613906448123
1.026517546971581 0.17666056904567792;40.86847739132
0.939602258991459 0.234352975125375;47.598810745700
0.8683265690575029 0.27057812408324405;51.39593448643
0.8108419551862014 0.2865871762691621;53.024318554656
0.7663035177217974 0.2826124029318692;52.713764593755
0.7345699811545439 0.25817327935267814;50.38431346642
0.7162111108973742 0.21207468743280722;45.598381470352
0.7128344594887008 0.1421070544190071;37.12411427709
0.728350069848744 0.04396522105754229;19.76950179240
0.7790447953605282 -0.09463276128703803;31.84134827225
0.8037598674266437 -0.1933584291259358;44.80912577008
0.8093373674799845 -0.2654522981258606;52.261958797999
0.7979602144231465 -0.31475775759988167;56.775886095
0.7707084055404315 -0.342820544953259;59.16365169735
0.7282424047069469 -0.3501477484180479;59.727003860680
0.67103284392294 -0.3365870476100345;58.50961251542
0.5994522492969677 -0.3014272755893572;55.33467417185
0.5137960070886092 -0.24333142792909776;49.70063082969
0.41421468853938564 -0.16003961226996796;40.322962412028
0.3003440034104542 -0.04743653337112884;22.08904414202
0.1677359588065283 0.10434942350135883;32.36126042921
0.04340261156903592 0.20979099517769234;45.90132455356
-0.07967545756494412 0.2853494843206386;53.511374380406
-0.20568068804881778 0.3356227644576782;57.99437823046
-0.3383670799580435 0.36246894138700964;60.20684994869
-0.4816335438603355 0.3665358871061693;60.445509131824
-0.6397503803187892 0.3477111067489173;58.71256711156
-0.8173339619237141 0.3052333466325904;54.7318301907
-1.0188208238063534 0.2375905261010361;47.75642142479
-1.2466555940141706 0.1420856919127152;35.66058366636
-1.4949762169564822 0.013333673099958532;9.580241543273
-1.4808268745252975 0.029980528540081725;9.058511193370
-1.5480591382160045 -0.03019129222530997;23.355996194471
-1.5811947563952895 -0.05978980134268588;29.203180122767
-1.5873018488436574 -0.06530103234621058;30.16673058220
-1.5673234643681286 -0.04737454820252924;26.90588090043
-1.518957452998006 -0.0032973524373398552;16.323551102481
-1.4302715777014965 0.07983688654972307;24.453733456618
-1.3732351819192112 0.1311992272948379;33.60364801213
-1.3378220492554056 0.15994101555932688;37.77525895367
-1.3214603819476465 0.16829585173458286;38.92404538243
-1.323799128135781 0.15649359808666652;37.36532914455
-1.3460677044585319 0.1233801072409565;32.53051019445
-1.3917589924835994 0.06582190231886846;21.638801817908
-1.471582368863045 -0.02576924940157417;21.862519098371
-1.5084165074533715 -0.07497491969842082;31.346413447483
-1.5164975916095695 -0.09648796160077071;34.6515257905
-1.4987142540365812 -0.09309395012990623;34.07845256020
-1.4551266965113985 -0.06441407359814848;29.340877396301
-1.3831790164187332 -0.006981564855388672;16.245811389683
-1.2703757562043745 0.0940966746607169;28.00827921961
-1.18740789805806 0.16193115810740993;38.537024857621
-1.1242742482116759 0.20632116970363648;44.097988545023
-1.0778821658878612 0.23001631534484274;46.8222946605
-1.047077705472972 0.23384994639557188;47.30035734347
-1.0317793885589224 0.21763495144504702;45.58575504526
-1.0328662494307974 0.18030657423088417;41.27685955650
-1.052558590459142 0.11961262774597131;33.03394768086
-1.0960932214224548 0.03071729114900984;13.764962308476
-1.1885441588578038 -0.10422020459159553;34.48965184486
-1.2544422399964716 -0.2097725736376968;47.57522526333
-1.300133391402016 -0.29448990742365433;55.88963084217
-1.327642745726333 -0.3611884006508025;61.63465231540
-1.3378685172623894 -0.41110699759812347;65.58516475610
-1.3312534703373227 -0.4447642816754608;68.09305773296
-1.3080206532848515 -0.4622490978850196;69.32262432366
-1.2682769569483088 -0.463337111173438;69.32765053181
-1.2120618332469926 -0.44753182263477664;68.07484589076
-1.1393651063413284 -0.4140585183854564;65.43690753886
-1.0501176846259568 -0.36181168296343297;61.150055197876
-0.9441414252151533 -0.28923021121082565;54.693144744179
-0.8210021541082227 -0.19401542249256926;44.89757842850
-0.679519972455147 -0.0723833515264958;27.842227387773
-0.5148752555208032 0.08372216521458331;28.567855993538
-0.37477988054253153 0.18318346641029237;42.73178513109
-0.2462212874951194 0.24955696893676382;49.99249942781
-0.1242731082031734 0.2883734053526336;53.78478592614
-0.005522158648209263 0.3016980974446658;55.026968409983
0.11310479764533724 0.2901046096723923;53.95061412069
0.23489453686030837 0.25317579897032777;50.364068428078
0.3638899222447354 0.18951124540455927;43.48417447100
0.5058443933690658 0.0962346953038902;30.71157895850
0.6710255778599837 -0.033073096474907804;19.49120141142
0.7601424752961539 -0.07898906518708863;29.222413980320
0.8032140025022217 -0.08213001899920298;29.870684296269
0.8030242307915813 -0.04693431608547499;23.21274734463
0.7542979343971931 0.03141241570077262;16.14586021102
0.7712174776704612 0.03789035685906826;17.980203014171
0.8358695507589533 -0.005844843503990414;11.436033903973
0.8166687462201273 0.024829632477074617;13.584128273392
0.8517837255860025 0.0010627244606368734;7.977844804090
0.8054324116568478 0.052891498838681716;21.64970819312
0.7858246322718082 0.07726338419204179;26.77022510772
0.7873125410569366 0.07949432159044514;27.181053806185
0.8099282498983784 0.059666212010974135;23.152919592308
0.8580383402948671 0.014009555550045766;8.261651961578
0.9616057279459056 -0.08614134871536677;30.994596950190
1.0433409809725693 -0.16765022023477089;42.36393317734
1.1075609111692486 -0.23530506155696929;49.86768052508
1.155535684246545 -0.29077694836889123;55.25949961087
1.1877136044818986 -0.33480318055431973;59.18046579508
1.204216859893249 -0.36767750607130256;61.93266077823
1.2050215339351178 -0.38942263191935095;63.668592041639
1.1900402727615138 -0.3998613258880435;64.4565415468
1.1591649828956696 -0.3986430954734354;64.30502823404
1.1122886192839385 -0.38524428493796864;63.167934149041
1.0493121597667594 -0.35894480088435693;60.93444900829
0.9701357310738361 -0.318774357066251;57.397220978368
0.8746236903581488 -0.26340483953977856;52.1716414250
0.7625091817688796 -0.19092205932033574;44.46258669062
0.6331043398862852 -0.09824640756727993;32.08360713425
0.4839767010974553 0.021041461292021654;13.77931482822
0.3839469814349059 0.05793675107779396;23.86569929438
0.30371354587020294 0.057766637454849466;23.945062694416
0.23932008997978255 0.0227625565135074;14.998639526343
0.19576895925140692 -0.05946557888296811;24.565978973312
0.1418201932425223 -0.10650459271029017;32.767260052771
0.08179738554948549 -0.12806760425043512;35.89669935331
0.018278063727886512 -0.1263180046812131;35.64189708331
-0.04626359248726662 -0.10095574407372214;31.87643892379
-0.10871025945303564 -0.04939121780677122;22.349620079846
-0.16300519955391662 0.03687464211872417;19.231831518746
-0.23197989899504778 0.07344135169393562;27.098273705331
-0.316208975831705 0.07798415357516525;27.842877701750
-0.4205415061422344 0.0522730499823892;22.569000497425
-0.554540069920565 -0.008664527123458589;10.929432224996
-0.5784071195117876 0.006955796287974429;6.102750133546
-0.6789104075578121 -0.0629441236309006;26.084231854286
-0.7530300193521253 -0.11241288345554687;34.45573868807
-0.8050641039223708 -0.14615833182035587;39.16106938163
-0.836015204730028 -0.165611024339471;41.63682471513
-0.8460131390438336 -0.1711198577374299;42.314429401631
-0.8348086399245116 -0.16239275738752246;41.24524374231
-0.8018697687352183 -0.13854594790923036;38.16768210602
-0.7462367785822396 -0.09788113854688565;32.25615556365
-0.665846052260028 -0.03702737075284332;20.45528653644
-0.5533998237021154 0.054049055896789586;22.674665790085
-0.47309425267502014 0.11137057312915659;33.13046111231
-0.41097626863366404 0.1463067766441979;38.124532299632
-0.36291782924874955 0.16152142778844417;40.121904457197
-0.3271031730686405 0.15758845747062591;39.65914707084
-0.30293197911602715 0.13388184528479083;36.5612226874
-0.2909688212994882 0.08846570265028764;29.69760958098
-0.29400636981276823 0.01672584944519459;12.691285593439
-0.33192086846781066 -0.10159864210372957;32.14357716724
-0.3534832320511273 -0.19376375752290415;44.25677104029
-0.36203264863757645 -0.2671015550975656;51.90489552606
-0.35877782332464125 -0.3240266936267779;57.132708463008
-0.34445117623800886 -0.3655724967011647;60.657183195460
-0.31967772437138237 -0.3921285293281177;62.798515145375
-0.2851204466414783 -0.40368882571060527;63.69760181290
-0.24156387113170785 -0.3999463093458847;63.385011263023
-0.18998198813965775 -0.38031639323333694;61.79715404575
-0.1316131180901153 -0.3439097262219878;58.75726775477
-0.06806486439485937 -0.289442986279173;53.90353057471
-0.0014952930280470178 -0.21503228276677278;46.4715609450
0.06498224773964638 -0.11767400582486039;34.410449115110
0.12583524641671945 0.008533190420299333;9.252676454535
0.22075796963459487 0.004630691863394339;6.539094289762
0.363303247172739 -0.07906943454001235;28.456644695093
0.47295208809934575 -0.1422978880623097;38.12245234046
0.5512243050393444 -0.19002968477612656;44.04503512630
0.5983313282199338 -0.2239076297110631;47.80164700447
0.6148744512113444 -0.244533013032155;49.93723532103
0.6019882014574214 -0.251968092067841;50.66212633957
0.5612429088009463 -0.2458884892437927;50.009362315302
0.49452619226981254 -0.22560282714416247;47.85935748661
0.40396753380311323 -0.18997114865541953;43.876524907397
0.29192987408436205 -0.1371574400147462;37.252572127344
0.16107400645920245 -0.06390132595100932;25.431587902821
0.01425374017790676 0.037841886219082146;19.55261141104
-0.13092948530803042 0.09201513491317972;30.4044178226
-0.2884355723983021 0.11819369577514889;34.355216143413
-0.4674920477591463 0.11975375998918315;34.383555107
-0.6741105307706068 0.09668626571098322;30.448162227436
-0.9058416660597932 0.04616728919783907;19.57472919205
-1.136338550866236 -0.04279343569725099;23.69077395819
-1.2446443894408887 -0.09195935439471623;32.86723490848
-1.2899784545705877 -0.11395495443722609;36.22508557294
-1.2858947299287766 -0.11139199116959327;35.85405925013
-1.2383511313343876 -0.08400750726188394;31.606284370856
-1.1496311780984758 -0.028904380321345853;20.61188030560
-1.0170537505140014 0.0643254136092305;23.323733631808
-0.9394807079493099 0.11470844569346217;32.63015123882
-0.8939796423381821 0.13645055546083668;35.932176181135
-0.875606048236426 0.1324312545670707;35.413247711952
-0.8840157471674965 0.1024094402908507;30.847395288117
-0.9227963947281925 0.043255819269582385;18.729518616321
-1.006648093056961 -0.05717770713349149;26.034318454165
-1.047173795879801 -0.11854736885058684;36.07745657673
-1.0573659652827674 -0.15317856599478488;40.63061451239
-1.0408216173378049 -0.16410409869371256;41.91508581377
-0.99894484814813 -0.1518885778272111;40.322769085284
-0.9319950463890324 -0.11554398335289678;35.336975034659
-0.8388987632715694 -0.05209670649526284;24.409139226692
-0.7145581933669534 0.0469587074769479;20.55080479435
-0.6347977256408982 0.09124227444748018;29.625430317098
-0.5803671724775044 0.10185138367862133;31.47621715704
-0.547822071058965 0.081836364430464;28.172141730964
-0.5386925299999697 0.029048123608530534;16.264408122799
-0.5682766454796225 -0.07023807354355541;27.199198159594
-0.5726856966766369 -0.13294348775551112;37.00269722579
-0.5582972872609522 -0.1698814652297816;41.68749623982
-0.5272145878480734 -0.18390134252625023;43.301312391972
-0.4804789828519651 -0.1756276091247171;42.27768087120
-0.4186469672405072 -0.14433717973519977;38.31751320040
-0.3418222935052753 -0.08778122439759177;29.921009550446
-0.24890494031783222 -0.00042884787937425006;3.335387681605
-0.10708107712583959 0.1282004549188602;35.888004526274
0.03146991408513106 0.24706103683106678;49.80455327857
0.17082994094165982 0.35866732539265483;59.966179958769
0.3136777964548024 0.46398791491670766;68.14753238236
0.4623110898363637 0.56351275739709;75.0296150668
0.6189136454182704 0.6575093813588948;80.95659670215
0.7856514711106594 0.7461185763167406;86.1279759040
0.9646948731303342 0.8293986968809196;90.66859652846
1.1581879962294435 0.9073488998635132;94.65971277198
1.3681676739633393 0.979922248242078;98.15466394442
1.5964308217440097 1.0470333316701341;101.18759326431
1.8443579311306468 1.1085626166417049;103.77875685591
2.1127184837794872 1.164358667289586;105.93808581494
2.4015068745311647 1.214238858826748;107.66779713644
2.7098705119682123 1.2579889323472815;108.9643602670
3.036177165712703 1.2953615788106971;109.81982621536
3.378221645108309 1.3260741257265989;110.22239701797
3.7335150825581014 1.3498052970569527;110.15614937548
4.099570418844146 1.3661909060494581;109.59994371022
4.474112717465889 1.374818209082556;108.52561411667
4.8551856637448125 1.3752184776925274;106.89545810680
5.241165061882213 1.3668570990010507;104.65882231245
5.63070862274538 1.3491201197646263;101.74721828511
6.022670077546522 1.3212954650084217;98.06681056410
6.415993891431008 1.2825457939711749;93.4859697061
6.809591111564394 1.2318674306956736;87.81295426736
7.202176064814337 1.1680243139828599;80.75185256817
7.592002943333186 1.0894324964082347;71.80324787938
7.976320474701462 0.9939322455951294;59.98907372106
8.349845511207619 0.8782444158235534;42.73290681917
8.697726552283086 0.7361355549338718;14.458948695227
8.743481859859832 0.7039971035442288;24.781671296430
8.731104506486478 0.7152170250188529;21.890959128516
8.666468067486468 0.7699331604630467;13.918551956435
8.685253138770184 0.7541358833633963;1.6022587691055
8.582377955361272 0.857751224346342;34.99661386820
8.484022505470346 0.9575699394129455;48.94789598242
8.38897625132268 1.0545769193570182;59.41459918798
8.296746002466069 1.1491639367937136;68.06551267595
8.207064372106277 1.2415357412592838;75.54629857583
8.119768874625999 1.331809873376495;82.18750278799
8.034756028329802 1.4200544871724394;88.18497487184
7.951959725936264 1.5063061256604906;93.66585500684
7.87133960092517 1.5905792449079117;98.7180138693
7.7928741888227835 1.6728717826043362;103.40500374530
7.716556647402229 1.7531686168907874;107.77438448802
7.64239195598301 1.8314438061780594;111.86269246181
7.570395025212036 1.9076620786851601;115.6985705311
7.500589397177507 1.9817798354570166;119.3048267788
7.433006345810315 2.0537458233809107;122.69983720431
7.3676842598972705 2.1235015751304065;125.89852965997
7.3046682333686785 2.1909816781490505;128.9130908858
7.2440098133921245 2.2561139135555406;131.75348477366
7.185766873228577 2.3188192924112254;134.42783842368
7.1300035876164305 2.37901200798807;136.9427333249
7.076790495806715 2.436599316723158;139.3034268857
7.026204642566705 2.491481356393667;141.5140217106
6.978329791274181 2.543550907052296;143.57759481090
6.9332567061381996 2.5926930980283056;145.49629539558
6.891083502918664 2.6387850625608134;147.27141741186
6.8519160695011 2.681695540217692;148.90345123728
6.815868559462266 2.7212844260428732;150.39211762171
6.783063963451834 2.7574022642805294;151.73638598531
6.753634764915815 2.789889683478101;152.93447839007
6.7277236884572975 2.8185767687161993;153.98385984207
6.705484551072584 2.843282365599555;154.8812149910
6.687083228659904 2.86381330941929;155.62241072549
6.672698752687479 2.879963571506297;156.20244357399
6.662524554796419 2.8915133131734803;156.61537016671
6.656769880531912 2.8982278357110247;156.8542182424
6.655661397478375 2.899856412548345;156.91087473011
6.659445027994113 2.896130986795759;156.77594621405
6.668388042727761 2.8867647137408383;156.43858547687
6.682781458433438 2.8714503232479713;155.88627563778
6.702942792674211 2.8498582710383444;155.10456039507
6.729219239316984 2.821634640008619;154.07670464987
6.761991342952206 2.7863987423479752;152.78326370941
6.801677268453102 2.7437403591566785;151.20153035542
6.848737785132211 2.693216534940545;149.30481569679
6.903682115157067 2.634347817266098;147.06149918034
6.967074835735361 2.566613793120706;144.43375066617
7.039544077897476 2.489447716860876;141.37577453854
7.121791337307301 2.4022299396897;137.83133636342
7.214603313126569 2.3042797197245797;133.7301749968
7.318866332709078 2.1948447837690352;128.98261144785
7.435584121970675 2.0730876699970655;123.47109373999
7.565899967388912 1.9380672968264332;117.03621152536
7.71112469438143 1.7887131645160415;109.45193561161
7.872772236040146 1.623787675422979;100.37764231814
8.052603990906698 1.4418284489043671;89.25263944027
8.252675992986646 1.2410564637324724;75.01499653610
8.475325886183086 1.0192381904006695;55.04153967864
8.722382732981705 0.7737733870226525;11.577474753660
8.927330067970344 0.559181176118101;48.953096500545
9.103861184461408 0.37151148274985585;67.81436313153
9.260040787878415 0.20276972405786803;81.10698910814
9.398674455125697 0.05009465961093745;91.47685236145
9.521096187151281 -0.08792577362859452;99.91674823835
9.627994113966302 -0.21206034984361555;106.92224006468
9.71970574215057 -0.3227226374335412;112.77825383756
9.796352086450584 -0.4201011372603981;117.6622678553
9.857908241617796 -0.5042267673360401;121.68974404257
9.90424447728302 -0.5750110524333578;124.93683299323
9.935152047491435 -0.632268930930725;127.45269697741
9.950360384033692 -0.6757327257672507;129.2665188900
9.949549089412004 -0.7050606386492411;130.39150405806
9.932356583339725 -0.7198415975838912;130.82698796239
9.898386435716391 -0.7195974874156793;130.55917823838
9.847211946116268 -0.7037833362648133;129.5607219214
9.778379225687898 -0.6717857415433933;127.78903523047
9.691408811499446 -0.6229196083163797;125.18305955362
9.585795644555205 -0.5564230891974169;121.65769849038
9.461007040378611 -0.4714504274524778;117.0944376850
9.316478069784868 -0.3670622062470962;111.32506130437
9.151603627935504 -0.24221237297022594;104.10161480433
8.965726867989083 -0.09573179086515024;95.03555193887
8.75812700986061 0.07368868165138459;83.45577481103
8.528029891904723 0.2674926597464611;67.99238012082
8.27481602014447 0.4870593008157993;44.64244911022
8.000821553332953 0.7309955651277911;30.323682484775
7.839506345208965 0.8582096324150272;49.53738968948
7.724594802210269 0.9373618028649058;58.54403053322
7.6453625401296454 0.979368993683027;63.013807960450
7.597819842786919 0.9884027173926024;64.29571414284
7.580490566375817 0.9661990230907951;62.75061220234
7.593387125333198 0.9131398493873832;58.18839538045
7.63783776939633 0.828521879939927;49.6896313534
7.716948442509362 0.7103540794810026;34.065389685185
7.8376846267932345 0.5546357556964425;24.603209986796
7.874283451596989 0.4907818444346982;36.131705761963
7.866946720969872 0.47315318523562316;38.35396538880
7.821932034038441 0.4949977400111318;34.35839887516
7.739117246957907 0.5567357173391443;20.720915768426
7.610701351783141 0.6681065076180108;29.98864748857
7.53062017939 0.7308447596177057;40.640396928906
7.482630629810526 0.7609431147972191;45.01292432298
7.462790606525919 0.7623251469978798;45.49490048130
7.470438068823944 0.7357437304170187;42.32553841937
7.507131561606042 0.6798751260247509;34.27857307014
7.577864089502767 0.5903127454322038;12.853516547338
7.703192709988171 0.4513283744585943;37.86833129625
7.79890534950135 0.3421013266411011;51.765576694681
7.873133026150647 0.25412504283960974;60.654941002
7.928574401605932 0.18454736961977286;66.81827964385
7.966411842910541 0.13210200766234212;71.06937908797
7.987140409596673 0.09625100779775975;73.77967516934
7.990853875622031 0.07689120744951172;75.12297020332
7.977363002798855 0.07423540680163791;75.15628981893
7.946241677144225 0.08876942123251778;73.84479664416
7.896829405692447 0.12125593795018623;71.05514261772
7.828192493629802 0.17278366795116248;66.51245933161
7.739023314655293 0.24488510122244228;59.67862697872
7.627408261501767 0.33980012415198924;49.367070348203
7.4902208152128384 0.4611582145530552;31.778045098285
7.321043258707489 0.6163890850452706;28.530280289433
7.2132757939629775 0.7085113777148975;43.55391475420
7.139293971163329 0.7655667761909322;50.75514449335
7.093178391635813 0.7935482483817905;54.061232527751
7.072907405595721 0.7945570706756159;54.41986538002
7.078211059254281 0.7689965581586437;51.93813090934
7.110152510926342 0.7160351452045766;46.05055857488
7.171474598601227 0.6333561979633738;34.67616645580
7.268587984386529 0.5155693279797664;11.466217164573
7.247090473576096 0.5254661247917048;1.793956241489
PointOptimal;ValeurOptimale
[7.24709047 0.52546612];1.793956241489803
Temps;Nb iteration
0.05863332748413086;1000