Point;Valeur
-6.907066214068732;3.6369015448424
-4.331256260225512;0.4472181894875
-3.6166185229105725;1.9137443111541
-5.0402776061223005;0.0016222855549431
-5.881290990773009;0.7766738104176
-5.217088108214336;0.04712724672807
-4.505434896563442;0.244594641537
-4.727513876486642;0.07424868750733
-5.236215466094554;0.05579774642226
-5.236420724866692;0.05589475914649
-4.916503871165615;0.006971603530328
-4.828397628629134;0.02944737386010
-5.0053961129092865;2.9118034529768884e
-5.1094895226423445;0.01198795556844
-5.026783163707052;0.0007173378581587
-4.9385641602774895;0.0037743624024100
-4.96632623410438;0.0011339225095930
-5.029450557564057;0.0008673353408338
-5.029347402078553;0.0008612700087602
-4.989613834863903;0.00010787242623428
-4.978751988680131;0.000451477985049
-5.000757394757573;5.736468187996924e
-5.013640982678533;0.00018607640843603
-5.0033425689341255;1.117276707938118e
-4.992406728352098;5.7657774318837754e
-4.995877074437238;1.6998515196077754e
-5.003710063336757;1.3764569962748873e
-5.0036812875965975;1.3551878368862386e
PointOptimal;ValeurOptimale
[-5.00368129];1.3551878368862386e-05
Temps;Nb iteration
0.0008060932159423828;27