Point;Valeur
-6.733811444472092 -0.8041353426510573;112.17442521876
-6.716811444474457 -0.7871353426511001;111.31135193580
-6.704759365112881 -0.7750681699950026;110.69487681739
-6.694902768111674 -0.7651916725825689;110.18789214270
-6.686355801731135 -0.7566224515531208;109.74621636532
-6.678702875861694 -0.7489458714655446;109.34911266135
-6.671710026089356 -0.7419284366034152;108.98490442625
-6.665230236582886 -0.7354233955230937;108.64625377189
-6.659164028992063 -0.7293314335706096;108.32819536355
-6.653440396847323 -0.7235816526575857;108.02718503385
-6.648006564412244 -0.7181213525355692;107.74058865968
-6.642822041900335 -0.7129100981241627;107.466385432
-6.637854961349224 -0.7079160623935635;107.20298494913
-6.633079707514491 -0.7031136615415469;106.94910894873
-6.628475324988773 -0.6984819648504067;106.70371178702
-6.624024411742497 -0.6940035900437759;106.4659252002
-6.6197123290445665 -0.6896639144510064;106.2350188605
-6.615526623786328 -0.6854504982043635;106.01037153590
-6.611456597339307 -0.6813526537277582;105.7914495659
-6.607492977939517 -0.677361118582929;105.57779050626
-6.603627667748704 -0.6734678028773189;105.36899050073
-6.59985354479103 -0.6696655914632661;105.16469439436
-6.596164305880088 -0.6659481870688976;104.9645878918
-6.592554340624907 -0.6623099844626668;104.76839126840
-6.5890186293141095 -0.6587459684631675;104.57585427196
-6.585552659371389 -0.6552516304943976;104.38675195342
-6.582152356412747 -0.6518228997246412;104.20088122520
-6.578814026904425 -0.648456085790176;104.0180579992
-6.575534310120879 -0.6451478308073748;103.83811478914
-6.5723101376232735 -0.6418950688961486;103.66089868796
-6.569138698868588 -0.6386949918261733;103.48626965174
-6.5660174118516075 -0.6355450196903748;103.31409903443
-6.562943897908436 -0.6324427757351012;103.14426833063
-6.559915959982712 -0.6293860646486165;102.97666809097
-6.556931563790102 -0.6263728537446122;102.81119698233
-6.553988821421717 -0.6234012565822498;102.64776096968
-6.551085977011687 -0.6204695186479949;102.48627260103
-6.548221394160076 -0.6175760047907228;102.32665037992
-6.545393544855399 -0.6147191881546425;102.16881821278
-6.542600999683221 -0.611897640397341;102.01270492050
-6.53984241914299 -0.6091100230152043;101.85824380527
-6.537116545924894 -0.6063550796267775;101.7053722653
-6.534422198018161 -0.6036316290879198;101.55403145121
-6.5317582625455755 -0.6009385593315445;101.40416595827
-6.529123690231851 -0.5982748218410394;101.25572355076
-6.5265174904281915 -0.5956394266794672;101.1086549137
-6.523938726626678 -0.5930314380076358;100.96291342925
-6.521386512405983 -0.5904499700336143;100.81845497440
-6.51886000775974 -0.5878941833439487;100.67523773803
-6.516358415763404 -0.5853632815735358;100.53322205463
-6.513880979542805 -0.5828565083767459;100.39237025321
-6.51142697951145 -0.5803731446670652;100.25264651950
-6.508995730847934 -0.5779125060968413;100.11401677026
-6.50658658118933 -0.5754739407519975;99.97644853821
-6.504198908516573 -0.5730568270396817;99.83991086673
-6.501832119214594 -0.5706605717496555;99.70437421303
-6.499485646288332 -0.5682846082720872;99.56981035935
-6.497158947720931 -0.5659283949567047;99.43619233108
-6.494851504959389 -0.5635914135997806;99.30349432125
-6.492562821516124 -0.5612731680470442;99.17169162093
-6.490292421676301 -0.5589731829017756;99.04076055472
-6.488039849300805 -0.5566910023286454;98.91067842115
-6.485804666716244 -0.5544261889447236;98.78142343738
-6.483586453684622 -0.5521783227899554;98.65297468781
-6.48138480644582 -0.5499470003704098;98.52531207645
-6.479199336826694 -0.5477318337679443;98.39841628245
-6.477029671410966 -0.5455324498108622;98.27226871883
-6.474875450765351 -0.543348489300446;98.14685149386
-6.472736328716887 -0.5411796062888985;98.0221473751
-6.470611971677549 -0.5390254674045332;97.89813975575
-6.468502058012501 -0.536885751220484;97.7748126231
-6.466406277448515 -0.5347601476636119;97.65215052948
-6.464324330519713 -0.532648357460477;97.53013856382
-6.462255928047382 -0.530550091617541;97.40876232659
-6.460200790651226 -0.5284650709331496;97.28800790506
-6.458158648290864 -0.5263930255388505;97.16786185049
-6.456129239833778 -0.5243336944679861;97.0483111566
-6.4541123126490305 -0.5222868252495683;96.92934323973
-6.452107622224236 -0.5202521735256735;96.81094591894
-6.450114931804752 -0.5182295026906897;96.69310739887
-6.448134012053025 -0.5162185835509501;96.57581625238
-6.446164640726734 -0.514219194003293;96.45906140460
-6.444206602375048 -0.512231118731344;96.34283211782
-6.442259688051186 -0.5102541489183319;96.22711797718
-6.4403236950404885 -0.5082880819752864;96.11190887713
-6.4383984266026575 -0.5063327212837199;95.99719500860
-6.436483691728162 -0.5043878759518111;95.88296684689
-6.4345793049065705 -0.5024533605831801;95.76921514012
-6.432685085907269 -0.5005289950576093;95.65593089833
-6.430800859570851 -0.4986146043227995;95.54310538310
-6.428926455611531 -0.4967100181966296;95.43073009773
-6.427061708428842 -0.49481507117920415;95.31879677784
-6.425206456928909 -0.4929296022741075;95.20729738250
-6.423360544354224 -0.49105345481834034;95.09622408575
-6.4215238181215835 -0.48918647632044476;94.98556926855
-6.41969612966781 -0.4873285183062471;94.8753255110
-6.41787733430278 -0.4854794361719536;94.76548558548
-6.416067291068994 -0.4836390890439847;94.6560424487
-6.414265862608038 -0.4818073396453305;94.54698923637
-6.412472915032901 -0.47998405416796247;94.43831925554
-6.41068831780585 -0.47816910215099273;94.33002597945
-6.4089119436222095 -0.4763623563643159;94.22210304137
-6.407143668298875 -0.47456369269736737;94.11454422913
-6.405383370667997 -0.47277299005274875;94.00734347978
-6.403630932475258 -0.4709901302445113;93.90049487461
-6.401886238282022 -0.4692149979007427;93.79399263422
-6.4001491753725555 -0.46744748037036477;93.68783111394
-6.398419633664406 -0.4656874676338164;93.5820047993
-6.396697505622749 -0.4639348522174814;93.4765083020
-6.394982686178378 -0.4621895291116775;93.37133635563
-6.393275072648997 -0.4604513956919727;93.26648381154
-6.391574564663594 -0.45872035164370534;93.161945635
-6.389881064090142 -0.4569962988895948;93.05771690429
-6.388194474965833 -0.45527914152016363;92.953792801
-6.38651470343038 -0.45356878572695897;92.85016861393
-6.384841657661713 -0.45186513973840603;92.74683973061
-6.383175247814387 -0.45016811375811433;92.64380163706
-6.381515385960036 -0.44847761990558055;92.54104991376
-6.37986198603054 -0.44679357215917553;92.43858023302
-6.378214963763033 -0.44511588630126403;92.3363883562
-6.376574236646993 -0.4434444798654017;92.23447013121
-6.37493972387347 -0.44177927208550916;92.13282148983
-6.373311346285998 -0.4401201838468895;92.03143844536
-6.371689026333571 -0.4384671376390829;91.93031709029
-6.370072688024909 -0.4368200575104198;91.82945359399
-6.36846225688489 -0.43517886902420594;91.72884420055
-6.366857659912136 -0.43354349921647467;91.62848522667
-6.365258825538209 -0.4319138765552591;91.52837305967
-6.363665683588369 -0.4302899309012884;91.42850415549
-6.362078165243582 -0.4286715934700384;91.32887503682
-6.36049620300396 -0.4270587967951276;91.22948229130
-6.358919730653186 -0.4254514746929606;91.13032256971
-6.357348683224551 -0.4238495622285782;91.03139258434
-6.355782996967831 -0.42225299568266766;90.9326891073
-6.3542226093173655 -0.4206617125196764;90.83420896892
-6.3526674588613625 -0.419075651357008;90.73594905629
-6.351117485311923 -0.41749475193522034;90.63790631171
-6.349572629476377 -0.41591895508920773;90.54007773128
-6.348032833229126 -0.4143482027203285;90.44246036352
-6.346498039484909 -0.41278243776944756;90.34505130800
-6.344968192172602 -0.41122160419081366;90.24784771411
-6.343443236209949 -0.40966564692682134;90.15084677971
-6.341923117479114 -0.4081145118835326;90.05404574999
-6.340407782802824 -0.40656814590697904;89.95744191625
-6.338897179921483 -0.4050264967602145;89.86103261478
-6.337391257471031 -0.40348951310108155;89.7648152257
-6.335889964961322 -0.40195714446065645;89.66878717203
-6.334393252755107 -0.4004293412223628;89.57294591845
-6.332901072047845 -0.39890605460170875;89.47728897043
-6.331413374848132 -0.3973872366266518;89.38181387325
-6.3299301139584605 -0.3958728401185407;89.28651821097
-6.328451242956944 -0.3943628186736472;89.19139960559
-6.326976716179113 -0.39285712664520644;89.0964557161
-6.325506488700702 -0.3913557191260361;89.00168423773
-6.324040516320708 -0.3898585519316249;88.90708290089
-6.322578755544861 -0.38836558158371737;88.81264947055
-6.321121163569839 -0.3868767652944037;88.71838174539
-6.319667698267624 -0.3853920609506259;88.62427755701
-6.318218318170596 -0.38391142709915965;88.53033476918
-6.3167729824568015 -0.38243482293198144;88.43655127713
-6.315331650935891 -0.3809622082720992;88.34292500685
-6.313894284035153 -0.3794935435597426;88.24945391438
-6.312460842786211 -0.3780287898389371;88.15613598515
-6.3110312888118525 -0.3765679087444707;88.06296923335
-6.309605584313439 -0.37511086248919917;87.96995170125
-6.308183692058559 -0.3736576138517228;87.87708145865
-6.306765575368902 -0.37220812616435334;87.78435660222
-6.305351198108725 -0.37076236330145784;87.691775254
-6.30394052467334 -0.36932028966807456;87.59933556564
-6.30253351997812 -0.3678818701888486;87.50703570818
-6.301130149447734 -0.36644707029726953;87.41487388120
-6.299730379005514 -0.3650158559251698;87.32284830744
-6.298334175063426 -0.3635881934925136;87.23095723328
-6.296941504511977 -0.3621640498974568;87.1391989282
-6.295552334710587 -0.3607433925066375;87.04757168442
-6.294166633478144 -0.35932618914576275;86.95607381621
-6.292784369083762 -0.35791240809037517;86.86470365966
-6.291405510237768 -0.3565020180569071;86.77345957207
-6.290030026083116 -0.35509498819394497;86.68233993163
-6.288657886186639 -0.3536912880736899;86.59134313688
-6.287289060530928 -0.3522908876836636;86.50046760641
-6.285923519506118 -0.3508937574186077;86.40971177837
-6.284561233902068 -0.3494998680725834;86.31907411011
-6.28320217490058 -0.34810919083125663;86.2285530778
-6.281846314067863 -0.3467216972643919;86.13814717604
-6.280493623347307 -0.3453373593185156;86.04785491750
-6.279144075052131 -0.3439561493097542;85.95767483256
-6.277797641858621 -0.34257803991685426;85.86760546896
-6.276454296799145 -0.3412030041743536;85.77764539146
-6.2751140132554895 -0.33983101546594446;85.68779318151
-6.273776764952489 -0.33846204751795417;85.59804743693
-6.272442525951598 -0.3370960743930189;85.50840677157
-6.2711112706446706 -0.33573307048387585;85.41886981502
-6.269782973747911 -0.33437301050730933;85.32943521231
-6.2684576102959655 -0.3330158694982409;85.24010162358
-6.26713515563618 -0.3316616228039645;85.15086772385
-6.265815585422915 -0.33031024607848125;85.06173220266
-6.264498875612042 -0.32896171527701173;84.97269376387
-6.263185002455541 -0.3276160066505805;84.88375112535
-6.2618739424962 -0.32627309674076443;84.79490301869
-6.260565672562583 -0.32493296237453584;84.70614818902
-6.259260169763789 -0.3235955806592365;84.61748539466
-6.25795741148475 -0.3222609289776497;84.52891340696
-6.256657375381242 -0.3209289849831745;84.44043100999
-6.2553600393753275 -0.3195997265951438;84.35203700036
-6.254065381650501 -0.31827313199419616;84.26373018692
-6.252773380647541 -0.3169491796177891;84.17550939061
-6.251484015059758 -0.31562784815578077;84.0873734442
-6.25019726382894 -0.3143091165461243;83.99932119205
-6.248913106140917 -0.312992963970645;83.9113514899
-6.247631521421547 -0.3116793698509157;83.823463204
-6.246352489332731 -0.310368313844213;83.73565521466
-6.245075989768327 -0.3090597758395639;83.64792640821
-6.243802002850318 -0.30775373595387223;83.56027568479
-6.24253050892511 -0.30645017452812745;83.47270195416
-6.241261488559669 -0.3051490721236922;83.3852041362
-6.239994922537928 -0.3038504095186653;83.29778116105
-6.238730791857373 -0.3025541677043284;83.21043196839
-6.2374690777252875 -0.3012603278816518;83.12315550777
-6.236209761555603 -0.2999688714578863;83.03595073819
-6.2349528249653625 -0.2986797800432079;82.94881662798
-6.23369824977154 -0.29739303544744744;82.86175215463
-6.232446017987764 -0.29610861967687296;82.77475630462
-6.2311961118211965 -0.29482651493105055;82.68782807329
-6.229948513669508 -0.29354670359974855;82.6009664646
-6.228703206117716 -0.29226916825992305;82.51417049121
-6.227460171935398 -0.290993891672747;82.42743917391
-6.226219394073588 -0.28972085678071413;82.34077154188
-6.224980855662056 -0.2884500467047811;82.25416663234
-6.22374454000653 -0.2871814447415782;82.16762349044
-6.222510430585834 -0.2859150343606736;82.08114116915
-6.221278511049333 -0.2846507992018887;81.99471872908
-6.220048765214227 -0.2833887230726552;81.9083552383
-6.21882117706296 -0.28212878994544227;81.82204977259
-6.217595730740755 -0.280870983955222;81.73580141450
-6.216372410552988 -0.2796152893969676;81.6496092540
-6.215151200962976 -0.2783616907232382;81.56347238818
-6.213932086589266 -0.27711017254177234;81.47738992072
-6.212715052203633 -0.27586071961314046;81.39136096227
-6.211500082728522 -0.2746133168484361;81.3053846300
-6.210287163234887 -0.2733679493070263;81.21946004787
-6.209076278939997 -0.2721246021943247;81.13358634587
-6.207867415205105 -0.27088326085961023;81.04776266054
-6.2066605575334775 -0.26964391079388955;80.96198813455
-6.205455691568274 -0.2684065376278031;80.87626191664
-6.20425280309039 -0.2671711271295477;80.79058316154
-6.203051878016483 -0.26593766520287226;80.70495102983
-6.2018529023969755 -0.26470613788507097;80.61936468786
-6.200655862414183 -0.2634765313450396;80.53382330764
-6.199460744380231 -0.2622488318813565;80.44832606673
-6.198267534735322 -0.2610230259204014;80.36287214817
-6.197076220045809 -0.25979910001449547;80.27746074033
-6.195886787002396 -0.25857704084009175;80.19209103689
-6.194699222418331 -0.2573568351959903;80.10676223668
-6.193513513227684 -0.2561384700015693;80.02147354359
-6.192329646483562 -0.254921932295073;79.93622416655
-6.191147609356499 -0.253707209231922;79.85101331935
-6.189967389132728 -0.2524942880830246;79.76584022059
-6.188788973212626 -0.2512831562331662;79.68070409362
-6.187612349108919 -0.25007380117937716;79.59560416641
-6.1864375044453634 -0.24886621052937188;79.51053967148
-6.1852644269549115 -0.24766037199997307;79.4255098458
-6.184093104478428 -0.2464562734155984;79.34051393084
-6.182923524963022 -0.24525390270675246;79.2555511722
-6.181755676460575 -0.244053247908537;79.17062081986
-6.18058954712647 -0.24285429715921666;79.0857221278
-6.179425125217934 -0.24165703869877486;79.00085435430
-6.178262399092754 -0.24046146086751347;78.91601676138
-6.177101357207815 -0.23926755210466322;78.83120861512
-6.175941988117885 -0.23807530094703414;78.74642918543
-6.1747842804741 -0.23688469602766515;78.66167774598
-6.173628223022742 -0.23569572607451267;78.57695357414
-6.172473804603967 -0.23450837990915627;78.49225595091
-6.1713210141504335 -0.23332264644551834;78.40758416086
-6.17016984068618 -0.23213851468861613;78.3229374920
-6.169020273325195 -0.23095597373331359;78.23831523590
-6.1678723012704335 -0.22977501276312837;78.15371668729
-6.166725913812513 -0.2285956210490118;78.06914114433
-6.16558110032842 -0.22741778794818562;77.98458790833
-6.164437850280596 -0.22624150290298525;77.90005628380
-6.163296153215596 -0.2250667554397013;77.81554557832
-6.162155998763012 -0.22389353516747657;77.73105510251
-6.161017376634435 -0.222721831777185;77.64658416994
-6.159880276622286 -0.2215516350403473;77.56213209710
-6.158744688598838 -0.2203829348080666;77.47769820332
-6.157610602515003 -0.21921572100995088;77.39328181072
-6.156478008399486 -0.218049983653099;77.30888224412
-6.1553468963576075 -0.2168857128210546;77.22449883105
-6.154217256570327 -0.21572289867280242;77.14013090159
-6.153089079293282 -0.21456153144177836;77.05577778842
-6.151962354855883 -0.21340160143488768;76.9714388266
-6.150837073660121 -0.21224309903153393;76.88711335396
-6.149713226179876 -0.21108601468267363;76.80280071023
-6.148590802959775 -0.2099303389098833;76.71850023778
-6.147469794614426 -0.20877606230442136;76.63421128118
-6.1463501918273895 -0.20762317552632736;76.5499331872
-6.14523198535036 -0.20647166930352795;76.4656653047
-6.144115166002245 -0.2053215344309445;76.38140698501
-6.142999724668294 -0.20417276176962465;76.2971575809
-6.141885652299226 -0.20302534224588;76.21291644776
-6.140772939910424 -0.20187926685044477;76.12868294250
-6.139661578581053 -0.20073452663763508;76.04445642413
-6.138551559453351 -0.19959111272452879;75.96023625351
-6.137442873731637 -0.19844901629014816;75.87602179326
-6.136335512681598 -0.19730822857465763;75.79181240778
-6.135229467629564 -0.19616874087858124;75.70760746315
-6.134124729961645 -0.1950305445620272;75.62340632714
-6.133021291122938 -0.19389363104389754;75.53920836911
-6.131919142616916 -0.1927579918011488;75.45501295997
-6.130818276004468 -0.19162361836803965;75.37081947217
-6.129718682903402 -0.19049050233539236;75.2866272796
-6.128620354987469 -0.18935863534986078;75.20243575761
-6.1275232839858775 -0.188228009113214;75.11824428287
-6.126427461682347 -0.18709861538162625;75.03405223342
-6.125332879914706 -0.18597044596498688;74.94985898857
-6.124239530573873 -0.1848434927261873;74.86566392886
-6.123147405603413 -0.18371774758046155;74.78146643603
-6.122056496998791 -0.18259320249470581;74.69726589297
-6.120966796806696 -0.18146984948680328;74.61306168367
-6.119878297124376 -0.18034768062498271;74.52885319319
-6.118790990099035 -0.1792266880271654;74.44463980757
-6.117704867927171 -0.17810686386032162;74.36042091388
-6.1166199228539115 -0.17698820033984372;74.27619590007
-6.115536147172486 -0.17587068972892386;74.19196415501
-6.114453533223471 -0.1747543243379314;74.10772506839
-6.11337207339429 -0.17363909652380877;74.02347803072
-6.112291760118649 -0.17252499868947171;73.93922243325
-6.111212585875776 -0.17141202328320876;73.85495766797
-6.110134543189968 -0.17030016279810123;73.77068312754
-6.109057624630044 -0.1691894097714447;73.68639820524
-6.107981822808651 -0.16807975678416723;73.60210229495
-6.106907130381744 -0.16697119646027234;73.5177947911
-6.1058335400481 -0.1658637214662715;73.4334750886
-6.104761044548666 -0.16475732451064565;73.34914258307
-6.103689636666097 -0.1636519983432775;73.26479667012
-6.102619309224132 -0.16254773575492457;73.18043674606
-6.101550055087149 -0.16144452957669006;73.0960622075
-6.100481867159554 -0.16034237267947904;73.01167245131
-6.099414738385355 -0.15924125797349395;72.92726687466
-6.098348661747509 -0.1581411784076989;72.8428448749
-6.097283630267616 -0.15704212696932557;72.75840584975
-6.096219637005213 -0.15594409668336123;72.67394919680
-6.0951566750573525 -0.15484708061204647;72.58947431394
-6.094094737558203 -0.15375107185439113;72.50498059908
-6.093033817678347 -0.15265606354566802;72.42046745016
-6.091973908624543 -0.151562048856952;72.33593426512
-6.090915003639073 -0.15046902099461837;72.251380441
-6.089857095999335 -0.1493769731998889;72.1668053781
-6.0888001790173885 -0.14828589874834613;72.08220847166
-6.087744246039519 -0.14719579094948568;71.99758911995
-6.086689290445655 -0.14610664314624172;71.91294672029
-6.085635305649016 -0.1450184487145412;71.82828066976
-6.084582285095669 -0.14393120106285553;71.7435903651
-6.083530222264044 -0.1428448936317497;71.65887520289
-6.082479110664503 -0.14175951989343777;71.57413457912
-6.081428943838939 -0.14067507335135998;71.48936788954
-6.080379715360324 -0.1395915475397373;71.40457452941
-6.07933141883221 -0.13850893602314313;71.319753893
-6.078284047888464 -0.13742723239608756;71.23490537617
-6.077237596192717 -0.13634643028258792;71.15002837106
-6.076192057437944 -0.13526652333575384;71.06512227135
-6.075147425346211 -0.1341875052373805;70.98018646952
-6.074103693668019 -0.13310936969752787;70.89522035741
-6.07306085618213 -0.13203211045412772;70.81022332615
-6.07201890669505 -0.13095572127256982;70.72519476611
-6.070977839040648 -0.12988019594531372;70.64013406688
-6.069937647079795 -0.1288055282914841;70.55504061722
-6.068898324699928 -0.12773171215648702;70.4699138050
-6.067859865814688 -0.12665874141161218;70.38475301727
-6.066822264363537 -0.125586609953662;70.29955764003
-6.065785514311392 -0.12451531170454978;70.21432705834
-6.064749609648207 -0.1234448406109416;70.12906065625
-6.0637145443886284 -0.122375190643863;70.04375781674
-6.062680312571617 -0.12130635579833224;69.95841792166
-6.061646908260092 -0.12023833009299027;69.87304035176
-6.060614325540554 -0.11917110756973792;69.78762448657
-6.059582558522716 -0.11810468229335924;69.70216970442
-6.058551601339121 -0.11703904835117104;69.61667538236
-6.057521448144918 -0.11597419985265435;69.53114089614
-6.056492093117287 -0.11491013092910556;69.44556562018
-6.055463530455272 -0.1138468357332716;69.35994892749
-6.054435754379355 -0.11278430843901316;69.27429018967
-6.053408759131097 -0.11172254324094134;69.18858877685
-6.052382538972814 -0.11066153435406985;69.10284405764
-6.0513570881872845 -0.10960127601348234;69.01705539911
-6.050332401077286 -0.1085417624739796;68.93122216673
-6.049308471965389 -0.10748298800974211;68.84534372435
-6.048285295193556 -0.1064249469139889;68.75941943412
-6.047262865122792 -0.10536763349864135;68.67344865649
-6.046241176132791 -0.10431104209398753;68.58743075014
-6.045220222621758 -0.10325516704835741;68.50136507195
-6.044199999005879 -0.1022000027277802;68.41525097694
-6.043180499719141 -0.10114554351566475;68.32908781825
-6.042161719212942 -0.10009178381246225;68.24287494710
-6.041143651955767 -0.09903871803535179;68.15661171269
-6.040126292432908 -0.09798634061791016;68.07029746223
-6.03910963514607 -0.09693464600978839;67.98393154085
-6.038093674613111 -0.09588362867638876;67.89751329159
-6.037078405367756 -0.09483328309855447;67.81104205529
-6.036063821959202 -0.09378360377224361;67.72451717063
-6.035049918951868 -0.09273458520821176;67.63793797401
-6.034036690925042 -0.09168622193170518;67.55130379956
-6.033024132472594 -0.09063850848213627;67.46461397905
-6.03201223820263 -0.08959143941277574;67.37786784188
-6.031001002737277 -0.08854500929044318;67.29106471500
-6.029990420712265 -0.08749921269519208;67.20420392288
-6.028980486776639 -0.08645404421999744;67.11728478749
-6.027971195592563 -0.08540949847046173;67.03030662817
-6.026962541834856 -0.08436557006448744;66.94326876167
-6.02595452019081 -0.08332225363198811;66.85617050206
-6.024947125359863 -0.08227954381456978;66.76901116067
-6.023940352053211 -0.08123743526523103;66.68179004608
-6.02293419499364 -0.0801959226480614;66.59450646402
-6.021928648915159 -0.07915500063793052;66.50715971736
-6.020923708562664 -0.07811466392019738;66.4197491060
-6.019919368691742 -0.0770749071903946;66.33227392701
-6.018915624068244 -0.07603572515393292;66.2447334742
-6.01791246946813 -0.07499711252580417;66.15712703848
-6.016909899676991 -0.07395906403026922;66.06945390754
-6.0159079094899885 -0.07292157440057184;65.98171336590
-6.014906493711346 -0.07188463837862971;65.8939046948
-6.013905647154167 -0.07084825071473388;65.80602717233
-6.01290536464012 -0.06981240616725658;65.71808007300
-6.0119056409991 -0.06877709950234405;65.63006266807
-6.010906471069025 -0.06774232549362753;65.54197422529
-6.00990784969543 -0.0667080789219155;65.45381400887
-6.008909771731256 -0.06567435457489629;65.3655812794
-6.007912232036544 -0.06464114724684134;65.27727529410
-6.006915225478067 -0.06360845173830727;65.18889530606
-6.005918746929178 -0.06257626285583481;65.10044056491
-6.004922791269365 -0.06154457541165417;65.0119103163
-6.003927353384046 -0.060513384223376016;64.9233038023
-6.002932428164263 -0.059482684113706;64.83462026075
-6.001938010506354 -0.05845246991013162;64.74585892548
-6.000944095311688 -0.05742273644463271;64.65701902640
-5.999950677486384 -0.05639347855337565;64.56809978927
-5.998957751940953 -0.05536469107640672;64.47910043561
-5.997965313590098 -0.054336368857367055;64.39002018273
-5.99697335735232 -0.05330850674317642;64.30085824359
-5.99598187814967 -0.05228109958373133;64.21161382677
-5.994990870907433 -0.05125414223160967;64.12228613641
-5.994000330553877 -0.0502276295417651;64.03287437210
-5.993010252019886 -0.04920155637121324;63.94337772887
-5.992020630238676 -0.0481759175787339;63.853795397068
-5.9910314601455585 -0.047150708024567854;63.76412656231
-5.990042736677551 -0.04612592257009997;63.6743704054
-5.989054454773148 -0.045101556077559286;63.58452610238
-5.988066609371946 -0.04407760340970003;63.49459282415
-5.987079195414383 -0.043054059429504174;63.40456973671
-5.986092207841447 -0.04203091899985673;63.31445600095
-5.985105641594349 -0.04100817698324274;63.2242507725
-5.9841194916141855 -0.03998582824142442;63.13395320204
-5.983133752841701 -0.03896386763513002;63.043562434479
-5.982148420216887 -0.03794229002373846;62.95307760960
-5.981163488678742 -0.03692109026495749;62.86249786166
-5.980178953164952 -0.03590026321450512;62.77182231930
-5.979194808611526 -0.03487980372578727;62.681050105565
-5.978211049952528 -0.03385970664957171;62.590180337715
-5.977227672119748 -0.032839966833670006;62.4992121272
-5.976244670042355 -0.03182057912260225;62.40814457964
-5.97526203864661 -0.030801538357272718;62.31697679455
-5.974279772855553 -0.029782839374641962;62.22570786544
-5.973297867588592 -0.028764477007384638;62.13433687962
-5.972316317761316 -0.027746446083566478;62.04286291817
-5.971335118285031 -0.02672874142629901;61.95128505579
-5.970354264066517 -0.025711357853401853;61.85960236077
-5.969373750007643 -0.02469429017705915;61.76781389482
-5.968393571005064 -0.02367753320348091;61.67591871305
-5.967413721949846 -0.022661081732554177;61.58391586382
-5.966434197727177 -0.021644930557493027;61.491804388686
-5.965454993215985 -0.02062907446448571;61.399583322236
-5.964476103288606 -0.019613508232346956;61.3072516920
-5.963497522810428 -0.018598226632152482;61.21480851858
-5.962519246639554 -0.01758322442688594;61.12225281503
-5.961541269626425 -0.016568496371070926;61.02958358726
-5.960563586613479 -0.015554037210406687;60.93679983367
-5.959586192434805 -0.014539841681400595;60.843900545107
-5.958609081915756 -0.013525904510998268;60.75088470474
-5.957632249872603 -0.012512220416201002;60.65775128796
-5.956655691112129 -0.0114987841036951;60.56449926225
-5.955679400431309 -0.010485590269461706;60.471127587084
-5.954703372616891 -0.009472633598395185;60.3776352137
-5.953727602445054 -0.008459908763917058;60.28402108543
-5.952752084680987 -0.007447410427576033;60.19028413673
-5.951776814078521 -0.006435133238653399;60.096423293895
-5.950801785379741 -0.0054230718337642675;60.0024374744
-5.949826993314602 -0.004411220836449625;59.90832558731
-5.948852432600483 -0.0033995748567662476;59.814086532
-5.94787809794185 -0.0023881284908754017;59.71971920044
-5.946903984029808 -0.0013768763206270067;59.62522247344
-5.94593008554171 -0.00036581291313169013;59.53059522379
-5.944956397140693 0.0006450671796654076;59.435836314570
-5.943982913475346 0.0016557694214132926;59.34094459925
-5.943009629179202 0.0026662992917954797;59.24591892162
-5.942036538870362 0.003676662286967433;59.15075811562
-5.941063637151027 0.004686863920007124;59.05546100517
-5.940090918607093 0.005696909721364954;58.960026404037
-5.939118377807673 0.00670680523932226;58.86445311568
-5.93814600930465 0.007716556040458199;58.76873993313
-5.937173807632249 0.008726167710109731;58.672885638749
-5.936201767306536 0.009735645852853206;58.57688900414
-5.93522988282502 0.010744996092982089;58.48074878996
-5.934258148666092 0.011754224074994175;58.38446374575
-5.933286559288605 0.012763335464082225;58.288032609788
-5.932315109131382 0.013772335946634587;58.19145410886
-5.931343792612705 0.014781231230741406;58.09472695814
-5.930372604129841 0.015790027046705447;57.99784986102
-5.929401538058511 0.016798729147562346;57.90082150885
-5.92843058875243 0.01780734330960513;57.80364058083
-5.927459750542719 0.018815875332918605;57.70630574381
-5.9264890177374365 0.01982433104192178;57.60881565205
-5.925518384621034 0.020832716285912326;57.511168947084
-5.924547845453806 0.02184103693962531;57.41336425747
-5.923577394471335 0.02284929890379521;57.31540019863
-5.92260702588395 0.023857508105730924;57.21727537262
-5.921636733876187 0.02486567049989123;57.118988367921
-5.920666512606162 0.02587379206847851;57.02053775922
-5.919696356205029 0.026881878822036596;56.92192210723
-5.918726258776427 0.027889936800050866;56.82313995840
-5.9177562143958 0.028897972071566774;56.72418984476
-5.916786217109834 0.029905990735823118;56.62507028362
-5.9158162609358875 0.03091399892287231;56.52577977739
-5.9148463398612545 0.031922002794237715;56.42631681334
-5.913876447842644 0.03293000854355828;56.32667986330
-5.912906578805485 0.033938022397263144;56.2268673834
-5.911936726643254 0.03494605061523797;56.12687781412
-5.910966885216858 0.035954099491515804;56.026709579399
-5.90999704835392 0.03696217535497603;55.926361086981
-5.909027209848109 0.03797028457004957;55.82583072786
-5.90805736345842 0.038978433537444436;55.72511687606
-5.907087502908514 0.03998662869487212;55.62421788834
-5.906117621885922 0.040994876517796944;55.523132103942
-5.905147714041411 0.04200318352019277;55.42185784423
-5.904177772988143 0.04301155625531008;55.3203934125
-5.903207792300963 0.04402000131646407;55.218737093579
-5.902237765515619 0.04502852533783002;55.11688715355
-5.901267686127999 0.04603713499525109;55.0148418394
-5.900297547593282 0.04704583700707007;54.912599378955
-5.8993273433251465 0.04805463813496647;54.810157979993
-5.898357066694993 0.049063545184804276;54.707515830474
-5.897386711031028 0.05007256500751412;54.604671097915
-5.896416269617439 0.051081704499971174;54.501621929093
-5.895445735693541 0.05209097060589806;54.3983664496
-5.894475102452817 0.05310037031678845;54.294902763928
-5.8935043630421315 0.05410991067283375;54.191228954194
-5.892533510560683 0.05511959876388518;54.087343080662
-5.891562538059147 0.05612944173041885;53.983243180900
-5.890591438538689 0.05713944676452594;53.878927269475
-5.8896202049499955 0.058149621110923554;53.77439333754
-5.888648830192285 0.05915997206798197;53.66963935245
-5.887677307112243 0.06017050698876847;53.56466325728
-5.886705628503102 0.06118123328211579;53.45946297043
-5.885733787103463 0.06219215841371234;53.354036385205
-5.884761775596313 0.06320328990721354;53.248381369288
-5.883789586607885 0.06421463534536995;53.142495764352
-5.8828172127065494 0.06522620237118475;53.036377385543
-5.881844646401647 0.06623799868908901;52.93002402101
-5.880871880142424 0.06725003206614433;52.82343343140
-5.879898906316725 0.06826231033327423;52.716603349388
-5.87892571724987 0.06927484138650573;52.60953147907
-5.877952305203366 0.07028763318825576;52.502215495552
-5.876978662373671 0.07130069376862946;52.394653044297
-5.876004780890893 0.0723140312267522;52.286841740645
-5.875030652817512 0.07332765373213002;52.17877916920
-5.874056270147 0.07434156952603638;52.07046288329
-5.8730816248024516 0.07535578692293263;51.961890404321
-5.872106708635194 0.07637031431191245;51.85305922119
-5.871131513423357 0.07738516015818217;51.743966789674
-5.870156030870406 0.07840033300457462;51.63461053177
-5.869180252603678 0.07941584147309055;51.52498783504
-5.8682041701728025 0.08043169426648365;51.41509605197
-5.867227775048167 0.08144790016986621;51.30493249923
-5.866251058619337 0.0824644680523662;51.19449445701
-5.865274012193396 0.08348140686881121;51.08377916827
-5.864296626993335 0.08449872566145014;50.972783838032
-5.8633188941562535 0.08551643356173061;50.86150563258
-5.862340804731683 0.08653453979208921;50.74994167874
-5.861362349679781 0.08755305366780868;50.63808906300
-5.8603835198695196 0.08857198459890112;50.52594483077
-5.859404306076785 0.08959134209204996;50.41350598549
-5.858424698982481 0.09061113575258155;50.30076948780
-5.8574446891705865 0.09163137528649519;50.187732254642
-5.856464267126115 0.09265207050253862;50.07439115835
-5.855483423233112 0.09367323131433208;49.960743025738
-5.854502147772484 0.09469486774254317;49.84678463712
-5.853520430919906 0.0957169899171191;49.73251272535
-5.852538262743566 0.09673960807956707;49.61792397482
-5.851555633201944 0.09776273258529398;49.50301502039
-5.850572532141465 0.09878637390600738;49.38778244638
-5.849588949294148 0.09981054263216889;49.27222278542
-5.848604874275118 0.10083524947551854;49.15633251739
-5.847620296580195 0.1018605052716521;49.0401080682
-5.846635205583297 0.1028863209826742;48.92354580875
-5.845649590533758 0.10391270769991476;48.80664205348
-5.8446634405536955 0.10493967664671523;48.68939305932
-5.843676744635255 0.10596723918128864;48.571795024357
-5.842689491637738 0.1069954067996492;48.45384408644
-5.841701670284713 0.10802419113862932;48.33553632193
-5.840713269161004 0.10905360397896986;48.216867744216
-5.8397242767096635 0.11008365724848909;48.09783430231
-5.8387346812287895 0.11111436302534457;47.978431879383
-5.837744470868306 0.11214573354138031;47.8586562912
-5.836753633626634 0.11317778118556268;47.73850328460
-5.835762157347303 0.11421051850751288;47.6179685358
-5.834770029715386 0.11524395822113691;47.49704764896
-5.833777238253949 0.1162781132083553;47.37573615405
-5.832783770320346 0.1173129965229379;47.254029505495
-5.831789613102344 0.11834862139444534;47.131923080151
-5.830794753614296 0.11938500123228278;47.009412175488
-5.829799178693046 0.12042214962987359;46.88649200763
-5.828802874993809 0.12146008036894383;46.763157709413
-5.827805828985921 0.12249880742393858;46.63940432824
-5.826808026948371 0.12353834496656711;46.51522682408
-5.825809454965384 0.12457870737047544;46.39062006718
-5.824810098921719 0.12561990921606098;46.26557883587
-5.823809944497873 0.12666196529543428;46.140097814217
-5.822808977165152 0.12770489061751894;46.01417158960
-5.821807182180603 0.12874870041331896;45.88779465028
-5.820804544581745 0.12979341014133544;45.76096138280
-5.819801049181208 0.13083903549315604;45.63366606933
-5.818796680561131 0.1318855923992122;45.50590288497
-5.81779142306744 0.13293309703472164;45.37766589488
-5.81678526080392 0.1339815658258092;45.24894905139
-5.815778177626154 0.13503101545582893;45.11974619097
-5.8147701571351025 0.13608146287188277;44.990051031103
-5.813761182670754 0.13713292529154597;44.85985716702
-5.812751237305309 0.13818542020981844;44.72915806844
-5.811740303836284 0.1392389654062922;44.59794707600
-5.810728364779358 0.14029357895256164;44.46621739776
-5.80971540236095 0.14134927921987406;44.33396210544
-5.80870139851061 0.14240608488703657;44.20117413059
-5.807686334853092 0.14346401494859115;44.067846260624
-5.806670192700207 0.14452308872325945;43.93397113464
-5.805652953042385 0.1455833258626859;43.79954123920
-5.804634596539915 0.14664474636047087;43.664548903860
-5.803615103513931 0.14770737056152533;43.52898629656
-5.802594453937041 0.1487712191717469;43.39284541889
-5.801572627423669 0.14983631326803953;43.2561181010
-5.800549603219986 0.15090267430869012;43.11879599682
-5.799525360193558 0.1519703241441137;42.98087057808
-5.798499876822583 0.15303928502798994;42.84233312938
-5.797473131184716 0.15410957962880345;42.703174742100
-5.796445100945531 0.15518123104180892;42.563386308455
-5.795415763346503 0.15625426280143828;42.42295851529
-5.794385095192574 0.15732869889417664;42.28188183757
-5.793353072839274 0.15840456377191423;42.140146531650
-5.792319672179272 0.15948188236581753;41.99774262820
-5.791284868628488 0.16056068010072527;41.85465992498
-5.790248637111633 0.16164098291010132;41.71088797911
-5.789210952047206 0.1627228172515787;41.56641609922
-5.788171787331842 0.16380621012310875;41.42123333713
-5.787131116324107 0.16489118907975786;41.27532847923
-5.786088911827614 0.16597778225117654;41.12869003750
-5.785045146073473 0.16706601835977675;40.98130624006
-5.783999790701936 0.16815592673965551;40.833165021428
-5.782952816743428 0.1692475373562935;40.6842540122
-5.781904194598666 0.17034088082708398;40.53456052854
-5.7808538940180005 0.17143598844271812;40.38407156066
-5.7798018840798635 0.17253289218948684;40.23277376144
-5.778748133168279 0.1736316247725334;40.08065343404
-5.777692608949435 0.174732219640119;39.927696519134
-5.776635278347152 0.17583471100894899;39.773888581475
-5.775576107517392 0.17693913389062071;39.61921479588
-5.774515061821486 0.17804552411925514;39.46365993250
-5.773452105798254 0.17915391838037184;39.307208341
-5.77238720313481 0.18026435424108891;39.14984393626
-5.771320316636036 0.18137687018170567;38.99155017760
-5.7702514081926255 0.1824915056287693;38.83231005471
-5.769180438747596 0.18360830098969422;38.672106067020
-5.768107368261255 0.18472729768902418;38.51092020435
-5.7670321556744515 0.18584853820645336;38.34873392621
-5.76595475887003 0.18697206611669098;38.18552813994
-5.764875134632388 0.18809792613129012;38.021283177782
-5.763793238605076 0.1892261641425618;37.855978772623
-5.762709025246133 0.1903568272697026;37.68959403253
-5.761622447781299 0.19148996390726994;37.52210741384
-5.760533458154686 0.19262562377616105;37.353496692701
-5.759442006976946 0.19376385797725307;37.18373893510
-5.758348043470704 0.1949047190478733;37.01281046520
-5.7572515154129755 0.1960482610212949;36.840686831716
-5.7561523690746235 0.19719453948944798;36.66734277250
-5.755050549156376 0.1983436116690724;36.492752176979
-5.753945998721302 0.1994955364715403;36.3168880462
-5.752838659123563 0.20065037457660803;36.13972245089
-5.751728469933044 0.201808188510365;35.96122648620
-5.75061536885562 0.20296904272768576;35.781370224493
-5.749499291648828 0.204133003699504;35.6001226645
-5.748380172032453 0.2053001400052564;35.417451677641
-5.747257941593834 0.20647052243088793;35.23332395053
-5.746132529687306 0.20764422407282684;35.04770492405
-5.745003863327497 0.2088213204483852;34.8605587281
-5.74387186707588 0.21000188961307864;34.671848112099
-5.742736462920174 0.2111860122854123;34.481534370608
-5.741597570145923 0.2123737719797169;34.28957726390
-5.74045510519961 0.21356525514768765;34.09593493282
-5.739308981542772 0.21476055132933422;33.900563807617
-5.738159109496202 0.21595975331412853;33.703418510033
-5.73700539607347 0.2171629573132016;33.50445174829
-5.735847744802828 0.2183702631435455;33.30361420406
-5.734686055536532 0.21958177442525498;33.10085441089
-5.7335202242464485 0.22079759879296992;32.896118623110
-5.732350142804614 0.2220178481227937;32.689350674409
-5.731175698747569 0.22324263877609765;32.480491825106
-5.729996775022803 0.22447209186179498;32.26948059685
-5.728813249715609 0.22570633351882027;32.05625259363
-5.727624995754609 0.2269454952207702;31.84074030755
-5.72643188059366 0.22818971410487862;31.62287290792
-5.725233765867943 0.22943913332775961;31.402576011773
-5.724030507021527 0.23069390245064417;31.179771433773
-5.7228219529033915 0.2319541778571763;30.954376913358
-5.721607945328749 0.23322012320721477;30.72630581639
-5.720388318601682 0.2344919099305308;30.49546680846
-5.719162898995042 0.23576971776480127;30.261763496495
-5.717931504182669 0.2370537353428825;30.025094034783
-5.716693942618439 0.23834416083503354;29.785350691176
-5.71545001285606 0.2396412026525379;29.54241936832
-5.714199502802267 0.24094508022011196;29.296179074236
-5.7129421888953855 0.2422560248255356;29.046501335495
-5.711677835199877 0.24357428055623243;28.79324954538
-5.710406192405956 0.24490010533398235;28.53627823795
-5.709126996721848 0.24623377206072034;28.275432277576
-5.707839968644095 0.24757556989044366;28.01054595170
-5.706544811589103 0.24892580564472458;27.741441952468
-5.705241210365981 0.2502848053922877;27.467930230059
-5.703928829467668 0.2516529162166409;27.189806697875
-5.702607311152878 0.25303050820006545;26.906851765368
-5.701276273286522 0.25441797665742766;26.61882867003
-5.699935306900184 0.2558157446596232;26.325481574128
-5.6985839734265875 0.25722426589421665;26.026533384521
-5.697221801552998 0.25864402792038266;25.721683245330
-5.695848283626724 0.26007555588712034;25.41060364161
-5.694462871531922 0.26151941679848484;25.09293703848
-5.693064971938694 0.26297622442818225;24.76829196181
-5.691653940802957 0.2644466450093855;24.436238403975
-5.690229076966307 0.2659314038556664;24.09630240795
-5.6887896146679395 0.26743129310755254;23.747959644385
-5.6873347147323265 0.2689471808493715;23.390627744965
-5.685863454132497 0.2704800219067782;23.023657087177
-5.684374813545144 0.27203087072241505;22.646319633623
-5.682867662400629 0.2736008968237729;22.25779530394
-5.681340740778766 0.2751914035553976;21.85715518451
-5.679792637290913 0.2768038509647711;21.4433406389
-5.678221761797284 0.27843988403386416;21.015137038286
-5.676626311393805 0.2801013678768808;20.57114033137
-5.6750042275073165 0.28179043214208466;20.10971394124
-5.673353141062164 0.28350952776221855;19.62893236734
-5.671670301368162 0.2852615005582689;19.126506168384
-5.669952482362221 0.2870496882914675;18.599680302876
-5.668195856651487 0.28887805105793074;18.045093408235
-5.666395822623054 0.29075135029096333;17.458578186354
-5.664546761149554 0.29267540069031456;16.834870069166
-5.662641683083894 0.2946574352963674;16.16716749577
-5.660671700496496 0.29670665321068895;15.446440967570
-5.6586251995620875 0.29883507656179364;14.660292665679
-5.656486478030185 0.30105896261680576;13.790954964111
-5.654233348528388 0.30340128860154986;12.81148766121
-5.65183254394871 0.3058965175543884;11.677738631491
-5.649229802460502 0.30860088976494426;10.308537582660
-5.6463243852036555 0.3116188995164079;8.523448968574
-5.642881461538413 0.31519449225504775;5.723905361021
-5.637961971643659 0.32030736036872287;4.984479042219
-5.643315442698686 0.31484040235458416;6.068257296899
-5.639053811908066 0.319245200633635;3.5875080181126
-5.64569837069278 0.31254222618607136;7.915566099566
-5.642741822099702 0.3155814943407749;5.357571422535
-5.638500297340648 0.3199537660730974;4.545736765694
-5.643289686964051 0.3151101488702402;5.837560578884
-5.639644205754479 0.3188542134359059;2.869104860198
-5.6464595054439055 0.31207282808920384;8.260725543292
-5.644126711887226 0.31446054662465434;6.447554964715
-5.641179088130219 0.31748283806581795;2.7752122274618
-5.634762790555674 0.3241868165535533;8.21757401060
-5.636879387263336 0.3220493218682958;6.605056053485
-5.639485281760576 0.3194238281970694;3.7663538160126
-5.6439152752954955 0.3150076783176568;5.985040485755
-5.6411666519993515 0.3178053078744285;2.098592182301
-5.633934811835175 0.3254597590641364;9.01447133099
-5.635570333200353 0.32382972419484796;7.938702491747
-5.637418008633201 0.32199010941333006;6.513008613280
-5.639653463406416 0.3197686436154362;4.180911457667
-5.643075325379015 0.3163925839787583;4.571711581364
-5.63999003033677 0.3195071469943675;3.8016202850947
-5.643608720654066 0.31594491915140444;5.101502986192
-5.640943770174421 0.318630379790393;2.1121978418388
-5.646985966264354 0.31283856209289623;7.819096318416
-5.645373078800794 0.3144640121337624;6.553814969292
-5.643459090602684 0.3163962508031823;4.615276543755
-5.640766876461265 0.31912901245959313;3.1201210793009
-5.644643953369285 0.3153175786359203;5.7902699856642
-5.642574788786509 0.3174106298068152;3.1674703190067
-5.638854212483942 0.3212343282348451;5.759868920906
-5.640864615050627 0.3192291115803235;3.26162728749
-5.6443543076315725 0.3157951344722736;5.327703529552
-5.6422367832896905 0.31793802984411185;2.0692363965202
-5.636956615629063 0.3235335129178661;7.646731151987
-5.638347221708909 0.32215047019972365;6.555817595162
-5.639963503822073 0.3205454424531544;4.996941872171
-5.642071570214265 0.3184599996993455;1.1849979854977
-5.650005848504824 0.311334360346278;8.926799179472
-5.6489650575944905 0.31240206329329984;8.232526728657
-5.6478386297780405 0.31355826062788655;7.407319039110
-5.646589462282016 0.31484150421579843;6.366683114964
-5.6451400318259894 0.31633266835452434;4.884407443646
-5.643257912132191 0.31827644601672406;1.4116047438409
-5.6369815217654615 0.3255802656022669;8.889340351306
-5.637934602330609 0.32463454724979557;8.272521824988
-5.638957370957117 0.32362025133337863;7.554834706434
-5.640075531335448 0.32251221461246476;6.68264633050
-5.6413371511151835 0.3212635276021231;5.5360169435673
-5.6428559139881 0.31976389177652836;3.7118995562603
-5.645107782545564 0.3175594304656379;3.37969685044
-5.642645739844131 0.32005825600025806;4.12247847707
-5.644636533377488 0.318103632628672;2.31419960162
-5.641111887924349 0.32177033559614376;6.000855263724
-5.642442141128575 0.320457314217903;4.610610785445
-5.644167772949116 0.31876131500220634;1.4400414415115
-5.6494634739988685 0.3139348970041329;7.275018648343
-5.6484267838519795 0.3149771425936875;6.423256112205
-5.647254497143351 0.3161573231513522;5.294727702310
-5.645835043171988 0.31759031584209263;3.455604815741
-5.6436657690548495 0.3198055321696878;3.643423119680
-5.645697238492055 0.31780415128019734;3.101028607255
-5.6433160495740475 0.3202474370456887;4.259342796417
-5.645025830673855 0.3185561892643423;1.077846727129
-5.638414566369598 0.32787073150057794;10.020360452695
-5.6390800235819185 0.3272665011585394;9.673908278678
-5.639768916786857 0.3266410718539047;9.301646114116
-5.640484938549179 0.32599111296803873;8.89820386474
-5.641232925441929 0.3253122654766712;8.456183159517
-5.642019437496958 0.32459862293740177;7.964936764168
-5.642853784562347 0.32384181378556404;7.408234011156
-5.643750012378832 0.3230292295611601;6.759281030978
-5.644731245904355 0.32214016246890775;5.968292415173
-5.645841085533966 0.32113571918999273;4.922582026524
-5.647184305656045 0.31992310572030574;3.2313172023889
-5.649222523596596 0.31810238851190525;3.2602805351649
-5.647205363565967 0.31998532719353445;3.3238373992241
-5.649159375730884 0.3182339707627557;3.0369107536156
-5.647022247932383 0.32024070924447706;3.720629936673
-5.6487435604746965 0.3186888252245102;2.02899209220
-5.645581343312296 0.32177654118237803;5.566816896491
-5.646705886262698 0.3207523192184396;4.4017958507168
-5.64812551331545 0.3194642577294706;2.167288006866
-5.650984373625611 0.3169485797741065;4.92986318285
-5.649735515025663 0.3181091403324415;3.338913946920
-5.647892375832883 0.3198437968410995;2.970830337640
-5.649939643837226 0.3180005837527006;3.532907483440
-5.648220927984482 0.3196174477374687;2.4796032248743
-5.6506401227668315 0.3174559649304063;4.334615876006
-5.64926222998991 0.3187468117850875;2.0305293876894
-5.64631547547631 0.3216530765273225;5.376727298707
-5.6474017247731085 0.3206542763455692;4.19420536794
-5.648792108948373 0.3193815801810843;1.7554036640005
-5.652074567400215 0.31652227338638605;5.463069430840
-5.651028337302711 0.31750364818546967;4.330172005428
-5.649709048723542 0.31874759711696143;2.1518819914742
-5.6470473708891005 0.32136882797502997;5.020866047338
-5.648163561044332 0.3203371359946647;3.676175617110
-5.6496855323344635 0.31894023392829557;1.6222121564895
-5.6462096327875075 0.32254777254080674;6.1680300189273
-5.647093056817597 0.3217294057288382;5.365939994250
-5.648107696903448 0.32079113041420115;4.262434489857
-5.649383569626266 0.3196162169906187;2.1902940508601
-5.651853686208665 0.31740894038055895;4.544104222874
-5.650669116582144 0.31852770088659516;2.823625975375
-5.648759606676323 0.32036723087075847;3.624545677414
-5.650227540138683 0.3190170921045994;1.5719624733480
-5.6468087586760465 0.32260548639139963;6.159899151873
-5.647650577898318 0.32182405256285834;5.395609127416
-5.648610981862681 0.320934034868353;4.363206731294
-5.649797573196195 0.31983856134643557;2.5662686910436
-5.651809592118834 0.3180178403463831;3.800710017038
-5.650453935898773 0.3193062087201943;0.5904132154716
-5.658092237578031 0.3139562842981991;7.907129010733
-5.657514208007652 0.3145320516681827;7.488301263812
-5.656904078541637 0.31514010939083636;7.018764748628
-5.6562533741321905 0.31578903852858886;6.480038894985
-5.655548815604795 0.3164923205603716;5.839998226350
-5.654767251904168 0.3172735534654451;5.033816308828
-5.653860564539544 0.3181821182263267;3.8895953054754
-5.652686196465611 0.31936655854857615;1.3164767065786
-5.649159838113829 0.3235764191727226;6.71160438708
-5.649819863052974 0.32292998454920696;6.147057895752
-5.650540276832525 0.32222511971220585;5.464809484913
-5.651350358646441 0.32143380214522604;4.578013355407
-5.652317021479609 0.3204925238024381;3.2146701215239
-5.653692966631575 0.31916673469936246;2.2245337019982
-5.651688503678583 0.3212418839430809;4.316719028125
-5.652701852408649 0.32025665496806854;2.7384175928304
-5.654298095196771 0.3187305558656284;3.17445307115
-5.6529191440639455 0.3201197142394993;2.419950865813
-5.6547113644016145 0.3184186159916025;3.7026743272162
-5.653541663097538 0.31958986156321045;0.6390466565237
-5.646410129609696 0.31785244724431;3.153240504096
-5.6451648573426505 0.31922950501248093;2.3901253195148
-5.646794184236266 0.31753561962700577;3.686643316737
-5.645738953079306 0.3186937410048745;0.7502409782020
-5.640271018452041 0.3186869826757941;2.410897566277
-5.641790028110979 0.31701874694783283;3.6201730255
-5.640778969446088 0.31819080029394037;0.3067741338417
-5.649687018322539 0.31225537108675544;8.37072533368
-5.649317424272799 0.3127191949148158;8.061410970299
-5.648933680384937 0.31320085704573797;7.727038634209
-5.648533356731063 0.31370343665752654;7.361884815248
-5.648113193382917 0.31423107038072706;6.957820041673
-5.64766862961111 0.3147895555963044;6.502667144452
-5.647192917626643 0.315387489593476;5.976814593021
-5.64667525805169 0.31603867617065134;5.345173114743
-5.646096188882984 0.3167681139522872;4.53342521584
-5.64541276779098 0.3176314420724544;3.322892018918
-5.64447742709783 0.3188241415225604;1.5364961903721
-5.646486899118172 0.316524320115847;4.843350651718
-5.645853561639247 0.3173203512517627;3.833360909928
-5.645051810344594 0.3183336479210272;1.866874723647
-5.64338255544613 0.32056751692302843;4.615054172779
-5.644041127938839 0.3197599926960464;3.519174868631
-5.644905466392111 0.31870867799721975;0.812321081230
-5.648563812567954 0.31511873577884836;6.32363829988
-5.648095127566535 0.3157023618051755;5.794539736596
-5.647583521619925 0.3163400279306549;5.154266191216
-5.647008065575147 0.31705842303557547;4.3197173464
-5.646320604627298 0.31791957168001805;3.0264749803225
-5.645335234902921 0.319169832932055;2.2154899887414
-5.646671990179933 0.3175893682928091;3.592726644817
-5.645848096520317 0.31862441637671457;1.1906723446439
-5.6432778396198575 0.32271239072409963;6.560117668469
-5.643719782594606 0.3221796662768653;6.096608673773
-5.644195363763361 0.3216070009190428;5.5549896895605
-5.644717390725753 0.3209793521537788;4.892272185017
-5.645310293636303 0.3202682065522505;4.009556778405
-5.64603413733309 0.3194042880157833;2.548081965071
-5.647174835148684 0.3180703255144347;2.9340484002220
-5.646180251553472 0.3193054876850593;2.3062210182418
-5.647436045127484 0.3178498444554742;3.3382098164878
-5.646567636931546 0.31891932644903903;0.949435337053
-5.649568128425942 0.3159161729969431;5.753169265382
-5.649075793478816 0.3165135198913138;5.1494404141133
-5.64852545494443 0.31718229846496904;4.37491138693
-5.647876957418955 0.31797286756401827;3.225146125698
-5.64699424055351 0.319059966301067;1.364615870938
-5.649065246635898 0.3168157562435703;4.843119085756
-5.648485603402711 0.3175191002418749;3.961162239611
-5.6477757110161475 0.31838455945410243;2.4707539280346
-5.646629224327784 0.31981703284470764;3.162534949150
-5.647513279589305 0.3187797622694946;1.325321114198
-5.645335390524693 0.3219085722416438;5.709634826257
-5.6458187121325585 0.3213380047479433;5.128141546664
-5.646356964052823 0.32070379310986125;4.391321446644
-5.646985802342803 0.3199653452410556;3.33117173199
-5.6478155803743375 0.3189994705729229;0.5046321751554
-5.652877692978871 0.31496141092411384;6.817577211071
-5.652491775735698 0.31542944410074925;6.428761800039
-5.652082470967612 0.315926110727286;5.98843658380
-5.65164297839595 0.3164598140177628;5.47567422846
-5.6511621495989255 0.3170443867936262;4.851762098842
-5.650619102236885 0.3177059061635437;4.029790614410
-5.649964252172081 0.3185070394839036;2.7154304170432
-5.6489868309891555 0.3197243706368286;2.5211066887179
-5.65002988851933 0.3185100823642876;2.723602399389
-5.64905888410766 0.31971725763357556;2.490129268061
-5.650111291833429 0.31849500459510266;2.768515411680
-5.649159728438039 0.3196748558455086;2.3776023842150
-5.65025835333491 0.31840498261348366;2.957621608785
-5.649372015885555 0.31949779006194884;1.8975513797259
-5.650744658700885 0.31794499578411123;3.7369410697113
-5.650049037996941 0.318792335468914;2.136836197273
-5.64881958880175 0.32034777120181196;3.587723611422
-5.649538689036469 0.31950244674739364;1.8589185003389
-5.650929331253977 0.3179378843451137;3.7746282318283
-5.6502460140502535 0.3187672603204167;2.246994470856
-5.64908733150459 0.32022000154718033;3.357305676752
-5.649850471658132 0.31932773896513195;1.1372813825359
-5.65209653073331 0.31700284069304424;5.002421698437
-5.651589185026956 0.3176125178585743;4.276786961197
-5.650995027798512 0.31832887413405214;3.219295314505
-5.650202977366078 0.3192932673559201;0.7167772700354
-5.653648176779796 0.3161699934956592;5.931912866231
-5.6532306505718 0.3166716870981392;5.445764230621
-5.65277567396045 0.31721900434341144;4.859823411706
-5.652265483759302 0.3178339038791425;4.101983363176
-5.651660153826519 0.31856629266207026;2.9526624603856
-5.650815412583196 0.3196019609120344;1.7311311472548
-5.6522473889299 0.31800807869152886;3.878743833839
-5.6516102053626165 0.3187789301189394;2.5495745081385
-5.650634231398631 0.31998540368048506;2.667863124710
-5.651556794247185 0.3189206598184633;2.235018523856
-5.650443213850187 0.3203126578888109;3.2646331919852
-5.651193517984039 0.31943950439570984;0.935803136202
-5.6537887419098025 0.31688977883738;5.300355248341
-5.653332647096956 0.31743590663729326;4.697275382564
-5.652817573952143 0.31805398936920304;3.9028446678957
-5.652196567926331 0.3188026667211718;2.633060440057
-5.651270346567404 0.31994109308952956;2.4362425903
-5.652261871863798 0.31880697450608375;2.6389892290076
-5.6513407023129885 0.31993754392395785;2.4120865755894
-5.652339053988271 0.3187978702842152;2.673110668022
-5.651432784823084 0.319907688237118;2.3255089485143
-5.65246524815815 0.318733681761154;2.8182763407462
-5.651609407695794 0.31977665278541456;1.9664082774428
-5.652827361596932 0.31841353631851416;3.4065588226026
-5.652124439534762 0.31926060290105124;1.4735273520174
PointOptimal;ValeurOptimale
[-5.65212444  0.3192606 ];1.4735273520174297
Temps;Nb iteration
0.054054975509643555;1000