Point;Valeur
-7.231019437925429 0.7192882063926671;44.34605905315
-7.288944554658383 0.6613630896562497;36.09315586682
-7.351804872159387 0.5986690166367339;24.146736480132
-7.426894742891674 0.5239565446448664;16.648339324155
-7.338037382185612 0.6121661014689297;27.174027466595
-7.401922650073368 0.5483040740495873;2.0741137596495
-7.531955624750229 0.4188962497401405;38.548349219185
-7.521257850781411 0.4298536817751776;36.88119999844
-7.510094234100085 0.441304194320579;35.05502319818
-7.498369981505313 0.4533471338073137;33.0262874860
-7.48595163979119 0.46612218646188874;30.728972992107
-7.4726402664376845 0.47983726729961335;28.054946841282
-7.458114362652135 0.494827725517149;24.8058492293
-7.441786338775009 0.511704878610986;20.543125973240
-7.422326997002725 0.5318462451154923;13.83270810121
-7.394847437960107 0.5602780315162071;11.61930180720
-7.426304913083354 0.5277715178642167;15.429804191907
-7.401216681491158 0.5537196290907376;7.7328324708481
-7.4421580855351115 0.5116273738462646;20.575467921205
-7.423528557292559 0.5308158637196955;14.263706521333
-7.397909383530018 0.5572516010901255;10.006486136258
-7.431354706896148 0.5227818057005389;17.192084472473
-7.409650828808652 0.5451484488799708;6.255514369348
-7.3663306217483555 0.589865415942987;21.76044529154
-7.382028701913876 0.5736373891525155;16.965457027468
-7.401785392294848 0.5532603299364772;7.371770055201
-7.438734790200908 0.5152992197192651;19.531645839342
-7.421945749178044 0.5325352838832391;13.559997606742
-7.398858017905615 0.5562967805927904;9.441838999767
-7.429205468337308 0.5250821864270095;16.411296882159
-7.40972697787705 0.5451069177495242;6.297761399918
-7.371618413135065 0.5844299164879986;20.280255327470
-7.386320696031852 0.5692596179233913;15.415186041484
-7.405208244439494 0.549812049847861;3.82194371933
-7.448798832381876 0.5051204187120443;22.324754541612
-7.438518141323828 0.5157338939538901;19.411596205699
-7.426771825616145 0.527877026709137;15.418058547945
-7.412229921638397 0.5429332499163213;8.074650399769
-7.38751335969128 0.5685681155035529;15.13062059031
-7.402143103521723 0.5533899068545501;7.423736069997
-7.427861362410313 0.5268292444028713;15.806088869108
-7.413968677385206 0.5412001171778695;9.228685050566
-7.3922895304888705 0.5636754381105583;13.14705004301
-7.40852478790957 0.5468524866213846;4.509115293386
-7.376276156924415 0.5803572779466766;19.069025509731
-7.38619368986343 0.5701057398036775;15.693673785701
-7.398114154222038 0.5578010970702135;10.263287381461
-7.415368278432829 0.5400235407826686;9.952238544611
-7.397645290246543 0.558316196668792;10.544881976472
-7.4145308213479835 0.5409164429166924;9.425977079553
-7.396061501823233 0.5599845376427639;11.41343603884
-7.411889277288222 0.5436694053173141;7.570164552649
-7.390392797261428 0.5658869434498276;14.064574077741
-7.403445315170108 0.5524211084138109;6.59184939189
-7.426507961357581 0.5286972822123871;15.136301682982
-7.414641201259793 0.5409251734389243;9.430037760614
-7.397028866043509 0.5591173208318496;10.9608184066
-7.41262808646062 0.5430306664261162;8.050763161197
-7.392914799172851 0.5634064403453253;13.008577569524
-7.406323924517066 0.5495689556531982;3.2393693560637
-7.436217703641906 0.5188807114648286;18.489826376686
-7.428973179729846 0.5264205212077196;15.98688310848
-7.4206508271116665 0.5350904775206075;12.503817958175
-7.410209132210384 0.545979838582801;5.622464041710
-7.390746700139267 0.5662970649345591;14.19143653812
-7.399766602121727 0.5569013383956783;9.688238481432
-7.412399803906828 0.5437737077170212;7.55116723390
-7.397015192081932 0.5598105760719301;11.274246841461
-7.408100402107544 0.5482841511693173;2.296083104016
-7.382160840139007 0.5754510424028844;17.48700761190
-7.386912377476234 0.5706589190430358;15.835676827301
-7.392150531824991 0.5653791879104281;13.788452221195
-7.398139134039511 0.5593465164992002;10.990456593860
-7.405544630885808 0.5518893112727902;5.915255610490
-7.417910439070812 0.5394171045046018;10.43583929912
-7.410165584161953 0.5472416521743645;4.3431748845458
-7.395279867957148 0.5624603418131437;12.49949843144
-7.401513590092909 0.5561622848142452;9.15738704062
-7.409761351865916 0.54783670389178;3.502868052515
-7.393961639740955 0.564021292949791;13.184557885286
-7.399280039881517 0.5586589806521769;10.592714144665
-7.405802207690918 0.5520883627027927;6.050308590601
-7.416185856879544 0.541640744684087;9.167709915698
-7.408772786244064 0.5491330882445451;1.5554424700700
-7.4267650429679195 0.5310957805085704;14.333985047203
-7.4239350681794924 0.5341336796907854;13.069701493
-7.420837064274788 0.5374604455779907;11.527001029743
-7.417337443249623 0.5412195000422625;9.485978541930
-7.413125052151283 0.5457440597740933;6.190421137313
-7.40695445009559 0.5523601374302246;6.13362656149
-7.413159149135651 0.5457657424552931;6.176919740470
-7.406976915050646 0.5523934148176554;6.158095115067
-7.413161361026226 0.545819476955468;6.133352885472
-7.406943806524389 0.5524844285868147;6.235812248983
-7.413066991091064 0.5459742510700516;5.993591738167
-7.406736765164686 0.5527599726166879;6.477659170466
-7.412677714646541 0.5464413306721327;5.536388933784
-7.405960543384455 0.5536439142782267;7.210227816818
-7.4113965835101006 0.5478591341409923;3.80591121881
-7.4028585148001875 0.5570361212605223;9.519642653643
-7.406933895562839 0.5527086060881782;6.414912391962
-7.412658252137856 0.5466434307047809;5.34714481169
-7.406060178454793 0.5537000435209951;7.238962240309
-7.411233349515602 0.5482159667908122;3.2629091661405
-7.402335554526397 0.5577812511497934;9.943402989901
-7.405944121790513 0.5539704610288586;7.435648837806
-7.410629700722063 0.5490282274369875;1.234604484164
-7.399275784453073 0.5614053729948811;11.821155249257
-7.400922542049591 0.5599463552520644;11.075791912105
-7.402678913079675 0.5583903673355096;10.220980044591
-7.404579376952945 0.5567066166793757;9.206727149402
-7.40668248238267 0.5548425321794076;7.933573930208
-7.409104491537659 0.552692851664506;6.145188323826
-7.4121571545032365 0.5499710146311171;2.4139274241454
-7.418038325381494 0.5445192367795992;7.611127249721
-7.415708751968824 0.5466854870588584;5.7195902562000
-7.4126917458949215 0.5495074031279097;0.5494562308819
-7.4204488889874005 0.5421899827760339;9.213088020173
-7.419710223835789 0.5431518296373307;8.610188967599
-7.418920074426177 0.5441807811341738;7.914390882555
-7.418060994609515 0.5452993823250234;7.080538996422
-7.417102086017757 0.5465473297378559;6.014738567899
-7.4159774002205525 0.5480085363913547;4.451528437412
-7.414479244400792 0.5499419662661005;1.4292140697115
-7.417999935463889 0.5460462519542676;6.52272578044
-7.417028598360443 0.5472576109253362;5.3788861901154
-7.415859426223012 0.548714517440921;3.54037246134
-7.414147796611339 0.5508372809350293;3.4043277538924
-7.415907807546148 0.5487189913101429;3.5442138272549
-7.414197033087409 0.5508397791625703;3.39721192409
-7.415959285640848 0.5487180775596368;3.556341367617
-7.414252760140476 0.550832897673523;3.3746748173970
-7.416023638350214 0.5487005801893585;3.5944331228168
-7.414331394326447 0.5507970751938475;3.3030123810152
-7.416131088175031 0.548630779222857;3.7126041374547
-7.414482497305663 0.5506722187369716;3.0700491709006
-7.416381210942046 0.5483904468894188;4.071396434288
-7.414856121255978 0.5502770903308254;2.2080002457044
-7.417199722772764 0.5474863490590929;5.185448353060
-7.416010624770761 0.5489606672719877;3.206199299763
-7.414228136756063 0.5511846196082237;3.8688135726214
-7.415754383290284 0.5493315188942366;2.480657802896
-7.413623063264751 0.5520057011743672;4.912203844164
-7.414843517330381 0.5505267739436701;2.72349883366
-7.416795189374881 0.5481869292387488;4.386542509252
-7.415455004193757 0.5498429577535652;0.7097419235355
-7.412190998128639 0.5491447026522593;1.6415862169184
-7.410455246432328 0.5522226631947003;5.57043654751
-7.4109960716376 0.551163798080184;4.424947144965
-7.4116731906493625 0.5498604246093728;2.331159302471
-7.412895867793482 0.5477346246571299;4.2396897492958
-7.412183328907712 0.5491072021241742;1.7504502562449
-7.410648099500831 0.5518022417499797;5.14955354249
-7.411233178123788 0.5507742393492702;3.9123605473752
-7.411990232935849 0.5494614999642307;0.9505845524373
-7.413931063702252 0.5465675909255575;5.590164102850
-7.413481178228382 0.5473677002011446;4.747445006795
-7.412953944524784 0.5483055372649791;3.509151344256
-7.4122536656922575 0.5495503341177036;1.1890200686177
-7.41376862175384 0.547187994517588;4.9772835758346
-7.413305677022817 0.5480090097279343;3.9780826279474
-7.412732764729772 0.5490260560425263;2.1706672323435
-7.411766241584392 0.5507488143169137;3.7755838163868
-7.412364098187723 0.5497243635740798;1.7374497084741
-7.413461328466543 0.5479245967419993;4.111807070941
-7.412918101902897 0.5488805633108149;2.5417892285911
-7.412094001739652 0.5503431969024226;3.11104031374
-7.412786375507873 0.5491662162087697;1.8364032196065
-7.411749498179797 0.5510282977942283;4.134399946314
-7.412276165669688 0.5501404780798201;2.7130663241181
-7.4130306240035315 0.5488818175681058;2.572264706392
-7.4122372564388135 0.5502716772192779;2.956859991562
-7.412941423815365 0.5490943819783728;2.0816515828646
-7.412017135138903 0.5507294137517684;3.6993436379725
-7.412592843354669 0.5497670215315111;1.7628107946009
-7.4135933986012965 0.5481282349813822;3.8799992692276
-7.413056624108642 0.5490594850022489;2.2044013251052
-7.412202340258908 0.5505708489699019;3.4367629651387
-7.41279314332714 0.549578586136568;0.9400070640091
-7.414072460093599 0.5475216567921178;4.676716877030
-7.41371698419678 0.5481860385133296;3.8284365695461
-7.4132867210177285 0.5489918022082142;2.4266958896230
-7.412641118781465 0.5502093990056094;2.7404922491620
-7.413218737710527 0.5491742965348276;1.9850104735768
-7.412465552919402 0.5506035450297584;3.4274768755015
-7.412939298512151 0.5497537044520955;1.5653965659946
-7.41379457380862 0.5482759609586983;3.7238870239492
-7.413366815315358 0.5490735601907369;2.276455573474
-7.412715142885252 0.550306645292843;2.8949971003940
-7.413245718321787 0.5493554088812544;1.4636155071992
-7.412371338589641 0.5510561528664165;4.055348032345
-7.4127443842939424 0.5504071223981739;3.0579169644072
-7.413224590271049 0.5495757695527584;0.4355175406807
-7.4143815658649075 0.5476393778124579;4.598778914844
-7.414202411711918 0.5480803215670645;4.055315074902
-7.413999475409521 0.5485801610770932;3.3330055064800
-7.413753548776055 0.5491861933380947;2.1500646248557
-7.413381750676059 0.5501016011771875;2.3047065995019
-7.41372651540361 0.5493087217841633;1.8277691359
-7.413299617419764 0.5503603242916242;2.8369381791324
-7.413586786113402 0.5496944287412072;0.9299569860798
-7.414219524910043 0.5483897762823448;3.654542626043
-7.414010791673073 0.5489032496009039;2.8049075518832
-7.413742818094589 0.5495653405355856;0.8654171734103
-7.41310788719735 0.5505226836693309;3.1579579956200
-7.413315717076293 0.549960600179643;1.9958946830868
-7.413631010611681 0.549155232576675;2.179964519374
-7.413334640903191 0.5499783859835725;2.0335543868306
-7.413644700099635 0.5491835361835594;2.1180901410974
-7.413340667076526 0.550027316782221;2.149821208933
-7.413636827690306 0.5492638416938556;1.9133710754282
-7.413306536726637 0.5501824460000228;2.498331141216
-7.413567817086601 0.5495048419103415;1.0507344359424
-7.413082224965227 0.5509582177239184;3.794605017477
-7.413244148770462 0.5506267947616034;3.2891583344138
-7.413429259715771 0.5502481429894042;2.592593393201
-7.413658026248014 0.5497801921142819;1.27861564091
-7.414039496738123 0.5489965305249773;2.63983371919
-7.41381980776736 0.5494869875899919;1.2917758212956
-7.413436641706648 0.5504427642989337;2.9453448558866
-7.41362752076392 0.5500467490947293;2.0947255578961
-7.413883473062575 0.5495197886327896;1.1958735101372
-7.413493931826287 0.5504963352255385;3.0215493786409
-7.413671842672462 0.5501411298984963;2.297047972766
-7.413898410104253 0.5496910267455026;0.5926977828686
-7.41437662246074 0.5487626258056693;3.135809917118
-7.414244483824035 0.5490938477226879;2.5085273609624
-7.414080755937144 0.5495076409621068;1.3611254335634
-7.413800583559144 0.5502551022168114;2.4971193441631
-7.413962962102575 0.5498783904923813;1.4747304752999
-7.414215173332895 0.5493166680603736;1.9986687982153
-7.414014493884588 0.549820782369528;1.228661643472
-7.414299449380127 0.549195029911219;2.3135050106972
-7.4141252599546155 0.5496307679640895;0.8117705674000
-7.413753240596244 0.5499597339083232;1.8213088850903
-7.41394181150283 0.5494821852096744;1.3791773734169
-7.413696725592855 0.5501665415056898;2.3443757349470
-7.413847498627944 0.549787698721058;1.1935575125883
-7.414107781279758 0.5491886868516545;2.2647315685788
-7.413951266912419 0.5496092338176649;0.7841484528013
-7.41360515612629 0.5498123447898795;1.429183870824
-7.413812527101633 0.5492911861598504;1.909941783439
-7.413647805093736 0.5497727591406822;1.2547710081764
-7.413875972205676 0.5492118058970482;2.132430525723
-7.413727077283475 0.5496436401870328;0.3444286183453
-7.414113656092242 0.548835305512681;2.9507649163813
-7.414037448569915 0.5490949641056071;2.443603992406
-7.413945601749102 0.5494092367956941;1.6279125445568
-7.413809797078763 0.5498807219659548;1.5587183641430
-7.413947293057479 0.5494671397474141;1.4365514745454
-7.413795286190939 0.5499996157310878;1.9126855036859
-7.413910509422207 0.5496467150212302;0.399697703959
-7.413594519757639 0.5490181889205467;2.4664543794132
-7.41354464774522 0.5493122049613197;1.7411997388384
-7.413473854118483 0.5497291846285285;1.1801562626579
-7.4135727895361265 0.549261667634638;1.8938777165600
-7.413507387116537 0.5496447614808495;0.6880106241051
-7.413655569782053 0.5490527414283557;2.41363991049
-7.41360439855667 0.549341610240048;1.6802265007427
-7.413531589469413 0.5497571364160558;1.2613003782921
-7.413622699349975 0.5493248430750113;1.7380910013875
-7.41355195363662 0.5497265437536237;1.1168184709241
-7.413651465154815 0.5492632691365742;1.9206229195437
-7.4135869418416265 0.5496260985701881;0.39172103896646
-7.413747376492217 0.5489773762733363;2.5932061945350
-7.413709090707379 0.5492177906123362;2.058187204170
-7.413661052704804 0.5495224316747633;1.0321951894164
-7.413570480929702 0.5501961397505126;2.44633324436
-7.413610632180703 0.5499980407768718;1.979871879957
-7.413659486343689 0.5497601631438916;1.19502271572
-7.413733807505811 0.5494146716700838;1.5084887626743
-7.413670207939668 0.5497741567910739;1.2469172285554
-7.413742032610916 0.5494377647364495;1.432790170450
-7.413675555943265 0.549817505511641;1.4102512815679
-7.413740880898941 0.549507702324529;1.1565091610490
-7.413662012664255 0.549990136453257;1.9397392197512
-7.413711771812258 0.5497557514000229;1.141788708429
-7.4137871645609 0.5494139752459097;1.5372388787705
-7.413725369365515 0.5497526734176851;1.1187254730319
-7.413801601372283 0.5494067858777528;1.5677957288321
-7.413741106687648 0.5497385265910568;1.0405281552890
-7.4138207832987995 0.5493783784190718;1.6660070590886
-7.413763914995059 0.5496895031792697;0.736842715298
-7.413860057731104 0.5492680945311736;1.9882961754924
-7.413814342744232 0.5495229013366433;1.1373012393438
-7.413739938200837 0.5499894355697637;1.9074493167227
-7.413786394485965 0.5497661172496239;1.138652408172
-7.413856634785614 0.5494437708056686;1.4713067141040
-7.413797212755475 0.5497781415261829;1.1845268093097
-7.4138653423195615 0.5494634134684423;1.406367311899
-7.413803653336568 0.5498143479802341;1.32779083236
-7.413866190836388 0.5495220907363314;1.174896672348
-7.413794908788464 0.5499514125810122;1.780464812891
-7.413843949258433 0.5497223509417328;0.8716150835510
-7.413925859311198 0.5493615467659665;1.7620050547241
-7.413876805137839 0.5496279503237513;0.5525726696190
-7.413766245166578 0.5493570487052439;1.7058941065021
-7.413726533895006 0.5496325303815411;0.11971433280793
-7.413852966899008 0.5491318748562766;2.3068333940857
-7.413832206292667 0.5493012307771932;1.890932865400
-7.413806834508584 0.5495106050673416;1.1865200497947
-7.413766417684534 0.5498681865737111;1.5386796210277
-7.413796767481469 0.5496554325053442;0.3665585271321
-7.413878095447116 0.54925143817768;2.036945413766
-7.4138561383616155 0.5494330694981562;1.507613459252
-7.413826551584476 0.5496857184672166;0.6380471428937
-7.413883322649045 0.5493525595678618;1.7697064886830
-7.413858219699357 0.5495621440539953;0.9787148380199
-7.413814343243916 0.5499235926707114;1.6906786927969
-7.413840019499 0.5497421355605003;0.984491941756
-7.413880434904273 0.5494802967973583;1.3522632206998
-7.413847955802067 0.5497555151050604;1.0461555347116
-7.413886412353207 0.5495026310816394;1.268786198443
-7.41385200720601 0.549799434051489;1.2400204644235
-7.413885697185327 0.5495726864045186;0.9441470722084
-7.413841894041225 0.5498750358133588;1.524259108256
-7.413870026094345 0.549680242244646;0.5313769418746
-7.413925359259157 0.5493482479878041;1.7996824365899
-7.4139027300414275 0.5495409878612393;1.1146632684266
-7.413867556526437 0.5498811932200576;1.5320876118985
-7.413893203005087 0.5496983221480848;0.6598791468484
-7.413939866883785 0.5494022607597361;1.6469180893665
-7.413916083947944 0.5496064083843581;0.7682126012116
-7.41387052739224 0.5496526250270608;0.17204413544683
PointOptimal;ValeurOptimale
[-7.41387053  0.54965263];0.17204413544683858
Temps;Nb iteration
0.020542383193969727;323