Point;Valeur
4.470856241588695 8.247521322996889;-7.055421698847
4.472847392241826 8.249560723479316;-7.063550030188
4.474841519909628 8.251601812838844;-7.071697117821
4.476838615713895 8.253644594225788;-7.079862962469
4.478838670678359 8.255689070796583;-7.088047564357
4.480841675728474 8.257735245713846;-7.096250923217
4.482847621691471 8.259783122146082;-7.1044730382807
4.484856499296447 8.261832703267837;-7.1127139082797
4.486868299174246 8.263883992259748;-7.120973531445
4.488883011857739 8.265936992308466;-7.129251905508
4.49090062778161 8.267991706606567;-7.137549027691
4.492921137282636 8.27004813835287;-7.145864894714
4.494944530599568 8.272106290751974;-7.154199502790
4.496970797873422 8.274166167014593;-7.162552847624
4.498999929147335 8.276227770357433;-7.1709249244111
4.501031914366878 8.278291104003241;-7.179315727836
4.5030667433798985 8.280356171180625;-7.187725252074
4.505104405936798 8.282422975124277;-7.196153490786
4.507144891690805 8.28449151907492;-7.204600437120
4.50918819019782 8.286561806279186;-7.213066083712
4.51123429091664 8.288633839989725;-7.221550422680
4.513283183209268 8.29070762346513;-7.230053445627
4.515334856340788 8.292783159969892;-7.238575143641
4.517389299479776 8.294860452774541;-7.2471155072931
4.519446501698386 8.296939505155533;-7.255674526633
4.521506451972504 8.299020320395282;-7.264252191197
4.523569139182047 8.301102901782109;-7.272848489999
4.525634552111063 8.30318725261032;-7.281463411537
4.52770267944795 8.30527337618011;-7.290096943789
4.52977350978578 8.307361275797602;-7.298749074210
4.531847031622439 8.309450954774837;-7.307419789741
4.5339232333609445 8.311542416429784;-7.31610907679
4.536002103309574 8.313635664086283;-7.324816921282
4.538083629682333 8.315730701074104;-7.3335433085708
4.540167800599027 8.3178275307289;-7.342288223522
4.542254604085697 8.319926156392265;-7.351051650477
4.544344028074635 8.32202658141153;-7.3598335732550
4.546436060405213 8.324128809140056;-7.368633975157
4.548530688823696 8.326232842937024;-7.377452838968
4.550627900983729 8.328338686167386;-7.386290146951
4.552727684446834 8.330446342202144;-7.395145880853
4.554830026682422 8.332555814417956;-7.404020021906
4.556934915068448 8.334667106197415;-7.412912550822
4.559042336891666 8.336780220929018;-7.421823447801
4.5611522793478585 8.33889516200686;-7.430752692527
4.563264729542494 8.341011932831101;-7.439700264169
4.565379674490982 8.343130536807674;-7.448666141385
4.5674971011189545 8.345250977348233;-7.457650302321
4.569616996262905 8.347373257870354;-7.4666527246129
4.571739346670448 8.349497381797308;-7.4756733853852
4.573864139000788 8.351623352558228;-7.484712261256
4.575991359825272 8.35375117358801;-7.493769328337
4.5781209956276445 8.355880848327308;-7.502844562233
4.5802530328046185 8.358012380222537;-7.511937938048
4.582387457666487 8.360145772725984;-7.521049430380
4.5845242564372555 8.362281029295621;-7.530179013330
4.586663415255435 8.364418153395158;-7.539326660498
4.588804920174528 8.366557148494095;-7.5484923449888
4.590948757163314 8.36869801806767;-7.5576760394106
4.593094912106684 8.37084076559685;-7.566877715880
4.59524337080588 8.372985394568293;-7.576097346022
4.597394118979242 8.375131908474469;-7.585334900974
4.599547142262589 8.377280310813557;-7.594590351385
4.601702426209947 8.37943060508935;-7.603863667421
4.603859956294057 8.381582794811361;-7.613154818766
4.606019717906907 8.38373688349485;-7.622463774625
4.6081816963604325 8.385892874660838;-7.631790503725
4.610345876886962 8.38805077183591;-7.641134974321
4.6125122446400155 8.390210578552397;-7.650497154193
4.614680784694652 8.39237229834824;-7.659877010656
4.616851482048428 8.394535934767122;-7.669274510557
4.619024321621922 8.396701491358371;-7.678689620280
4.62119928825914 8.398868971676984;-7.688122305751
4.623376366728481 8.401038379283563;-7.697572532438
4.625555541723246 8.403209717744346;-7.707040265353
4.627736797862468 8.405382990631269;-7.716525469062
4.629920119691425 8.407558201521852;-7.726028107682
4.632105491682413 8.409735353999325;-7.7355481448849
4.634292898235476 8.4119144516525;-7.745085543904
4.63648232367898 8.4140954980757;-7.7546402675372
4.63867375227062 8.41627849686896;-7.764212278146
4.640867168197783 8.418463451637905;-7.773801537666
4.643062555578577 8.420650365993813;-7.783408007606
4.645259898462536 8.422839243553446;-7.793031649053
4.647459180831191 8.425030087939184;-7.802672422677
4.6496603865991535 8.427222902779114;-7.812330288734
4.651863499614507 8.42941769170672;-7.822005207071
4.654068503659975 8.431614458361258;-7.8316971371288
4.656275382453444 8.433813206387406;-7.8414060379478
4.658484119648826 8.436013939435353;-7.851131868171
4.660694698836988 8.438216661161084;-7.860874586051
4.662907103546431 8.440421375225917;-7.870634149450
4.665121317244264 8.442628085296883;-7.880410515848
4.667337323336765 8.444836795046397;-7.890203642347
4.669555105170492 8.44704750815252;-7.900013485674
4.671774646033105 8.449260228298822;-7.909840002186
4.673995929154136 8.451474959174512;-7.919683147878
4.676218937705837 8.453691704474153;-7.929542878384
4.6784436548041395 8.455910467897978;-7.939419148982
4.680670063509483 8.458131253151626;-7.949311914602
4.682898146827746 8.460354063946307;-7.959221129831
4.685127887711117 8.462578903998843;-7.969146748914
4.687359269059007 8.46480577703142;-7.979088725764
4.689592273718986 8.467034686771859;-7.989047013964
4.691826884487501 8.469265636953322;-7.999021566774
4.694063084111205 8.471498631314686;-8.009012337136
4.696300855287513 8.47373367360021;-8.0190192776
4.698540180665814 8.475970767559657;-8.02904234073
4.700781042848186 8.478209916948353;-8.039081478307
4.703023424390432 8.480451125527024;-8.049136642136
4.705267307803146 8.482694397061953;-8.059207783656
4.707512675552477 8.484939735324827;-8.069294854017
4.70975951006143 8.487187144092944;-8.079397804095
4.712007793710354 8.489436627149002;-8.08951658449
4.714257508838498 8.491688188281278;-8.099651145542
4.7165086377444485 8.493941831283413;-8.109801437323
4.718761162687498 8.496197559954554;-8.119967409656
4.721015065888642 8.498455378099498;-8.130149012115
4.723270329531287 8.5007152895283;-8.14034619403
4.725526935762533 8.502977298056626;-8.150558904502
4.727784866694128 8.505241407505563;-8.160787092395
4.730044104403484 8.507507621701686;-8.171030706354
4.732304630934655 8.509775944477147;-8.181289694808
4.734566428299432 8.51204637966948;-8.19156400597
4.736829478478382 8.514318931121691;-8.201853587868
4.739093763421819 8.516593602682347;-8.212158388308
4.741359265050887 8.518870398205413;-8.222478354920
4.743625965258667 8.52114932155038;-8.232813435149
4.74589384591115 8.523430376582263;-8.2431635762
4.748162888848425 8.525713567171513;-8.253528725356
4.750433075885573 8.527998897194069;-8.263908829362
4.7527043888137275 8.530286370531359;-8.274303835059
4.754976809401411 8.532575991070354;-8.284713689071
4.757250319395313 8.534867762703461;-8.295138337884
4.759524900521518 8.537161689328594;-8.305577727843
4.761800534486481 8.539457774849152;-8.316031805168
4.764077202978255 8.5417560231741;-8.326500515954
4.766354887667413 8.544056438217835;-8.336983806183
4.768633570208399 8.546359023900385;-8.347481621727
4.770913232240362 8.548663784147232;-8.357993908359
4.773193855388223 8.550970722889277;-8.36852061175
4.775475421263954 8.553279844063068;-8.379061677510
4.7777579114676225 8.555591151610608;-8.389617051132
4.780041307588553 8.557904649479477;-8.400186678063
4.7823255912062255 8.560220341622761;-8.410770503675
4.784610743891578 8.562538231999179;-8.421368473285
4.786896747208035 8.564858324572795;-8.431980532159
4.789183582712516 8.567180623313392;-8.442606625518
4.7914712319568284 8.5695051321963;-8.453246698548
4.793759676488515 8.57183185520235;-8.463900696407
4.796048897852009 8.57416079631797;-8.474568564230
4.798338877589773 8.576491959535135;-8.48525024713
4.800629597243541 8.578825348851533;-8.495945690246
4.802921038355278 8.58116096827038;-8.506654838669
4.805213182468263 8.583498821800381;-8.51737763753
4.807506011128352 8.585838913456032;-8.528114031970
4.809799505884916 8.588181247257262;-8.538863967147
4.812093648292089 8.590525827229778;-8.549627388254
4.814388419909884 8.592872657404895;-8.560404240520
4.81668380230524 8.595221741819438;-8.5711944692
4.818979777053022 8.597573084516023;-8.581998019680
4.821276325737541 8.599926689542984;-8.59281483728
4.823573429953166 8.60228256095411;-8.603644867492
4.825871071305757 8.604640702809105;-8.614488055827
4.828169231413538 8.607001119173196;-8.6253443479
4.830467891908624 8.60936381411742;-8.636213689416
4.832767034437554 8.611728791718447;-8.64709602616
4.8350666406628715 8.614096056058822;-8.657991304058
4.837366692263979 8.616465611226653;-8.668899469101
4.839667170938148 8.618837461315858;-8.679820467429
4.841968058402154 8.621211610426213;-8.690754245301
4.844269336392545 8.623588062663147;-8.701700749112
4.846570986667556 8.625966822137967;-8.712659925396
4.848872991007559 8.628347892967662;-8.72363172083
4.851175331216583 8.630731279275212;-8.734616082272
4.853477989123137 8.633116985189313;-8.745612956708
4.8557809465814525 8.635505014844577;-8.756622291316
4.858084185472459 8.637895372381427;-8.767644033450
4.86038768770492 8.640288061946075;-8.778678130644
4.862691435216556 8.642683087690878;-8.78972453063
4.864995409974965 8.645080453773934;-8.800783181338
4.867299593978741 8.647480164359129;-8.811854030902
4.869603969258685 8.649882223616585;-8.822937027674
4.871908517878746 8.652286635722197;-8.834032120225
4.874213221936957 8.654693404857882;-8.845139257356
4.8765180635667225 8.657102535211509;-8.856258388102
4.878823024937665 8.65951403097709;-8.867389461743
4.881128088256817 8.661927896354504;-8.878532427806
4.883433235769617 8.664344135549788;-8.889687236076
4.885738449760813 8.666762752774934;-8.900853836602
4.888043712555762 8.669183752248168;-8.912032179703
4.890349006521118 8.671607138193684;-8.923222215976
4.892654314066048 8.674032914841964;-8.934423896302
4.894959617643325 8.676461086429425;-8.945637171854
4.897264899750079 8.678891657198823;-8.95686199410
4.899570142929109 8.68132463139901;-8.968098314823
4.901875329769544 8.683760013285086;-8.979346086102
4.904180442908116 8.686197807118427;-8.990605260347
4.906485465030089 8.688638017166623;-9.001875790287
4.908790378870004 8.691080647703428;-9.01315762898
4.91109516721299 8.693525703009117;-9.024450729838
4.913399812895426 8.695973187370162;-9.035755046595
4.915704298806199 8.698423105079362;-9.047070533349
4.9180086078873995 8.700875460435979;-9.058397144556
4.920312723135401 8.703330257745618;-9.069734835032
4.9226166276017 8.70578750132019;-9.081083559965
4.924920304394137 8.708247195478302;-9.092443274919
4.927223736677414 8.710709344544833;-9.103813935841
4.929526907674196 8.713173952851216;-9.115195499068
4.931829800666195 8.715641024735438;-9.126587921330
4.934132398994771 8.718110564542096;-9.137991159760
4.936434686062073 8.72058257662218;-9.149405171898
4.938736645331781 8.723057065333466;-9.160829915697
4.941038260330069 8.72553403504032;-9.172265349529
4.94333951464642 8.728013490113737;-9.183711432190
4.945640391934548 8.730495434931404;-9.195168122909
4.94794087591322 8.73297987387769;-9.206635381349
4.950240950367247 8.735466811343857;-9.218113167618
4.952540599148035 8.73795625172786;-9.229601442270
4.954839806174794 8.740448199434516;-9.241100166313
4.957138555435018 8.742942658875316;-9.252609301215
4.959436830985547 8.745439634468843;-9.26412880890
4.961734616953196 8.747939130640534;-9.275658651789
4.964031897535795 8.750441151822576;-9.287198792740
4.9663286570027285 8.752945702454335;-9.298749195116
4.968624879695943 8.755452786982174;-9.31030982276
4.9709205500305895 8.757962409859436;-9.32188064000
4.973215652495751 8.760474575546466;-9.333461611682
4.975510171655438 8.762989288510836;-9.345052703120
4.9778040921490305 8.765506553227242;-9.356653880158
4.980097398692363 8.768026374177504;-9.368265109141
4.982390076078099 8.770548755850582;-9.379886356934
4.984682109176811 8.773073702742826;-9.391517590920
4.986973482937357 8.775601219357798;-9.403158779007
4.989264182387837 8.778131310206343;-9.414809889635
4.99155419263627 8.78066397980673;-9.426470891776
4.993843498871199 8.783199232684604;-9.438141754943
4.996132086362378 8.785737073372976;-9.449822449190
4.998419940461455 8.788277506412411;-9.46151294512
5.000707046602658 8.790820536350916;-9.473213213889
5.00299339030351 8.793366167744116;-9.484923227207
5.005278957165414 8.795914405155154;-9.496642957347
5.007563732874184 8.798465253154808;-9.508372377143
5.00984770320081 8.80101871632146;-9.520111460002
5.012130854002118 8.803574799241344;-9.531860179899
5.014413171221156 8.806133506508298;-9.543618511389
5.016694640888138 8.80869484272406;-9.555386429606
5.018975249120588 8.811258812498101;-9.567163910267
5.021254982124331 8.813825420447882;-9.578950929678
5.0235338261937255 8.816394671198628;-9.590747464736
5.025811767712552 8.818966569383575;-9.602553492931
5.028088793154351 8.821541119644023;-9.614368992356
5.0303648890829376 8.824118326629248;-9.626193941700
5.03264004215311 8.826698194996558;-9.638028320261
5.034914239111044 8.829280729411588;-9.649872107945
5.037187466794807 8.831865934548022;-9.661725285268
5.03945971213478 8.834453815087786;-9.67358783336
5.041730962154377 8.837044375720941;-9.68545973397
5.044001203970533 8.839637621146165;-9.697340969481
5.046270424793692 8.842233556070218;-9.709231522871
5.048538611928906 8.844832185208366;-9.721131377765
5.050805752775998 8.847433513284388;-9.73304051841
5.053071834829753 8.850037545030444;-9.744958929700
5.055336845681021 8.852644285187436;-9.756886597140
5.057600773016434 8.855253738504667;-9.768823506888
5.059863604619222 8.857865909740196;-9.780769645738
5.062125328369499 8.860480803660737;-9.792725001126
5.064385932244667 8.863098425041864;-9.804689561134
5.066645404319919 8.865718778667803;-9.816663314490
5.068903732768449 8.86834186933177;-9.828646250571
5.071160905861754 8.870967701835701;-9.840638359406
5.0734169119704 8.87359628099068;-9.852639631678
5.075671739563857 8.876227611616711;-9.864650058726
5.077925377211129 8.878861698542925;-9.876669632545
5.080177813580923 8.881498546607409;-9.888698345791
5.082429037442347 8.88413816065752;-9.900736191780
5.084679037664644 8.886780545549906;-9.912783164494
5.086927803217987 8.88942570615031;-9.924839258576
5.089175323173519 8.892073647333982;-9.936904469340
5.0914215867037225 8.894724373985527;-9.94897879276
5.09366658308244 8.897377890998845;-9.961062225501
5.095910301685672 8.900034203277427;-9.973154764870
5.098152731991258 8.902693315734338;-9.985256408865
5.100393863579532 8.905355233292164;-9.997367156153
5.102633686133343 8.908019960883335;-10.009487006080
5.104872189438213 8.910687503449745;-10.021615958663
5.107109363382959 8.913357865943292;-10.033754014600
5.109345197959426 8.91603105332557;-10.045901175269
5.1115796832629155 8.918707070568159;-10.058057442725
5.1138128094923605 8.921385922652602;-10.070222819706
5.116044566950416 8.924067614570374;-10.08239730963
5.1182749460438135 8.926752151323056;-10.094580916601
5.120503937283237 8.929439537922336;-10.10677364540
5.122731531283785 8.9321297793901;-10.118975501504
5.124957718764952 8.934822880758555;-10.131186491061
5.127182490550842 8.937518847070242;-10.143406620913
5.129405837570081 8.940217683377975;-10.155635898588
5.131627750856312 8.942919394745187;-10.167874332299
5.133848221547895 8.94562398624558;-10.180121930947
5.136067240888439 8.94833146296362;-10.19237870412
5.13828480022641 8.951041829994272;-10.204644662097
5.140500891015579 8.95375509244323;-10.216919815840
5.142715504815053 8.956471255426914;-10.229204177005
5.144928633289188 8.95919032407271;-10.241497757935
5.1471402682078224 8.961912303518853;-10.25380057166
5.1493504014460765 8.964637198914344;-10.266112631908
5.151559024984783 8.967365015419412;-10.27843395308
5.153766130910254 8.970095758205352;-10.29076455029
5.155971711414283 8.972829432454505;-10.303104439316
5.15817575879432 8.975566043360532;-10.315453636643
5.160378265453295 8.978305596128264;-10.327812159439
5.162579223899796 8.981048095974044;-10.340180025561
5.164778626748051 8.983793548125531;-10.352557253557
5.166976466717857 8.986541957821876;-10.364943862663
5.169172736634598 8.989293330313918;-10.377339872802
5.171367429429138 8.99204767086392;-10.389745304587
5.173560538137766 8.99480498474601;-10.402160179318
5.175752055902501 8.997565277246073;-10.414584518982
5.17794197597056 9.000328553661793;-10.427018346256
5.1801302916944945 9.003094819302754;-10.439461684499
5.182316996532391 9.005864079490584;-10.451914557758
5.184502084047283 9.008636339558953;-10.464376990766
5.18668554790756 9.011411604853558;-10.476849008941
5.188867381886611 9.01418988073239;-10.489330638384
5.191047579862774 9.01697117256582;-10.501821905880
5.193226135819172 9.019755485736313;-10.514322838896
5.195403043844072 9.022542825639023;-10.526833465584
5.197578298130013 9.025333197681375;-10.539353814774
5.199751892974428 9.028126607283584;-10.551883915979
5.201923822778825 9.030923059878317;-10.564423799390
5.204094082049272 9.033722560911068;-10.576973495878
5.206262665395945 9.03652511584019;-10.589533036992
5.2084295675330115 9.03933073013672;-10.602102454956
5.2105947832785535 9.042139409284735;-10.61468178267
5.212758307554251 9.044951158781364;-10.627271053719
5.21492013538556 9.047765984136939;-10.63987030234
5.2170802619013354 9.050583890874952;-10.652479563479
5.219238682333392 9.053404884531917;-10.665098872712
5.22139539201684 9.056228970657918;-10.677728266312
5.223550386389585 9.059056154816416;-10.690367781218
5.225703660992119 9.061886442584319;-10.70301745503
5.227855211467483 9.064719839552142;-10.715677326032
5.230005033561143 9.067556351324166;-10.728347433155
5.232153123120474 9.070395983518262;-10.741027816004
5.234299476094778 9.073238741766156;-10.7537185148
5.236444088535 9.0760846317135;-10.766419570623
5.238586956593553 9.078933659020018;-10.779131024916
5.24072807652408 9.081785829359374;-10.791852919983
5.242867444681144 9.084641148419392;-10.804585298735
5.245005057520112 9.08749962190223;-10.817328204741
5.247140911596825 9.090361255524313;-10.83008168222
5.249275003567325 9.093226055016432;-10.842845776073
5.251407330187897 9.096094026123877;-10.855620531814
5.253537888314318 9.098965174606574;-10.868405995636
5.255666674902054 9.101839506239033;-10.881202214375
5.257793687005764 9.10471702681056;-10.894009235517
5.25991892177912 9.107597742125206;-10.90682710719
5.262042376474506 9.110481658002085;-10.919655878198
5.264164048442593 9.11336878027509;-10.932495597941
5.266283935132337 9.116259114793392;-10.945346316498
5.268402034090714 9.11915266742133;-10.958208084581
5.270518342962079 9.122049444038433;-10.971080953542
5.272632859488132 9.124949450539594;-10.983964975372
5.2747455815076325 9.127852692835196;-10.996860202700
5.276856506956099 9.130759176851202;-11.009766688792
5.278965633865239 9.133668908528973;-11.022684487549
5.281072960363181 9.136581893825737;-11.035613653503
5.283178484673622 9.139498138714563;-11.048554241820
5.285282205115932 9.142417649184422;-11.061506308296
5.287384120104482 9.14534043124018;-11.07446990935
5.289484228148661 9.148266490902836;-11.08744510205
5.291582527852251 9.151195834209462;-11.100431944055
5.293679017913467 9.15412846721358;-11.113430493674
5.295773697124227 9.157064395984895;-11.126440809830
5.2978665643701515 9.160003626609631;-11.139462952069
5.299957618630065 9.162946165190588;-11.152496980556
5.302046858975645 9.165892017847119;-11.1655429560
5.304134284571132 9.168841190715364;-11.17860094002
5.30621989467314 9.171793689948286;-11.191670994412
5.308303688630028 9.174749521715688;-11.204753181877
5.310385665881819 9.177708692204567;-11.217847565656
5.312465825959661 9.18067120761892;-11.23095420959
5.31454416848567 9.18363707418001;-11.244073178165
5.316620693172341 9.186606298126458;-11.257204536423
5.3186953998223405 9.189578885714093;-11.270348350046
5.320768288328251 9.192554843216387;-11.283504685312
5.322839358672043 9.195534176924413;-11.296673609103
5.324908610924718 9.19851689314694;-11.309855188900
5.326976045246111 9.201502998210584;-11.323049492788
5.32904166188438 9.204492498459748;-11.336256589447
5.331105461175772 9.207485400257022;-11.349476548156
5.333167443544072 9.210481709982938;-11.362709438791
5.335227609500427 9.213481434036359;-11.37595533182
5.337285959642847 9.216484578834303;-11.389214298305
5.339342494656011 9.219491150812386;-11.402486409901
5.34139721531068 9.222501156424594;-11.415771738851
5.343450122463343 9.225514602143631;-11.42907035798
5.345501217056091 9.228531494460805;-11.442382340730
5.347550500116137 9.23155183988648;-11.455707761086
5.3495979727551966 9.23457564494971;-11.469046693647
5.351643636169468 9.237602916198606;-11.482399213585
5.353687491639031 9.240633660200627;-11.495765396658
5.355729540527522 9.243667883542239;-11.509145319203
5.357769784281748 9.246705592829445;-11.522539058136
5.3598082244314735 9.249746794687594;-11.535946690952
5.361844862588866 9.252791495761594;-11.549368295724
5.363879700448072 9.255839702716228;-11.56280395109
5.365912739784951 9.258891422235857;-11.576253736300
5.367943982456792 9.261946661024718;-11.589717731121
5.369973430401723 9.265005425807297;-11.603196015930
5.372001085638361 9.268067723327926;-11.616688671667
5.374026950265561 9.271133560351325;-11.630195779840
5.376051026462024 9.274202943662468;-11.643717422525
5.378073316485855 9.277275880066897;-11.657253682368
5.380093822674118 9.280352376390566;-11.670804642580
5.382112547442569 9.283432439480032;-11.684370386938
5.384129493285284 9.28651607620296;-11.697950999783
5.386144662774109 9.28960329344765;-11.711546566020
5.388158058558551 9.292694098123475;-11.725157171115
5.390169683365281 9.295788497160997;-11.738782901097
5.392179539997587 9.29888649751197;-11.752423842555
5.394187631335155 9.30198810614945;-11.766080082638
5.396193960333845 9.305093330068159;-11.779751709052
5.398198530024972 9.308202176284192;-11.793438810062
5.400201343515084 9.311314651835369;-11.807141474489
5.402202403985706 9.314430763781482;-11.820859791711
5.404201714692794 9.31755051920421;-11.834593851660
5.406199278966538 9.320673925207307;-11.848343744825
5.408195100210721 9.323800988916597;-11.862109562244
5.410189181902579 9.326931717480333;-11.875891395513
5.412181527592393 9.330066118069135;-11.889689336777
5.414172140902972 9.333204197876166;-11.903503478734
5.416161025529528 9.336345964117198;-11.917333914630
5.418148185239039 9.339491424031065;-11.931180738266
5.420133623869981 9.34264058487914;-11.945044043989
5.422117345332081 9.345793453946031;-11.958923926696
5.424099353605834 9.348950038539387;-11.972820481832
5.426079652742134 9.352110345990303;-11.9867338053
5.428058246861914 9.355274383653251;-12.00066399391
5.4300351401558675 9.358442158906028;-12.014611144486
5.432010336883964 9.36161367915034;-12.028575354746
5.4339838413751504 9.364788951811535;-12.042556722872
5.435955658026957 9.367967984338856;-12.0565553475
5.4379257913051635 9.371150784205701;-12.07057132817
5.439894245743583 9.374337358909665;-12.084604764437
5.441861025943352 9.377527715972393;-12.098655756743
5.443826136572932 9.380721862940097;-12.112724405998
5.4457895823677 9.383919807383664;-12.12681081365
5.447751368129344 9.387121556898476;-12.140915081699
5.449711498725721 9.390327119104837;-12.155037312679
5.451669979090555 9.393536501647938;-12.169177609672
5.453626814223012 9.39674971219816;-12.183336076305
5.455582009187326 9.399966758451123;-12.19751281674
5.45753556911246 9.40318764812755;-12.211707935715
5.459487499191878 9.406412388973886;-12.225921538462
5.461437804682992 9.409640988762098;-12.240153730788
5.463386490907146 9.412873455289967;-12.254404619040
5.465333563248921 9.416109796381013;-12.268674310103
5.467279027156083 9.419350019884957;-12.282962911410
5.469222888139177 9.422594133677757;-12.297270530938
5.47116515177097 9.425842145661447;-12.311597277205
5.473105823686494 9.429094063764618;-12.32594325927
5.475044909582577 9.432349895942435;-12.340308586764
5.476982415217423 9.435609650176835;-12.354693369819
5.478918346410305 9.438873334476503;-12.36909771914
5.480852709041498 9.442140956877322;-12.383521745981
5.482785509051565 9.44541252544216;-12.397965562124
5.484716752441271 9.448688048261202;-12.412429279912
5.48664644527142 9.451967533452168;-12.42691301222
5.488574593662166 9.455250989160186;-12.441416872508
5.4905012037931 9.4585384235584;-12.455940974731
5.492426281902626 9.461829844847502;-12.470485433427
5.4943498342878225 9.465125261256448;-12.485050363675
5.4962718673041575 9.468424681042135;-12.499635881104
5.498192387365149 9.471728112490096;-12.514242101895
5.500111400942048 9.475035563914053;-12.528869142777
5.502028914563676 9.478347043656507;-12.54351712103
5.503944934815786 9.481662560088592;-12.558186154504
5.505859468341262 9.484982121610487;-12.572876361574
5.507772521839401 9.488305736651396;-12.587587861191
5.509684102066009 9.491633413669744;-12.602320772854
5.511594215832703 9.49496516115323;-12.617075216619
5.513502870007235 9.498300987619272;-12.631851313102
5.515410071512351 9.501640901614865;-12.64664918347
5.517315827326362 9.504984911716809;-12.661468949470
5.519220144482452 9.508333026532087;-12.676310733380
5.52112303006839 9.511685254697612;-12.691174658061
5.523024491226588 9.515041604880745;-12.706060846930
5.524924535153405 9.518402085779309;-12.720969423970
5.52682316909913 9.521766706121719;-12.735900513728
5.5287204003677335 9.52513547466719;-12.75085424132
5.53061623631662 9.52850840020597;-12.76583073242
5.532510684356252 9.531885491559377;-12.780830113302
5.5344037519501175 9.535266757579974;-12.795852510769
5.53629544661416 9.53865220715173;-12.81089805222
5.538185775916974 9.542041849190516;-12.825966865635
5.5400747474790055 9.545435692643649;-12.841059079549
5.54196236897298 9.548833746490574;-12.856174823087
5.543848648123047 9.55223601974261;-12.871314225950
5.545733592704996 9.55564252144365;-12.886477418420
5.547617210545882 9.559053260670042;-12.901664531360
5.549499509523704 9.562468246530555;-12.916875696218
5.551380497567143 9.565887488166746;-12.932111045024
5.553260182655771 9.569310994753357;-12.947370710401
5.55513857281929 9.572738775498186;-12.962654825557
5.557015676137565 9.576170839642144;-12.97796352429
5.5588915007406445 9.579607196459927;-12.993296941003
5.5607660548081 9.58304785525977;-13.00865521067
5.56263934656887 9.58649282538371;-13.024038468898
5.564511384301666 9.589942116207732;-13.039446851854
5.566382176334278 9.593395737142282;-13.054880496332
5.568251731043082 9.596853697632037;-13.070339539722
5.5701200568535345 9.600316007156115;-13.085824120020
5.571987162239514 9.603782675228471;-13.101334375831
5.573853055723342 9.607253711397982;-13.116870446368
5.5757177458756555 9.610729125248804;-13.13243247146
5.5775812413149115 9.61420892640007;-13.148020591550
5.579443550707582 9.617693124506578;-13.163634947697
5.581304682767888 9.621181729258874;-13.179275681581
5.583164646257353 9.62467475038322;-13.194942935506
5.58502344998495 9.628172197641833;-13.210636852399
5.586881102806883 9.631674080833454;-13.226357575815
5.588737613626305 9.635180409792847;-13.242105249939
5.590592991393409 9.638691194391901;-13.257880019593
5.592447245104891 9.642206444538745;-13.273682030228
5.594300383804148 9.645726170179005;-13.289511427940
5.596152416581065 9.649250381295255;-13.305368359463
5.598003352571764 9.652779087907481;-13.321252972177
5.59985320095843 9.656312300073308;-13.337165414107
5.601701970969449 9.659850027888163;-13.35310583393
5.603549671878861 9.663392281485434;-13.369074380978
5.605396313006713 9.666939071036788;-13.38507120523
5.607241903718402 9.670490406752174;-13.401096457350
5.609086453425048 9.67404629888014;-13.417150288629
5.610929971583159 9.67760675770821;-13.433232851047
5.612772467694361 9.681171793562664;-13.449344297248
5.6146139513055235 9.684741416809237;-13.465484780549
5.616454432008636 9.688315637852922;-13.481654454941
5.6182939194405055 9.69189446713843;-13.497853475095
5.620132423282863 9.6954779151503;-13.514081996365
5.621969953262186 9.699065992413109;-13.530340174792
5.623806519149502 9.702658709491702;-13.54662816710
5.6256421307605695 9.7062560769915;-13.562946130728
5.627476797955447 9.709858105558526;-13.579294223781
5.629310530638799 9.71346480587986;-13.595672605085
5.631143338759378 9.717076188683508;-13.612081434166
5.632975232310274 9.720692264738988;-13.62852087125
5.634806221328704 9.724313044857348;-13.644991077305
5.636636315895954 9.727938539891438;-13.661492213972
5.638465526137276 9.731568760736186;-13.678024443639
5.640293862221993 9.735203718328586;-13.694587929414
5.642121334363251 9.73884342364837;-13.7111828351
5.643947952817966 9.742487887717763;-13.727809325356
5.64577372788707 9.746137121602134;-13.744467565393
5.647598669914911 9.74979113640977;-13.761157721284
5.649422789289785 9.753449943292553;-13.77787995982
5.6512460964434705 9.757113553445757;-13.794634448538
5.653068601851322 9.760781978108819;-13.81142135573
5.654890316032356 9.764455228565014;-13.828240850444
5.656711249549181 9.768133316142153;-13.845093102494
5.658531413007678 9.771816252212366;-13.861978282458
5.660350817057568 9.775504048192973;-13.878896561689
5.6621694723916836 9.779196715546165;-13.895848112314
5.663987389746433 9.7828942657792;-13.912833107241
5.665804579901744 9.786596710445272;-13.929851720165
5.667621053680817 9.790304061143013;-13.946904125571
5.669436821950265 9.794016329517456;-13.963990498740
5.671251895620225 9.797733527259533;-13.981111015753
5.67306628564412 9.801455666106966;-13.998265853497
5.674880003019021 9.805182757844443;-14.015455189670
5.676693058785004 9.80891481430316;-14.03267920278
5.678505464026054 9.812651847362199;-14.049938072177
5.680317229869237 9.816393868947879;-14.067231978006
5.6821283674851895 9.8201408910343;-14.084561101262
5.683938888088017 9.823892925643813;-14.101925623776
5.685748802935558 9.827649984847044;-14.119325728216
5.687558123328872 9.831412080763224;-14.136761598103
5.689366860612749 9.835179225560433;-14.1542334178
5.691175026175609 9.83895143145599;-14.171741372557
5.692982631449462 9.842728710716548;-14.18928564845
5.69478968791025 9.846511075658528;-14.206866432451
5.6965962070772544 9.850298538648056;-14.224483912400
5.698402200513831 9.854091112101743;-14.242138277019
5.700207679827104 9.857888808486612;-14.259829715919
5.702012656668215 9.861691640320418;-14.277558419604
5.703817142732076 9.865499620172093;-14.295324579477
5.705621149758061 9.869312760661943;-14.313128387848
5.707424689529136 9.873131074461627;-14.330970037939
5.709227773872906 9.876954574295118;-14.348849723889
5.711030414660941 9.880783272938169;-14.366767640762
5.712832623809488 9.884617183219488;-14.384723984555
5.7146344132788816 9.888456318020113;-14.402718952198
5.716435795074114 9.892300690274302;-14.420752741568
5.718236781245013 9.896150312969853;-14.438825551492
5.720037383885833 9.900005199148014;-14.45693758175
5.721837615135824 9.903865361904176;-14.47508903309
5.7236374871790705 9.90773081438782;-14.493280107247
5.7254370122449725 9.91160156980314;-14.51151100689
5.727236202607747 9.915477641409131;-14.529781935716
5.729035070587157 9.919359042519977;-14.54809309838
5.730833628548245 9.923245786505428;-14.566444700575
5.7326318889014924 9.927137886790797;-14.58483694895
5.734429864103193 9.931035356857835;-14.603270051213
5.736227566655346 9.934938210244495;-14.621744216058
5.738025009105941 9.938846460545411;-14.640259653222
5.739822204049011 9.94276012141251;-14.65881657347
5.741619164124737 9.946679206554895;-14.67741518863
5.743415902019967 9.950603729739724;-14.696055711549
5.745212430467555 9.954533704791723;-14.714738356148
5.7470087622475905 9.95846914559426;-14.73346333741
5.7488049101865055 9.9624100660893;-14.752230871400
5.750600887158109 9.966356480277947;-14.771041175247
5.752396706083408 9.970308402220615;-14.78989446718
5.754192379930251 9.974265846037229;-14.808790966529
5.755987921714839 9.978228825908142;-14.827730893717
5.757783344500394 9.982197356073767;-14.846714470288
5.759578661398491 9.986171450835306;-14.865741918907
5.76137388556838 9.990151124555117;-14.884813463367
5.763169030218039 9.994136391656882;-14.903929328602
5.7649641086037615 9.998127266626222;-14.923089740692
5.7667591340303 10.002123764010557;-14.942294926870
5.768554119851862 10.006125898420175;-14.961545115538
5.770349079471254 10.010133684527942;-14.980840536268
5.772144026340898 10.01414713707007;-15.00018141981
5.773938973962812 10.01816627084626;-15.019567998129
5.775733935888679 10.022191100720194;-15.039000504353
5.7775289257201 10.026221641619701;-15.05847917284
5.779323957109193 10.030257908537587;-15.078004239173
5.781119043758368 10.034299916531426;-15.097575940147
5.782914199421013 10.038347680724373;-15.117194513805
5.784709437901126 10.042401216305398;-15.136860199433
5.786504773054345 10.0464605385295;-15.15657323757
5.788300218787482 10.050525662718448;-15.176333870039
5.790095789059256 10.054596604260821;-15.19614233991
5.79189149788054 10.058673378612648;-15.215998891568
5.7936873593142 10.062756001297634;-15.235903770672
5.7954833874758425 10.0668444879077;-15.255857224199
5.797279596534063 10.070938854103348;-15.275859500439
5.79907600071032 10.075039115613793;-15.295910849010
5.800872614279685 10.079145288237845;-15.316011520866
5.802669451570962 10.083257387844037;-15.336161768310
5.804466526966868 10.08737543037091;-15.356361845000
5.806263854904566 10.091499431827826;-15.376612005967
5.808061449875682 10.095629408294863;-15.396912507619
5.809859326427015 10.099765375923868;-15.41726360775
5.811657499160466 10.103907350938181;-15.43766556558
5.813455982733432 10.108055349633569;-15.45811864170
5.815254791859475 10.112209388378572;-15.478623098176
5.817053941308204 10.11636948361467;-15.499179198458
5.818853445906035 10.120535651857187;-15.519787207477
5.820653320536012 10.124707909695127;-15.540447391612
5.822453580138772 10.128886273792245;-15.56116001871
5.8242542397123795 10.13307076088694;-15.581925358121
5.8260553143129155 10.137261387793084;-15.602743680654
5.827856819054814 10.141458171400386;-15.623615258649
5.829658769111182 10.145661128674492;-15.644540365957
5.831461179714298 10.149870276658197;-15.665519277963
5.833264066155982 10.154085632471299;-15.68655227159
5.835067443787812 10.15830721331117;-15.707639625326
5.836871328021514 10.162535036453272;-15.728781619217
5.838675734329547 10.166769119251617;-15.749978534894
5.840480678245333 10.171009479139387;-15.771230655585
5.842286175364114 10.17525613362933;-15.79253826612
5.84409224134229 10.179509100314112;-15.81390165296
5.845898891899198 10.18376839686699;-15.835321104190
5.847706142816419 10.1880340410421;-15.856796909542
5.84951400993886 10.192306050675095;-15.878329360412
5.851322509174773 10.196584443683678;-15.8999187498
5.8531316564964495 10.200869238067957;-15.921565372681
5.854941467940945 10.205160451911157;-15.943269525300
5.856751959609708 10.2094581033799;-15.965031505906
5.8585631476698605 10.213762210724903;-15.986851614408
5.860375048354195 10.21807279228158;-16.008730152462
5.862187677961531 10.222389866469916;-16.03066742347
5.8640010528576045 10.226713451795943;-16.05266373265
5.865815189475457 10.231043566851616;-16.07471938695
5.867630104315632 10.235380230315576;-16.0968346951
5.869445813947026 10.239723460953753;-16.11900996789
5.871262335006998 10.24407327761969;-16.141245517580
5.8730796842021835 10.248429699255139;-16.163541658503
5.874897878308781 10.252792744890852;-16.185898706819
5.876716934173404 10.25716243364686;-16.20831698056
5.87853686871315 10.261538784733217;-16.23079679967
5.880357698916386 10.265921817450325;-16.253338485990
5.882179441843421 10.270311551189925;-16.275942363293
5.884002114626719 10.274708005435171;-16.29860875730
5.885825734471469 10.279111199761514;-16.321337995718
5.887650318656471 10.283521153837347;-16.34413040819
5.889475884534351 10.287937887424212;-16.366986326397
5.891302449532306 10.292361420377835;-16.389906084007
5.893130031152532 10.296791772648481;-16.412890016732
5.8949586469730395 10.301228964281448;-16.435938462331
5.896788314647937 10.305673015418064;-16.4590517606
5.898619051908215 10.310123946296008;-16.482230253532
5.900450876562205 10.314581777249698;-16.505474285054
5.9022838064965075 10.319046528711572;-16.52878420132
5.904117859676164 10.323518221211982;-16.552160350615
5.905953054145586 10.32799687538054;-16.57560308335
5.907789408029119 10.33248251194623;-16.59911275214
5.90962693953133 10.336975151737866;-16.62268971178
5.911465666938037 10.34147481568562;-16.64633431928
5.91330560861716 10.345981524820635;-16.67004693390
5.915146783018722 10.350495300276583;-16.693827917127
5.916989208675952 10.355016163289703;-16.717677632737
5.918832904206065 10.359544135199725;-16.74159644679
5.920677888310474 10.36407923745051;-16.765584727686
5.92252417977568 10.36862149159065;-16.789642846118
5.924371797474196 10.373170919274328;-16.81377117515
5.926220760364865 10.377727542261594;-16.83797009024
5.92807108749407 10.382291382420005;-16.86223996922
5.929922797995767 10.386862461724055;-16.88658119234
5.931775911092659 10.391440802256737;-16.910994142297
5.933630446096801 10.39602642620997;-16.935479204239
5.935486422410557 10.400619355885487;-16.960036765804
5.937343859527099 10.405219613695548;-16.984667217133
5.939202777030937 10.409827222163115;-17.009370950892
5.941063194599346 10.41444220392359;-17.03414836229
5.9429251320023955 10.41906458172461;-17.058999849140
5.944788609104124 10.423694378427426;-17.083925811799
5.946653645863359 10.428331617007258;-17.108926653279
5.948520262334421 10.432976320554259;-17.134002779225
5.950388478667948 10.43762851227447;-17.159154597947
5.952258315111566 10.442288215490072;-17.184382520448
5.954129792010919 10.446955453640625;-17.20968696044
5.956002929810348 10.45163025028364;-17.2350683343
5.957877749053596 10.456312629095576;-17.260527061498
5.959754270385163 10.461002613872294;-17.286063563789
5.9616325145504465 10.465700228530059;-17.31167826608
5.9635125023971955 10.470405497106354;-17.337371596036
5.965394254876367 10.475118443761053;-17.363143984189
5.967277793042479 10.479839092776563;-17.388995863961
5.969163138054997 10.484567468559069;-17.414927671697
5.971050311178866 10.48930359563924;-17.440939846684
5.9729393337859324 10.494047498673337;-17.467032831185
5.9748302273553 10.49879920244374;-17.49320707046
5.976723013474464 10.503558731859838;-17.519463012812
5.9786177138407 10.508326111959454;-17.54580110957
5.980514350261027 10.51310136790873;-17.572221815196
5.982412944654124 10.517884525003913;-17.59872558721
5.984313519050973 10.52267560867188;-17.625312886314
5.98621609559539 10.527474644470962;-17.651984176365
5.988120696545694 10.53228165809193;-17.678739924427
5.990027344275456 10.537096675359178;-17.705580600796
5.991936061274346 10.54191972223114;-17.732506679025
5.993846870149243 10.546750824801789;-17.759518635966
5.995759793625291 10.551590009301021;-17.78661695178
5.997674854547116 10.556437302096013;-17.813802110016
5.999592075879457 10.561292729691926;-17.84107459756
6.001511480708702 10.56615631873319;-17.868434904765
6.003433092243556 10.571028096004211;-17.89588352539
6.00535693381636 10.575908088430472;-17.92342095672
6.007283028884013 10.580796323079246;-17.951047699533
6.009211401029534 10.585692827161159;-17.978764258149
6.011142073962597 10.590597628030826;-18.006571140490
6.013075071520953 10.59551075318778;-18.034468858087
6.015010417671492 10.600432230277638;-18.06245792612
6.016948136511418 10.60536208709321;-18.090538863481
6.018888252269742 10.610300351575772;-18.1187121927
6.020830789307562 10.615247051815457;-18.14697844028
6.0227757721202355 10.620202216052858;-18.175338136235
6.024723225338265 10.625165872680055;-18.203791814587
6.026673173728222 10.630138050241575;-18.232340013190
6.028625642194415 10.635118777435386;-18.260983273801
6.0305806557794615 10.640108083114283;-18.289722142122
6.032538239666417 10.645105996286778;-18.3185571678
6.034498419179522 10.650112546118484;-18.347488904652
6.036461219785268 10.65512776193261;-18.376517910331
6.038426667094457 10.660151673212239;-18.405644746743
6.040394786862665 10.665184309600503;-18.434869979894
6.042365604992229 10.670225700902078;-18.46419417997
6.044339147533174 10.675275877084351;-18.493617921391
6.046315440684596 10.680334868278917;-18.52314178282
6.048294510796156 10.68540270478197;-18.552766347247
6.050276384369569 10.690479417056606;-18.58249220199
6.052261088059604 10.69556503573308;-18.61231993878
6.054248648675889 10.700659591610792;-18.642250153774
6.056239093183914 10.705763115658888;-18.672283447598
6.05823244870694 10.71087563901772;-18.702420425414
6.060228742527217 10.715997193000872;-18.732661696953
6.062228002087361 10.72112780909512;-18.76300787655
6.064230254991957 10.726267518962677;-18.793459583225
6.0662355290089085 10.73141635444218;-18.824017440673
6.068243852071179 10.736574347550116;-18.854682077366
6.070255252278317 10.741741530482242;-18.8854541265
6.07226975789756 10.746917935614404;-18.91633422641
6.074287397365895 10.752103595504591;-18.947323019920
6.076308199291512 10.757298542893727;-18.9784211550
6.078332192455301 10.762502810707792;-19.009629284776
6.080359405812233 10.767716432058362;-19.040948067127
6.0823898684935305 10.772939440244384;-19.072378165226
6.0844236098081215 10.778171868753807;-19.10392024735
6.086460659243707 10.7834137512649;-19.135574986998
6.088501046469391 10.78866512164746;-19.16734306290
6.0905448013366 10.793926013964372;-19.199225159144
6.092591953881362 10.799196462473565;-19.23122196514
6.094642534325475 10.804476501628796;-19.263334175761
6.096696573078924 10.809766166081813;-19.295562491339
6.098754100740701 10.815065490682853;-19.327907617749
6.100815148101853 10.820374510483807;-19.360370266466
6.102879746146131 10.82569326073836;-19.392951154614
6.104947926052398 10.831021776904192;-19.425651005031
6.107019719196268 10.836360094644048;-19.458470546321
6.109095157152199 10.841708249828434;-19.4914105129
6.111174271694916 10.847066278535655;-19.524471645185
6.113257094801897 10.852434217055011;-19.557654689377
6.115343658654938 10.857812101887367;-19.590960397810
6.117433995642175 10.86319996974746;-19.62438952887
6.1195281383598275 10.868597857565147;-19.657942847091
6.121626119614328 10.874005802486996;-19.691621123208
6.12372797242474 10.879423841878852;-19.725425134239
6.125833730024107 10.884852013326649;-19.759355663544
6.127943425861973 10.890290354638578;-19.793413500889
6.130057093606199 10.895738903846796;-19.827599442523
6.132174767144699 10.901197699208984;-19.861914291237
6.1342964805887465 10.906666779210871;-19.89635885644
6.136422268273757 10.912146182566948;-19.930933954240
6.138552164762304 10.917635948223483;-19.965640407488
6.140686204845617 10.923136115359197;-20.000479045878
6.142824423546594 10.928646723388253;-20.03545070601
6.144966856121231 10.93416781196135;-20.07055623146
6.1471135380616335 10.939699420968358;-20.10579647287
6.149264505097372 10.945241590539345;-20.141172288018
6.151419793198466 10.950794361047029;-20.176684541871
6.15357943857776 10.956357773109195;-20.212334106708
6.155743477692491 10.961931867589795;-20.248121862167
6.157911947247877 10.967516685601863;-20.284048695344
6.1600848841982145 10.973112268508471;-20.320115500856
6.162262325750399 10.978718657926285;-20.35632318094
6.164444309365239 10.984335895725883;-20.392672645545
6.166630872761006 10.989964024035485;-20.429164812375
6.1688220539153935 10.995603085241916;-20.46580060702
6.1710178910681766 11.00125312199337;-20.502580963035
6.173218422723453 11.006914177201159;-20.5395068219
6.175423687652556 11.012586294042512;-20.576579133641
6.1776337248967526 11.018269515962144;-20.613798855909
6.179848573769236 11.023963886674599;-20.651166955068
6.182068273858784 11.029669450167338;-20.688684405799
6.184292865031425 11.035386250701668;-20.726352191278
6.186522387433714 11.041114332816148;-20.764171303290
6.188756881495744 11.046853741328261;-20.802142742311
6.190996387933213 11.052604521337363;-20.840267517616
6.193240947750654 11.058366718226457;-20.878546647372
6.195490602244314 11.064140377665217;-20.91698115874
6.197745393004569 11.069925545611829;-20.95557208800
6.200005361919155 11.07572226831538;-20.99432048059
6.202270551176335 11.08153059231933;-21.033227391296
6.204541003267417 11.087350564463085;-21.072293884293
6.206816760990309 11.093182231885008;-21.111521033290
6.209097867451257 11.09902564202452;-21.15090992161
6.211384366069362 11.104880842625048;-21.190461642
6.213676300579381 11.11074788173701;-21.230177298413
6.21597371503365 11.116626807719483;-21.27005800270
6.21827665380709 11.12251766924379;-21.310104878205
6.220585161598629 11.128420515295884;-21.35031905808
6.222899283435931 11.134335395179155;-21.39070168584
6.225219064677235 11.140262358516805;-21.431253915421
6.22754455101577 11.146201455255229;-21.471976911302
6.229875788482518 11.152152735666958;-21.512871848670
6.23221282344956 11.158116250352547;-21.55393991351
6.234555702634049 11.164092050244554;-21.595182302757
6.236904473100383 11.17008018660963;-21.636600224390
6.239259182265316 11.176080711052185;-21.678194897601
6.2416198779000585 11.182093675516908;-21.71996755290
6.243986608134785 11.188119132292;-21.761919432279
6.246359421461657 11.19415713401244;-21.804051789303
6.248738366738552 11.20020773366255;-21.84636588929
6.251123493192653 11.206270984579715;-21.888863009441
6.253514850424496 11.212346940456916;-21.931544438961
6.2559124884112425 11.218435655346417;-21.974411479229
6.258316457510512 11.224537183662894;-22.017465443931
6.260726808464826 11.230651580186743;-22.060707659213
6.263143592404555 11.236778900067092;-22.10413946382
6.265566860852539 11.24291919882607;-22.14776220929
6.267996665727532 11.249072532360335;-22.191577260031
6.270433059348571 11.255238956947073;-22.23558599355
6.272876094438745 11.261418529245388;-22.27978980059
6.275325824128958 11.267611306300315;-22.324190085285
6.277782301962761 11.273817345547014;-22.36878826530
6.280245581900369 11.280036704813751;-22.413585772067
6.2827157183218905 11.286269442325702;-22.458584050870
6.285192766033264 11.292515616708966;-22.503784561081
6.287676780268457 11.29877528699309;-22.549188776296
6.290167816695936 11.30504851261682;-22.594798184532
6.292665931421576 11.311335353429952;-22.640614288389
6.295171180993423 11.317635869698341;-22.68663860524
6.297683622406703 11.32395012210756;-22.73287266743
6.300203313107589 11.330278171766556;-22.77931802242
6.302730310997889 11.33662008021192;-22.82597623301
6.305264674440446 11.342975909411754;-22.872848877557
6.307806462262727 11.349345721770076;-22.919937550084
6.3103557337625436 11.355729580130484;-22.967243860566
6.312912548711532 11.3621275477807;-23.01476943508
6.315476967361443 11.368539688456691;-23.06251591604
6.318049050448332 11.37496606634697;-23.110484962371
6.3206288591968605 11.38140674609682;-23.158678249744
6.323216455326049 11.387861792812599;-23.207097470777
6.3258119010544664 11.394331272066813;-23.25574433526
6.3284152591045615 11.40081524990171;-23.304620570363
6.331026592708172 11.40731379283457;-23.353727920871
6.333645965611746 11.413826967861793;-23.403068149399
6.336273442081529 11.420354842464013;-23.452643036630
6.338909086908787 11.426897484609901;-23.50245438153
6.341552965415632 11.433454962762523;-23.552504001641
6.344205143459144 11.440027345882646;-23.60279373322
6.34686568743844 11.446614703434703;-23.65332543158
6.349534664298831 11.453217105391095;-23.70410097130
6.352212141538432 11.459834622236988;-23.7551222464
6.35489818721299 11.466467324976135;-23.806391170892
6.357592869942566 11.473115285136172;-23.857909678511
6.360296258915726 11.479778574772352;-23.909679723485
6.363008423897002 11.486457266474714;-23.961703280553
6.365729435231296 11.493151433371855;-24.013982345283
6.368459363850919 11.499861149137002;-24.066518934349
6.3711982812816235 11.506586487994232;-24.11931508581
6.373946259647086 11.513327524722163;-24.17237285940
6.376703371676969 11.520084334661595;-24.225694336819
6.379469690712144 11.526856993719525;-24.27928162198
6.382245290710765 11.533645578375504;-24.333136841380
6.3850302462547734 11.540450165688567;-24.387262144352
6.38782463255661 11.547270833300997;-24.44165970338
6.390628525465148 11.554107659445966;-24.496331714435
6.39344200147241 11.56096072295311;-24.551280397246
6.396265137720031 11.56783010325425;-24.606507995660
6.399098012006293 11.574715880390107;-24.662016777956
6.401940702791423 11.581618135016553;-24.71780903716
6.404793289206468 11.588536948410832;-24.773887091440
6.407655851058417 11.595472402477808;-24.830253284346
6.410528468837692 11.602424579756933;-24.88690998525
6.413411223725683 11.609393563428354;-24.94385958967
6.41630419760086 11.616379437320516;-25.001104519615
6.419207473045697 11.623382285915921;-25.058647223949
6.42212113335456 11.630402194358053;-25.11649017878
6.4250452625410635 11.637439248459868;-25.174635887832
6.427979945344321 11.64449353470877;-25.233086882809
6.430925267237791 11.651565140275457;-25.291845723805
6.4338813144354265 11.65865415301978;-25.350914999682
6.436848173900126 11.665760661499133;-25.41029732848
6.4398259333502015 11.672884754975625;-25.469995357827
6.442814681268262 11.680026523423434;-25.530011765338
6.445814506907995 11.687186057536236;-25.59034925904
6.448825500302592 11.694363448736011;-25.651010577837
6.451847752272274 11.70155878917969;-25.711998491866
6.454881354432894 11.708772171767754;-25.77331580301
6.457926399202259 11.716003690151899;-25.83496534532
6.46098297981086 11.72325343874432;-25.89694998546
6.464051190307197 11.730521512724136;-25.959272623202
6.467131125568445 11.737808008047585;-26.021936191844
6.470222881307125 11.745113021455095;-26.08494365874
6.473326554080133 11.75243665048088;-26.148298025771
6.476442241297301 11.759778993461529;-26.212002329820
6.479570041229495 11.767140149544721;-26.276059643298
6.4827100530181045 11.77452021869817;-26.340473074646
6.485862376682784 11.781919301719112;-26.40524576885
6.489027113130691 11.789337500242693;-26.470380907993
6.492204364165156 11.796774916752552;-26.53588171173
6.495394232494741 11.804231654589563;-26.6017514379
6.498596821742369 11.811707817960963;-26.66799338313
6.5018122364537465 11.819203511951725;-26.73461088316
6.5050405821073785 11.826718842532868;-26.801607313712
6.50828196512324 11.834253916572505;-26.868986090894
6.511536492872262 11.841808841845475;-26.936750671851
6.514804273685138 11.849383727043678;-27.004904555351
6.518085416862741 11.856978681786947;-27.073451282404
6.521380032685352 11.864593816633777;-27.142394436888
6.52468823242169 11.872229243091416;-27.21173764617
6.528010128339462 11.879885073627447;-27.281484581768
6.5313458337136385 11.88756142168087;-27.351638959988
6.534695462837933 11.895258401672157;-27.422204542593
6.538059131034283 11.902976129016684;-27.493185137497
6.541436954661878 11.910714720134747;-27.564584599431
6.544829051128099 11.918474292463712;-27.63640683065
6.548235538898007 11.926254964470237;-27.708655781675
6.551656537505602 11.934056855662353;-27.781335451952
6.555092167562707 11.941880086600973;-27.85444989064
6.5585425507703 11.949724778913462;-27.92800319738
6.562007809928142 11.957591055305398;-28.00199952297
6.565488068946076 11.965479039573685;-28.076443070245
6.568983452853404 11.97338885661962;-28.151338094769
6.572494087810293 11.981320632461545;-28.226688905707
6.5760201011185035 11.989274494249164;-28.302499866613
6.579561621232225 11.997250570276938;-28.378775396263
6.58311877776749 12.005248989997012;-28.455519969491
6.586691701514612 12.013269884033717;-28.532738118054
6.590280524448376 12.02131338419827;-28.610434431509
6.5938853797392 12.029379623502853;-28.688613558098
6.597506401763683 12.037468736174565;-28.767280205641
6.601143726116932 12.04558085767138;-28.84643914247
6.604797489621413 12.05371612469632;-28.926095198370
6.608467830340553 12.061874675213053;-29.006253265488
6.612154887588405 12.070056648461913;-29.086918299355
6.615858801941622 12.07826218497493;-29.168095319838
6.619579715250717 12.086491426592707;-29.249789412154
6.623317770651186 12.09474451647955;-29.332005727880
6.627073112574729 12.103021599140453;-29.4147494859
6.6308458867612305 12.111322820438437;-29.49802597393
6.634636240270547 12.119648327610994;-29.58184054865
6.6384443214930275 12.127998269287536;-29.666198637764
6.6422702801615205 12.136372795506764;-29.751105740567
6.6461142673634175 12.144772057734398;-29.83656742924
6.649976435550991 12.153196208881722;-29.922589350003
6.653856938554648 12.16164540332356;-30.00917722420
PointOptimal;ValeurOptimale
[ 6.65385694 12.1616454 ];-30.00917722420786
Temps;Nb iteration
0.05823326110839844;1000