Point;Valeur
-4.53581214255234 4.763444754218456;0.29011983165474
-4.5325124664161365 4.759979518671061;0.2855373796752
-4.529208042191066 4.7565092954681605;0.28094178118311
-4.525898938864054 4.7530341570568;0.27633320980576
-4.522585225951994 4.7495541764409;0.2717118414577
-4.519266973495931 4.746069427174725;0.2670778543199
-4.5159442520547906 4.742579983356517;0.26243142881752
-4.512617132699134 4.739085919621832;0.2577727475979
-4.509285687004807 4.735587311136976;0.2531019955072
-4.505949987046173 4.732084233591857;0.24841935956611
-4.502610105389584 4.728576763193168;0.2437250289447
-4.49926611508652 4.725064976657124;0.23901919493750
-4.495918089666622 4.721548951202123;0.23430205093604
-4.4925661031306445 4.718028764541379;0.2295737924023
-4.489210229943112 4.714504494875215;0.22483461684043
-4.485850545025101 4.710976220883566;0.2200847237677
-4.4824871237467265 4.707444021717957;0.21532431468535
-4.479120041919544 4.703907976993569;0.21055359304792
-4.475749375788827 4.700368166781049;0.20577276423227
-4.47237520202573 4.6968246715984865;0.20098203550584
-4.46899759771928 4.693277572402886;0.19618161599398
-4.465616640368437 4.689726950581635;0.19137171664673
-4.46223240787367 4.686172887944161;0.18655255020486
-4.458844978528961 4.682615466712859;0.1817243311651
-4.455454431012946 4.679054769514592;0.1768872757451
-4.452060844380946 4.675490879371391;0.17204160184672
-4.448664298055812 4.671923879691632;0.16718752901989
-4.4452648718194325 4.668353854260864;0.16232527842512
-4.441862645803892 4.664780887232327;0.157455072795
-4.438457700482511 4.661205063117569;0.15257713639728
-4.435050116660627 4.657626466777095;0.1476916949922
-4.431639975466617 4.6540451834108225;0.14279897579628
-4.428227358342614 4.650461298548015;0.13789920743961
-4.424812347035259 4.646874898037783;0.13299261992571
-4.421395023586101 4.643286068039154;0.1280794445896
-4.417975470322123 4.639694895011026;0.12315991405593
-4.414553769846288 4.636101465702055;0.11823426219583
-4.4111300050277205 4.632505867140528;0.11330272408423
-4.407704258991994 4.628908186624078;0.10836553595588
-4.404276615111342 4.625308511709479;0.10342293516138
-4.400847156994612 4.621706930202204;0.09847516012239
-4.397415968477423 4.618103530145808;0.09352245028663
-4.393983133612074 4.61449839981142;0.08856504608230
-4.390548736657468 4.610891627687297;0.08360318887236
-4.38711286206881 4.6072833024679225;0.07863712090797
-4.383675594487545 4.603673513043381;0.07366708528203
-4.3802370187309325 4.600062348488423;0.06869332588195
-4.376797219781704 4.596449898051862;0.06371608734248
-4.373356282777751 4.592836251145259;0.05873561499779
-4.369914293001596 4.5892214973323995;0.05375215483375
-4.366471335870035 4.585605726317921;0.04876595343950
-4.363027496923432 4.581989027936432;0.04377725795892
-4.359582861815328 4.578371492141287;0.038786316041947
-4.356137516301663 4.574753208993665;0.03379337579559
-4.3526915462302735 4.571134268651233;0.02879868573476
-4.349245037530095 4.5675147613569385;0.023802494732824
-4.345798076200745 4.563894777427927;0.01880505197235
-4.342350748301496 4.560274407244066;0.01380660689516
-4.33890313994073 4.556653741236946;0.008807409152871
-4.335455337265102 4.553032869878422;0.0038077085568330
-4.332007426448826 4.549411883669398;-0.0011922449716336
-4.328559493683005 4.545790873128351;-0.006192201451287
-4.325111625164626 4.542169928780234;-0.011191910890949
-4.32166390708602 4.538549141145122;-0.01619112333937
-4.318216425624034 4.53492860072676;-0.021189588935361
-4.314769266929093 4.531308398001433;-0.026187057957680
-4.311322517114609 4.527688623406486;-0.031183280874988
-4.3078762622462765 4.524069367329166;-0.03617800839550
-4.304430588331205 4.520450720095302;-0.04117099151683
-4.300985581307062 4.516832771958133;-0.04616198157561
-4.297541327031863 4.5132156130867624;-0.05115073029686
-4.294097911272764 4.509599333555347;-0.05613698984328
-4.290655419695676 4.50598402333182;-0.06112051286434
-4.28721393785465 4.5023697722663885;-0.06610105254537
-4.283773551181203 4.498756670080813;-0.07107836265604
-4.280334344973853 4.495144806357241;-0.0760521975988
-4.276896404387481 4.4915342705271275;-0.08102231245722
-4.27345981442304 4.487925151860149;-0.08598846304370
-4.270024659917049 4.484317539453398;-0.09095040594718
-4.266591025531174 4.480711522220489;-0.09590789858032
-4.263158995741953 4.477107188880589;-0.10086069922656
-4.259728654830581 4.473504627947765;-0.10580856708649
-4.256300086872609 4.46990392772032;-0.11075126232412
-4.252873375727805 4.4663051762699055;-0.11568854611277
-4.2494486050302465 4.462708461431124;-0.12062018068024
-4.24602585817804 4.459113870790998;-0.12554592935385
-4.242605218323604 4.455521491678452;-0.13046555660491
-4.239186768363659 4.451931411153934;-0.13537882809276
-4.23577059092948 4.448343715999309;-0.14028551070816
-4.232356768377176 4.444758492707389;-0.14518537261648
-4.228945382778143 4.441175827471988;-0.1500781833000
-4.225536515909329 4.4375958061778435;-0.15496371360016
-4.222130249243781 4.4340185143907584;-0.15984173575860
-4.218726663941513 4.430444037347538;-0.1647120234583
-4.2153258408399665 4.426872459946406;-0.1695743518637
-4.211927860444902 4.4233038667373545;-0.17442849766054
-4.208532802921299 4.419738341912501;-0.17927423909453
-4.205140748084361 4.416175969296672;-0.18411135601023
-4.201751775390659 4.4126168323380695;-0.1889396298885
-4.198365963929291 4.40906101409903;-0.19375884388407
-4.1949833924131115 4.405508597246894;-0.19856878286141
-4.191604139170232 4.401959664045087;-0.20336923343106
-4.188228282135719 4.398414296343996;-0.20815998398453
-4.184855898842892 4.3948725755723235;-0.21294082472887
-4.18148706641529 4.391334582728555;-0.21771154772019
-4.1781218615584965 4.3878003983722405;-0.22247194689682
-4.174760360552167 4.384270102615496;-0.2272218181116
-4.17140263924209 4.380743775114928;-0.23196095916338
-4.168048773032287 4.377221495063459;-0.23668916982777
-4.16469883687766 4.373703341182087;-0.24140625188727
-4.1613529052762015 4.3701893917121435;-0.2461120091605
-4.158011052261686 4.366679724407521;-0.25080624753098
-4.154673351396431 4.363174416526952;-0.2554887749742
-4.1513398757640285 4.359673544826534;-0.2601594015857
-4.148010697962542 4.356177185552379;-0.26481793960608
-4.144685890097402 4.352685414433367;-0.26946420344707
-4.141365523774707 4.349198306674063;-0.2740980097161
-4.138049670094726 4.345715936947807;-0.2787191772399
-4.134738399645335 4.34223837938973;-0.28332752708775
-4.1314317824956674 4.338765707590399;-0.2879228825930
-4.128129888189777 4.335297994588982;-0.29250506937571
-4.124832785740865 4.331835312867129;-0.2970739153616
-4.121540543625091 4.328377734342453;-0.30162925080345
-4.1182532297758625 4.324925330362733;-0.3061709082985
-4.114970911578226 4.321478171699764;-0.3106987228080
-4.111693655863314 4.318036328543696;-0.31521253167323
-4.10842152890297 4.314599870497396;-0.31971217463273
-4.105154596404401 4.311168866570872;-0.3241974938379
-4.101892923505374 4.307743385175925;-0.3286683338676
-4.098636574769079 4.304323494121088;-0.33312454174243
-4.09538561417932 4.300909260606376;-0.33756596693765
-4.092140105135939 4.297500751218734;-0.3419924613957
-4.088900110450231 4.29409803192683;-0.3464038795383
-4.085665692340657 4.290701168076889;-0.35080007827612
-4.082436912428531 4.287310224388011;-0.3551809170198
-4.079213831734078 4.283925264948047;-0.359546257688
-4.075996510672318 4.2805463532093055;-0.36389596471933
-4.0727850090493325 4.277173551984692;-0.36822990507276
-4.069579386058775 4.27380692344384;-0.3725479482417
-4.066379700278247 4.270446529109386;-0.37684996625654
-4.063186009665815 4.2670924298535775;-0.3811358336902
-4.0599983715570005 4.263744685894671;-0.38540542766320
-4.056816842661668 4.2604033567939705;-0.3896586278467
-4.053641479060977 4.257068501452538;-0.3938953164661
-4.050472336204711 4.253740178108425;-0.3981153783027
-4.0473094689085976 4.250418444333656;-0.4023187006956
-4.044152931351797 4.247103357031961;-0.4065051735421
-4.041002777074462 4.243794972435974;-0.41067468929790
-4.037859058975766 4.240493346104964;-0.4148271429761
-4.034721829311558 4.237198532922825;-0.4189624321461
-4.031591139692512 4.233910587095782;-0.42308045693134
-4.028467041082277 4.230629562150725;-0.4271811200062
-4.0253495837958795 4.227355510933272;-0.4312643265929
-4.0222388174982395 4.224088485606178;-0.4353299844571
-4.0191347912024815 4.220828537648032;-0.4393780039030
-4.01603755326907 4.217575717851773;-0.44340829776769
-4.012947151404401 4.214330076323455;-0.44742078141527
-4.00986363265988 4.211091662481344;-0.4514153727299
-4.006787043431135 4.207860525054867;-0.455391992108
-4.003717429457025 4.204636712084022;-0.4593505624521
-4.000654835819327 4.20142027091849;-0.4632910091585
-3.9975993069421243 4.198211248217301;-0.46721326011142
-3.9945508865913673 4.195009689948442;-0.47111724567179
-3.9915096178747618 4.191815641388516;-0.47500289866697
-3.9884755432417047 4.188629147122766;-0.47887015437970
-3.9854487044831335 4.185450251044978;-0.4827189505367
-3.982429142731748 4.182278996357624;-0.4865492272969
-3.9794168984622993 4.179115425572244;-0.4903609272383
-3.97641201149189 4.175959580509719;-0.49415399534518
-3.9734145209805316 4.17281150230083;-0.4979283789945
-3.9704244654317162 4.169671231386812;-0.5016840279420
-3.9674418826931075 4.166538807520375;-0.505420894307
-3.964466809957396 4.163414269766207;-0.5091389325589
-3.9614992837633265 4.1602976565021645;-0.5128380994992
-3.9585393399966318 4.157189005420485;-0.5165183542478
-3.95558701389115 4.154088353528755;-0.5201796582258
-3.9526423400302946 4.150995737151312;-0.5238219751388
-3.9497053523482437 4.147911191930863;-0.527445270959
-3.94677608413146 4.144834752829805;-0.531049513910
-3.9438545680202894 4.141766454132049;-0.5346346744465
-3.9409408360106264 4.138706329444623;-0.5382007252349
-3.9380349194556805 4.135654411699561;-0.5417476411383
-3.9351368490679173 4.132610733156032;-0.545275399195
-3.9322466549207524 4.129575325402194;-0.5487839786005
-3.929364366450989 4.126548219357449;-0.5522733606857
-3.926490012460666 4.123529445274697;-0.5557435288990
-3.9236236211194386 4.120519032742674;-0.5591944687852
-3.920765219966894 4.117517010688353;-0.5626261679651
-3.917914835914894 4.11452340737951;-0.5660386161144
-3.9150724952501115 4.1115382504273255;-0.5694318049429
-3.912238223636667 4.108561566789108;-0.5728057281730
-3.9094120461186055 4.105593382771071;-0.5761603815181
-3.906593987122787 4.102633724031245;-0.579495762660
-3.903784070461686 4.099682615582366;-0.5828118712313
-3.9009823193362445 4.0967400817948905;-0.5861087087841
-3.8981887563387283 4.093806146400262;-0.5893862787768
-3.89540340345605 4.090880832493852;-0.5926445865468
-3.8926262820725928 4.0879641625384355;-0.5958836392885
-3.8898574129734635 4.08505615836742;-0.5991034460309
-3.8870968163477855 4.082156841188231;-0.6023040176138
-3.884344511791977 4.0792662315858745;-0.6054853666651
-3.881600518313095 4.076384349526339;-0.6086475075773
-3.8788648543322375 4.073511214360341;-0.6117904564841
-3.876137537688102 4.070646844826818;-0.6149142312366
-3.873418585640465 4.067791259056834;-0.6180188513798
-3.870708014873881 4.064944474577185;-0.621104338129
-3.8680058415012657 4.062106508314427;-0.6241707143457
-3.8653120810675237 4.059277376598606;-0.6272180045137
-3.8626267485534607 4.0564570951673415;-0.6302462347154
-3.859949858379558 4.053645679169636;-0.6332554326075
-3.857281424409781 4.0508431431702;-0.6362456273972
-3.854621459955504 4.048049501153287;-0.6392168498180
-3.851969977779457 4.045264766527021;-0.6421691321054
-3.849326990099722 4.042488952127451;-0.6451025079733
-3.8466925085937795 4.039722070222931;-0.6480170125895
-3.8440665444026187 4.036964132518336;-0.650912682551
-3.8414491081346753 4.034215150159323;-0.6537895558628
-3.8388402098702477 4.031475133736736;-0.6566476719084
-3.8362398591654463 4.028744093290967;-0.659487071431
-3.833648065056516 4.02602203831652;-0.6623077965071
-3.8310648360640904 4.023308977766262;-0.6651098905225
-3.828490180197463 4.020604920056044;-0.667893398149
-3.825924104958833 4.017909873069216;-0.6706583653204
-3.823366617347695 4.015223844161194;-0.6734048392081
-3.8208177238652326 4.01254684016398;-0.6761328681982
-3.818277430518657 4.009878867390767;-0.6788425018673
-3.8157457428256043 4.007219931640629;-0.6815337909593
-3.8132226658186434 4.004570038203128;-0.6842067873616
-3.8107082040496056 4.001929191863071;-0.6868615440819
-3.8082023615941254 3.999297396905102;-0.6894981152249
-3.805705142056225 3.9966746571183625;-0.692116555969
-3.80321654857259 3.994060975801503;-0.6947169225442
-3.8007365838173035 3.9914563557670677;-0.6972992722070
-3.7982652500062764 3.9888607993465417;-0.6998636632199
-3.795802548901804 3.986274308394947;-0.7024101548274
-3.7933484818171257 3.983696884295737;-0.7049388072340
-3.790903049620996 3.9811285279655024;-0.7074496815816
-3.7884662527422552 3.9785692398588672;-0.7099428399272
-3.786038091174464 3.9760190199731897;-0.7124183452210
-3.7836185644803666 3.973477867853534;-0.7148762612843
-3.781207671796637 3.9709457825973877;-0.7173166527877
-3.778805411838392 3.9684227628594275;-0.7197395852296
-3.776411782903787 3.9659088068565245;-0.7221451249144
-3.774026782878647 3.963403912372451;-0.7245333389318
-3.7716504092410332 3.9609080767628115;-0.726904295135
-3.7692826590659356 3.9584212969597767;-0.7292580621205
-3.7669235290298353 3.9559435694769407;-0.7315947092063
-3.7645730154152 3.9534748904141956;-0.7339143064125
-3.762231114115221 3.951015255462555;-0.7362169244401
-3.759897820638324 3.948564659909017;-0.7385026346511
-3.7575731301128115 3.9461230986412037;-0.7407715090482
-3.7552570372914307 3.943690566152382;-0.7430236202556
-3.7529495365559207 3.941267056546123;-0.7452590414985
-3.7506506219215963 3.9388525635411966;-0.7474778465843
-3.7483602870418786 3.936447080476303;-0.749680109883
-3.746078525212914 3.9340506003148326;-0.7518659063099
-3.743805329378035 3.9316631156496653;-0.7540353113026
-3.7415406921322605 3.929284618708002;-0.7561884008068
-3.7392846057269713 3.9269151013559056;-0.758325251255
-3.737037062074232 3.9245545551032226;-0.7604459395525
-3.7347980527513522 3.9222029711081365;-0.7625505430517
-3.732567569005389 3.9198603401819923;-0.7646391395421
-3.7303456017575494 3.9175266527939026;-0.7667118072286
-3.728132141607647 3.9152018990754613;-0.7687686247155
-3.725927178838499 3.9128860688253733;-0.7708096709887
-3.723730703420451 3.9105791515140114;-0.77283502539
-3.7215427050156222 3.9082811362881458;-0.7748447676467
-3.7193631729823693 3.9059920119754525;-0.7768389777619
-3.717192096379544 3.9037117670891313;-0.7788177360917
-3.7150294639709354 3.9014403898324184;-0.7807811232824
-3.7128752642295133 3.8991778681031004;-0.7827292202636
-3.7107294853417945 3.896924189498093;-0.7846621082334
-3.7085921152119825 3.894679341317877;-0.7865798686422
-3.7064631414663083 3.8924433105709664;-0.788482583178
-3.7043425514572554 3.8902160839783115;-0.7903703337519
-3.7022303322677184 3.8879976479777607;-0.7922432024817
-3.7001264707152304 3.8857879887284357;-0.7941012716793
-3.6980309533561506 3.8835870921150724;-0.7959446238351
-3.6959437664895836 3.8813949437524604;-0.7977733416048
-3.6938648961617853 3.8792115289895697;-0.7995875077948
-3.6917943281700722 3.8770368329139897;-0.8013872053491
-3.6897320480668565 3.8748708403561776;-0.8031725173354
-3.6876780411637657 3.8727135358936033;-0.8049435269324
-3.6856322925356224 3.8705649038550023;-0.806700317416
-3.683594787024374 3.8684249283246115;-0.8084429721483
-3.681565509243106 3.8662935931461826;-0.8101715745620
-3.6795444435798625 3.864170881927267;-0.8118862081510
-3.677531574201742 3.862056778043168;-0.8135869564567
-3.6755268850585106 3.859951264641089;-0.8152739030564
-3.673530359886645 3.8578543246440797;-0.8169471315516
-3.6715419822130606 3.85576594075517;-0.8186067255564
-3.6695617353588554 3.853686095461219;-0.8202527686864
-3.667589602443138 3.8516147710369335;-0.8218853445473
-3.6656255663867423 3.849551949548726;-0.8235045367240
-3.663669609915914 3.8474976128585987;-0.825110428770
-3.6617217155659287 3.845451742628099;-0.8267031041979
-3.659781865684785 3.843414320321999;-0.8282826464663
-3.6578500424368103 3.8413853272121172;-0.8298491389729
-3.6559262278061935 3.83936474438117;-0.8314026650428
-3.6540104036005987 3.8373525527263768;-0.8329433079192
-3.652102551454605 3.8353487329632467;-0.8344711507539
-3.650202652833289 3.833353265629115;-0.835986276598
-3.648310689035571 3.8313661310869565;-0.8374887683928
-3.6464266411976967 3.8293873095288324;-0.8389787089605
-3.6445504902966266 3.827416780979477;-0.840456180996
-3.642682217153464 3.8254545252998886;-0.8419212670586
-3.6408218024366663 3.8235005221907827;-0.843374049561
-3.638969226665367 3.8215547511961225;-0.84481461076
-3.637124470212788 3.8196171917064383;-0.8462430327772
-3.6352875133092986 3.817687822962336;-0.8476593975223
-3.633458336045736 3.815766624057816;-0.8490637867594
-3.631636918376535 3.8138535739436166;-0.850456282060
-3.6298232401229313 3.8119486514305425;-0.8518369648083
-3.6280172809759206 3.8100518351927417;-0.8532059161850
-3.626219020499605 3.8081631037708354;-0.8545632171691
-3.624428438133981 3.806282435575349;-0.8559089485271
-3.622645513198175 3.8044098088896154;-0.8572431908067
-3.6208702248932854 3.802545201873116;-0.8585660243309
-3.6191025523053755 3.8006885925645513;-0.8598775291910
-3.6173424744084413 3.7988399588848436;-0.8611777852412
-3.615589970067334 3.796999278640202;-0.8624668720923
-3.6138450180405286 3.7951665295252024;-0.8637448691054
-3.6121075969830434 3.7933416891257297;-0.8650118553872
-3.6103776854492056 3.791524734921887;-0.8662679097836
-3.608655261895426 3.7897156442909647;-0.8675131108748
-3.606940304682964 3.7879143945102953;-0.8687475369699
-3.6052327920806473 3.7861209627600596;-0.8699712661020
-3.6035327022675414 3.7843353261261763;-0.8711843760230
-3.601840013335577 3.7825574616030924;-0.8723869441990
-3.600154703292179 3.7807873460964316;-0.8735790478057
-3.598476750062917 3.779024956425864;-0.8747607637239
-3.5968061314940005 3.777270269327665;-0.8759321685347
-3.595142825354829 3.7755232614574754;-0.8770933385160
-3.593486809340517 3.773783909392853;-0.8782443496379
-3.5918380610743137 3.7720521896359163;-0.8793852775587
-3.5901965581101134 3.770328078615881;-0.880516197621
-3.5885622779348303 3.768611552691609;-0.881637184849
-3.5869351979707575 3.76690258815412;-0.8827483139449
-3.585315295578 3.765201161229043;-0.8838496592814
-3.583702548056704 3.7635072480790734;-0.8849412949044
-3.5820969326494136 3.761820824806389;-0.8860232945265
-3.580498426543337 3.760141867454986;-0.8870957315242
-3.5789070068725657 3.7584703520131217;-0.8881586789350
-3.577322650720265 3.756806254415557;-0.8892122094549
-3.5757453351209434 3.7551495505458616;-0.8902563954354
-3.574175037062476 3.7535002162386926;-0.8912913088808
-3.5726117334883227 3.7518582272820407;-0.8923170214457
-3.5710554012996436 3.750223559419397;-0.8933336044327
-3.5695060173572815 3.748596188351966;-0.894341128790
-3.5679635584838936 3.7469760897407394;-0.8953396651090
-3.566428001465904 3.7453632392087326;-0.896329283622
-3.564899323055542 3.7437576123429688;-0.8973100542027
-3.5633774999727357 3.742159184696587;-0.8982820463587
-3.5618625089070926 3.7405679317908955;-0.8992453292355
-3.560354326519854 3.7389838291172657;-0.9001999716117
-3.558852929445699 3.737406852139247;-0.9011460418981
-3.557358294294621 3.7358369762944825;-0.9020836081360
-3.5558703976537815 3.7342741769965553;-0.9030127379959
-3.5543892160892874 3.732718429636967;-0.9039334987763
-3.5529147261480265 3.731169709586913;-0.9048459574018
-3.551446904359307 3.729627992199281;-0.9057501804227
-3.5499857272366935 3.728093252810317;-0.9066462340135
-3.548531171279679 3.726565466741456;-0.9075341839715
-3.5470832129753553 3.7250446093011105;-0.9084140957167
-3.5456418288000675 3.7235306557863845;-0.9092860342904
-3.544206995220995 3.722023581484808;-0.9101500643542
-3.54277868869789 3.7205233616760047;-0.9110062501898
-3.541356885684505 3.7190299716333652;-0.9118546556982
-3.5399415626302724 3.7175433866256222;-0.9126953443989
-3.5385326959817336 3.7160635819186005;-0.9135283794297
-3.537130262184152 3.7145905327766418;-0.9143538235461
-3.5357342376828753 3.7131242144642878;-0.9151717391210
-3.5343445989249718 3.7116646022477067;-0.9159821881444
-3.5329613223605345 3.7102116713963698;-0.9167852322230
-3.5315843844441206 3.708765397184356;-0.9175809325804
-3.5302137616361926 3.707325754891939;-0.9183693500569
-3.5288494304044304 3.7058927198070144;-0.9191505451090
-3.5274913672251893 3.704466267226498;-0.9199245778102
-3.5261395485847125 3.7030463724577087;-0.9206915078504
-3.5247939509804995 3.7016330108198003;-0.9214513945363
-3.523454550922607 3.700226157645071;-0.9222042967917
-3.522121324934881 3.698825788280292;-0.9229502731576
-3.5207942495562214 3.69743187808806;-0.9236893817925
-3.5194733013418267 3.69604440244798;-0.9244216804728
-3.518158456864331 3.6946633367580928;-0.925147226593
-3.5168496927150983 3.6932886564359677;-0.9258660771674
-3.515546985505277 3.69192033692003;-0.9265782888278
-3.5142503118669923 3.690558353670715;-0.9272839178269
-3.5129596484545136 3.6892026821716337;-0.9279830200377
-3.5116749719452858 3.687853297930805;-0.9286756509540
-3.510396259041068 3.6865101764816837;-0.9293618656914
-3.509123486468937 3.6851732933844255;-0.9300417189880
-3.5078566309824555 3.6838426242268523;-0.9307152652050
-3.506595669362552 3.682518144625652;-0.9313825583276
-3.5053405784186995 3.6811998302273166;-0.932043651965
-3.5040913349897362 3.679887656709324;-0.9326985993557
-3.5028479159449697 3.67858159978105;-0.9333474533596
-3.5016102981850614 3.6772816351848148;-0.9339902664675
-3.500378458643046 3.675987738696873;-0.9346270907983
-3.499152374285149 3.674699886128435;-0.9352579781003
-3.497932022111768 3.673418053326499;-0.9358829797525
-3.4967173791583672 3.6721422161748674;-0.9365021467658
-3.4955084224962762 3.670872350595067;-0.9371155297840
-3.4943051292336125 3.6696084325472222;-0.9377231790850
-3.4931074765161076 3.668350438030937;-0.9383251445818
-3.4919154415279063 3.6670983430861446;-0.9389214758242
-3.490729001492412 3.6658521237939885;-0.9395122219994
-3.4895481336730283 3.6646117562776297;-0.9400974319338
-3.4883728153739546 3.6633772167030947;-0.9406771540940
-3.487203023940968 3.662148481280019;-0.9412514365
-3.4860387367621612 3.660925526262431;-0.9418203271680
-3.484879931268594 3.659708327949617;-0.942383873228
-3.4837265849351615 3.6584968626867047;-0.9429421218110
-3.4825786752811583 3.6572911068655394;-0.9434951196042
-3.4814361798709967 3.6560910369253454;-0.944042912944
-3.480299076314899 3.6548966293534426;-0.9445855478201
-3.4791673422695535 3.6537078606859166;-0.9451230698685
-3.478040955438735 3.6525247075083245;-0.9456555243815
-3.4769198935739842 3.6513471464563008;-0.9461829563053
-3.4758041344751103 3.6501751542162832;-0.9467054102420
-3.474693655990926 3.649008707526057;-0.9472229304514
-3.473588436019739 3.6478477831754335;-0.9477355608524
-3.4724884525099773 3.646692358006847;-0.9482433450248
-3.4713936834607293 3.6455424089159076;-0.9487463262105
-3.4703041069222804 3.644397912852015;-0.9492445473156
-3.4692197009966748 3.643258846818886;-0.9497380509118
-3.468140443838232 3.6421251878751444;-0.9502268792379
-3.4670663136540734 3.6409969131348303;-0.950711074201
-3.465997288704572 3.6398739997679446;-0.951190677381
-3.464933347303869 3.6387564250009214;-0.9516657300280
-3.4638744678203737 3.6376441661171874;-0.9521362730655
-3.4628206286771848 3.6365372004575898;-0.9526023470942
-3.461771808352562 3.6354355054208973;-0.9530639923916
-3.460727985380365 3.6343390584642643;-0.9535212489141
-3.459689138350488 3.633247837103676;-0.9539741562989
-3.458655245909256 3.632161818914376;-0.9544227538660
-3.4576262867598486 3.6310809815313263;-0.9548670806192
-3.4566022396627005 3.630005302649603;-0.9553071752486
-3.455583083435878 3.628934760024799;-0.9557430761321
-3.4545687969554786 3.62786933147341;-0.9561748213369
-3.4535593591559355 3.626808994873232;-0.9566024486216
-3.4525547490304307 3.625753728163744;-0.9570259954379
-3.4515549456312153 3.6247035093464497;-0.9574454989325
-3.450559928069965 3.6236583164852174;-0.9578609959483
-3.4495696755180627 3.6226181277066667;-0.958272523027
-3.4485841672069495 3.6215829212004778;-0.9586801164107
-3.4476033824284236 3.6205526752196846;-0.959083812042
-3.446627300534951 3.619527368080999;-0.9594836455713
-3.4456559009399053 3.6185069781651427;-0.9598796523493
-3.4446891631178773 3.6174914839171515;-0.9602718674376
-3.443727066604964 3.61648086384655;-0.9606603256061
-3.442769590998986 3.6154750965277764;-0.9610450613358
-3.4418167159597965 3.614474160600312;-0.9614261088206
-3.4408684212094607 3.6134780347690416;-0.9618035019690
-3.4399246865325104 3.61248669780443;-0.9621772744061
-3.4389854917761937 3.6115001285427892;-0.9625474594750
-3.438050816850687 3.610518305886502;-0.9629140902393
-3.437120641729282 3.609541208804252;-0.9632771994842
-3.4361949464486194 3.608568816331216;-0.9636368197188
-3.4352737111088403 3.607601107569293;-0.9639929831778
-3.4343569158738116 3.606638061687291;-0.9643457218231
-3.4334445409713052 3.60567965792107;-0.9646950673459
-3.432536566693158 3.6047258755738127;-0.9650410511681
-3.431632973395412 3.603776694016138;-0.9653837044448
-3.4307337414984946 3.6028320926862607;-0.9657230580653
-3.429838851487384 3.6018920510901795;-0.9660591426555
-3.4289482839117493 3.6009565488018165;-0.9663919885795
-3.428062019386048 3.6000255654631346;-0.9667216259411
-3.427180038589701 3.599099080784314;-0.9670480845862
-3.4263023222671842 3.5981770745438473;-0.9673713941041
-3.425428851228153 3.5972595265887044;-0.9676915838294
-3.424559606347556 3.5963464168343853;-0.9680086828439
-3.4236945685657565 3.5954377252650787;-0.9683227199782
-3.4228337188885867 3.594533431933751;-0.9686337238137
-3.4219770383874764 3.5936335169622318;-0.9689417226841
-3.4211245081995205 3.5927379605413163;-0.9692467446775
-3.4202761095275496 3.5918467429308283;-0.9695488176378
-3.419431823640225 3.590959844459731;-0.9698479691666
-3.4185916318720935 3.5900772455261483;-0.9701442266250
-3.4177555156236394 3.589198926597483;-0.9704376171355
-3.416923456361377 3.5883248682104316;-0.9707281675833
-3.4160954356178395 3.5874550509710743;-0.971015904618
-3.4152714349916855 3.586589455554886;-0.9713008546571
-3.414451436147704 3.585728062706819;-0.9715830438840
-3.413635420816858 3.5848708532412807;-0.9718624982534
-3.4128233707963034 3.584017808042219;-0.9721392434914
-3.412015267949437 3.5831689080631577;-0.9724133050970
-3.411211094205891 3.582324134327138;-0.9726847083443
-3.4104108315615784 3.5814834679267955;-0.9729534782843
-3.4096144620786646 3.580646890024382;-0.9732196397461
-3.4088219678855842 3.5798143818517274;-0.9734832173387
-3.408033331177069 3.578985924710261;-0.9737442354529
-3.4072485342141086 3.578161499971018;-0.9740027182630
-3.406467559323956 3.577341089074611;-0.9742586897281
-3.4056903889001293 3.576524673531219;-0.9745121735940
-3.404917005402353 3.5757122349205988;-0.9747631933947
-3.404147391356588 3.574903754892002;-0.9750117724544
-3.4033815293549656 3.574099215164213;-0.9752579338885
-3.40261940205579 3.573298597525489;-0.9755017006059
-3.4018609921834813 3.5725018838335028;-0.9757430953099
-3.4011062825285436 3.5717090560153393;-0.9759821405006
-3.4003552559475074 3.5709200960674385;-0.9762188584757
-3.399607895362939 3.570134986055558;-0.9764532713328
-3.3988641837633287 3.569353708114699;-0.9766854009704
-3.398124104203066 3.5685762444490634;-0.9769152690899
-3.3973876398023855 3.5678025773319977;-0.977142897196
-3.3966547737473043 3.567032689105943;-0.9773683066028
-3.3959254892895476 3.566266562182336;-0.9775915184264
-3.3951997697465153 3.565504179041568;-0.9778125535956
-3.3944775985011777 3.5647455222328874;-0.9780314328485
-3.393758959002019 3.5639905743743485;-0.9782481767355
-3.3930438347629437 3.563239318152728;-0.9784628056202
-3.3923322093632198 3.562491736323426;-0.9786753396813
-3.391624066447397 3.561747811710376;-0.9788857989142
-3.3909193897251955 3.5610075272059847;-0.9790942031319
-3.3902181629714323 3.560270865771021;-0.979300571967
-3.3895203700259566 3.559537810434511;-0.9795049248742
-3.3888259947935104 3.558808344293647;-0.9797072811284
-3.3881350212436554 3.5580824505137123;-0.979907659830
-3.3874474334106797 3.5573601123279355;-0.9801060799043
-3.386763215393475 3.556641313037402;-0.9803025601033
-3.3860823513554696 3.555926036010938;-0.9804971190072
-3.385404825524464 3.555214264685021;-0.9806897750259
-3.384730622192585 3.55450598256364;-0.9808805464003
-3.3840597257161114 3.553801173218187;-0.9810694512035
-3.383392120515412 3.5530998202873274;-0.981256507342
-3.3827277910747924 3.552401907476906;-0.9814417325605
-3.3820667219424188 3.551707418559776;-0.9816251444354
-3.3814088977301333 3.5510163373757084;-0.9818067603844
-3.380754303113383 3.550328647831271;-0.9819865976637
-3.3801029228310924 3.5496443338996446;-0.9821646733702
-3.379454741685502 3.54896337962053;-0.9823410044427
-3.378809744542057 3.5482857691000307;-0.982515607663
-3.3781679163292795 3.547611486510462;-0.9826884996591
-3.3775292420386647 3.5469405160902263;-0.9828596969029
-3.3768937067244673 3.546272842143707;-0.9830292157147
-3.376261295503615 3.5456084490411115;-0.9831970722635
-3.375631993555591 3.5449473212182685;-0.983363282567
-3.3750057861222613 3.5442894431765417;-0.9835278624973
-3.3743826585077206 3.5436347994826827;-0.9836908277745
-3.3737625960781745 3.542983374768628;-0.9838521939752
-3.3731455842617795 3.542335153731403;-0.98401197653
-3.372531608548514 3.5416901211329246;-0.9841701907272
-3.3719206544899976 3.541048261799874;-0.9843268517102
-3.371312707699377 3.5404095606235044;-0.9844819744826
-3.370707753851128 3.5397740025595272;-0.9846355739076
-3.370105778680961 3.539141572627903;-0.9847876647095
-3.3695067679856097 3.5385122559127247;-0.9849382614748
-3.368910707622703 3.537886037562039;-0.9850873786538
-3.3683175835106227 3.5372629027876257;-0.9852350305611
-3.3677273816283004 3.536642836864935;-0.9853812313774
-3.3671400880151037 3.536025825132817;-0.9855259951505
-3.3665556887706405 3.535411852993421;-0.9856693357963
-3.36597417005461 3.534800905911996;-0.9858112671001
-3.365395518086646 3.534192969416723;-0.9859518027177
-3.3648197191461406 3.53358802909854;-0.986090956176
-3.3642467595720773 3.5329860706109892;-0.986228740877
-3.3636766257628805 3.5323870796699914;-0.9863651700929
-3.3631093041762274 3.5317910420537233;-0.9865002569736
-3.3625447813288813 3.5311979436024217;-0.9866340145443
-3.3619830437965303 3.530607770218181;-0.9867664557073
-3.361424078213627 3.5300205078648066;-0.9868975932434
-3.360867871273194 3.529436142567616;-0.9870274398126
-3.3603144097266564 3.5288546604132667;-0.9871560079556
-3.3597636803836712 3.5282760475495722;-0.9872833100942
-3.3592156701119595 3.5277002901853036;-0.9874093585331
-3.3586703658371135 3.527127374590033;-0.987534165460
-3.358127754542451 3.526557287093934;-0.9876577429491
-3.3575878232688043 3.525990014087576;-0.9877801029574
-3.3570505591143665 3.5254255420217815;-0.9879012573305
-3.3565159492344954 3.524863857407395;-0.9880212178014
-3.3559839808415592 3.5243049468151266;-0.9881399959917
-3.3554546412047137 3.5237487968753642;-0.9882576034125
-3.35492791764978 3.5231953942779555;-0.9883740514658
-3.3544037975590246 3.5226447257720226;-0.9884893514455
-3.3538822683709837 3.5220967781658175;-0.9886035145376
-3.353363317580283 3.5215515383264675;-0.9887165518222
-3.3528469327374526 3.5210089931798474;-0.98882847427
-3.352333101448785 3.5204691297103077;-0.9889392927626
-3.351821811376066 3.5199319349605687;-0.9890490180549
-3.351313050236466 3.519397396031471;-0.9891576608148
-3.350806805802332 3.518865500081797;-0.9892652316046
-3.3503030659009956 3.5183362343280846;-0.9893717408858
-3.3498018184146003 3.5178095860444127;-0.9894771990202
-3.3493030512798905 3.5172855425622434;-0.9895816162706
-3.3488067524880716 3.516764091270181;-0.9896850028019
-3.348312910084573 3.516245219613812;-0.9897873686818
-3.3478215121689034 3.5157289150954845;-0.9898887238818
-3.347332546894439 3.5152151652741495;-0.9899890782780
-3.346846002468235 3.5147039577651142;-0.9900884416520
-3.346361867150872 3.5141952802398846;-0.9901868236919
-3.345880129256219 3.5136891204259446;-0.9902842339930
-3.3454007771512817 3.5131854661065773;-0.9903806820586
-3.344923799256007 3.5126843051206555;-0.990476177301
-3.3444491840430812 3.512185625362446;-0.9905707290423
-3.343976920037762 3.511689414781416;-0.9906643465151
-3.3435069958176644 3.511195661382044;-0.9907570388634
-3.3430394000126107 3.510704353223593;-0.990848815143
-3.3425741213043993 3.510215478419937;-0.9909396843249
-3.342111148426642 3.509729025139358;-0.9910296552906
-3.3416504701645713 3.5092449816043483;-0.991118736838
-3.341192075354855 3.508763336091403;-0.9912069376818
-3.340735952885389 3.5082840769308286;-0.9912942664499
-3.340282091695114 3.5078071925065624;-0.991380731689
-3.33983048077386 3.507332671255925;-0.9914663418641
-3.3393811091620993 3.506860501669479;-0.9915511053570
-3.3389339659508197 3.5063906722907827;-0.9916350304700
-3.338489040281285 3.5059231717162245;-0.9917181254250
-3.338046321344852 3.5054579885948236;-0.9918003983647
-3.337605798382816 3.504995111628001;-0.9918818573533
-3.337167460686204 3.5045345295693977;-0.9919625103772
-3.336731297595559 3.504076231224696;-0.992042365345
-3.3362972985007913 3.5036202054514023;-0.9921214300924
-3.3358654528409706 3.503166441158645;-0.9921997123740
-3.3354357501041334 3.5027149273069877;-0.9922772198733
-3.3350081798271107 3.502265652908215;-0.9923539601986
-3.334582731595322 3.5018186070251587;-0.9924299408846
-3.334159395042598 3.5013737787714883;-0.9925051693932
-3.333738159850981 3.5009311573114985;-0.9925796531142
-3.333319015750548 3.50049073185994;-0.9926533993659
-3.3329019525192307 3.500052491681788;-0.9927264153956
-3.332486959982607 3.499616426092095;-0.9927987083807
-3.332074028013733 3.4991825244557297;-0.9928702854290
-3.3316631465329385 3.4987507761872485;-0.9929411535795
-3.3312543055076373 3.49832117075064;-0.9930113198029
-3.3308474949521676 3.4978936976591655;-0.9930807910025
-3.330442704927596 3.4974683464751464;-0.9931495740145
-3.3300399255414965 3.4970451068097814;-0.9932176756090
-3.3296391469478177 3.496623968322937;-0.9932851024904
-3.329240359346649 3.496204920722967;-0.9933518612978
-3.3288435529840754 3.4957879537664986;-0.993417958606
-3.3284487181519626 3.49537305725826;-0.9934834009267
-3.328055845187796 3.4949602210508517;-0.9935481947070
-3.327664924474468 3.4945494350446022;-0.9936123463323
-3.327275946440119 3.49414068918733;-0.9936758621257
-3.3268889015579304 3.4937339734741886;-0.9937387483490
-3.3265037803459707 3.493329277947426;-0.9938010112030
-3.3261205733669774 3.4929265926962323;-0.9938626568282
-3.3257392712282083 3.49252590785653;-0.9939236913054
-3.3253598645812144 3.4921272136107957;-0.9939841206564
-3.3249823441217097 3.491730500187839;-0.9940439508441
-3.324606700589352 3.4913357578626396;-0.9941031877735
-3.3242329247675806 3.4909429769561457;-0.9941618372923
-3.3238610074834107 3.4905521478350905;-0.9942199051910
-3.32349093960729 3.4901632609117823;-0.9942773972037
-3.323122712052864 3.489776306643938;-0.9943343190089
-3.322756315776856 3.489391275534481;-0.9943906762294
-3.322391741778843 3.4890081581313566;-0.9944464744335
-3.322028981101096 3.4886269450273453;-0.9945017191350
-3.321668024828397 3.488247626859858;-0.9945564157941
-3.3213088640878596 3.4878701943107657;-0.9946105698175
-3.3209514900487425 3.4874946381062197;-0.9946641865595
-3.320595893922287 3.4871209490164308;-0.9947172713218
-3.320242066961534 3.4867491178555197;-0.9947698293545
-3.3198900004611307 3.48637913548131;-0.994821865856
-3.3195396857571855 3.486010992795147;-0.9948733859760
-3.3191911142270567 3.485644680741712;-0.9949243948106
-3.3188442772892035 3.485280190308843;-0.9949748974084
-3.318499166402985 3.484917512527347;-0.995024898768
-3.318155773068517 3.4845566384708095;-0.9950744038392
-3.3178140888264838 3.484197559255409;-0.9951234175235
-3.3174741052579355 3.4838402660397563;-0.9951719446
-3.317135813984164 3.48348475002469;-0.9952199900980
-3.3167992066664893 3.4831310024531046;-0.995267558553
-3.316464275006111 3.4827790146097657;-0.9953146547525
-3.316131010743919 3.4824287778211334;-0.9953612833623
-3.315799405660338 3.4820802834551685;-0.9954074490034
-3.3154694515751504 3.4817335229211652;-0.9954531562510
-3.315141140347313 3.481388487669573;-0.9954984096360
-3.314814463874801 3.481045169191804;-0.995543213644
-3.314489414094431 3.4807035590200703;-0.9955875727191
-3.314165982981689 3.4803636487272023;-0.9956314912584
-3.313844162550585 3.4800254299264415;-0.9956749736183
-3.3135239448534377 3.4796888942713315;-0.9957180241117
-3.313205321980752 3.4793540334554667;-0.9957606470095
-3.3128882860610407 3.4790208392123594;-0.9958028465406
-3.312572829260631 3.478689303315257;-0.9958446268923
-3.312258943783527 3.478359417576959;-0.9958859922112
-3.3119466218712335 3.4780311738496437;-0.995926946602
-3.311635855802594 3.477704564024708;-0.9959674941327
-3.31132663789361 3.4773795800325797;-0.9960076388263
-3.3110189604972886 3.477056213842555;-0.9960473846698
-3.3107128160034995 3.4767344574626096;-0.9960867356099
-3.310408196838768 3.4764143029392454;-0.9961256955550
-3.3101050954661453 3.47609574235731;-0.9961642683747
-3.309803504385031 3.4757787678398264;-0.9962024579009
-3.3095034161310126 3.475463371547821;-0.9962402679278
-3.3092048232757216 3.4751495456801615;-0.9962777022122
-3.308907718426638 3.4748372824733806;-0.9963147644742
-3.3086120942269512 3.4745265742015192;-0.9963514583971
-3.308317943355413 3.474217413175934;-0.9963877876283
-3.3080252585261567 3.473909791745144;-0.9964237557790
-3.307734032488538 3.4736037022946915;-0.9964593664252
-3.307444258026984 3.473299137246921;-0.9964946231076
-3.307155927960839 3.472996089060864;-0.996529529332
-3.3068690351442083 3.4726945502320357;-0.9965640885702
-3.306583572465785 3.4723945132922927;-0.9965983042592
-3.3062995328487137 3.4720959708096517;-0.9966321798025
-3.306016909250417 3.471798915388163;-0.9966657185700
-3.3057356946624563 3.4715033396676973;-0.9966989238987
-3.3054558821103663 3.4712092363238187;-0.996731799092
-3.305177464653516 3.4709165980676024;-0.9967643474230
-3.3049004353849245 3.4706254176455005;-0.9967965721293
-3.30462478743114 3.4703356878391487;-0.996828476418
-3.304350513952078 3.470047401465215;-0.996860063467
-3.304077608140851 3.469760551375267;-0.9968913364194
-3.3038060632236546 3.4694751304555793;-0.996922298388
-3.30353587245957 3.469191131626986;-0.9969529524576
-3.3032670291404633 3.4689085478447232;-0.9969833016791
-3.3029995265907854 3.468627372098287;-0.9970133490755
-3.3027333581674556 3.4683475974112525;-0.9970430976394
-3.3024685172597126 3.468069216841129;-0.9970725503340
-3.302204997288962 3.467792223479204;-0.9971017100932
-3.3019427917086084 3.467516610450393;-0.9971305798220
-3.3016818940039347 3.4672423709130697;-0.9971591623968
-3.3014222976919547 3.46696949805893;-0.9971874606656
-3.30116399632124 3.466697985112826;-0.997215477448
-3.300906983471815 3.4664278253326124;-0.9972432155371
-3.3006512527549736 3.466159012009023;-0.997270677696
-3.3003967978131565 3.465891538465476;-0.9972978666639
-3.300143612319808 3.4656253980579415;-0.9973247851495
-3.299891689979214 3.465360584174814;-0.9973514358369
-3.299641024526386 3.4650970902367177;-0.9973778213832
-3.2993916097268947 3.4648349096963953;-0.9974039444193
-3.2991434393767527 3.4645740360385364;-0.9974298075500
-3.2988965073022483 3.464314462779638;-0.9974554133545
-3.2986508073598233 3.464056183467867;-0.9974807643865
-3.2984063334359184 3.463799191682892;-0.9975058631745
-3.2981630794468444 3.4635434810357464;-0.9975307122220
-3.2979210393386387 3.4632890451686933;-0.9975553140080
-3.2976802070869367 3.4630358777550603;-0.9975796709866
-3.297440576696817 3.4627839724991167;-0.9976037855879
-3.297202142202674 3.4625333231359074;-0.9976276602182
-3.2969648976680896 3.4622839234311193;-0.9976512972596
-3.2967288371856727 3.4620357671809483;-0.9976746990709
-3.2964939548769365 3.4617888482119383;-0.9976978679877
-3.2962602448921885 3.4615431603808475;-0.9977208063222
-3.296027701410357 3.4612986975745104;-0.9977435163641
-3.2957963186388697 3.4610554537096876;-0.9977660003802
-3.2955660908135265 3.4608134227329437;-0.9977882606151
-3.2953370121983605 3.460572598620492;-0.9978102992910
-3.2951090770855096 3.4603329753780545;-0.997832118608
-3.2948822797950728 3.4600945470407307;-0.9978537207455
-3.2946566146750156 3.4598573076728467;-0.9978751078597
-3.2944320761009815 3.459621251367855;-0.997896282086
-3.2942086584762142 3.4593863722481455;-0.9979172455409
-3.293986356231402 3.4591526644649417;-0.9979380003161
-3.2937651638245447 3.4589201221981547;-0.9979585484853
-3.2935450757408367 3.458688739656256;-0.9979788921008
-3.293326086492535 3.4584585110761332;-0.9979990331949
-3.2931081906188293 3.4582294307229686;-0.9980189737795
-3.2928913826857227 3.458001492890088;-0.9980387158468
-3.292675657285896 3.457774691898834;-0.9980582613693
-3.292461009038575 3.457549022098454;-0.9980776122998
-3.2922474325894378 3.45732447786593;-0.998096770571
-3.292034922610435 3.4571010536058866;-0.9981157380999
-3.2918234737997296 3.4568787437504236;-0.9981345167795
-3.2916130808815147 3.4566575427590163;-0.9981531084874
-3.2914037386059336 3.4564374451183646;-0.9981715150815
-3.291195441748921 3.456218445342284;-0.998189738401
-3.2909881851121074 3.4560005379715646;-0.9982077802697
-3.2907819635226914 3.4557837175738286;-0.9982256424887
-3.290576771833307 3.4555679787434284;-0.9982433268443
-3.290372604921919 3.455353316101311;-0.9982608351047
-3.290169457691681 3.4551397242948805;-0.9982781690201
-3.289967325070834 3.4549271979978973;-0.9982953303237
-3.2897662020125873 3.454715731910323;-0.9983123207314
-3.289566083494986 3.4545053207582104;-0.9983291419421
-3.289366964520805 3.4542959592935842;-0.9983457956379
-3.2891688401174157 3.4540876422943114;-0.9983622834842
-3.2889717053366994 3.453880364563965;-0.9983786071299
-3.288775555254889 3.453674120931726;-0.9983947682076
-3.288580384972481 3.4534689062522483;-0.9984107683338
-3.2883861896141204 3.453264715405534;-0.9984266091087
-3.288192964328471 3.453061543296808;-0.9984422921169
-3.288000704288099 3.452859384856426;-0.9984578189273
-3.2878094046893764 3.452658235039717;-0.9984731910930
-3.287619060752359 3.4524580888268863;-0.9984884101520
-3.2874296677206623 3.45225894122289;-0.9985034776268
-3.287241220861356 3.4520607872573095;-0.9985183950250
-3.2870537154648636 3.451863621984251;-0.9985331638391
-3.2868671468448385 3.451667440482213;-0.9985477855470
-3.2866815103380445 3.451472237853979;-0.9985622616116
-3.28649680130426 3.4512780092264865;-0.9985765934817
-3.286313015126156 3.4510847497507307;-0.9985907825915
-3.2861301472092026 3.4508924546016266;-0.9986048303610
-3.28594819298154 3.450701118977915;-0.9986187381961
-3.285767147893885 3.45051073810204;-0.9986325074888
-3.2855870074194145 3.450321307220026;-0.9986461396173
-3.2854077670536426 3.450132821601391;-0.9986596359461
-3.2852294223143548 3.4499452765389886;-0.9986729978261
-3.285051968741452 3.449758667348938;-0.9986862265950
-3.2848754018968847 3.4495729893704956;-0.9986993235769
-3.2846997173645183 3.449388237965943;-0.9987122900832
-3.284524910750046 3.449204408520466;-0.9987251274118
-3.2843509776808704 3.449021496442071;-0.9987378368482
-3.2841779138060003 3.448839497161453;-0.9987504196646
-3.2840057147959545 3.448658406131892;-0.9987628771212
-3.2838343763426625 3.448478218829136;-0.9987752104651
-3.2836638941593366 3.4482989307513074;-0.9987874209315
-3.283494263980394 3.448120537418796;-0.998799509743
-3.2833254815613477 3.447943034374128;-0.9988114781102
-3.283157542678692 3.4477664171818843;-0.9988233272317
-3.2829904431298162 3.4475906814285793;-0.9988350582943
-3.2828241787328993 3.4474158227225646;-0.9988466724727
-3.282658745326809 3.4472418366939137;-0.998858170930
-3.282494138771006 3.447068718994316;-0.9988695548185
-3.2823303549454264 3.446896465296988;-0.9988808252778
-3.2821673897504047 3.446725071296557;-0.998891983437
-3.2820052391065593 3.446554532708955;-0.9989030304141
-3.281843898954704 3.4463848452713206;-0.9989139673153
-3.2816833652557476 3.446216004741891;-0.9989247952365
-3.2815236339905995 3.446048006899903;-0.9989355152623
-3.2813647011600535 3.4458808475455003;-0.9989461284667
-3.2812065627847256 3.445714522499614;-0.9989566359130
-3.281049214904922 3.445549027603882;-0.9989670386540
-3.280892653580567 3.445384358720531;-0.998977337731
-3.280736874891108 3.445220511732276;-0.9989875341787
-3.2805818749353985 3.445057482542234;-0.9989976290160
-3.280427649831633 3.4448952670738153;-0.9990076232553
-3.2802741957172232 3.4447338612706426;-0.9990175178982
-3.2801215087487323 3.4445732610964113;-0.999027313936
-3.279969585101764 3.444413462534845;-0.9990370123509
-3.2798184209708845 3.4442544615895514;-0.9990466141143
-3.279668012569501 3.4440962542839566;-0.9990561201886
-3.2795183561298105 3.4439388366612027;-0.9990655315265
-3.2793694479026727 3.4437822047840343;-0.9990748490713
-3.2792212841575497 3.443626354734724;-0.999084073756
-3.2790738611823835 3.4434712826149623;-0.9990932065076
-3.2789271752835285 3.4433169845457794;-0.9991022482390
-3.278781222785663 3.4431634566674245;-0.9991111998575
-3.27863600003168 3.4430106951393085;-0.9991200622602
-3.278491503382617 3.442858696139883;-0.9991288363355
-3.2783477292175602 3.4427074558665445;-0.9991375229631
-3.2782046739335584 3.4425569705355645;-0.999146123013
-3.27806233394554 3.4424072363819773;-0.9991546373491
-3.2779207056862028 3.442258249659507;-0.9991630668233
-3.2777797856059587 3.4421100066404637;-0.9991714122813
-3.277639570172828 3.441962503615642;-0.9991796745597
-3.2775000558723653 3.4418157368942546;-0.9991878544868
-3.2773612392075577 3.4416697028038286;-0.9991959528829
-3.2772231166987495 3.441524397690115;-0.9992039705598
-3.27708568488356 3.441379817917011;-0.9992119083216
-3.27694894031679 3.4412359598664555;-0.9992197669639
-3.276812879570343 3.441092819938356;-0.9992275472750
-3.2766774992331578 3.440950394550484;-0.9992352500349
-3.276542795911089 3.440808680138401;-0.9992428760160
-3.2764087662268544 3.440667673155372;-0.9992504259830
-3.276275406819937 3.4405273700722647;-0.9992579006931
-3.276142714346511 3.4403877673774774;-0.9992653008958
-3.2760106854793607 3.4402488615768547;-0.9992726273333
-3.2758793169077896 3.440110649193583;-0.9992798807402
-3.2757486053375553 3.4399731267681246;-0.9992870618441
-3.275618547490769 3.439836290858133;-0.9992941713651
-3.2754891401058224 3.4397001380383534;-0.9993012100162
-3.275360379937317 3.4395646649005513;-0.999308178503
-3.2752322637559868 3.4394298680534225;-0.9993150775258
-3.275104788348596 3.4392957441225165;-0.9993219077752
-3.2749779505178855 3.4391622897501524;-0.9993286699366
-3.2748517470824776 3.4390295015953303;-0.9993353646884
-3.274726174876805 3.4388973763336543;-0.9993419927021
-3.274601230751037 3.4387659106572537;-0.9993485546425
-3.2744769115709977 3.4386351012746945;-0.9993550511678
-3.2743532142180873 3.4385049449109024;-0.9993614829299
-3.27423013558921 3.438375438307089;-0.9993678505737
-3.274107672596691 3.43824657822066;-0.9993741547382
-3.2739858221682105 3.4381183614251407;-0.9993803960557
-3.2738645812467193 3.437990784710104;-0.9993865751524
-3.2737439467903675 3.437863844881078;-0.9993926926482
-3.273623915772437 3.437737538759483;-0.9993987491567
-3.273504485181248 3.437611863182532;-0.9994047452857
-3.2733856520201092 3.4374868150031763;-0.9994106816367
-3.2732674133072273 3.4373623910900095;-0.9994165588052
-3.2731497660756372 3.4372385883272014;-0.9994223773810
-3.2730327073731282 3.437115403614432;-0.9994281379479
-3.2729162342621723 3.4369928338667863;-0.9994338410838
-3.272800343819857 3.436870876014697;-0.9994394873609
-3.27268503313781 3.4367495270038626;-0.9994450773459
-3.2725702993221284 3.4366287837951868;-0.9994506115995
-3.272456139493305 3.436508643364677;-0.999456090677
-3.2723425507861537 3.4363891027034015;-0.9994615151286
-3.272229530349744 3.4362701588173943;-0.9994668854982
-3.272117075347334 3.436151808727577;-0.9994722023248
-3.2720051829562924 3.43603404946971;-0.9994774661420
-3.271893850368044 3.4359168780942855;-0.9994826774779
-3.2717830747879795 3.4358002916664905;-0.9994878368556
-3.271672853435401 3.4356842872661106;-0.9994929447928
-3.27156318354345 3.4355688619874645;-0.999498001802
-3.2714540623590285 3.435454012939337;-0.9995030083910
-3.271345487142761 3.435339737244891;-0.999507965062
-3.2712374551688943 3.435226032041621;-0.9995128723125
-3.271129963725243 3.435112894481273;-0.9995177306350
-3.271023010113126 3.435000321729758;-0.9995225405171
-3.2709165916472975 3.434888310967104;-0.9995273024415
-3.2708107056558724 3.4347768593873775;-0.9995320168863
-3.2707053494802887 3.434665964198607;-0.9995366843244
-3.2706005204751953 3.434555622622736;-0.999541305224
-3.2704962160084152 3.434445831895532;-0.9995458800503
-3.2703924334608985 3.434336589266528;-0.9995504092610
-3.270289170226613 3.4342278919989524;-0.9995548933112
-3.270186423712516 3.4341197373696555;-0.9995593326510
-3.2700841913384773 3.4340121226690545;-0.9995637277260
-3.2699824705372116 3.433905045201068;-0.9995680789773
-3.2698812587542236 3.4337985022830297;-0.999572386841
-3.2697805534477355 3.433692491245637;-0.9995766517518
-3.2696803520886366 3.433587009432891;-0.999580874135
-3.269580652160407 3.433482054202007;-0.9995850544166
-3.26948145115906 3.433377622923377;-0.9995891930149
-3.269382746593084 3.4332737129804825;-0.999593290345
-3.2692845359833784 3.433170321769845;-0.9995973468206
-3.2691868168631997 3.433067446700954;-0.9996013628465
-3.269089586778083 3.432965085196198;-0.9996053388268
-3.268992843285794 3.432863234690818;-0.9996092751604
-3.26889658395627 3.4327618926328283;-0.9996131722427
-3.268800806371551 3.432661056482959;-0.9996170304648
-3.268705508125723 3.432560723714588;-0.9996208502141
-3.2686106868248617 3.432460891813692;-0.9996246318741
PointOptimal;ValeurOptimale
[-3.26861069  3.43246089];-0.9996246318741573
Temps;Nb iteration
0.19747161865234375;916