Point;Valeur
2.208643507527171 -0.15507597749247992;0.8001298388787
2.211635475629366 -0.1552859708375649;0.7983271649758
2.214639399608666 -0.15549680338726124;0.7965100627967
2.2176553000551733 -0.15570847658698495;0.7946784499497
2.2206831972062933 -0.15592099185738295;0.7928322441785
2.2237231109409303 -0.1561343505939612;0.7909713633753
2.226775060773641 -0.1563485541666627;0.7890957255948
2.2298390658487786 -0.15656360391942914;0.7872052490676
2.232915144934524 -0.15677950116978434;0.7852998522148
2.236003316416959 -0.1569962472084847;0.7833794536620
2.2391035982941307 -0.15721384329899735;0.7814439722539
2.242216008169936 -0.15743229067716147;0.7794933270692
2.245340563248129 -0.1576515905507332;0.7775274374352
2.2484772803262407 -0.15787174409894145;0.7755462229434
2.251626175789447 -0.15809275247208832;0.7735496034647
2.2547872656044317 -0.15831461679107162;0.7715374991649
2.2579605653132124 -0.15853733814701298;0.769509830520
2.2611460900268794 -0.1587609176008138;0.7674665183355
2.2643438544194447 -0.15898535618264442;0.7654074837562
2.267553872721547 -0.15921065489158903;0.7633326482889
2.2707761587141624 -0.15943681469514592;0.7612419338163
2.274010725722283 -0.15966383652886673;0.7591352626141
2.2772575866085796 -0.15989172129579576;0.757012557368
2.2805167537670608 -0.16012046986611472;0.7548737411924
2.2837882391166646 -0.1603500830766431;0.7527187376454
2.287072054094859 -0.160580561730433;0.7505474707489
2.2903682096512075 -0.16081190659625277;0.7483598650053
2.2936767162409293 -0.16104411840823185;0.746155845416
2.2969975838184125 -0.1612771978653167;0.7439353375005
2.3003308218307996 -0.1615111456308378;0.7416982673130
2.303676439211384 -0.16174596233207672;0.73944456146
2.3070344443731305 -0.16198164855979424;0.7371741471341
2.3104048452021972 -0.16221820486779182;0.7348869521020
2.3137876490513305 -0.1624556317724064;0.7325829047551
2.3171828627333255 -0.16269392975208863;0.7302619341134
2.3205904925144525 -0.162933099246942;0.727923969848
2.3240105441079026 -0.16317314065823996;0.725568942303
2.327443022667187 -0.1634140543479763;0.7231967825133
2.330887932779558 -0.16365584063840433;0.7208074222243
2.3343452784593772 -0.16389849981157623;0.7184007939157
2.3378150631415857 -0.16414203210886003;0.7159768308198
2.3412972896750657 -0.16438643773047334;0.7135354669428
2.3447919603159733 -0.1646317168350726;0.7110766370860
2.3482990767212337 -0.16487786953925898;0.7086002768669
2.351818639941911 -0.1651248959170788;0.7061063227404
2.355350650416616 -0.165372795999585;0.7035947120210
2.358895107964843 -0.16562156977442632;0.7010653829034
2.3624520117805363 -0.16587121718529785;0.698518274485
2.3660213604253695 -0.16612173813154674;0.6959533267892
2.3696031518222203 -0.16637313246768382;0.6933704807839
2.3731973832486717 -0.16662540000291726;0.6907696784076
2.376804051330434 -0.1668785405006974;0.6881508625898
2.3804231520347834 -0.16713255367828372;0.6855139772742
2.3840546806641223 -0.16738743920625088;0.682858967440
2.3876986318494673 -0.1676431967080445;0.680185779129
2.3913549995439496 -0.16789982575955387;0.6774943594630
2.3950237770163594 -0.16815732588866217;0.6747846566681
2.39870495684485 -0.16841569657469146;0.6720566201012
2.4023985309103777 -0.16867493724810845;0.6693102002703
2.4061044903904545 -0.16893504728997488;0.6665453488582
2.409822825752734 -0.16919602603154238;0.6637620187467
2.4135535267487858 -0.16945787275379165;0.6609601640391
2.417296582407786 -0.16972058668700507;0.6581397400846
2.4210519810302538 -0.16998416701031704;0.6553007035015
2.4248197101819198 -0.17024861285129766;0.6524430122011
2.4285997566875057 -0.17051392328553083;0.6495666254112
2.432392106624704 -0.17078009733611466;0.6466715037001
2.4361967453180537 -0.17104713397333948;0.6437576090004
2.440013657332885 -0.17131503211417165;0.6408249046330
2.443842826469456 -0.17158379062188156;0.6378733553306
2.4476842357569533 -0.171853408305644;0.6349029272621
2.4515378674476453 -0.17212388392007183;0.6319135880562
2.455403703011089 -0.1723952161648885;0.6289053068254
2.459281723128382 -0.17266740368441735;0.625878054189
2.463171907686446 -0.1729404450673151;0.6228318023016
2.4670742357724267 -0.17321433884601123;0.6197665248680
2.4709886856681633 -0.17348908349649705;0.6166821971758
2.4749152348446217 -0.17376467743779833;0.6135787961148
2.478853859956515 -0.17404111903166997;0.6104563002018
2.4828045368369356 -0.17431840658219078;0.6073146896043
2.4867672404921493 -0.17459653833542488;0.6041539461638
2.4907419450962696 -0.17487551247903865;0.6009740534196
2.494728623986253 -0.17515532714186777;0.5977749966322
2.498727249656796 -0.17543598039371733;0.594556762806
2.5027377937554163 -0.1757174702448845;0.5913193407161
2.506760227077587 -0.17599979464588644;0.5880627209238
2.5107945195619044 -0.17628295148707185;0.5847868958078
2.5148406402854873 -0.17656693859835992;0.581491859582
2.518898557459326 -0.17685175374882967;0.578177608321
2.522968238423834 -0.17713739464650335;0.5748441399801
2.527049649644403 -0.17742385893795243;0.5714914544196
2.531142756707161 -0.17771114420806433;0.5681195534263
2.535247524314749 -0.17799924797967615;0.564728440735
2.5393639162822392 -0.1782881677133803;0.5613181220526
2.543491895533201 -0.17857790080715263;0.5578886050754
2.5476314240957976 -0.17886844459613038;0.5544398995145
2.5517824630991113 -0.17915979635236234;0.55097201711
2.5559449727694026 -0.17945195328449803;0.5474849716773
2.560118912426712 -0.17974491253764335;0.5439787790773
2.5643042404813854 -0.18003867119300532;0.5404534572873
2.5685009144309046 -0.18033322626769777;0.5369090263956
2.5727088908566618 -0.18062857471458593;0.5333455086263
2.576928125421018 -0.1809247134220089;0.5297629283590
2.581158572864389 -0.18122163921359635;0.5261613121475
2.5854001870025067 -0.18151934884806886;0.5225406887389
2.589652920723867 -0.18181783901908233;0.5189010890919
2.593916725987233 -0.182117106355006;0.5152425463948
2.5981915538192513 -0.18241714741881143;0.5115650960834
2.602477354312438 -0.18271795870788932;0.507868775857
2.606774076622953 -0.1830195366539218;0.5041536257005
2.611081668968823 -0.1833218776227492;0.5004196878913
2.6154000786282436 -0.18362497791420918;0.4966670070247
2.6197292519378994 -0.1839288337620949;0.4928956300250
2.6240691342916094 -0.18423344133400255;0.489105606161
2.628419670139051 -0.18453879673129792;0.48529698706403
2.632780802984669 -0.18484489598892218;0.48146982673576
2.637152475386678 -0.185151735075464;0.47762418156855
2.64153462895636 -0.18545930989304305;0.473760110355
2.645927204357404 -0.1857676162772488;0.46987767430404
2.650330141305446 -0.186076649997149;0.46597693704813
2.65474337856787 -0.1863864067552119;0.46205796466
2.6591668539636486 -0.18669688218738112;0.45812082566222
2.663600504363439 -0.18700807186300916;0.4541655910367
2.668044265689826 -0.18731997128491562;0.4501923342368
2.672498072917742 -0.18763257588941773;0.4462011311958
2.6769618600751635 -0.18794588104634424;0.4421920603358
2.6814355602437523 -0.18825988205914646;0.43816520257714
2.68591910555998 -0.1885745741648538;0.43412064134502
2.6904124272162147 -0.18888995253428198;0.43005846257756
2.694915455462087 -0.189206012272083;0.4259787547320
2.699428119606014 -0.18952274841682282;0.4218816087908
2.703950348016983 -0.18984015594112846;0.41776711826698
2.7084820681264015 -0.19015822975185737;0.41363537920833
2.7130232064302944 -0.19047696469013065;0.40948649020201
2.7175736884915245 -0.1907963555316773;0.40532055237752
2.722133438942369 -0.19111639698682303;0.4011376694094
2.7267023814872218 -0.1914370837007846;0.3969379475191
2.7312804389054333 -0.19175841025386953;0.39272149547634
2.7358675330544777 -0.19208037116165655;0.38848842459954
2.7404635848732335 -0.1924029608752732;0.3842388487556
2.745068514385489 -0.19272617378159285;0.3799728843592
2.7496822407036285 -0.1930500042035206;0.37569065037084
2.7543046820325894 -0.19337444640030133;0.371392268294
2.7589357556739316 -0.19369949456771685;0.3670778621749
2.763575378030243 -0.19402514283847994;0.3627475585931
2.7682234646095214 -0.19435138528250084;0.35840148666196
2.7728799300300513 -0.1946782159072592;0.35403977802090
2.7775446880252415 -0.19500562865807602;0.34966256682965
2.782217651448852 -0.19533361741859667;0.3452699897611
2.7868987322802417 -0.19566217601105174;0.3408621859938
2.791587841630062 -0.19599129819670946;0.33643929720331
2.7962848897459156 -0.1963209776762449;0.3320014675525
2.8009897860184134 -0.19665120809015346;0.32754884368228
2.805702438987263 -0.19698198301927827;0.3230815746995
2.8104227563477897 -0.19731329598513492;0.3185998121664
2.8151506449574133 -0.1976451404504388;0.31410371008725
2.819886010842516 -0.19797750981961304;0.3095934248950
2.8246287592054924 -0.19831039743917156;0.30506911543783
2.8293787944319093 -0.19864379659832132;0.3005309429632
2.8341360200979224 -0.1989777005294786;0.29597907110292
2.838900338977966 -0.1993121024087603;0.29141366585591
2.843671653052558 -0.1996469953565556;0.2868348955711
2.8484498635162985 -0.19998237243813954;0.2822429309292
2.8532348707862263 -0.2003182266641308;0.277637944923
2.8580265745101707 -0.2006545509912051;0.2730201128400
2.8628248735753825 -0.20099133832263094;0.26838961223691
2.8676296661175087 -0.2013285815089384;0.26374662292286
2.872440849529485 -0.2016662733484993;0.2590913269349
2.8772583204707973 -0.2020044065882155;0.25442390851557
2.8820819748770887 -0.20234297392416845;0.24974455408820
2.886911707969547 -0.2026819680023338;0.24505345223310
2.891747414264946 -0.20302138141918097;0.24035079366159
2.8965889875854605 -0.2033612067224448;0.2356367711898
2.901436321069077 -0.20370143641185262;0.23091157971195
2.906289307179796 -0.20404206293982524;0.2261754161717
2.9111478377183317 -0.20438307871217903;0.22142847953451
2.9160118038328138 -0.20472447608896976;0.21667097075757
2.920881096029785 -0.20506624738519064;0.21190309275999
2.9257556041852393 -0.2054083848715786;0.2071250503918
2.9306352175559582 -0.20575088077542475;0.20233705040262
2.935519824790996 -0.2060937272813405;0.19753930140872
2.940409313943309 -0.20643691653206797;0.19273201386050
2.9453035724815066 -0.2067804406294056;0.18791540000852
2.9502024873019517 -0.20712429163492985;0.18308967386890
2.9551059447407724 -0.20746846157087506;0.17825505118830
2.9600138305862163 -0.2078129424210577;0.17341174940795
2.964926030091123 -0.20815772613171035;0.16855998762713
2.969842427985512 -0.20850280461230203;0.16369998656600
2.974762908489322 -0.20884816973658304;0.15883196852775
2.979687355325345 -0.20919381334335946;0.15395615736011
2.9846156517323186 -0.20953972723743952;0.1490727784162
2.9895476804780166 -0.20988590319061345;0.14418205851499
2.9944833238726862 -0.2102323329425111;0.13928422590077
2.9994224637824587 -0.21057900820164965;0.134379510202
3.0043649816429805 -0.21092592064626503;0.12946814239203
3.0093107584731063 -0.2112730619253526;0.12455035474262
3.014259674888785 -0.21162042365962694;0.11962638078590
3.019211611116986 -0.21196799744251882;0.1146964552691
3.0241664470098315 -0.2123157748410975;0.10976081411150
3.029124062058745 -0.21266374739713584;0.10481969436022
3.034084335408782 -0.21301190662809205;0.09987333414593
3.039047145873059 -0.21336024402813955;0.09492197263775
3.0440123719472183 -0.21370875106912446;0.08996584999793
3.048979891824101 -0.21405741920163074;0.08500520733600
3.0539495834083072 -0.21440623985607932;0.08004028666266
3.0589213243311386 -0.2147552044436558;0.07507133084311
3.0638949919654177 -0.21510430435735206;0.07009858355010
3.0688704634403456 -0.21545353097310618;0.06512228921676
3.0738476156566543 -0.2158028756508101;0.06014269298887
3.0788263253015424 -0.21615232973541526;0.05516004067710
3.083806468864004 -0.2165018845578836;0.05017457870864
3.088787922649916 -0.21685153143630093;0.04518655407892
3.093770562797351 -0.21720126167703635;0.04019621430282
3.0987542652919484 -0.21755106657570786;0.03520380736574
3.1037389059821487 -0.21790093741835048;0.03020958167463
3.108724360594789 -0.218250865482386;0.025213786008496
3.113710504750419 -0.21860084203786348;0.02021666946904
3.11869721397883 -0.21895085834836833;0.015218481431098
3.1236843637345912 -0.2193009056722445;0.010219471492824
3.1286718294125655 -0.21965097526364036;0.005219889425942
3.13365948636342 -0.2200010583735786;0.00021998512587857
3.1386472099092635 -0.2203511462510935;-0.004779991438247
3.143634875359228 -0.22070123014432436;-0.009779790273606
3.1486223580250297 -0.22105130130152073;-0.014779161413628
3.1536095332365344 -0.22140135097222507;-0.019777854967970
3.1585962763573585 -0.22175137040838835;-0.024775621172498
3.1635824628004636 -0.22210135086535243;-0.029772210439212
3.1685679680436687 -0.22245128360305236;-0.0347673734060
3.17355266764521 -0.22280115988704097;-0.03976086098660
3.17853643725928 -0.22315097098964465;-0.04475242441985
3.1835191526514457 -0.2235007081909379;-0.049741815319540
3.188500689714234 -0.22385036277994086;-0.05472878572361
3.193480924482351 -0.2241999260556331;-0.059713088143261
3.1984597331482307 -0.22454938932807833;-0.06469447561198
3.203436992077272 -0.2248987439194549;-0.06967270173429
3.2084125778231583 -0.2252479811651289;-0.07464752073426
3.2133863671430563 -0.22559709241478787;-0.07961868750372
3.2183582370127035 -0.22594606903348213;-0.08458595765020
3.2233280646416596 -0.22629490240259753;-0.08954908754473
3.228295727488216 -0.2266435839209969;-0.09450783436910
3.2332611032743013 -0.22699210500604633;-0.09946195616283
3.2382240700005287 -0.22734045709466155;-0.104411211870
3.243184505960784 -0.22768863164436542;-0.10935536138536
3.2481422897570353 -0.2280366201342559;-0.11429416560029
3.253097300313944 -0.22838441406611698;-0.11922738644833
3.25804941689333 -0.22873200496537274;-0.12415478695017
3.26299851910861 -0.2290793843821213;-0.1290761312582
3.2679444869391263 -0.22942654389211595;-0.1339911847009
3.272887200744327 -0.22977347509780735;-0.13889971382629
3.2778265412777863 -0.23012016962935458;-0.14380148644477
3.2827623897013374 -0.23046661914547026;-0.14869627167249
3.2876946275988104 -0.23081281533453077;-0.1535838399729
3.2926231369897634 -0.23115874991551164;-0.1584639631986
3.297547800343085 -0.23150441463888263;-0.16333641463215
3.302468500590531 -0.23184980128761531;-0.16820096902644
3.3073851211399963 -0.23219490167807674;-0.173057402644
3.312297545888756 -0.23253970766101897;-0.17790549330014
3.317205659236503 -0.23288421112238952;-0.18274502039333
3.3221093460982143 -0.23322840398438885;-0.18757576495138
3.3270084919170015 -0.2335722782062156;-0.1923975096647
3.331902982676659 -0.23391582578501444;-0.19721003892392
3.336792704914166 -0.2342590387567504;-0.20201313885554
3.3416775457319434 -0.2346019091970956;-0.20680659735759
3.3465573928100127 -0.23494442922228279;-0.2115902041340
3.351432134417994 -0.2352865909898367;-0.21636375072898
3.356301659426875 -0.23562838669957323;-0.22112703055940
3.3611658573206724 -0.23596980859430997;-0.22587983894805
3.366024618207922 -0.23631084896067114;-0.23062197315507
3.3708778328329503 -0.23665150012990502;-0.23535323240896
3.3757253925869306 -0.23699175447866103;-0.24007341793682
3.3805671895189717 -0.23733160442980164;-0.24478233299398
3.3854031163467657 -0.23767104245302825;-0.2494797828926
3.390233066467143 -0.23801006106579434;-0.25416557502969
3.3950569339665497 -0.23834865283390913;-0.25883951891431
3.3998746136311757 -0.2386868103722912;-0.2635014261939
3.4046860009570157 -0.239024526345697;-0.26815111068008
3.409490992159644 -0.23936179346934547;-0.2727883883731
3.414289484183863 -0.23969860450965338;-0.27741307748645
3.4190813747131754 -0.2400349522849072;-0.28202499846935
3.423866562178892 -0.24037082966585974;-0.2866239740296
3.428644945769368 -0.24070622957638796;-0.29120982915549
3.4334164254386175 -0.24104114499411197;-0.29578239113563
3.43818090191513 -0.24137556895102782;-0.3003414895798
3.4429382767102163 -0.2417094945340321;-0.30488695643793
3.4476884521263127 -0.24204291488556026;-0.3094186260180
3.4524313312649157 -0.24237582320411963;-0.31393633500418
3.45716681803446 -0.2427082127448694;-0.31843992247298
3.4618948171579373 -0.24304007682015913;-0.32292922990951
3.4666152341803205 -0.24337140880000616;-0.327404101222
3.4713279754757385 -0.24370220211260626;-0.331864382758
3.4760329482544985 -0.24403245024486106;-0.336309923314
3.480730060569909 -0.24436214674281095;-0.3407405741525
3.4854192213247677 -0.24469128521217362;-0.34515618900985
3.49010034027786 -0.24501985931866874;-0.3495566241102
3.4947733280499964 -0.24534786278861473;-0.35394173817434
3.4994380961300835 -0.24567528940916192;-0.35831139242919
3.504094556880799 -0.24600213302881432;-0.36266545061665
3.5087426235441614 -0.2463283875578349;-0.36700377900125
3.5133822102468764 -0.24665404696853696;-0.371326246377
3.5180132320054653 -0.2469791052957033;-0.37563272407484
3.5226356047310947 -0.24730355663687484;-0.37992308596559
3.527249245234365 -0.2476273951527753;-0.3841972084671
3.5318540712298176 -0.24795061506751656;-0.3884549705471
3.536450001340183 -0.2482732106690095;-0.39269625372632
3.541036955100485 -0.24859517630915826;-0.3969209420811
3.545614852961973 -0.24891650640417104;-0.40112892224519
3.5501836162957128 -0.24923719543481834;-0.4053200834102
3.5547431673961043 -0.24955723794669102;-0.4094943173262
3.5592934294841756 -0.2498766285503807;-0.4136515183012
3.563834326710619 -0.2501953619217907;-0.4177915831996
3.5683657841586642 -0.2505134328021914;-0.4219144114405
3.5728877278467466 -0.2508308359985757;-0.42601990499503
3.577400084731009 -0.2511475663836922;-0.4301079683826
3.5819027827075334 -0.25146361889630053;-0.43417850866785
3.586395750614461 -0.25177898854123537;-0.43823143545476
3.590878918233826 -0.25209367038963104;-0.4422666608822
3.59535221629333 -0.25240765957894107;-0.4462840996176
3.599815576467714 -0.25272095131314354;-0.45028366885039
3.604268931380168 -0.25303354086275776;-0.454265288284
3.6087122146034583 -0.2533454235649164;-0.4582288801310
3.613145360660795 -0.25365659482351266;-0.4621743690990
3.6175683050266314 -0.25396705010921405;-0.4661016823871
3.6219809841271915 -0.2542767849594486;-0.470010749673
3.6263833353408836 -0.2545857949784881;-0.4739015031048
3.6307752969985323 -0.2548940758374453;-0.4777738772877
3.6351568083833423 -0.2552016232743044;-0.4816278092751
3.6395278097307924 -0.2555084330938213;-0.48546323855
3.6438882422282917 -0.2558145011676761;-0.4892801070393
3.6482380480146936 -0.25611982343423445;-0.4930783590484
3.652577170179661 -0.25642439589863353;-0.49685794129979
3.656905552762813 -0.2567282146326656;-0.5006188028935
3.6612231407527234 -0.25703127577475293;-0.5043608952975
3.6655298800857388 -0.257333575529859;-0.5080841723329
3.6698257176447653 -0.2576351101692943;-0.5117885901587
3.674110601257636 -0.2579358760307716;-0.5154741072558
3.6783844796955685 -0.25823586951821753;-0.5191406844108
3.6826473026714055 -0.25853508710162243;-0.5227882846994
3.6868990208375925 -0.25883352531689063;-0.5264168734695
3.6911395857841263 -0.2591311807658404;-0.5300264183235
3.695368950036382 -0.2594280501158043;-0.5336168891005
3.699587067052563 -0.2597241300997123;-0.5371882578580
3.703793891221347 -0.26001941751573676;-0.5407404988537
3.7079893778591675 -0.2603139092271646;-0.5442735885260
3.7121734832073825 -0.26060760216219736;-0.5477875054753
3.716346164429358 -0.2609004933138127;-0.5512822304440
3.7205073796073966 -0.2611925797394311;-0.5547577462967
3.724657087739553 -0.26148385856072165;-0.5582140380004
3.728795248736306 -0.2617743269634688;-0.5616510926031
3.732921823417069 -0.2620639821972005;-0.5650688992142
3.7370367735066807 -0.26235282157502715;-0.5684674489825
3.741140061631671 -0.2626408424733141;-0.5718467350753
3.7452316513164616 -0.26292804233146516;-0.5752067526572
3.74931150697942 -0.2632144186516673;-0.5785474988677
3.753379593928858 -0.26349996899849637;-0.5818689727997
3.75743587835884 -0.2637846909987619;-0.5851711754771
3.7614803273450077 -0.2640685823411072;-0.5884541098327
3.7655129088401136 -0.2643516407757541;-0.5917177806852
3.7695335916696386 -0.2646338641142033;-0.5949621947171
3.7735423455271926 -0.2649152502288733;-0.5981873604510
3.7775391409698993 -0.26519579705275087;-0.6013932882273
3.7815239494135735 -0.26547550257915786;-0.6045799901807
3.78549674312792 -0.2657543648613182;-0.6077474802167
3.7894574952316242 -0.2660323820120415;-0.610895773988
3.793406179687281 -0.26630955220337327;-0.614024888873
3.797342771296325 -0.2665858736662453;-0.6171348439497
3.801267245693774 -0.2668613446900926;-0.6202256599707
3.8051795793430934 -0.2671359636224814;-0.6232973593439
3.809079749530703 -0.2674097288687761;-0.6263499661055
3.812967734360645 -0.26768263889172317;-0.6293835058964
3.8168435127490907 -0.26795469221102886;-0.63239800593
3.820707064418727 -0.26822588740307085;-0.6353934950122
3.8245583698931718 -0.26849622310039856;-0.6383700034282
3.8283974104912466 -0.2687656979913834;-0.6413275630078
3.832224168321252 -0.2690343108198302;-0.6442662070566
3.8360386262751622 -0.26930206038453874;-0.6471859703408
3.839840768022673 -0.2695689455388929;-0.6500868890631
3.843630578005336 -0.2698349651904276;-0.6529690008386
3.8474080414305556 -0.2701001183004904;-0.6558323446706
3.8511731442655184 -0.27036440388371397;-0.6586769609267
3.8549258732312133 -0.2706278210076608;-0.6615028913149
3.8586662157961418 -0.27089036879235706;-0.6643101788591
3.86239416017028 -0.271152046409865;-0.667098867875
3.8661096952987535 -0.27141285308384455;-0.6698690039495
3.8698128108556222 -0.27167278808914797;-0.6726206339099
3.8735034972376408 -0.2719318507513092;-0.6753538058070
3.87718174555779 -0.272190040446172;-0.6780685688884
3.880847547639022 -0.27244735659940134;-0.6807649735749
3.88450089600782 -0.27270379868605044;-0.6834430714377
3.888141783887739 -0.27295936623007233;-0.6861029151745
3.8917702051929792 -0.2732140588039368;-0.6887445585865
3.8953861545219293 -0.2734678760280863;-0.6913680565550
3.898989627150584 -0.2737208175705753;-0.6939734650185
3.9025806190260415 -0.2739728831465317;-0.6965608409497
3.906159126759967 -0.2742240725177515;-0.6991302423323
3.9097251476220283 -0.2744743854922106;-0.7016817281389
3.913278679533261 -0.2747238219236149;-0.7042153583081
3.9168197210595554 -0.27497238171087857;-0.7067311937220
3.9203482714049276 -0.27522006479777994;-0.709229296183
3.923864330404964 -0.2754668711723841;-0.7117097283965
3.9273678985201625 -0.27571280086663774;-0.7141725539395
3.930858976829338 -0.27595785395584727;-0.7166178372479
3.9343375670228666 -0.2762020305583236;-0.7190456435904
3.9378036713961397 -0.2764453308347604;-0.7214560390479
3.9412572928428093 -0.27668775498791776;-0.7238490904919
3.944698434848221 -0.2769293032620336;-0.7262248655637
3.948127101482685 -0.27716997594242965;-0.7285834326532
3.951543297394844 -0.27740977335501193;-0.7309248608782
3.9549470278050003 -0.2776486958658265;-0.733249220063
3.958338298498515 -0.2778867438805489;-0.7355565807206
3.961717115819086 -0.27812391784408985;-0.7378470140278
3.9650834866621523 -0.27836021824006807;-0.7401205918096
3.9684374184682847 -0.278595645590355;-0.7423773865170
3.9717789192165345 -0.27883020045464735;-0.7446174712079
3.975107997417832 -0.27906388342993427;-0.7468409195275
3.9784246621083765 -0.27929669515008093;-0.7490478056893
3.98172892284307 -0.27952863628542335;-0.751238204455
3.9850207896889644 -0.27975970754216883;-0.7534121911187
3.9883002732186923 -0.2799899096620574;-0.7555698414827
3.9915673845039192 -0.28021924342182325;-0.7577112318445
3.994822135108872 -0.2804477096327952;-0.7598364389757
3.998064537083768 -0.280675309140458;-0.7619455401045
4.001294602958428 -0.2809020428238863;-0.7640386128983
4.0045123457357175 -0.28112791159540584;-0.7661157354452
4.0077177788852785 -0.28135291640009397;-0.7681769862377
4.010910916336952 -0.28157705821534107;-0.7702224441544
4.014091772474532 -0.2818003380503621;-0.772252188444
4.017260362129255 -0.28202275694579126;-0.7742662987077
4.020416700573643 -0.2822443159732547;-0.7762648548833
4.0235608035150365 -0.282465016234943;-0.7782479372285
4.026692687089473 -0.28268485886306716;-0.78021562630
4.029812367855285 -0.2829038450194977;-0.7821680029624
4.032919862787027 -0.2831219758953597;-0.7841051483227
4.036015189269232 -0.2833392527105051;-0.7860271437647
4.039098365090249 -0.28355567671314097;-0.7879340709091
4.042169408436102 -0.28377124917940766;-0.7898260116030
4.04522833788446 -0.2839859714129679;-0.791703047905
4.048275172398519 -0.2841998447444628;-0.7935652620728
4.051309931321045 -0.2844128705312289;-0.7954127365441
4.054332634368324 -0.28462505015682604;-0.7972455539274
4.0573433016243 -0.28483638503058806;-0.7990637969856
4.060341953534519 -0.285046876587295;-0.8008675486224
4.06332861090043 -0.2852565262866237;-0.8026568918696
4.066303294873364 -0.2854653356128646;-0.8044319098729
4.069266026948899 -0.28567330607447217;-0.80619268587
4.072216828960968 -0.2858804392036264;-0.807939303225
4.075155723076186 -0.28608673655588845;-0.8096718453220
4.0780827317881805 -0.28629219970976794;-0.8113903956439
4.080997877911958 -0.2864968302663119;-0.8130950377175
4.0839011845781545 -0.2867006298487552;-0.8147858551079
4.086792675227719 -0.28690360010207094;-0.816462931407
4.089672373606141 -0.2871057426926539;-0.8181263502259
4.0925403037581525 -0.2873070593078987;-0.8197761951749
4.095396490022158 -0.2875075516557669;-0.8214125498613
4.098240957024896 -0.28770722146449834;-0.8230354978735
4.101073729676059 -0.28790607048223904;-0.8246451227717
4.103894833163047 -0.28810410047653623;-0.8262415080771
4.106704292945613 -0.2883013132341329;-0.8278247372614
4.109502134750627 -0.28849771056045703;-0.8293948937371
4.1122883845669485 -0.28869329427934975;-0.8309520608469
4.115063068640235 -0.2888880662327321;-0.8324963218544
4.1178262134678905 -0.2890820282801333;-0.8340277599346
4.120577845793977 -0.2892751822984131;-0.8355464581641
4.12331799260417 -0.28946753018140103;-0.8370524995123
4.126046681120899 -0.2896590738395356;-0.8385459668321
4.128763938798358 -0.2898498151995422;-0.8400269428516
4.131469793317522 -0.2900397562040725;-0.8414955101648
4.134164272581515 -0.29022889881133784;-0.8429517512238
4.136847404710726 -0.2904172449948096;-0.8443957483300
4.139519218038058 -0.2906047967428639;-0.8458275836266
4.142179741104169 -0.29079155605850404;-0.8472473390901
4.144829002652945 -0.2909775249589942;-0.8486550965233
4.147467031626851 -0.29116270547548184;-0.8500509375471
4.150093857162269 -0.291347099652809;-0.8514349435935
4.152709508585135 -0.29153070954904614;-0.8528071958984
4.155314015406315 -0.2917135372353198;-0.8541677754945
4.1579074073173246 -0.2918955847953465;-0.8555167632043
4.16048971418579 -0.29207685432529396;-0.8568542396341
4.163060966051209 -0.29225734793339797;-0.8581802851664
4.165621193120685 -0.29243706773954614;-0.8594949799545
4.168170425764557 -0.2926160158752168;-0.8607984039160
4.170708694512272 -0.2927941944829794;-0.8620906367264
4.173236030048267 -0.29297160571631686;-0.8633717578139
4.175752463207783 -0.2931482517393037;-0.8646418463533
4.178258024972793 -0.2933241347262451;-0.8659009812601
4.180752746468021 -0.29349925686156586;-0.8671492411859
4.183236658956919 -0.2936736203393776;-0.8683867045126
4.185709793837779 -0.29384722736327873;-0.8696134493473
4.188172182639795 -0.29402008014604364;-0.870829553517
4.190623857019239 -0.29419218090938404;-0.8720350945658
4.193064848755636 -0.29436353188361586;-0.8732301497464
4.195495189748018 -0.2945341353075205;-0.8744147960192
4.197914912011187 -0.2947039934279173;-0.8755891100460
4.200324047672101 -0.29487310849956383;-0.8767531681865
4.202722628966184 -0.2950414827848281;-0.8779070464935
4.205110688233689 -0.2952091185534501;-0.8790508207095
4.207488257916283 -0.29537601808223635;-0.8801845662624
4.209855370553463 -0.2955421836549045;-0.8813083582623
4.21221205877912 -0.295707617561778;-0.8824222714970
4.214558355318089 -0.2958723220995919;-0.8835263804296
4.216894292982833 -0.29603629957117084;-0.8846207591940
4.219219904670048 -0.2961995522853512;-0.8857054815928
4.221535223357383 -0.29636208255657615;-0.8867806210931
4.223840282100279 -0.2965238927047621;-0.887846250824
4.226135114028574 -0.29668498505510466;-0.8889024435744
4.228419752343528 -0.29684536193774547;-0.8899492717884
4.230694230314604 -0.29700502568763343;-0.8909868075644
4.232958581276348 -0.29716397864431376;-0.8920151226516
4.235212838625442 -0.29732222315167267;-0.8930342884480
4.237457035817633 -0.2974797615577097;-0.8940443759977
4.239691206364766 -0.2976365962144435;-0.8950454559887
4.241915383831874 -0.29779272947757296;-0.8960375987512
4.244129601834235 -0.29794816370632204;-0.8970208742547
4.2463338940346596 -0.29810290126327865;-0.8979953521071
4.248528294140513 -0.29825694451414486;-0.8989611015518
4.250712835901066 -0.2984102958275815;-0.8999181914670
4.252887553104712 -0.2985629575749805;-0.9008666903631
4.2550524795762605 -0.29871493213029854;-0.9018066663817
4.257207649174344 -0.29886622186987355;-0.9027381872940
4.259353095788709 -0.29901682917219186;-0.903661320499
4.261488853337697 -0.29916675641778256;-0.9045761330238
4.263614955765655 -0.29931600598900665;-0.9054826915195
4.265731437040483 -0.29946458026986267;-0.9063810622627
4.267838331151086 -0.299612481645848;-0.9072713111534
4.269935672105002 -0.2997597125037311;-0.9081535037140
4.272023493925947 -0.2999062752314575;-0.9090277050886
4.274101830651489 -0.30005217221792735;-0.9098939800422
4.276170716330735 -0.30019740585284016;-0.9107523929596
4.278230185021947 -0.3003419785265561;-0.9116030078454
4.280280270790354 -0.30048589262993486;-0.9124458883228
4.282321007705875 -0.3006291505541526;-0.9132810976334
4.284352429841021 -0.30077175469054096;-0.914108698636
4.286374571268597 -0.30091370743050916;-0.9149287538094
4.288387466059684 -0.3010550111653111;-0.915741325246
4.2903911482814525 -0.30119566828595634;-0.9165464746575
4.292385651995223 -0.3013356811830049;-0.917344263371
4.294371011254322 -0.30147505224650606;-0.9181347523333
4.296347260102129 -0.30161378386575965;-0.9189180021032
4.298314432570127 -0.30175187842926066;-0.9196940728591
4.3002725626759215 -0.301889338324527;-0.9204630243955
4.302221684421381 -0.3020261659379776;-0.9212249161235
4.304161831790743 -0.3021623636548266;-0.9219798070711
4.3060930387488145 -0.3022979338588617;-0.922727755883
4.308015339239118 -0.3024328789323717;-0.9234688208238
4.309928767182052 -0.3025672012561188;-0.92420305977
4.311833356473304 -0.3027009032090445;-0.9249305302276
4.313729140981925 -0.30283398716825294;-0.9256512893074
4.31561615454884 -0.302966455508883;-0.9263653937479
4.31749443098503 -0.3030983106039643;-0.9270728999055
4.319364004069985 -0.3032295548242837;-0.9277738637565
4.321224907550035 -0.3033601905383744;-0.9284683408981
4.323077175136801 -0.3034902201122659;-0.9291563865492
4.3249208405056345 -0.30361964590948987;-0.9298380555507
4.326755937294129 -0.30374847029090224;-0.9305134023667
4.328582499100535 -0.3038766956146445;-0.9311824810851
4.330400559482399 -0.3040043242359326;-0.9318453454182
4.33221015195505 -0.30413135850705164;-0.9325020487042
4.334011309990197 -0.3042578007772391;-0.933152643907
4.335804067014507 -0.3043836533925627;-0.9337971836194
4.337588456408296 -0.30450891869583174;-0.9344357200605
4.339364511504144 -0.30463359902651377;-0.9350683050802
4.341132265585582 -0.304757696720629;-0.9356949901584
4.3428917518858166 -0.3048812141106728;-0.9363158264065
4.344643003586482 -0.3050041535255267;-0.9369308645686
4.346386053816323 -0.3051265172903418;-0.9375401550225
4.348120935650043 -0.3052483077265057;-0.93814374778
4.349847682107075 -0.3053695271514868;-0.9387416924930
4.351566326150439 -0.30549017787884003;-0.9393340384450
4.353276900685564 -0.30561026221805687;-0.939920834562
4.3549794385591465 -0.3057297824745099;-0.9405021294089
4.356673972558088 -0.3058487409493583;-0.9410779711919
4.358360535408383 -0.3059671399395315;-0.9416484077599
4.360039159774108 -0.30608498173757337;-0.9422134866058
4.361709878256269 -0.3062022686316258;-0.9427732548676
4.363372723391927 -0.30631900290530656;-0.9433277593303
4.365027727653086 -0.3064351868377425;-0.9438770464271
4.366674923445817 -0.3065508227033532;-0.9444211622407
4.368314343109197 -0.3066659127719008;-0.9449601525050
4.369946018914471 -0.30678045930837905;-0.9454940626066
4.371569983064054 -0.30689446457294667;-0.9460229375860
4.3731862676907305 -0.3070079308208552;-0.9465468221396
4.374794904856698 -0.30712086030246566;-0.9470657606209
4.37639592655275 -0.3072332552630709;-0.9475797970420
4.377989364697409 -0.30734511794292885;-0.9480889750756
4.3795752511361625 -0.30745645057714055;-0.9485933380563
4.381153617640641 -0.30756725539563334;-0.9490929289820
4.382724495907823 -0.3076775346230999;-0.9495877905160
4.384287917559263 -0.30778729047894815;-0.9500779649884
4.3858439141403665 -0.3078965251772293;-0.9505634943975
4.387392517119695 -0.3080052409266044;-0.9510444204121
4.388933757888194 -0.30811343993029994;-0.9515207843724
4.390467667758548 -0.3082211243860412;-0.9519926272924
4.3919942779645025 -0.30832829648600246;-0.9524599898610
4.393513619660169 -0.30843495841679014;-0.9529229124441
4.3950257239194235 -0.3085411123593652;-0.9533814350862
4.396530621735253 -0.30864676048902095;-0.9538355975122
4.398028344019186 -0.30875190497532745;-0.95428543912
4.399518921600627 -0.3088565479821038;-0.9547309990265
4.401002385226384 -0.30896069166735163;-0.9551723159816
4.402478765560033 -0.3090643381832271;-0.9556094284576
4.403948093181356 -0.30916748967605223;-0.9560423746069
4.405410398585849 -0.3092701482861927;-0.9564711922727
4.406865712184224 -0.3093723161480578;-0.9568959189911
4.408314064301846 -0.3094739953901061;-0.9573165919923
4.409755485178304 -0.3095751881347565;-0.9577332482026
4.411190004966883 -0.30967589649836047;-0.9581459242466
4.4126176537341495 -0.3097761225911856;-0.9585546564482
4.414038461459466 -0.30987586851740423;-0.9589594808332
4.41545245803461 -0.3099751363750104;-0.9593604331305
4.416859673263293 -0.3100739282558419;-0.9597575487742
4.41826013686081 -0.3101722462455082;-0.9601508629054
4.41965387845363 -0.310270092423396;-0.9605404103740
4.421040927578975 -0.3103674688626469;-0.9609262257402
4.422421313684512 -0.31046437763010204;-0.9613083432768
4.423795066127963 -0.31056082078627434;-0.9616867969708
4.42516221417676 -0.3106568003853595;-0.9620616205250
4.426522787007743 -0.3107523184751916;-0.9624328473602
4.427876813706812 -0.31084737709722654;-0.9628005106166
4.429224323268628 -0.31094197828651426;-0.9631646431561
4.430565344596333 -0.31103612407166537;-0.9635252775637
4.431899906501242 -0.31112981647487337;-0.9638824461494
4.433228037702592 -0.31122305751185364;-0.9642361809502
4.434549766827251 -0.3113158491918545;-0.964586513731
4.435865122409483 -0.31140819351760174;-0.9649334759899
4.437174132890743 -0.31150009248530963;-0.9652770989532
4.438476826619365 -0.3115915480846866;-0.9656174135842
4.439773231850414 -0.3116825622988685;-0.9659544505811
4.441063376745459 -0.3117731371044187;-0.9662882403800
4.442347289372352 -0.31186327447136686;-0.9666188131564
4.443624997705044 -0.31195297636312025;-0.9669461988272
4.44489652962345 -0.3120422447364747;-0.967270427052
4.4461619129132 -0.3121310815416368;-0.9675915272364
4.4474211752655375 -0.3122194887221964;-0.9679095285309
4.44867434427716 -0.31230746821506516;-0.9682244598355
4.449921447450051 -0.3123950219505379;-0.9685363498004
4.451162512191354 -0.31248215185227035;-0.968845226827
4.4523975658132775 -0.31256885983720684;-0.9691511190721
4.453626635532954 -0.3126551478156582;-0.9694540544459
4.454849748472312 -0.31274101769123497;-0.9697540606170
4.456066931658032 -0.3128264713608754;-0.9700511650129
4.457278212021399 -0.3129115107148174;-0.9703453948217
4.458483616398246 -0.3129961376366043;-0.9706367769940
4.459683171528873 -0.31308035400305145;-0.9709253382447
4.460876904057987 -0.31316416168430183;-0.9712111050545
4.462064840534647 -0.31324756254375374;-0.9714941036719
4.463247007412203 -0.31333055843811086;-0.9717743601147
4.464423431048221 -0.3134131512173489;-0.9720519001718
4.465594137704522 -0.3134953427246935;-0.9723267494050
4.46675915354708 -0.31357713479670324;-0.9725989331504
4.467918504646025 -0.31365852926315896;-0.9728684765204
4.469072216975629 -0.31373952794713567;-0.9731354044053
4.470220316414315 -0.3138201326649638;-0.9733997414750
4.471362828744613 -0.3139003452262624;-0.9736615121805
4.4724997796531785 -0.31398016743393387;-0.9739207407558
4.4736311947308325 -0.3140596010841358;-0.9741774512193
4.474757099472543 -0.31413864796629787;-0.9744316673757
4.475877519277466 -0.3142173098631219;-0.9746834128177
4.476992479448988 -0.3142955885505928;-0.9749327109272
4.478102005194729 -0.31437348579796753;-0.9751795848773
4.479206121626589 -0.3144510033678084;-0.9754240576339
4.48030485376082 -0.3145281430159387;-0.9756661519571
4.481398226518041 -0.314604906491487;-0.975905890403
4.482486264723363 -0.31468129553687063;-0.9761432953258
4.483568993106363 -0.3147573118878012;-0.9763783888778
4.484646436301227 -0.31483295727331784;-0.9766111930127
4.4857186188467795 -0.31490823341572616;-0.9768417294863
4.486785565186591 -0.3149831420306649;-0.9770700198584
4.487847299669062 -0.3150576848271004;-0.9772960854940
4.488903846547488 -0.31513186350731537;-0.9775199475654
4.489955229980159 -0.3152056797669368;-0.977741627053
4.491001474030499 -0.31527913529491924;-0.977961144747
4.492042602667108 -0.3153522317735781;-0.9781785212512
4.493078639763927 -0.31542497087856736;-0.9783937769794
4.494109609100329 -0.315497354278902;-0.9786069321619
4.495135534361207 -0.3155693836369967;-0.9788180068449
4.496156439137146 -0.3156410606086214;-0.9790270208919
4.497172346924524 -0.3157123868429291;-0.9792339939855
4.498183281125653 -0.3157833639824893;-0.9794389456291
4.499189265048894 -0.3158539936632655;-0.9796418951479
4.500190321908823 -0.3159242775146377;-0.9798428616905
4.501186474826344 -0.31599421715942444;-0.9800418642307
4.502177746828843 -0.31606381421387175;-0.9802389215685
4.503164160850374 -0.31613307028767534;-0.9804340523316
4.504145739731772 -0.31620198698399726;-0.9806272749772
4.505122506220814 -0.31627056589944924;-0.9808186077928
4.506094482972393 -0.3163388086241482;-0.9810080688983
4.507061692548684 -0.3164067167416663;-0.9811956762468
4.508024157419303 -0.31647429182912534;-0.98138144762
4.508981899961488 -0.31654153545713004;-0.9815654006608
4.509934942460246 -0.3166084491898292;-0.9817475528124
4.510883307108564 -0.3166750345849102;-0.9819279213817
4.511827016007585 -0.3167412931936099;-0.9821065235097
4.512766091166785 -0.3168072265607259;-0.9822833761791
4.513700554504134 -0.31687283622465545;-0.9824584962156
4.514630427846338 -0.3169381237173675;-0.9826319002892
4.515555732928982 -0.31700309056444176;-0.9828036049153
4.516476491396764 -0.31706773828508517;-0.9829736264567
4.517392724803664 -0.3171320683921376;-0.9831419811240
4.518304454613153 -0.3171960823920773;-0.9833086849775
4.519211702198416 -0.31725978178504877;-0.9834737539285
4.520114488842507 -0.31732316806487926;-0.9836372037401
4.521012835738641 -0.3173862427190789;-0.9837990500289
4.521906763990302 -0.3174490072288795;-0.9839593082661
4.522796294611525 -0.31751146306920675;-0.9841179937789
4.523681448527117 -0.3175736117087359;-0.9842751217513
4.524562246572811 -0.31763545460990816;-0.9844307072259
4.52543870949556 -0.3176969932289032;-0.9845847651048
4.526310857953708 -0.3177582290157056;-0.9847373101508
4.527178712517221 -0.3178191634140882;-0.9848883569890
4.528042293667927 -0.31787979786164;-0.9850379201072
4.528901621799741 -0.3179401337897715;-0.9851860138579
4.52975671721888 -0.3180001726237537;-0.9853326524590
4.530607600144115 -0.31805991578270143;-0.9854778499954
4.531454290706998 -0.3181193646796122;-0.9856216204196
4.532296808952079 -0.3181785207213995;-0.9857639775532
4.533135174837166 -0.3182373853088595;-0.9859049350880
4.533969408233551 -0.3182959598367153;-0.9860445065874
4.53479952892623 -0.3183542456936673;-0.986182705486
4.535625556614203 -0.3184122442623539;-0.9863195450955
4.536447510910646 -0.3184699569193906;-0.9864550385974
4.537265411343211 -0.3185273850353977;-0.9865891990523
4.53807927735424 -0.31858452997500575;-0.9867220393968
4.538889128301021 -0.318641393096878;-0.9868535724455
4.539694983456032 -0.3186979757537213;-0.9869838108921
4.540496862007214 -0.31875427929229716;-0.9871127673105
4.5412947830581745 -0.3188103050534775;-0.9872404541556
4.542088765628487 -0.3188660543722167;-0.9873668837647
4.542878828653929 -0.31892152857758493;-0.987492068358
4.543664990986717 -0.31897672899278484;-0.9876160200422
4.54444727139579 -0.3190316569352071;-0.9877387508057
4.545225688567045 -0.31908631371637475;-0.9878602725261
4.546000261103616 -0.3191407006420045;-0.9879805969674
4.546771007526113 -0.3191948190120565;-0.9880997357824
4.547537946272879 -0.3192486701206899;-0.988217700513
4.548301095700264 -0.31930225525630196;-0.9883345025917
4.549060474082889 -0.31935557570157214;-0.9884501533425
4.5498160996138965 -0.31940863273345677;-0.9885646639817
4.550567990405225 -0.3194614276231945;-0.988678045618
4.551316164487835 -0.319513961636373;-0.9887903092578
4.5520606398120504 -0.3195662360328956;-0.9889014657980
4.552801434247739 -0.31961825206702554;-0.9890115260348
4.553538565584631 -0.31967001098740855;-0.989120500660
4.554272051532566 -0.31972151403706695;-0.9892284002670
4.5550019097217795 -0.3197727624534442;-0.9893352353427
4.555728157703122 -0.3198237574684327;-0.9894410162778
4.5564508129483885 -0.3198745003083404;-0.9895457533628
4.557169892850545 -0.319924992193963;-0.9896494567898
4.5578854147240175 -0.3199752343405783;-0.9897521366538
4.558597395804954 -0.32002522795798527;-0.9898538029533
4.559305853251501 -0.3200749742504706;-0.9899544655909
4.5600108041440555 -0.3201244744168975;-0.9900541343748
4.560712265485562 -0.3201737296506836;-0.9901528190192
4.561410254201748 -0.32022274113983407;-0.9902505291453
4.562104787141436 -0.320271510066953;-0.9903472742824
4.562795881076809 -0.32032003760924865;-0.9904430638680
4.5634835527036515 -0.32036832493858924;-0.9905379072496
4.564167818641635 -0.32041637322149163;-0.9906318136849
4.564848695434604 -0.32046418361914364;-0.9907247923427
4.565526199550852 -0.3205117572874373;-0.9908168523040
4.566200347383376 -0.32055909537698;-0.9909080025624
4.566871155250141 -0.32060619903312226;-0.9909982520252
4.567538639394398 -0.32065306939595206;-0.9910876095143
4.568202815984901 -0.32069970760034494;-0.9911760837665
4.568863701116228 -0.32074611477596393;-0.9912636834348
4.569521310809011 -0.32079229204727067;-0.9913504170889
4.570175661010262 -0.3208382405335698;-0.9914362932161
4.570826767593584 -0.3208839613490312;-0.9915213202219
4.571474646359503 -0.3209294556026677;-0.9916055064309
4.572119313035706 -0.32097472439839636;-0.9916888600876
4.5727607832773245 -0.32101976883502703;-0.9917713893568
4.5733990726672005 -0.32106459000630705;-0.9918531023249
4.574034196716181 -0.32110918900092666;-0.9919340070001
4.574666170863368 -0.3211535669025468;-0.9920141113134
4.575295010476399 -0.3211977247898158;-0.9920934231194
4.57592073085174 -0.3212416637363692;-0.9921719501967
4.576543347214907 -0.3212853848108689;-0.9922497002489
4.577162874720803 -0.32132888907703616;-0.99232668090
4.577779328453941 -0.3213721775936297;-0.9924028997208
4.578392723428744 -0.32141525141450644;-0.9924783641783
4.5790030745898 -0.3214581115886107;-0.9925530816877
4.579610396812157 -0.3215007591600073;-0.9926270595874
4.580214704901571 -0.32154319516790386;-0.9927003051448
4.5808160135947755 -0.32158542064665074;-0.9927728255569
4.581414337559782 -0.3216274366257966;-0.9928446279511
4.5820096913961175 -0.32166924413006626;-0.9929157193857
4.582602089635119 -0.3217108441794104;-0.9929861068508
4.58319154674019 -0.3217522377889893;-0.9930557972686
4.5837780771070875 -0.32179342596923355;-0.9931247974942
4.58436169506416 -0.3218344097258442;-0.9931931143164
4.584942414872645 -0.3218751900598039;-0.9932607544580
4.585520250726933 -0.32191576796741017;-0.9933277245766
4.586095216754828 -0.32195614444028087;-0.9933940312652
4.586667327017825 -0.3219963204653765;-0.9934596810531
4.587236595511364 -0.3220362970250391;-0.9935246804056
4.587803036165113 -0.32207607509697544;-0.9935890357258
4.588366662843232 -0.32211565565430156;-0.9936527533543
4.5889274893446315 -0.32215503966554826;-0.9937158395701
4.589485529403238 -0.32219422809469445;-0.9937783005913
4.5900407966882675 -0.32223322190117265;-0.9938401425754
4.590593304804493 -0.3222720220398968;-0.9939013716201
4.591143067292498 -0.32231062946126776;-0.9939619937637
4.5916900976289545 -0.32234904511120666;-0.9940220149860
4.592234409226865 -0.3223872699311604;-0.9940814412083
4.592776015435858 -0.3224253048581295;-0.9941402782944
4.593314929542415 -0.3224631508246901;-0.9941985320510
4.593851164770159 -0.3225008087589999;-0.9942562082283
4.594384734280112 -0.3225382795848254;-0.9943133125203
4.594915651170946 -0.3225755642215479;-0.994369850565
4.595443928479249 -0.32261266358420204;-0.9944258279483
4.595969579179783 -0.3226495785834761;-0.9944812501972
4.596492616185756 -0.32268631012573945;-0.9945361227878
4.597013052349066 -0.322722859113065;-0.9945904511421
4.597530900460552 -0.3227592264432345;-0.9946442406290
4.598046173250283 -0.3227954130097611;-0.9946974965652
4.598558883387784 -0.32283141970191676;-0.9947502242156
4.5990690434823085 -0.3228672474047324;-0.9948024287934
4.599576666083095 -0.3229028969990312;-0.9948541154612
4.600081763679604 -0.3229383693614508;-0.9949052893311
4.600584348701804 -0.3229736653644323;-0.994955955465
4.601084433520398 -0.323008785876281;-0.995006118875
4.601582030447089 -0.32304373176114465;-0.9950557845271
4.602077151734836 -0.3230785038790519;-0.9951049573341
4.602569809578095 -0.3231131030859292;-0.995153642163
4.603060016113082 -0.32314753023361187;-0.9952018438358
4.603547783418011 -0.32318178616986615;-0.9952495671225
4.604033123513363 -0.32321587173839494;-0.9952968167496
4.604516048362118 -0.3232497877788766;-0.9953435973966
4.604996569870008 -0.3232835351269815;-0.9953899136971
4.605474699885777 -0.3233171146143555;-0.9954357702395
4.605950450201403 -0.32335052706868106;-0.9954811715671
4.606423832552388 -0.3233837733136603;-0.9955261221790
4.606894858617951 -0.3234168541690542;-0.9955706265299
4.60736354002131 -0.323449770450699;-0.9956146890311
4.607829888329919 -0.32348252297050084;-0.9956583140505
4.608293915055696 -0.3235151125364911;-0.9957015059135
4.608755631655299 -0.32354753995279883;-0.9957442689028
4.6092150495303414 -0.3235798060197005;-0.995786607259
4.609672180027647 -0.3236119115336257;-0.9958285251820
4.610127034439471 -0.3236438572871737;-0.9958700268294
4.610579624003769 -0.3236756440691303;-0.9959111163185
4.611029959904423 -0.32370727266448973;-0.9959517977264
4.611478053271479 -0.323738743854466;-0.9959920750899
4.611923915181382 -0.32377005841651496;-0.9960319524064
4.612367556657227 -0.32380121712433996;-0.9960714336339
4.612808988668976 -0.32383222074792506;-0.9961105226918
4.6132482221337145 -0.32386307005354065;-0.9961492234606
4.613685267915879 -0.32389376580374896;-0.9961875397832
4.614120136827488 -0.32392430875744294;-0.9962254754644
4.614552839628372 -0.3239546996698629;-0.9962630342717
4.614983387026422 -0.3239849392925854;-0.9963002199358
4.615411789677815 -0.3240150283735622;-0.9963370361505
4.615838058187233 -0.32404496765713675;-0.9963734865733
4.616262203108107 -0.3240747578840498;-0.9964095748260
4.616684234942848 -0.3241043997914673;-0.9964453044945
4.617104164143072 -0.32413389411298577;-0.9964806791298
4.617522001109821 -0.32416324157864895;-0.9965157022476
4.617937756193808 -0.32419244291497573;-0.9965503773293
4.61835143969563 -0.32422149884496;-0.9965847078219
4.618763061865995 -0.3242504100880984;-0.9966186971387
4.619172632905973 -0.32427917736040157;-0.9966523486592
4.61958016296717 -0.32430780137440507;-0.9966856657297
4.619985662151994 -0.3243362828392028;-0.9967186516637
4.620389140513866 -0.32436462246043585;-0.9967513097419
4.620790608057431 -0.3243928209403425;-0.9967836432129
4.621190074738808 -0.32442087897772487;-0.9968156552932
4.621587550465774 -0.32444879726801557;-0.9968473491677
4.621983045098018 -0.324476576503261;-0.9968787279898
4.622376568447336 -0.3245042173721492;-0.9969097948820
4.622768130277846 -0.32453172056003743;-0.9969405529360
4.6231577403062465 -0.32455908674892464;-0.9969710052130
4.623545408201992 -0.32458631661751236;-0.9970011547441
4.623931143587514 -0.3246134108411992;-0.9970310045305
4.624314956038452 -0.324640370092092;-0.997060557543
4.624696855083851 -0.32466719503905017;-0.9970898167265
4.625076850206397 -0.3246938863476524;-0.9971187849918
4.625454950842614 -0.32472044468024663;-0.9971474652244
4.625831166383073 -0.32474687069595565;-0.9971758602804
4.626205506172617 -0.3247731650506992;-0.9972039729879
4.626577979510563 -0.32479932839719405;-0.9972318061470
4.626948595650901 -0.3248253613849762;-0.9972593625303
4.627317363802538 -0.32485126466041747;-0.9972866448829
4.627684293129471 -0.32487703886674224;-0.9973136559228
4.628049392751007 -0.32490268464403294;-0.9973403983415
4.6284126717419625 -0.3249282026292467;-0.997366874803
4.628774139132893 -0.32495359345624875;-0.9973930879476
4.629133803910276 -0.32497885775579005;-0.997419040385
4.629491675016708 -0.32500399615555187;-0.9974447347048
4.629847761351144 -0.32502900928015677;-0.9974701734657
4.630202071769054 -0.3250538977511742;-0.9974953592044
4.630554615082663 -0.3250786621871261;-0.9975202944316
4.630905400061133 -0.32510330320352565;-0.9975449816331
4.631254435430767 -0.3251278214128718;-0.9975694232706
4.631601729875209 -0.3251522174246714;-0.9975936217810
4.631947292035651 -0.32517649184544484;-0.9976175795774
4.632291130511015 -0.3252006452787538;-0.9976412990490
4.632633253858156 -0.32522467832520674;-0.997664782561
4.632973670592063 -0.32524859158247;-0.997688032456
4.633312389186064 -0.32527238564529004;-0.9977110510543
4.633649418071997 -0.3252960611054935;-0.9977338406501
4.633984765640427 -0.32531961855201474;-0.9977564035176
4.634318440240822 -0.32534305857091284;-0.9977787419079
4.634650450181745 -0.32536638174536014;-0.9978008580497
4.634980803731072 -0.3253895886556758;-0.997822754149
4.63530950911616 -0.32541267987934785;-0.9978444323929
4.6356365745240335 -0.32543565599101665;-0.9978658949425
4.635962008101586 -0.3254585175625192;-0.9978871439405
4.636285817955766 -0.3254812651628892;-0.9979081815075
4.636608012153771 -0.32550389935835156;-0.9979290097434
4.636928598723223 -0.32552642071237214;-0.9979496307271
4.637247585652361 -0.3255488297856469;-0.9979700465171
4.63756498089022 -0.32557112713611847;-0.997990259151
4.637880792346828 -0.3255933133189982;-0.998010270648
4.638195027893384 -0.32561538888676644;-0.9980300830047
4.638507695362444 -0.32563735438918895;-0.9980496981998
4.638818802548091 -0.3256592103733337;-0.9980691181918
4.639128357206136 -0.3256809573835874;-0.9980883449199
4.6394363670542855 -0.3257025959616556;-0.9981073803042
4.6397428397723335 -0.32572412664657946;-0.9981262262457
4.640047783002329 -0.3257455499747576;-0.9981448846266
4.640351204348755 -0.32576686647995745;-0.9981633573104
4.64065311137872 -0.3257880766933098;-0.9981816461423
4.640953511622122 -0.3258091811433418;-0.9981997529491
4.641252412571841 -0.32583018035598277;-0.9982176795397
4.64154982168389 -0.32585107485456966;-0.9982354277047
4.641845746377607 -0.3258718651598692;-0.9982529992174
4.642140194035835 -0.3258925517900836;-0.9982703958333
4.6424331720050755 -0.3259131352608725;-0.9982876192906
4.642724687595693 -0.3259336160853422;-0.9983046713102
4.643014748082039 -0.32595399477409537;-0.998321553596
4.643303360702674 -0.3259742718351978;-0.9983382678351
4.643590532660515 -0.32599444777422837;-0.998354815697
4.643876271123001 -0.3260145230942736;-0.9983711988378
4.64416058322227 -0.326034498295933;-0.9983874188926
4.644443476055329 -0.3260543738773526;-0.9984034774832
4.644724956684213 -0.32607415033421916;-0.9984193762148
4.6450050321361545 -0.3260938281597715;-0.9984351166766
4.645283709403762 -0.32611340784483367;-0.998450700441
4.645560995445173 -0.32613288987779276;-0.9984661290686
4.645836897184218 -0.32615227474464337;-0.9984814040992
4.6461114215106 -0.3261715629289653;-0.998496527060
4.646384575280043 -0.32619075491196814;-0.9985114994650
4.646656365314449 -0.32620985117248547;-0.998526322809
4.646926798402089 -0.3262288521869917;-0.9985409985755
4.647195881297738 -0.3262477584295965;-0.9985555282312
4.647463620722835 -0.32626657037208917;-0.9985699132292
4.647730023365659 -0.3262852884839219;-0.9985841550081
4.6479950958814795 -0.3263039132322322;-0.9985982549920
4.648258844892728 -0.32632244508184816;-0.9986122145910
4.648521276989115 -0.3263408844953054;-0.9986260352013
4.648782398727852 -0.326359231932858;-0.9986397182051
4.649042216633742 -0.326377487852484;-0.9986532649709
4.649300737199391 -0.32639565270990223;-0.9986666768538
4.64955796688532 -0.32641372695857773;-0.9986799551953
4.649813912120143 -0.32643171104973845;-0.9986931013235
4.65006857930072 -0.3264496054323919;-0.9987061165536
4.650321974792298 -0.32646741055330286;-0.9987190021875
4.650574104928667 -0.32648512685705466;-0.9987317595144
4.650824976012335 -0.32650275478601565;-0.9987443898104
4.651074594314641 -0.32652029478037814;-0.9987568943394
4.651322966075927 -0.32653774727815843;-0.9987692743522
4.651570097505687 -0.32655511271519677;-0.9987815310876
4.651815994782716 -0.3265723915251907;-0.9987936657721
4.6520606640552415 -0.3265895841396894;-0.998805679619
4.652304111441109 -0.32660669098809947;-0.9988175738326
4.652546343027886 -0.32662371249771793;-0.9988293496011
4.65278736487304 -0.32664064909372137;-0.9988410081035
4.653027183004066 -0.32665750119918247;-0.9988525505066
4.653265803418644 -0.3266742692350756;-0.9988639779655
4.653503232084766 -0.32669095362030454;-0.9988752916239
4.653739474940899 -0.3267075547716859;-0.9988864926140
4.653974537896116 -0.32672407310399343;-0.9988975820569
4.654208426830242 -0.32674050902991925;-0.9989085610626
4.654441147594001 -0.3267568629601404;-0.9989194307299
4.6546727060091495 -0.3267731353032911;-0.9989301921468
4.654903107868624 -0.3267893264659739;-0.9989408463906
4.655132358936664 -0.32680543685278185;-0.9989513945277
4.655360464948977 -0.32682146686632063;-0.9989618376141
4.655587431612857 -0.3268374169071754;-0.9989721766950
4.65581326460734 -0.32685328737396613;-0.9989824128057
4.656037969583316 -0.32686907866333115;-0.9989925469708
4.656261552163688 -0.3268847911699492;-0.9990025802048
4.6564840179435025 -0.3269004252865394;-0.9990125135124
4.656705372490078 -0.32691598140387257;-0.9990223478880
4.6569256213431505 -0.3269314599107932;-0.999032084316
4.657144770014999 -0.3269468611942029;-0.9990417237719
4.657362823990586 -0.3269621856390993;-0.9990512672202
4.657579788727684 -0.3269774336285648;-0.9990607156168
4.657795669657012 -0.3269926055437834;-0.9990700699077
4.658010472182356 -0.32700770176405725;-0.9990793310296
4.658224201680728 -0.3270227226668011;-0.9990884999099
4.6584368635024695 -0.32703766862755346;-0.9990975774667
4.658648462971394 -0.3270525400199987;-0.99910656460
4.658859005384908 -0.32706733721596726;-0.9991154622372
4.659068496014147 -0.32708206058544087;-0.9991242712418
4.659276940104101 -0.3270967104965695;-0.9991329925053
4.659484342873749 -0.32711128731567685;-0.9991416269011
4.659690709516173 -0.32712579140727127;-0.9991501752939
4.659896045198692 -0.327140223134046;-0.999158638539
4.660100355062985 -0.3271545828569068;-0.9991670174867
4.660303644225222 -0.3271688709349553;-0.9991753129737
4.660505917776186 -0.3271830877255223;-0.9991835258316
4.660707180781392 -0.32719723358415675;-0.99919165688
PointOptimal;ValeurOptimale
[ 4.66070718 -0.32719723];-0.99919165688306
Temps;Nb iteration
0.04266762733459473;1000