Point;Valeur
-0.5852782643749235 1.3098203400496615;0.9907444726133
-0.5857949976975926 1.2794658141010324;0.9866465922114
-0.5734190692401642 1.2219897912688191;0.9756883410696
-0.5421438175370187 1.125629798532428;0.9487904514165
-0.4821578956776553 0.9717747294080774;0.8842167571370
-0.3784977939235104 0.733674039007927;0.7349230842992
-0.21065108176164465 0.38025108633719507;0.4211390275740
0.08701217404757183 -0.059989113766506064;0.105490690851
0.30220223322844614 -0.3925255119800749;0.47536700222231
0.45621154617915055 -0.6390229684871653;0.7069397520094
0.5650781639197511 -0.8197733188198016;0.8391189174807
0.6406681888186713 -0.9509161545507824;0.9113708331176
0.691444103009652 -1.0443852336081871;0.9497798544178
0.7231336000788224 -1.1084190774815235;0.9695650902735
0.7392013676155016 -1.1480206009706562;0.9789841719292
0.7410809236134028 -1.1651492255538036;0.9820162114508
0.7281399300118532 -1.158533611857688;0.9795780885492
0.697342408925329 -1.1229979088100654;0.9691840580572
0.6425726649839109 -1.048189497243712;0.9423121185996
0.5536979274012583 -0.9167357705214574;0.8776678542080
0.41601365198112006 -0.7026391357995188;0.7287941978510
0.21287196971158973 -0.37343019561639346;0.41672764750494
-0.026983220337545133 0.10727602337898046;0.1103920839931
-0.21117059813802302 0.4657235330841319;0.4893657580277
-0.35082932896054786 0.7315934932896875;0.725226431802
-0.45743218721464907 0.9304299590037649;0.8607774243020
-0.5409744261114227 1.0832562207527503;0.9359069515987
-0.6101176111584058 1.2077252845847022;0.9763947360250
-0.6729058293287324 1.3198610634653902;0.9960155278575
-0.7377601366648845 1.4361395869371036;0.9990427544261
-0.8147262321921773 1.5759579772719976;0.9794053718683
-0.9169259202133007 1.7644355525640756;0.9140378045137
-1.0616152632647489 2.034430397171845;0.7491847222829
-1.268244270322308 2.422833365868705;0.39576079337408
-1.5469469551836665 2.948682035979648;-0.187128082588
-1.8756899767689645 3.569813751999957;-0.7776991810916
-2.1996834078695566 4.181948596320289;-0.9999182296881
-2.4721994664531266 4.696321898166958;-0.8282101816023
-2.6730020369337084 5.074577127016742;-0.520689228323
-2.7975264001887097 5.30812620210473;-0.2792268434603
-2.846025527061053 5.397518876285928;-0.18030301696476
-2.8195349338866134 5.344784021481014;-0.23799155443266
-2.7219170176475216 5.157304759509377;-0.43646451896206
-2.566349491635045 4.860102438357814;-0.7083225121382
-2.37983523095122 4.504347247136093;-0.9279223732600
-2.196516664559471 4.154659769352169;-0.9999177357765
-2.044600610572833 3.864351771783451;-0.9425951759194
-1.9405611710343853 3.6644846764544154;-0.844161641416
-1.89085791243085 3.5671597646123785;-0.780665364374
-1.894643415275021 3.570676627711808;-0.7837061732157
-1.944749996990727 3.6614379299303326;-0.8437705995774
-2.0279408309581837 3.8144604881346234;-0.924009348241
-2.126638105205518 3.9966526686458543;-0.9829072121104
-2.2227642199564626 4.174041574562691;-0.9998622809567
-2.301688038335959 4.319172902565414;-0.9835210167109
-2.354256386145682 4.4149018169700165;-0.9579580206208
-2.3769678701438344 4.454696459795846;-0.9438174063635
-2.371315728786592 4.4413872817075255;-0.948479009214
-2.3428468354506196 4.3853892449194785;-0.9664954253210
-2.299884998551715 4.302300054560589;-0.9862438239884
-2.2518479097331285 4.209743627594823;-0.9980917638132
-2.207463224866384 4.124032227930282;-0.9993971306712
-2.17338113016404 4.057577445498389;-0.9940219367549
-2.1534581290191834 4.017561100872606;-0.9881531145767
-2.1486620765998397 4.005768947082592;-0.9861312261079
-2.157420867505781 4.019251933963481;-0.9886636709121
-2.17627169336452 4.051545197438343;-0.9935829783028
-2.20070152173767 4.094239047148746;-0.997941404090
-2.226043266686607 4.138648815500851;-0.9999147052069
-2.2482640007808143 4.1772795082152;-0.999504339340
-2.264512856890986 4.204840544539035;-0.9979872956758
-2.2733748843376502 4.21871252328061;-0.9968118987915
-2.2748499038142445 4.21890306490266;-0.9967422987538
-2.27011440973235 4.207600784510424;-0.9976517536143
-2.261139347107637 4.188463389957534;-0.9988749103463
-2.2502434501628286 4.1657881500377245;-0.9997511138577
-2.2396626670664377 4.14371406082327;-0.9999977123863
-2.2312043675051005 4.1255826765743455;-0.9997555566545
-2.226029775296738 4.113537449343228;-0.9993816801761
-2.2245776782940454 4.108384981700086;-0.9991844284876
-2.2266164361365735 4.109693435917712;-0.9992678446874
-2.2313937868283618 4.11607110483774;-0.9995384058859
-2.2378445281158728 4.125550991075362;-0.9998199483945
-2.244813664247505 4.136002948973507;-0.9999790939035
-2.2512566656080275 4.145502708481918;-0.9999877161066
-2.256388272820393 4.152605356179299;-0.999906876529
-2.2597645107517383 4.156495360543309;-0.9998255819798
-2.26129614709707 4.15701025199376;-0.9998027671215
-2.261203150766172 4.154555863240418;-0.9998440461795
-2.259927401980343 4.149945101627037;-0.999915480290
-2.258024588441509 4.144198876686004;-0.9999751823911
-2.256056059122583 4.13834738300861;-0.9999995341561
-2.254497982415539 4.1332635378305564;-0.9999909940064
-2.2536794750806144 4.1295498627414915;-0.9999688259506
-2.253754729354136 4.127487871842099;-0.9999532466379
-2.254707848696427 4.127047437318916;-0.999953924271
-2.2563840891961155 4.12794444064684;-0.9999679310788
-2.258538056221941 4.129729301649995;-0.9999853700854
-2.2608882898471534 4.131886995097558;-0.9999971479090
-2.263168423810743 4.133930598987868;-0.9999998754785
-2.265167299864807 4.135474485980067;-0.9999960428007
-2.2667534736942887 4.136278884802145;-0.9999908371599
-2.2678828221217855 4.136263532590823;-0.9999884308071
-2.268590886574709 4.13549347691568;-0.9999899847853
-2.26897375440354 4.13414402334469;-0.999993956436
-2.2691624718483596 4.132453973888692;-0.9999978243405
-2.2692961757346772 4.130676626020096;-0.9999998244663
-2.26949846207879 4.129036757074754;-0.9999997208099
-2.269860229732478 4.127699467171875;-0.9999984777923
-2.270430653789319 4.126753858948764;-0.9999973585555
-2.271216362165221 4.126211651321933;-0.999997132766
-2.2721875629290618 4.126018417062554;-0.9999978043578
-2.2732889686076048 4.12607350504334;-0.9999988510438
-2.27445295914503 4.126253985662959;-0.9999996831755
-2.2756124983253874 4.126438103957535;-0.9999999971924
-2.2767117771421983 4.126524568990775;-0.9999998586365
-2.277713263481314 4.126445297063679;-0.9999995523550
-2.278600635793259 4.126170678287059;-0.9999993562474
-2.279377825650623 4.125707790836079;-0.9999993891892
-2.280064979147734 4.1250930442986915;-0.9999995953894
-2.2806925037214225 4.124381374234129;-0.9999998315903
-2.2812944766475276 4.1236343024542155;-0.9999999762426
-2.2819025782973257 4.1229089668193435;-0.9999999925273
-2.2825414329421085 4.1222497125214295;-0.9999999241028
-2.2832258655366324 4.12168315687707;-0.9999998467486
-2.2839601903252005 4.121216928943075;-0.9999998166566
-2.2847393022433913 4.120841662811212;-0.9999998454115
-2.2855510920941975 4.120535373927868;-0.9999999074646
-2.2863795753808973 4.120269113860067;-0.9999999659126
-2.2872081133882642 4.120012781488226;-0.9999999965433
-2.288022195220308 4.1197401337517405;-0.999999997285
-2.2888114094741288 4.119432329416502;-0.999999982356
-2.2895704266567196 4.119079687174668;-0.999999969171
-2.2902990020407987 4.118681679287461;-0.9999999676224
-2.29100116385883 4.118245460870153;-0.9999999769847
-2.291683854333897 4.117783418489001;-0.9999999898133
-2.2923553334969164 4.1173102967619215;-0.9999999984357
-2.2930236413973923 4.116840434515594;-0.9999999995670
-2.293695355061817 4.116385534415655;-0.9999999950086
-2.29437478946239 4.115953232722668;-0.9999999892298
-2.295063695467614 4.115546562534714;-0.9999999861418
-2.2957614192333886 4.115164245004126;-0.9999999871199
-2.2964654196108047 4.114801621566578;-0.9999999910050
-2.297172000287033 4.1144519692852874;-0.9999999954839
-2.2978771031842746 4.114107923789545;-0.9999999986665
-2.2985770257468436 4.113762763760512;-0.9999999999325
-2.2992689601260614 4.113411374787838;-0.9999999998156
-2.299951298006673 4.113050792629209;-0.9999999992990
-2.3006236918423486 4.11268031018562;-0.9999999991047
-2.30128690382631 4.112301205011563;-0.9999999993768
-2.3019425026200566 4.111916195302045;-0.9999999998090
-2.3025924821030403 4.11152875747105;-0.9999999999995
-2.303238876352157 4.111142438034847;-0.9999999997554
-2.3038834331319498 4.110760270931207;-0.9999999991827
-2.304527388293278 4.110384375690335;-0.9999999985718
-2.3051713601601698 4.1100157701374425;-0.9999999982013
-2.3058153605545866 4.109654391252029;-0.9999999981953
-2.3064589009966836 4.109299285564641;-0.9999999984976
-2.3071011610066914 4.108948909874469;-0.9999999989446
-2.3077411810754658 4.108601475444821;-0.9999999993703
-2.3083780452425184 4.10825527320338;-0.9999999996776
-2.3090110258063556 4.107908931100751;-0.9999999998519
-2.3096396733934346 4.1075615739234275;-0.9999999999288
-2.3102638471936685 4.1072128765074005;-0.9999999999510
-2.3108836906283776 4.106863019898314;-0.9999999999407
-2.31149956556163 4.106512573926799;-0.9999999998987
-2.3121119625913904 4.106162337467992;-0.9999999998195
-2.3127214058228227 4.105813169131469;-0.9999999997078
-2.313328368303229 4.105465837109591;-0.9999999995834
-2.313933209857941 4.105120908976237;-0.9999999994752
-2.3145361434970493 4.1047786923074;-0.999999999408
-2.315137230945394 4.104439227017313;-0.9999999993939
-2.31573640309506 4.104102321872148;-0.9999999994273
-2.316333497895054 4.103767621847626;-0.999999999492
-2.3169283066690505 4.1034346903195065;-0.9999999995685
-2.317520620020336 4.10310309041503;-0.9999999996393
-2.318110266047097 4.102772452641699;-0.9999999996946
-2.318697136047546 4.102442520291807;-0.9999999997303
-2.3192811957131294 4.102113169120814;-0.9999999997465
-2.319862482470526 4.101784402507378;-0.999999999745
-2.320441091738022 4.101456327024899;-0.9999999997299
-2.32101715616881 4.101129115656615;-0.9999999997041
-2.321590822391001 4.100802966635355;-0.9999999996731
-2.3221622293909823 4.100478065239804;-0.9999999996421
-2.3227314917243396 4.100154554162292;-0.9999999996166
-2.323298689427116 4.09983251573972;-0.9999999996003
-2.323863865111481 4.099511966880698;-0.9999999995948
-2.324427027497556 4.099192865350499;-0.9999999995994
-2.3249881597295508 4.0988751244815855;-0.9999999996116
-2.3255472303361215 4.098558632526979;-0.9999999996278
-2.326104204635397 4.098243272770712;-0.9999999996447
-2.3266590546826955 4.097928941047168;-0.9999999996595
-2.3272117664155982 4.097615558304273;-0.9999999996702
-2.3277623433267096 4.097303077037187;-0.9999999996761
-2.3283108066624822 4.0969914816025;-0.9999999996771
-2.3288571927042776 4.096680783398314;-0.9999999996740
-2.3294015480599546 4.096371012552902;-0.9999999996680
-2.3299439240568374 4.096062208043032;-0.9999999996604
-2.330484371285235 4.095754408090384;-0.9999999996528
-2.331022935142262 4.095447642326073;-0.9999999996465
-2.3315596529200633 4.095141926678233;-0.999999999642
-2.3320945526443375 4.094837261339129;-0.9999999996405
-2.332627653554162 4.094533631615292;-0.9999999996411
-2.3331589678683966 4.094231011035812;-0.9999999996437
-2.3336885033408725 4.093929365838107;-0.9999999996475
-2.334216266060139 4.093628659879998;-0.9999999996517
-2.3347422630061807 4.093328859118616;-0.9999999996556
-2.335266503995827 4.0930299350123125;-0.9999999996587
-2.3357890028088555 4.092731866483614;-0.9999999996607
-2.336309777453677 4.0924346403723115;-0.9999999996614
-2.3368288496757446 4.092138250562018;-0.9999999996611
-2.337346243915732 4.091842696144239;-0.9999999996599
-2.3378619859775362 4.091547979077576;-0.9999999996583
-2.3383761016688047 4.091254101801574;-0.9999999996566
-2.3388886156366544 4.090961065194634;-0.999999999655
-2.339399550553204 4.090668867145038;-0.9999999996541
-2.3399089267210167 4.090377501859345;-0.9999999996537
-2.3404167620922314 4.090086959893646;-0.9999999996539
-2.3409230726284056 4.089797228780993;-0.9999999996546
-2.3414278728864013 4.08950829405133;-0.999999999655
-2.341931176698431 4.089220140416519;-0.9999999996568
-2.3424329978220513 4.088932752900743;-0.9999999996579
-2.3429333504612466 4.088646117744825;-0.999999999658
-2.3434322495978175 4.088360222978164;-0.9999999996596
-2.3439297111115116 4.088075058622485;-0.9999999996601
-2.3444257517068694 4.087790616557775;-0.9999999996602
-2.3449203886901437 4.087506890127671;-0.9999999996601
-2.3454136396590908 4.087223873592622;-0.9999999996599
-2.345905522169508 4.08694156154354;-0.9999999996597
-2.34639605343584 4.086659948376126;-0.9999999996595
-2.346885250109548 4.086379027900376;-0.9999999996594
-2.347373128156615 4.08609879312395;-0.9999999996594
-2.347859702838246 4.085819236214428;-0.9999999996596
-2.348344988780477 4.085540348616978;-0.9999999996599
-2.348829000106473 4.085262121281105;-0.9999999996603
-2.3493117506004317 4.084984544941972;-0.9999999996608
-2.3497932538719954 4.084707610401993;-0.9999999996612
-2.35027352349468 4.08443130876703;-0.999999999661
-2.35075257310048 4.084155631607297;-0.9999999996620
-2.3512304164241917 4.083880571029923;-0.9999999996623
-2.351707067298553 4.083606119665581;-0.9999999996625
-2.3521825396096174 4.083332270586835;-0.999999999662
-2.3526568472264895 4.08305901718223;-0.9999999996628
-2.3531300039211707 4.082786353013108;-0.9999999996629
-2.3536020232937296 4.082514271679998;-0.9999999996631
-2.354072918713404 4.082242766717314;-0.9999999996632
-2.3545427032839905 4.081971831528668;-0.9999999996634
-2.3550113898334337 4.0817014593657435;-0.9999999996636
-2.3554789909268146 4.0814316433473765;-0.9999999996638
-2.355945518896437 4.081162376508303;-0.9999999996641
-2.356410985881359 4.080893651864427;-0.9999999996644
-2.3568754038696906 4.080625462481815;-0.9999999996646
-2.357338784735091 4.08035780153729;-0.999999999664
-2.3578011402641574 4.080090662362183;-0.9999999996652
-2.35826248217178 4.0798240384649835;-0.9999999996654
-2.3587228221035303 4.079557923532947;-0.9999999996656
-2.359182171628603 4.079292311415733;-0.9999999996659
-2.359640542224836 4.079027196096239;-0.9999999996661
-2.3600979452606965 4.078762571655903;-0.9999999996663
-2.3605543919772893 4.0784984322407345;-0.9999999996665
-2.3610098934737582 4.078234772033407;-0.9999999996667
-2.361464460698362 4.07797158523366;-0.9999999996669
-2.3619181044453335 4.077708866050647;-0.9999999996671
-2.3623708353572863 4.077446608704248;-0.9999999996673
-2.362822663933104 4.077184807434737;-0.9999999996675
-2.363273600537696 4.076923456517834;-0.9999999996678
-2.363723655413426 4.076662550280499;-0.9999999996680
-2.364172838690525 4.076402083116004;-0.999999999668
-2.3646211603952567 4.076142049495647;-0.9999999996685
-2.3650686304551494 4.075882443975182;-0.999999999668
-2.365515258701682 4.075623261195492;-0.9999999996689
-2.365961054869741 4.075364495879516;-0.9999999996692
-2.3664060285953052 4.0751061428258355;-0.9999999996694
-2.366850189412268 4.074848196899672;-0.9999999996696
-2.3672935467485834 4.074590653023793;-0.9999999996698
-2.367736109923343 4.074333506171129;-0.9999999996700
-2.368177888144953 4.074076751359066;-0.999999999670
-2.368618890511283 4.073820383645934;-0.9999999996705
-2.369059126010174 4.073564398130912;-0.9999999996707
-2.3694986035220666 4.073308789955181;-0.9999999996709
-2.369937331823142 4.073053554305191;-0.9999999996711
-2.370375319588954 4.072798686415896;-0.9999999996714
-2.3708125753978484 4.072544181573958;-0.9999999996716
-2.3712491077336315 4.072290035120727;-0.9999999996718
-2.371684924988031 4.072036242453777;-0.9999999996720
-2.372120035462245 4.071782799026995;-0.9999999996723
-2.372554447367578 4.071529700349608;-0.9999999996725
-2.3729881688260788 4.071276941984151;-0.9999999996727
-2.3734212078700963 4.071024519544641;-0.9999999996729
-2.3738535724425587 4.070772428693513;-0.9999999996731
-2.3742852703965323 4.0705206651393215;-0.9999999996734
-2.374716309495501 4.070269224635333;-0.9999999996736
-2.375146697414173 4.070018102977621;-0.9999999996738
-2.3755764417389242 4.06976729600477;-0.9999999996740
-2.3760055499694808 4.069516799597759;-0.9999999996742
-2.376434029519873 4.069266609680214;-0.9999999996745
-2.376861887720265 4.069016722218999;-0.9999999996747
-2.3772891318182356 4.068767133224455;-0.9999999996749
-2.377715768980572 4.068517838750809;-0.9999999996751
-2.3781418062939834 4.068268834896226;-0.9999999996753
-2.3785672507665145 4.068020117803031;-0.9999999996756
-2.3789921093282325 4.067771683656877;-0.9999999996758
-2.3794163888322624 4.067523528686262;-0.9999999996760
-2.379840096055279 4.067275649161171;-0.9999999996762
-2.3802632376978137 4.067028041392616;-0.9999999996764
-2.380685820385092 4.066780701731659;-0.9999999996767
-2.3811078506676853 4.0665336265684315;-0.9999999996769
-2.3815293350219746 4.0662868123317075;-0.9999999996771
-2.381950279851324 4.066040255488122;-0.9999999996773
-2.3823706914867055 4.065793952542112;-0.9999999996775
-2.3827905761876726 4.065547900035497;-0.9999999996778
-2.3832099401431464 4.0653020945474285;-0.9999999996780
-2.3836287894725476 4.065056532693973;-0.9999999996782
-2.384047130226384 4.064811211128422;-0.9999999996784
-2.384464968387541 4.064566126540348;-0.999999999678
-2.3848823098716707 4.064321275655738;-0.9999999996789
-2.3852991605282856 4.064076655236414;-0.9999999996791
-2.3857155261413103 4.063832262079819;-0.9999999996793
-2.3861314124296245 4.063588093018625;-0.9999999996795
-2.38654682504831 4.06334414491981;-0.9999999996797
-2.3869617695886447 4.063100414684638;-0.9999999996799
-2.387376251578979 4.062856899247748;-0.9999999996802
-2.3877902764856085 4.062613595577143;-0.9999999996804
-2.388203849713099 4.0623705006736435;-0.9999999996806
-2.388616976605322 4.062127611570351;-0.9999999996808
-2.3890296624457665 4.061884925332647;-0.9999999996810
-2.389441912458737 4.061642439057661;-0.9999999996812
-2.3898537318096493 4.061400149873921;-0.9999999996815
-2.3902651256060317 4.061158054941185;-0.9999999996817
-2.3906760988978086 4.060916151450453;-0.9999999996819
-2.3910866566782887 4.060674436623092;-0.9999999996821
-2.3914968038847872 4.060432907710856;-0.9999999996823
-2.391906545399066 4.060191561995553;-0.9999999996825
-2.392315886047942 4.059950396788711;-0.9999999996828
-2.3927248306042492 4.0597094094309;-0.9999999996830
-2.3931333837870756 4.059468597291586;-0.999999999683
-2.393541550262355 4.059227957769173;-0.9999999996834
-2.3939493346434526 4.058987488290327;-0.9999999996836
-2.394356741492097 4.058747186309309;-0.9999999996838
-2.394763775318594 4.058507049308382;-0.9999999996841
-2.395170440582569 4.058267074796973;-0.9999999996843
-2.3955767416933478 4.058027260311726;-0.9999999996845
-2.395982683010687 4.05778760341585;-0.9999999996847
-2.396388268845498 4.057548101699357;-0.9999999996849
-2.396793503460026 4.057308752778237;-0.9999999996851
-2.397198391068744 4.057069554294704;-0.9999999996854
-2.397602935838522 4.056830503916551;-0.9999999996856
-2.398007141889682 4.056591599336872;-0.9999999996858
-2.3984110132959797 4.056352838274134;-0.999999999686
-2.39881455408547 4.056114218471371;-0.9999999996862
-2.399217768240833 4.05587573769644;-0.9999999996864
-2.399620659699872 4.055637393741399;-0.999999999686
-2.4000232323563653 4.0553991844224155;-0.9999999996869
-2.4004254900601913 4.055161107579143;-0.9999999996871
-2.4008274366178144 4.054923161075002;-0.9999999996873
-2.4012290757929384 4.0546853427965575;-0.9999999996875
-2.4016304113068005 4.054447650653446;-0.9999999996877
-2.4020314468388153 4.054210082577944;-0.9999999996879
-2.4024321860270352 4.053972636524891;-0.999999999688
-2.402832632468605 4.05373531047145;-0.9999999996884
-2.4032327897202124 4.053498102416854;-0.9999999996886
-2.403632661298533 4.053261010382168;-0.9999999996888
-2.4040322506806695 4.05302403240987;-0.9999999996890
-2.404431561304589 4.052787166563971;-0.9999999996892
-2.4048305965695502 4.0525504109292445;-0.9999999996894
-2.4052293598365337 4.05231376361153;-0.9999999996896
-2.405627854428659 4.05207722273715;-0.9999999996899
-2.4060260836317804 4.0518407864530355;-0.9999999996901
-2.406424050694542 4.051604452926146;-0.9999999996903
-2.406821758828963 4.051368220343426;-0.9999999996905
-2.4072192112111988 4.051132086911589;-0.9999999996907
-2.4076164109815767 4.050896050856893;-0.9999999996909
-2.40801336124517 4.0506601104247535;-0.9999999996911
-2.4084100650718305 4.050424263879886;-0.9999999996914
-2.4088065254969293 4.050188509506096;-0.9999999996916
-2.4092027455215606 4.049952845605532;-0.9999999996918
-2.4095987281132727 4.049717270499017;-0.9999999996920
-2.4099944762060828 4.049481782525494;-0.9999999996922
-2.410389992700845 4.049246380042175;-0.9999999996924
-2.4107852804659706 4.049011061423986;-0.9999999996926
-2.4111803423372518 4.048775825063731;-0.9999999996928
-2.411575181118576 4.048540669371715;-0.9999999996931
-2.4119697995824554 4.048305592775375;-0.9999999996933
-2.4123642004700145 4.048070593719442;-0.9999999996935
-2.4127583864916935 4.047835670665404;-0.9999999996937
-2.4131523603272282 4.047600822091672;-0.9999999996939
-2.413546124626167 4.047366046493215;-0.9999999996941
-2.4139396820082015 4.04713134238138;-0.9999999996943
-2.4143330350633185 4.0468967082838905;-0.9999999996945
-2.414726186352659 4.046662142744131;-0.9999999996948
-2.4151191384083033 4.046427644321863;-0.9999999996950
-2.415511893733945 4.046193211591982;-0.9999999996952
-2.415904454804849 4.045958843145413;-0.9999999996954
-2.4162968240683407 4.0457245375880495;-0.9999999996956
-2.416689003944292 4.045490293540941;-0.9999999996958
-2.417080996825245 4.0452561096404835;-0.9999999996960
-2.417472805076713 4.045021984537717;-0.999999999696
-2.417864431037655 4.044787916898344;-0.9999999996964
-2.418255877020414 4.044553905402564;-0.9999999996967
-2.418647145311362 4.044319948745274;-0.9999999996969
-2.4190382381711895 4.04408604563537;-0.9999999996971
-2.4194291578350073 4.043852194795774;-0.9999999996973
-2.4198199065126293 4.043618394963278;-0.9999999996975
-2.4202104863890286 4.043384644888566;-0.999999999697
-2.420600899624432 4.043150943335892;-0.999999999697
-2.4209911483545934 4.042917289082921;-0.999999999698
-2.4213812346914176 4.0426836809205895;-0.9999999996983
-2.421771160722867 4.042450117652953;-0.9999999996986
-2.4221609285132266 4.042216598097402;-0.9999999996988
-2.42255054010354 4.041983121084157;-0.9999999996990
-2.422939997511866 4.041749685455951;-0.9999999996992
-2.4233293027333547 4.041516290068247;-0.9999999996994
-2.4237184577408533 4.041282933788742;-0.99999999969
-2.4241074644847966 4.041049615497589;-0.9999999996998
-2.4244963248934543 4.040816334087081;-0.999999999700
-2.424885040873352 4.040583088461873;-0.9999999997002
-2.4252736143095093 4.040349877538315;-0.9999999997005
-2.4256620470656776 4.040116700244676;-0.999999999700
-2.4260503409845744 4.039883555520835;-0.9999999997009
-2.426438497887936 4.039650442318158;-0.9999999997011
-2.426826519576926 4.039417359599543;-0.9999999997013
-2.427214407832541 4.039184306338764;-0.9999999997015
-2.4276021644154735 4.038951281521238;-0.9999999997017
-2.427989791066517 4.038718284143368;-0.9999999997019
-2.4283772895067823 4.038485313212414;-0.9999999997021
-2.428764661437915 4.038252367746381;-0.999999999702
-2.4291519085423086 4.038019446774077;-0.9999999997026
-2.4295390324834956 4.037786549334812;-0.9999999997028
-2.4299260349059986 4.037553674478289;-0.999999999703
-2.430312917435717 4.037320821264664;-0.9999999997032
-2.430699681680132 4.0370879887642515;-0.9999999997034
-2.4310863292285094 4.036855176057594;-0.9999999997036
-2.4314728616520997 4.036622382235171;-0.9999999997038
-2.431859280504514 4.0363896063974645;-0.9999999997040
-2.432245587321741 4.036156847654497;-0.9999999997042
-2.432631783622162 4.035924105126258;-0.999999999704
-2.433017870907101 4.035691377942064;-0.9999999997046
-2.433403850661012 4.035458665240806;-0.9999999997049
-2.4337897243513082 4.035225966170847;-0.9999999997051
-2.434175493428907 4.034993279889566;-0.9999999997053
-2.434561159328231 4.034760605563784;-0.9999999997055
-2.4349467234673923 4.034527942369314;-0.9999999997057
-2.4353321872485476 4.034295289490854;-0.9999999997059
-2.4357175520578966 4.0340626461218925;-0.9999999997061
-2.43610281926568 4.0338300114649694;-0.9999999997063
-2.436487990227066 4.033597384731218;-0.9999999997065
-2.4368730662814273 4.033364765140271;-0.9999999997067
-2.437258048753225 4.033132151920167;-0.9999999997069
-2.4376429389516403 4.032899544307438;-0.9999999997072
-2.438027738171099 4.032666941546834;-0.9999999997074
-2.4384124476912534 4.032434342891593;-0.9999999997076
-2.4387970687773257 4.03220174760281;-0.9999999997078
-2.4391816026800863 4.031969154949707;-0.9999999997080
-2.439566050636192 4.031736564209194;-0.9999999997082
-2.4399504138683406 4.031503974666307;-0.9999999997084
-2.44033469358507 4.031271385613949;-0.9999999997086
-2.440718890981268 4.031038796352802;-0.9999999997088
-2.441103007238323 4.030806206190883;-0.999999999709
-2.441487043524273 4.030573614443646;-0.9999999997092
-2.441871000993597 4.030341020434248;-0.9999999997094
-2.4422548807878965 4.0301084234929405;-0.9999999997097
-2.442638684035682 4.029875822957518;-0.9999999997099
-2.4430224118525175 4.029643218172882;-0.9999999997101
-2.44340606534134 4.029410608490961;-0.999999999710
-2.4437896455925987 4.029177993270814;-0.9999999997105
-2.4441731536842153 4.028945371878549;-0.9999999997107
-2.4445565906818976 4.028712743686892;-0.9999999997109
-2.444939957639276 4.028480108075647;-0.9999999997111
-2.445323255597858 4.028247464431263;-0.9999999997113
-2.4457064855871606 4.028014812146935;-0.9999999997115
-2.4460896486253763 4.027782150622182;-0.99999999971
-2.446472745718609 4.027549479263478;-0.9999999997119
-2.446855777861895 4.027316797483477;-0.999999999712
-2.447238746038615 4.027084104701111;-0.9999999997124
-2.4476216512211537 4.026851400341706;-0.9999999997126
-2.448004494370667 4.0266186838370865;-0.9999999997128
-2.4483872764373826 4.0263859546249705;-0.9999999997130
-2.44876999836072 4.026153212149263;-0.9999999997132
-2.4491526610692316 4.025920455859808;-0.9999999997134
-2.449535265480901 4.025687685212499;-0.9999999997136
-2.4499178125032577 4.025454899669217;-0.9999999997138
-2.4503003030334933 4.025222098697585;-0.9999999997140
-2.450682737958575 4.024989281771079;-0.9999999997142
-2.4510651181551797 4.024756448368793;-0.9999999997144
-2.451447444489985 4.024523597975548;-0.9999999997146
-2.4518297178199586 4.024290730081654;-0.9999999997148
-2.4522119389919292 4.024057844183209;-0.9999999997150
-2.452594108843411 4.023824939781494;-0.9999999997153
-2.4529762282019947 4.023592016383279;-0.9999999997155
-2.4533582978858117 4.023359073500758;-0.9999999997157
-2.4537403187038165 4.023126110651491;-0.9999999997159
-2.4541222914555316 4.022893127358168;-0.9999999997161
-2.454504216931507 4.022660123148551;-0.9999999997163
-2.4548860959130634 4.022427097555596;-0.999999999716
-2.4552679291725714 4.022194050117397;-0.9999999997167
-2.455649717473373 4.021960980376953;-0.999999999716
-2.4560314615702348 4.021727887882287;-0.9999999997171
-2.4564131622094436 4.021494772186395;-0.9999999997173
-2.456794820128544 4.021261632847013;-0.9999999997175
-2.457176436056434 4.021028469426563;-0.9999999997177
-2.457558010713994 4.020795281492459;-0.9999999997179
-2.457939544813463 4.020562068616695;-0.999999999718
-2.458321039058891 4.020328830375974;-0.9999999997183
-2.458702494146405 4.020095566351477;-0.9999999997186
-2.4590839107641194 4.019862276128815;-0.9999999997188
-2.4594652895922238 4.019628959298155;-0.9999999997190
-2.45984663130307 4.019395615454173;-0.9999999997192
-2.460227936561081 4.019162244196184;-0.9999999997194
-2.460609206023193 4.018928845127552;-0.9999999997196
-2.460990440338761 4.018695417856005;-0.9999999997198
-2.4613716401498182 4.018461961993409;-0.9999999997200
-2.4617528060906264 4.018228477155898;-0.9999999997202
-2.4621339387884684 4.0179949629638285;-0.9999999997204
-2.4625150388630175 4.017761419041736;-0.9999999997206
-2.462896106926952 4.017527845018104;-0.9999999997208
-2.4632771435858554 4.017294240525328;-0.9999999997210
-2.463658149438472 4.0170606051998465;-0.9999999997212
-2.464039125076427 4.016826938682097;-0.9999999997214
-2.46442007108466 4.016593240616294;-0.999999999721
-2.464800988041142 4.016359510650744;-0.9999999997218
-2.4651818765174878 4.016125748437445;-0.999999999722
-2.4655627370783124 4.015891953632221;-0.9999999997223
-2.465943570281843 4.015658125894506;-0.9999999997225
-2.4663243766798097 4.0154242648874785;-0.9999999997227
-2.466705156817697 4.015190370277846;-0.9999999997229
-2.467085911234456 4.014956441735983;-0.9999999997231
-2.467466640462752 4.014722478935886;-0.999999999723
-2.4678473450292153 4.014488481554965;-0.9999999997235
-2.4682280254543265 4.014254449274174;-0.9999999997237
-2.468608682252486 4.014020381777978;-0.9999999997239
-2.4689893159320806 4.013786278754136;-0.9999999997241
-2.4693699269957263 4.013552139893841;-0.9999999997243
-2.4697505159399773 4.013317964891684;-0.9999999997245
-2.4701310832557484 4.013083753445435;-0.9999999997247
-2.470511629428198 4.012849505256192;-0.9999999997249
-2.4708921549367937 4.012615220028337;-0.9999999997251
-2.471272660255372 4.01238089746933;-0.9999999997253
-2.4716531458523803 4.012146537289847;-0.9999999997255
-2.472033612190757 4.011912139203746;-0.999999999725
-2.4724140597278152 4.011677702928034;-0.9999999997260
-2.472794488915838 4.011443228182474;-0.9999999997262
-2.4731749002017773 4.011208714690089;-0.9999999997264
-2.4735552940271353 4.010974162176774;-0.9999999997266
-2.4739356708282028 4.010739570371615;-0.9999999997268
-2.4743160310364707 4.010504939006321;-0.9999999997270
-2.4746963750781505 4.0102702678157325;-0.9999999997272
-2.4750767033745875 4.01003555653725;-0.9999999997274
-2.475457016342137 4.0098008049113405;-0.9999999997276
-2.4758373143922188 4.009566012681148;-0.9999999997278
-2.4762175979313716 4.0093311795926425;-0.9999999997280
-2.4765978673614844 4.009096305394766;-0.9999999997282
-2.4769781230794923 4.008861389839043;-0.9999999997284
-2.4773583654779636 4.008626432679556;-0.999999999728
-2.477738594944616 4.008391433672911;-0.9999999997288
-2.4781188118627235 4.008156392578574;-0.9999999997290
-2.4784990166109893 4.007921309158475;-0.9999999997292
-2.478879209563773 4.0076861831771655;-0.9999999997294
-2.479259391090783 4.007451014401785;-0.9999999997296
-2.4796395615573057 4.007215802601858;-0.999999999729
-2.4800197213246085 4.0069805475494435;-0.9999999997300
-2.48039987074963 4.00674524901893;-0.9999999997302
-2.480780010185027 4.006509906787366;-0.9999999997304
-2.481160139979043 4.006274520634253;-0.9999999997306
-2.4815402604760926 4.006039090341162;-0.9999999997309
-2.481920372016445 4.005803615692065;-0.9999999997311
-2.4823004749364483 4.00556809647349;-0.9999999997313
-2.482680569568219 4.005332532474136;-0.9999999997315
-2.4830606562398634 4.005096923485024;-0.9999999997317
-2.483440735275702 4.004861269299299;-0.9999999997319
-2.483820806996309 4.004625569712201;-0.9999999997321
-2.484200871718378 4.0043898245214;-0.9999999997323
-2.4845809297547623 4.004154033526794;-0.9999999997325
-2.4849609814146967 4.003918196530304;-0.9999999997327
-2.485341027003481 4.003682313336027;-0.9999999997329
-2.485721066822879 4.003446383750041;-0.9999999997331
-2.4861011011709797 4.003210407580732;-0.999999999733
-2.486481130342593 4.002974384638417;-0.9999999997335
-2.4868611546289303 4.002738314735501;-0.9999999997337
-2.487241174317289 4.002502197686449;-0.9999999997339
-2.4876211896919838 4.002266033307415;-0.9999999997341
-2.488001201033668 4.002029821416751;-0.9999999997343
-2.488381208619554 4.001793561834985;-0.9999999997345
-2.488761212723803 4.001557254384265;-0.9999999997347
-2.489141213617028 4.001320898888694;-0.9999999997349
-2.489521211566688 4.0010844951741324;-0.999999999735
-2.4899012068367656 4.000848043068535;-0.999999999735
-2.4902811996883405 4.00061154240157;-0.9999999997355
-2.4906611903792646 4.00037499300478;-0.999999999735
-2.4910411791643754 4.0001383947113816;-0.999999999735
-2.4914211662953525 3.9999017473566054;-0.9999999997361
-2.4918011520207513 3.9996650507773164;-0.9999999997363
-2.4921811365860367 3.999428304812351;-0.9999999997365
-2.492561120233797 3.9991915093021415;-0.9999999997367
-2.4929411032037736 3.9989546640886973;-0.999999999737
-2.4933210857327155 3.9987177690157654;-0.9999999997372
-2.4937010680542335 3.9984808239288125;-0.9999999997374
-2.49408105039937 3.9982438286748265;-0.9999999997376
-2.4944610329962695 3.998006783102479;-0.9999999997378
-2.4948410160702115 3.997769687062106;-0.9999999997380
-2.49522099984382 3.997532540405689;-0.9999999997382
-2.495600984537092 3.99729534298684;-0.9999999997384
-2.4959809703670714 3.997058094660601;-0.9999999997386
-2.496360957548415 3.9968207952837878;-0.9999999997388
-2.4967409462928845 3.996583444714435;-0.9999999997390
-2.497120936809735 3.9963460428123163;-0.99999999973
-2.497500929305564 3.9961085894385717;-0.9999999997394
-2.4978809239845194 3.995871084455867;-0.9999999997396
-2.498260921047969 3.9956335277283794;-0.9999999997398
-2.498640920695244 3.9953959191214246;-0.9999999997400
-2.4990209231227722 3.9951582585021552;-0.9999999997402
-2.49940092852482 3.994920545739008;-0.9999999997404
-2.4997809370931625 3.9946827807018654;-0.9999999997406
-2.500160949017286 3.994444963262043;-0.9999999997408
-2.500540964484238 3.9942070932922706;-0.9999999997410
-2.5009209836786526 3.993969170666501;-0.9999999997412
-2.5013010067827777 3.9937311952598953;-0.9999999997414
-2.5016810339768565 3.993493166948988;-0.9999999997416
-2.502061065438616 3.9932550856116715;-0.9999999997418
-2.502441101343651 3.9930169511271822;-0.9999999997420
-2.5028211418652684 3.9927787633762617;-0.9999999997422
-2.5032011871746915 3.9925405222407857;-0.9999999997424
-2.5035812374410824 3.9923022276037523;-0.9999999997426
-2.5039612928313866 3.992063879349446;-0.9999999997428
-2.504341353510358 3.9918254773634247;-0.9999999997430
-2.504721419640761 3.9915870215323266;-0.9999999997432
-2.50510149138339 3.9913485117440377;-0.999999999743
-2.5054815688967405 3.9911099478878542;-0.9999999997436
-2.5058616523373836 3.990871329854113;-0.999999999743
-2.5062417418599923 3.9906326575341797;-0.9999999997440
-2.506621837617182 3.9903939308207916;-0.9999999997442
-2.5070019397595336 3.990155149607689;-0.9999999997444
-2.507382048435973 3.989916313789781;-0.9999999997446
-2.507762163793253 3.989677423263132;-0.999999999744
-2.508142285976335 3.989438477924773;-0.9999999997450
-2.5085224151284082 3.9891994776728668;-0.9999999997452
-2.5089025513907313 3.9889604224068744;-0.9999999997454
-2.5092826949026534 3.9887213120271854;-0.9999999997456
-2.509662845801813 3.988482146435107;-0.999999999745
-2.51004300422398 3.9882429255332097;-0.9999999997460
-2.5104231703032514 3.9880036492249578;-0.9999999997462
-2.5108033441720727 3.987764317414878;-0.9999999997464
-2.5111835259608988 3.9875249300085467;-0.9999999997466
-2.5115637157985717 3.98728548691258;-0.9999999997468
-2.5119439138123387 3.9870459880342644;-0.9999999997470
-2.512324120127692 3.986806433282262;-0.999999999747
-2.5127043348685647 3.9865668225660627;-0.9999999997474
-2.5130845581571726 3.9863271557959736;-0.9999999997476
-2.5134647901142086 3.9860874328834663;-0.9999999997478
-2.513845030858682 3.985847653740986;-0.9999999997480
-2.514225280507939 3.985607818281586;-0.9999999997482
-2.5146055391778552 3.9853679264194533;-0.9999999997484
-2.5149858069828555 3.9851279780697193;-0.9999999997486
-2.5153660840357497 3.9848879731482705;-0.9999999997488
-2.515746370448107 3.9846479115719196;-0.9999999997491
-2.516126666329736 3.9844077932583932;-0.9999999997493
-2.516506971788705 3.984167618126324;-0.9999999997495
-2.51688728693207 3.9839273860950617;-0.9999999997497
-2.5172676118653547 3.9836870970850207;-0.9999999997499
-2.5176479466923882 3.9834467510174907;-0.9999999997501
-2.5180282915158583 3.9832063478142716;-0.9999999997503
-2.5184086464371447 3.982965887398202;-0.999999999750
-2.5187890115559792 3.9827253696927913;-0.9999999997507
-2.5191693869708183 3.982484794622567;-0.9999999997509
-2.5195497727786806 3.982244162112711;-0.9999999997511
-2.519930169075517 3.982003472089226;-0.9999999997513
-2.5203105759556905 3.981762724478753;-0.9999999997515
-2.520690993512347 3.9815219192089155;-0.999999999751
-2.5210714218374313 3.9812810562079575;-0.9999999997519
-2.5214518610215206 3.981040135405089;-0.999999999752
-2.5218323111538403 3.980799156730121;-0.9999999997523
-2.522212772322457 3.980558120113459;-0.9999999997525
-2.5225932446142907 3.9803170254864515;-0.9999999997527
-2.5229737281149496 3.9800758727810246;-0.9999999997529
-2.5233542229089223 3.9798346619298535;-0.9999999997531
-2.523734729079413 3.9795933928663536;-0.999999999753
-2.5241152467083547 3.9793520655246732;-0.9999999997535
-2.524495775876779 3.9791106798395064;-0.9999999997537
-2.5248763166642942 3.978869235746444;-0.999999999753
-2.5252568691496315 3.9786277331817854;-0.9999999997541
-2.525637433410123 3.978386172082353;-0.9999999997543
-2.5260180095222506 3.9781445523854853;-0.9999999997545
-2.526398597560944 3.9779028740295668;-0.9999999997547
-2.526779197600486 3.977661136953304;-0.9999999997548
-2.5271598097138095 3.977419341096078;-0.999999999755
-2.5275404339728667 3.9771774863979354;-0.9999999997552
-2.527921070448641 3.976935572799406;-0.9999999997554
-2.5283017192109796 3.97669360024185;-0.999999999755
-2.5286823803287835 3.9764515686672746;-0.9999999997558
-2.5290630538698404 3.9762094780183235;-0.9999999997560
-2.5294437399010143 3.975967328238094;-0.9999999997562
-2.529824438488079 3.9757251192703085;-0.9999999997564
-2.530205149696083 3.9754828510591325;-0.9999999997566
-2.5305858735888282 3.975240523549522;-0.9999999997568
-2.530966610229058 3.9749981366870384;-0.999999999757
-2.5313473596788256 3.9747556904176653;-0.9999999997572
-2.5317281219991465 3.9745131846879795;-0.9999999997574
-2.5321088972500094 3.974270619445146;-0.9999999997576
-2.532489685490565 3.974027994636911;-0.9999999997578
-2.532870486778959 3.973785310211595;-0.9999999997580
-2.5332513011725184 3.973542566117909;-0.9999999997582
-2.5336321287275845 3.9732997623051296;-0.9999999997584
-2.5340129694997016 3.97305689872309;-0.9999999997586
-2.534393823543625 3.9728139753221754;-0.9999999997588
-2.5347746909131517 3.972570992053317;-0.999999999759
-2.5351555716611323 3.9723279488678083;-0.9999999997592
-2.53553646583948 3.972084845717656;-0.9999999997594
-2.535917373499537 3.9718416825553953;-0.9999999997596
-2.536298294691725 3.9715984593339044;-0.9999999997598
-2.5366792294657343 3.9713551760064036;-0.9999999997600
-2.537060177870352 3.9711118325268044;-0.99999999976
-2.5374411399536516 3.9708684288493483;-0.9999999997604
-2.5378221157628214 3.9706249649289576;-0.9999999997606
-2.538203105344176 3.97038144072105;-0.999999999760
-2.53858410874352 3.9701378561813567;-0.9999999997610
-2.5389651260056216 3.9698942112660953;-0.9999999997612
-2.539346157174578 3.9696505059319653;-0.9999999997614
-2.539727202293824 3.9694067401359643;-0.9999999997616
-2.540108261405961 3.9691629138355635;-0.9999999997618
-2.5404893345529436 3.968919026988879;-0.9999999997620
-2.540870421775733 3.9686750795543113;-0.9999999997622
-2.541251523115016 3.9684310714905386;-0.9999999997624
-2.541632638610322 3.968187002757051;-0.9999999997626
-2.5420137683009223 3.9679428733136053;-0.9999999997628
-2.542394912225124 3.967698683120224;-0.9999999997630
-2.542776070420635 3.9674544321373686;-0.9999999997632
-2.543157242924392 3.967210120326114;-0.9999999997634
-2.5435384297727484 3.966965747647785;-0.9999999997636
-2.5439196310014798 3.966721314064132;-0.9999999997638
-2.5443008466456125 3.966476819537327;-0.9999999997640
-2.5446820767394325 3.9662322640299563;-0.9999999997642
-2.545063321316493 3.965987647505019;-0.999999999764
-2.5454445804099772 3.9657429699255657;-0.9999999997646
-2.54582585405235 3.9654982312552307;-0.999999999764
-2.5462071422755392 3.965253431458226;-0.9999999997650
-2.546588445110589 3.9650085704989806;-0.9999999997652
-2.5469697625882026 3.9647636483421356;-0.9999999997654
-2.547351094738389 3.9645186649529;-0.9999999997656
-2.5477324415904725 3.9642736202968645;-0.9999999997658
-2.5481138031732766 3.9640285143396436;-0.9999999997660
-2.54849517951513 3.963783347047585;-0.9999999997662
-2.5488765706436944 3.963538118387229;-0.9999999997664
-2.5492579765861496 3.963292828325662;-0.9999999997665
-2.5496393973691984 3.9630474768299764;-0.9999999997667
-2.5500208330187166 3.9628020638678048;-0.9999999997669
-2.550402283560118 3.962556589406958;-0.9999999997671
-2.5507837490183594 3.9623110534157786;-0.9999999997673
-2.5511652294177662 3.962065455862957;-0.9999999997675
-2.5515467247822197 3.9618197967171733;-0.9999999997677
-2.551928235134983 3.9615740759476292;-0.999999999767
-2.5523097604987064 3.9613282935238656;-0.9999999997681
-2.552691300895793 3.9610824494155805;-0.9999999997683
-2.5530728563478653 3.960836543592983;-0.9999999997685
-2.553454426876308 3.960590576026432;-0.9999999997687
-2.5538360125020927 3.9603445466867906;-0.9999999997689
-2.554217613245249 3.960098455545242;-0.9999999997691
-2.554599229125765 3.959852302572931;-0.9999999997693
-2.554980860162875 3.9596060877416757;-0.999999999769
-2.555362506375424 3.959359811023426;-0.9999999997697
-2.5557441677816937 3.9591134723902623;-0.9999999997699
-2.556125844399588 3.9588670718147507;-0.9999999997701
-2.5565075362464578 3.9586206092695813;-0.9999999997703
-2.556889243339285 3.958374084727921;-0.9999999997705
-2.557270965694688 3.9581274981628782;-0.9999999997707
-2.5576527033287464 3.957880849548211;-0.9999999997709
-2.558034456257007 3.95763413885779;-0.9999999997711
-2.558416224494846 3.9573873660655936;-0.9999999997713
-2.5587980080569372 3.957140531146066;-0.9999999997715
-2.5591798069577925 3.956893634073754;-0.9999999997717
-2.5595616212112318 3.9566466748236615;-0.9999999997719
-2.559943450830745 3.9563996533710686;-0.9999999997720
-2.560325295829495 3.9561525696915263;-0.9999999997722
-2.5607071562201456 3.9559054237604996;-0.9999999997724
-2.561089032014865 3.9556582155540787;-0.999999999772
-2.561470923225688 3.955410945048261;-0.9999999997728
-2.561852829864161 3.9551636122194864;-0.9999999997730
-2.562234751941349 3.9549162170442758;-0.9999999997732
-2.5626166894680162 3.9546687594995857;-0.9999999997734
-2.5629986424544535 3.9544212395624494;-0.9999999997736
-2.5633806109104835 3.9541736572103297;-0.999999999773
-2.563762594845642 3.953926012420937;-0.9999999997740
-2.5641445942691834 3.9536783051720508;-0.999999999774
-2.5645266091899037 3.9534305354416928;-0.9999999997744
-2.564908639616325 3.953182703208128;-0.9999999997746
-2.565290685556698 3.9529348084496827;-0.9999999997748
-2.5656727470188265 3.9526868511450988;-0.9999999997750
-2.566054824010074 3.952438831273174;-0.9999999997752
-2.5664369165375436 3.952190748813118;-0.9999999997754
-2.5668190246079066 3.9519426037443686;-0.999999999775
-2.5672011482275825 3.9516943960464115;-0.9999999997758
-2.5675832874025644 3.951446125698959;-0.9999999997760
-2.5679654421387794 3.9511977926819464;-0.9999999997762
-2.568347612441379 3.950949396975529;-0.9999999997763
-2.5687297983154576 3.950700938560081;-0.9999999997765
-2.569111999765698 3.9504524174163707;-0.9999999997767
-2.569494216796732 3.9502038335250216;-0.999999999776
-2.569876449412784 3.94995518686687;-0.9999999997771
-2.5702586976175 3.9497064774231423;-0.9999999997773
-2.570640961414485 3.9494577051750923;-0.9999999997775
-2.571023240806949 3.9492088701041803;-0.9999999997777
-2.571405535797711 3.948959972192249;-0.9999999997779
-2.5717878463893817 3.9487110114211617;-0.9999999997781
-2.5721701725841872 3.9484619877729825;-0.9999999997783
-2.572552514384152 3.9482129012299723;-0.9999999997785
-2.5729348717911 3.9479637517745867;-0.9999999997787
-2.5733172448064794 3.9477145393894753;-0.9999999997789
-2.573699633431545 3.9474652640573;-0.9999999997791
-2.574082037667005 3.9472159257610913;-0.9999999997793
-2.574464457513559 3.9469665244840666;-0.999999999779
-2.574846892971544 3.94671706020945;-0.9999999997797
-2.575229344040937 3.94646753292065;-0.9999999997799
-2.5756118107215387 3.946217942601436;-0.9999999997800
-2.5759942930127955 3.945968289235577;-0.9999999997802
-2.576376790913983 3.9457185728070217;-0.9999999997804
-2.5767593044242063 3.9454687932998946;-0.9999999997806
-2.577141833542225 3.9452189506984956;-0.9999999997808
-2.577524378266635 3.9449690449872965;-0.9999999997810
-2.577906938595691 3.9447190761509403;-0.9999999997812
-2.578289514527313 3.944469044174061;-0.9999999997814
-2.578672106059443 3.944218949041462;-0.9999999997816
-2.579054713189513 3.9439687907382917;-0.9999999997818
-2.5794373359146263 3.9437185692498606;-0.9999999997820
-2.5798199742320973 3.943468284561465;-0.9999999997822
-2.5802026281387365 3.943217936658561;-0.9999999997824
-2.5805852976310333 3.942967525526944;-0.9999999997826
-2.5809679827053382 3.942717051152387;-0.999999999782
-2.581350683357687 3.9424665135208197;-0.9999999997830
-2.5817333995839804 3.9422159126183267;-0.9999999997831
-2.5821161313799874 3.9419652484311456;-0.9999999997833
-2.582498878741167 3.941714520945665;-0.9999999997835
-2.5828816416626736 3.941463730148424;-0.9999999997837
-2.5832644201395367 3.9412128760259315;-0.999999999783
-2.5836472141666627 3.9409619585650226;-0.9999999997841
-2.584030023738659 3.9407109777525;-0.9999999997843
-2.5844128488498357 3.940459933575488;-0.9999999997845
-2.5847956894943893 3.940208826021254;-0.9999999997847
-2.5851785456664014 3.9399576550770274;-0.9999999997849
-2.585561417359663 3.939706420730177;-0.9999999997851
-2.5859443045676787 3.9394551229683894;-0.9999999997853
-2.586327207284024 3.939203761779131;-0.9999999997855
-2.5867101255016345 3.938952337150361;-0.9999999997857
-2.587093059213701 3.9387008490699937;-0.9999999997858
-2.5874760084129553 3.9384492975260765;-0.9999999997860
-2.587858973091855 3.938197682506788;-0.9999999997862
-2.5882419532431173 3.93794600400026;-0.9999999997864
-2.5886249488588295 3.9376942619951083;-0.9999999997866
-2.589007959931165 3.93744245647972;-0.999999999786
-2.5893909864518503 3.9371905874429656;-0.9999999997870
-2.5897740284127035 3.9369386548734817;-0.999999999787
-2.5901570858052767 3.9366866587600304;-0.9999999997874
-2.590540158620859 3.936434599091497;-0.9999999997876
-2.5909232468506587 3.936182475857067;-0.9999999997878
-2.591306350485624 3.9359302890460457;-0.9999999997880
-2.591689469516626 3.9356780386476764;-0.9999999997882
-2.5920726039344584 3.9354257246515;-0.9999999997884
-2.592455753729482 3.935173347046995;-0.9999999997885
-2.592838918891987 3.9349209058237538;-0.999999999788
-2.5932220994121917 3.934668400971485;-0.9999999997889
-2.5936052952800672 3.934415832480188;-0.9999999997891
-2.593988506485517 3.9341632003396154;-0.9999999997893
-2.5943717330182 3.9339105045399894;-0.9999999997895
-2.5947549748677115 3.933657745071461;-0.9999999997897
-2.595138232023405 3.9334049219242906;-0.9999999997899
-2.5955215044743962 3.933152035088845;-0.9999999997901
-2.5959047922099203 3.932899084555419;-0.9999999997903
-2.596288095218798 3.932646070314593;-0.9999999997905
-2.5966714134899727 3.9323929923570495;-0.999999999790
-2.5970547470119763 3.932139850673575;-0.9999999997908
-2.5974380957732888 3.9318866452548784;-0.9999999997910
-2.597821459762162 3.9316333760919493;-0.9999999997912
-2.598204838966798 3.931380043175876;-0.9999999997914
-2.598588233375353 3.9311266464976677;-0.9999999997916
-2.5989716429757563 3.9308731860486095;-0.9999999997918
-2.5993550677558925 3.9306196618199047;-0.9999999997920
-2.5997385077034245 3.930366073803032;-0.9999999997922
-2.6001219628057948 3.9301124219893846;-0.9999999997924
-2.6005054330504067 3.9298587063704518;-0.9999999997926
-2.600888918424446 3.929604926937993;-0.9999999997928
-2.601272418915063 3.9293510836838594;-0.9999999997929
-2.6016559345091923 3.9290971765998135;-0.9999999997931
-2.6020394651937355 3.9288432056777083;-0.9999999997933
-2.6024230109553823 3.9285891709094867;-0.9999999997935
-2.6028065717807913 3.9283350722871804;-0.999999999793
-2.60319014765659 3.928080909802908;-0.9999999997939
-2.60357373856902 3.9278266834488758;-0.9999999997941
-2.603957344504296 3.927572393217553;-0.9999999997943
-2.6043409654486074 3.9273180391013134;-0.9999999997945
-2.604724601387939 3.9270636210927936;-0.9999999997947
-2.605108252308075 3.926809139184533;-0.9999999997949
-2.6054919181949554 3.9265545933689743;-0.9999999997950
-2.6058755990341425 3.9262999836388226;-0.9999999997952
-2.606259294811179 3.9260453099868626;-0.9999999997954
-2.6066430055114114 3.925790572405958;-0.9999999997956
-2.607026731120169 3.9255357708888736;-0.9999999997958
-2.6074104716225883 3.9252809054288096;-0.9999999997960
-2.60779422700379 3.925025976018685;-0.9999999997962
-2.608177997248882 3.924770982651853;-0.9999999997964
-2.608561782342602 3.9245159253215602;-0.9999999997966
-2.6089455822698557 3.9242608040209523;-0.9999999997968
-2.60932939701536 3.9240056187434265;-0.9999999997969
-2.609713226563643 3.923750369482631;-0.9999999997971
-2.610097070899227 3.9234950562319275;-0.9999999997973
-2.6104809300062706 3.9232396789849298;-0.9999999997975
-2.610864803869106 3.9229842377351436;-0.9999999997977
-2.6112486924720604 3.9227287324761457;-0.9999999997979
-2.6116325957991005 3.9224731632017615;-0.9999999997981
-2.6120165138341918 3.922217529905885;-0.9999999997983
-2.6124004465611197 3.921961832582476;-0.9999999997985
-2.612784393963671 3.921706071225562;-0.9999999997987
-2.613168356025633 3.9214502458290577;-0.9999999997988
-2.613552332730616 3.9211943563871228;-0.9999999997990
-2.6139363240620543 3.920938402894159;-0.9999999997992
-2.61432033000321 3.920682385344274;-0.9999999997994
-2.614704350537528 3.9204263037318183;-0.9999999997996
-2.6150883856481038 3.9201701580510266;-0.999999999799
-2.6154724353180394 3.919913948296197;-0.9999999998000
-2.615856499530268 3.9196576744618676;-0.9999999998002
-2.6162405782679112 3.9194013365426374;-0.9999999998004
-2.6166246715139194 3.919144934532987;-0.9999999998005
-2.6170087792508983 3.918888468427813;-0.9999999998007
-2.617392901461644 3.918631938221712;-0.9999999998009
-2.617777038128788 3.9183753439093407;-0.999999999801
-2.618161189234795 3.9181186854855925;-0.9999999998013
-2.6185453547619693 3.9178619629454166;-0.9999999998015
-2.6189295346928088 3.91760517628364;-0.9999999998017
-2.619313729009648 3.917348325495325;-0.99999999980
-2.619697937694662 3.917091410575587;-0.9999999998021
-2.6200821607300417 3.9168344315195958;-0.9999999998022
-2.620466398097643 3.9165773883225747;-0.9999999998024
-2.6208506497795194 3.9163202809796216;-0.9999999998026
-2.6212349157575683 3.9160631094858878;-0.9999999998028
-2.6216191960137065 3.915805873836756;-0.9999999998030
-2.622003490529518 3.9155485740276603;-0.9999999998032
-2.6223877992866114 3.915291210054084;-0.9999999998034
-2.622772122266619 3.915033781911383;-0.9999999998036
-2.62315645945102 3.9147762895951415;-0.9999999998038
-2.6235408108213205 3.914518733100993;-0.9999999998039
-2.623925176359051 3.9142611124244406;-0.9999999998041
-2.624309556045413 3.914003427561215;-0.9999999998043
-2.624693949861636 3.9137456785072717;-0.9999999998045
-2.6250783577888015 3.9134878652582548;-0.9999999998047
-2.6254627798081978 3.9132299878100345;-0.9999999998049
-2.6258472159007873 3.912972046158526;-0.9999999998051
-2.6262316660473854 3.912714040299689;-0.9999999998053
-2.6266161302290185 3.912455970229352;-0.9999999998054
-2.627000608426389 3.9121978359435645;-0.9999999998056
-2.627385100620234 3.911939637438421;-0.9999999998058
-2.6277696067911456 3.9116813747100587;-0.9999999998060
-2.628154126919753 3.9114230477546568;-0.9999999998062
-2.6285386609867203 3.9111646565684373;-0.9999999998064
-2.628923208972569 3.910906201147841;-0.9999999998066
-2.6293077708578565 3.91064768148917;-0.9999999998068
-2.6296923466228215 3.910389097588767;-0.9999999998069
-2.6300769362477423 3.9101304494430162;-0.9999999998071
-2.630461539712758 3.90987173704834;-0.9999999998073
-2.630846156998227 3.9096129604012004;-0.9999999998075
-2.63123078808419 3.9093541194980994;-0.9999999998077
-2.631615432950729 3.909095214335576;-0.9999999998079
-2.632000091577969 3.9088362449102085;-0.9999999998081
-2.6323847639458964 3.908577211218612;-0.9999999998083
-2.6327694500343632 3.9083181132576175;-0.99999999980
-2.6331541498230875 3.908058951023912;-0.9999999998086
-2.633538863291832 3.9077997245143976;-0.9999999998088
-2.6339235904204052 3.907540433725832;-0.9999999998090
-2.6343083311886595 3.9072810786550094;-0.9999999998092
-2.6346930855759583 3.907021659299114;-0.9999999998094
-2.635077853562069 3.9067621756550053;-0.9999999998096
-2.6354626351264487 3.9065026277195782;-0.9999999998097
-2.635847430248426 3.9062430154899395;-0.9999999998099
-2.636232238907377 3.905983338963227;-0.9999999998101
-2.636617061082729 3.9057235981364324;-0.999999999810
-2.6370018967537785 3.905463793006759;-0.9999999998105
-2.6373867458996956 3.9052039235714404;-0.9999999998107
-2.6377716084997007 3.9049439898277405;-0.9999999998109
-2.6381564845330656 3.9046839917727754;-0.9999999998110
-2.638541373978757 3.904423929403871;-0.9999999998112
-2.638926276815972 3.9041638027182053;-0.9999999998114
-2.6393111930237825 3.9039036117131642;-0.9999999998116
-2.639696122581134 3.90364335638634;-0.9999999998118
-2.6400810654668487 3.903383036735175;-0.999999999812
-2.6404660216598037 3.9031226527571388;-0.9999999998122
-2.6408509911389304 3.9028622044497285;-0.9999999998124
-2.6412359738828597 3.902601691810647;-0.999999999812
-2.641620969870279 3.9023411148374447;-0.9999999998127
-2.6420059790799324 3.9020804735276986;-0.9999999998129
-2.6423910014902647 3.901819767879013;-0.9999999998131
-2.6427760370797806 3.9015589978891954;-0.9999999998133
-2.643161085827043 3.9012981635559005;-0.9999999998135
-2.6435461477106723 3.901037264876986;-0.9999999998136
-2.64393122270917 3.900776301850156;-0.9999999998138
-2.6443163108009173 3.900515274473317;-0.999999999814
-2.6447014119641783 3.9002541827443986;-0.999999999814
-2.645086526177456 3.8999930266611758;-0.9999999998144
-2.6454716534189564 3.8997318062216255;-0.9999999998146
-2.6458567936669484 3.8994705214239245;-0.999999999814
-2.6462419468995835 3.8992091722660924;-0.9999999998149
-2.6466271130948984 3.8989477587459924;-0.9999999998151
-2.6470122922309938 3.898686280861689;-0.9999999998153
-2.6473974842858556 3.8984247386112685;-0.9999999998155
-2.6477826892377117 3.898163131992838;-0.999999999815
-2.648167907064497 3.8979014610045244;-0.9999999998159
-2.64855313774421 3.8976397256446544;-0.9999999998161
PointOptimal;ValeurOptimale
[-2.64855314  3.89763973];-0.9999999998161021
Temps;Nb iteration
0.0827786922454834;1000