Point;Valeur
-0.21354549471572248 0.11209786610263528;0.2388482720813
-0.1314870571119247 0.030039438168618718;0.13446625776967
-0.045149941088498596 -0.022122603419019303;0.05025731133151
0.03733679097267306 0.06008812110849241;0.07068433414004
-0.016709272431129747 -0.052461096514766;0.05503003370578
0.015715174830646696 0.06723182867027497;0.06898924035460
-0.008992619193749433 -0.0540563888041168;0.05477185089205
0.008829636116381948 0.06840121969290464;0.06891409202783
-0.005266931030641284 -0.05446755333051509;0.05469430684533
0.0052146258093969736 0.06882403840614978;0.06896651611604
-0.003175767288140275 -0.054556196398761886;0.05462135349609
0.003131005228887359 0.06902838004636967;0.06904437676903
-0.0019436515926863716 -0.05453270807814009;0.05454025897909
0.0018880013751857226 0.06916050861511877;0.06913109102132
-0.0012029173687813696 -0.054466045651225536;0.05445238254808
0.001135222795882477 0.06926874402591103;0.06922264303698
-0.0007535080522174556 -0.05438130152297102;0.054359713954486
0.0006761177911926409 0.06936993747281925;0.06931760089791
-0.0004796864833604517 -0.054288122962229804;0.0542635766392
0.0003951859276402197 0.06946999215344644;0.06941524898500
-0.00031252550376623144 -0.0541903793793798;0.05416476058505
0.00022301540593652898 0.06957090920516255;0.06951515754189
-0.00021039531371900525 -0.05408969367872005;0.054063731138447
0.00011743057861732557 0.06967330923484022;0.0696170516326
-0.00014798121600562316 -0.0539867836109886;0.053960765214305
5.266622034184445e-05 0.06977734293319793;0.06972075365313
-0.0001098396174622055 -0.053881986182376815;0.05385602944789
1.2941221056621803e-05 0.06988301562430069;0.06982615017353
-8.653506576011434e-05 -0.053775468989416805;0.0537496242686
-1.1421941022511024e-05 0.06999029852193896;0.06993317054480
-7.229946327187199e-05 -0.05366731878467107;0.05364160919145
-2.6360807481866797e-05 0.07009916364082285;0.07004177272689
-6.360612992323416e-05 -0.05355758057872913;0.0535320177435
-3.551879508710451e-05 0.07020959242670557;0.07015193389693
-5.82989782908526e-05 -0.05344627606838785;0.053420866532361
-4.113148453280477e-05 0.07032157606790122;0.07026364424304
-5.506010391137567e-05 -0.053333412985073464;0.05330816089782
-4.457041696091679e-05 0.07043511368680955;0.07037690286323
-5.308414196317685e-05 -0.05321899019918859;0.05319389851616
-4.667687363166859e-05 0.07055021038491889;0.0704917150452
-5.187907812578627e-05 -0.053103000695635144;0.053078071741175
-4.796676445602583e-05 0.07066687565398329;0.07060809044993
-5.114442221280332e-05 -0.05298543340298295;0.05296066915179
-4.875638876469523e-05 0.07078512220072793;0.07072604188626
-5.069671314853589e-05 -0.05286627436506135;0.05284167659101
-4.9239615468019445e-05 0.0709049651085507;0.07084558447742
-5.042397792097553e-05 -0.05274550751477085;0.0527210778732
-4.9535239598575666e-05 0.0710264212473655;0.07096673508580
-5.0257898628332035e-05 -0.052623115197317355;0.052598855272344
-4.9716033223633544e-05 0.07114950885893895;0.07108951191252
-5.0156807322326516e-05 -0.05249907853078163;0.05247498986280
-4.982656218010161e-05 0.071274247264095;0.07121393421531
-5.009529935109675e-05 -0.05237337765806038;0.05234946176028
-4.989411045744936e-05 0.07140065665503859;0.07134002210797
-5.005789147308461e-05 -0.05224599192502406;0.05222225029327
-4.9935376492652676e-05 0.07152875794686454;0.07146779641659
-5.0035150747617275e-05 -0.052116900007808664;0.0520933341263
-4.996057691807051e-05 0.07165857267072392;0.07159727857570
-5.002133262761126e-05 -0.05198608000418223;0.0519626913491
-4.997596033939449e-05 0.07179012289684437;0.07172849055313
-5.001294010954995e-05 -0.05185350949950911;0.05183029954079
-4.998534728417494e-05 0.07192343117872528;0.07186145479540
-5.000784529173546e-05 -0.05171916561447325;0.05169613581679
-4.999107282442289e-05 0.07205852051281161;0.07199619418808
-5.000475391670838e-05 -0.05158302503931893;0.05156017686261
-4.9994563612687855e-05 0.0721954143094993;0.07213273202719
-5.000287912756043e-05 -0.051445064058588966;0.051422398958088
-4.9996690953555744e-05 0.07233413637240935;0.07227109199875
-5.0001742710123286e-05 -0.05130525856833644;0.05128277799438
-4.999798682437248e-05 0.07247471088395989;0.07241129816447
-5.000105426026552e-05 -0.05116358408826022;0.05114128948597
-4.999877581705745e-05 0.0726171623954298;0.07255337495187
-5.000063738436656e-05 -0.0510200157695489;0.050997908578427
-4.999925599030137e-05 0.07276151582063997;0.07269734714794
-5.00003851245873e-05 -0.0508745283999259;0.050852610053296
-4.999954806156765e-05 0.07290779643206656;0.07284323989531
-5.0000232570226494e-05 -0.05072709640619094;0.05070536833067
-4.9999725607585586e-05 0.0730560298592751;0.07299107869055
-5.0000140347708135e-05 -0.05057769385505631;0.050556157469954
-4.999983351039051e-05 0.07320624208855438;0.07314088938380
-5.0000084625455077e-05 -0.05042629445278954;0.05040495116945
-4.999989905875161e-05 0.07335845946389401;0.0732926981796
-5.000005099081784e-05 -0.05027287154365334;0.050251722764813
-4.999993882414273e-05 0.07351270868880799;0.07344653163905
-5.000003072398983e-05 -0.0501173981075036;0.05009644522657
-4.999996293229523e-05 0.07366901682899415;0.0736024166815
-5.0000018477847354e-05 -0.049959846756977566;0.04993909115736
-4.999997757542418e-05 0.07382741131530753;0.0737603805884
-5.000001111786963e-05 -0.04980018973404311;0.04977963278835
-4.99999864258358e-05 0.07398791994736172;0.07392045100645
-5.0000006677298514e-05 -0.04963839890610265;0.04961804197543
-4.9999991796007436e-05 0.07415057089741295;0.07408265595097
-5.000000398068872e-05 -0.04947444576191129;0.04945429019504
-4.99999950841812e-05 0.07431539271453912;0.07424702381068
-5.0000002398063026e-05 -0.049308301407258115;0.04928834853984
-4.999999702020874e-05 0.07448241432894817;0.07441358335150
-5.000000144541456e-05 -0.04913993656021089;0.04912018771395
-4.999999819565404e-05 0.07465166505668161;0.07458236372124
-5.000000088458118e-05 -0.04896932154646054;0.04894977802827
-4.9999998887092446e-05 0.07482317460428557;0.07475339445418
-5.000000053117933e-05 -0.048796426294307096;0.04877708939541
-4.999999933268609e-05 0.0749969730737469;0.07492670547587
-5.0000000316065156e-05 -0.04862122032967435;0.04860209132474
-4.99999996015788e-05 0.07517309096741434;0.07510232710796
-5.000000017009482e-05 -0.04844367277087752;0.04842475291708
-4.999999977827972e-05 0.07535155919321976;0.07528029007331
-5.000000010095098e-05 -0.0482637523232909;0.04824504285940
-4.9999999870471514e-05 0.0755324090698374;0.07546062550099
-5.000000005485509e-05 -0.048081427274066973;0.048062929419460
-4.9999999924250056e-05 0.07571567233195955;0.0756433649315
-5.000000003180714e-05 -0.04789666548651783;0.047878380440196
-4.99999999626633e-05 0.07590138113582484;0.07582854032210
-5.000000002412449e-05 -0.047709434394650335;0.04769136333424
-4.99999999626633e-05 0.07608956806454541;0.07601618405205
-5.000000000875919e-05 -0.04751970099741075;0.047501845078143
-4.999999998571124e-05 0.07628026613379027;0.07620632892815
-5.000000001644184e-05 -0.04732743185302307;0.0473097922066
-4.99999999780286e-05 0.07647350879737329;0.07639900819017
-5.00000000087592e-05 -0.047132593073095155;0.04711517080685
-4.99999999933939e-05 0.07666932995297547;0.07659425551646
-5.00000000087592e-05 -0.0469351503167105;0.04691794651218
-4.999999998571125e-05 0.07686776394799258;0.07679210502963
-5.000000000107655e-05 -0.04673506878445548;0.04671808449646
-5.000000000107655e-05 0.07706884558537942;0.07699259130224
-5.000000000107655e-05 -0.04653231321234541;0.0465155494678
-5.000000000107655e-05 0.07727261012958737;0.07719574936259
-4.999999998571125e-05 -0.04632684786564274;0.046310305662389
-5.000000001644185e-05 0.07747909331265403;0.07740161470065
-5.000000000107655e-05 -0.046118636532673035;0.04610231683826
-5.000000000107655e-05 0.07768833134023499;0.07761022327392
-5.000000000107655e-05 -0.04590764251842952;0.045891546268919
-5.000000000107655e-05 0.07790036089788431;0.07782161151353
-5.000000000107655e-05 -0.045693828638168454;0.045677956736886
-5.000000000107655e-05 0.07811521915727627;0.07803581633029
-4.999999998571125e-05 -0.04547715721098841;0.04546151052725
-5.000000001644185e-05 0.07833294378255541;0.07825287512089
-4.999999998571125e-05 -0.04525759005325136;0.045242169421102
-5.000000001644185e-05 0.07855357293672491;0.07847282577403
-5.000000000107655e-05 -0.045035088471875595;0.04501989468873
-5.000000000107655e-05 0.07877714528821513;0.07869570667687
-5.000000000107655e-05 -0.04480961325762803;0.04479464708299
-5.000000000107655e-05 0.07900370001743795;0.07892155672134
-5.000000000107655e-05 -0.044581124678235995;0.04456638683229
-5.000000000107655e-05 0.07923327682347629;0.0791504153106
-5.000000000107655e-05 -0.04434958247158831;0.04433507363386
-5.000000000107655e-05 0.07946591593082646;0.07938232236572
-5.000000000107655e-05 -0.044114945838599165;0.04410066664653
-5.000000000107655e-05 0.07970165809622337;0.07961731833201
-5.000000000107655e-05 -0.043877173436168385;0.04386312448371
-5.000000000107655e-05 0.07994054461559337;0.0798554441860
-5.000000000107655e-05 -0.04363622337007404;0.04362240520621
-4.99999999933939e-05 0.08018261733096263;0.08009674144204
-5.00000000087592e-05 -0.04339205318753528;0.04337846631486
-4.999999998571125e-05 0.08042791863770991;0.08034125215924
-5.000000000107655e-05 -0.0431446198699839;0.04313126474318
-4.99999999933939e-05 0.08067649149157335;0.08058901894831
-4.99999999933939e-05 -0.04289387982554385;0.042880756849902
-5.000000001644185e-05 0.08092837941601626;0.08084008497865
-5.000000000107655e-05 -0.04263978888149483;0.042626898411
-5.000000000107655e-05 0.08118362650953384;0.08109449398538
-4.999999998571125e-05 -0.042382302276601;0.042369644613894
-5.000000002412449e-05 0.08144227745312496;0.0813522902765
-4.999999999339389e-05 -0.04212137465339391;0.04210895004597
-5.000000000875919e-05 0.08170437751774183;0.08161351874034
-4.999999999339389e-05 -0.04185696005032764;0.04184476869045
-5.000000000875919e-05 0.08196997257200206;0.08187822485239
-5.000000000875919e-05 -0.04158901189388105;0.04157705391663
-4.999999998571124e-05 0.08223910908978162;0.08214645468320
-5.000000000107654e-05 -0.04131748299038991;0.04130575847206
-4.999999999339389e-05 0.08251183415818224;0.08241825490573
-4.999999999339389e-05 -0.041042325518072825;0.04103083447453
-5.000000001644184e-05 0.08278819548519294;0.08269367280276
-5.000000000107654e-05 -0.04076349101873465;0.04075223340382
-5.000000000107654e-05 0.083068241407853;0.08297275627474
-4.999999998571124e-05 -0.04048093038940201;0.04046990609327
-5.000000002412448e-05 0.08335202090025874;0.08325555384742
-4.9999999993393884e-05 -0.04019459387396529;0.0401838027214
-5.0000000016441833e-05 0.08363958358163824;0.08354211467962
-5.0000000001076534e-05 -0.03990443105457289;0.03989387280358
-4.9999999993393884e-05 0.0839309797247931;0.08383248857129
-4.9999999993393884e-05 -0.039610390843077214;0.039600065182843
-5.0000000016441833e-05 0.08422626026419719;0.08412672597121
-5.0000000001076534e-05 -0.03931242147222501;0.03930232802170
-4.9999999993393884e-05 0.08452547680468657;0.08442487798537
-4.9999999993393884e-05 -0.03901047048688455;0.03900060879307
-5.0000000008759184e-05 0.08482868162977679;0.0847269963848
-4.9999999993393884e-05 -0.03870448473506198;0.0386948542713
-5.0000000008759184e-05 0.08513592771045916;0.08503313361410
-4.9999999993393884e-05 -0.03839441035887203;0.03838501052347
-5.0000000008759184e-05 0.08544726871378151;0.08534334279936
-4.9999999993393884e-05 -0.03808019278539526;0.038071022899517
-5.0000000008759184e-05 0.08576275901175848;0.08565767775690
-5.0000000008759184e-05 -0.03776177671745941;0.03775283602380
-4.9999999985711234e-05 0.08608245369016343;0.08597619300143
-5.0000000016441833e-05 -0.037439106124269886;0.03743039378538
-4.999999996266329e-05 0.08640640855762038;0.08629894375478
-5.0000000008759184e-05 -0.037112124231904575;0.03710363932855
-4.9999999985711234e-05 0.08673468015463719;0.08662598595439
-5.0000000001076534e-05 -0.0367807735138818;0.036772515043462
-5.0000000001076534e-05 0.08706732576275197;0.08695737626201
-5.0000000001076534e-05 -0.03644499568142065;0.036436962556411
-4.9999999993393884e-05 0.08740440341384527;0.08729317207246
-4.9999999993393884e-05 -0.03610473167371453;0.03609692272012
-5.0000000016441833e-05 0.08774597189944588;0.08763343152246
-5.0000000001076534e-05 -0.03575992164807629;0.035752335603937
-4.9999999993393884e-05 0.08809209078015764;0.0879782134994
-5.0000000008759184e-05 -0.03541050497000693;0.035403140483906
-4.9999999985711234e-05 0.08844282039516232;0.08832757765062
-5.0000000001076534e-05 -0.03505642020314301;0.035049275832787
-5.0000000001076534e-05 0.08879822187186585;0.08868158439185
-5.0000000001076534e-05 -0.03469760509916511;0.03469067930999
-5.0000000001076534e-05 0.08915835713545646;0.08904029491681
-5.0000000001076534e-05 -0.03433399658755479;0.03432728775140
-5.0000000001076534e-05 0.08952328891871084;0.08940377120605
-5.0000000001076534e-05 -0.033965530765207835;0.03395903715903
-5.0000000001076534e-05 0.08989308077185448;0.08977207603625
-5.0000000001076534e-05 -0.03359214288615764;0.03358586269082
-5.0000000001076534e-05 0.09026779707231133;0.0901452729893
-5.0000000001076534e-05 -0.033213767351094645;0.03320769865019
-5.0000000001076534e-05 0.09064750303469445;0.09052342646180
-5.0000000001076534e-05 -0.03283033769679415;0.03282447847559
-4.9999999993393884e-05 0.09103226472076113;0.09090660167384
-4.9999999993393884e-05 -0.03244178658553441;0.03243613473000
-5.0000000016441833e-05 0.09142214904947457;0.09129486467885
-5.0000000001076534e-05 -0.032048045794437624;0.03204259909030
-5.0000000001076534e-05 0.09181722380696292;0.09168828237255
-5.0000000001076534e-05 -0.0316490462047488;0.031643802336736
-4.9999999993393884e-05 0.09221755765674926;0.09208692250245
-5.0000000008759184e-05 -0.031244717791097373;0.03123967434219
-4.9999999978028584e-05 0.09262322014967013;0.092490853676
-5.0000000008759184e-05 -0.03083498961075605;0.03083014406164
-4.9999999978028584e-05 0.09303428173407631;0.09290014537485
-5.0000000008759184e-05 -0.03041978979284103;0.030415139521450
-4.9999999978028584e-05 0.09345081376583061;0.0933148679542
-5.0000000008759184e-05 -0.02999904552747583;0.029994587808653
-4.9999999978028584e-05 0.09387288851839773;0.09373509266198
-5.0000000008759184e-05 -0.029572683055116622;0.02956841506045
-4.9999999978028584e-05 0.09430057919274605;0.09416089164252
-5.0000000008759184e-05 -0.02914062765582609;0.029136546453648
-4.999999997418726e-05 0.0947339599272409;0.09459233794695
-5.000000000491786e-05 -0.028702803638555235;0.02869890619406
-4.999999998571124e-05 0.09517310580744738;0.09502950554178
-5.000000001644184e-05 -0.028259134330754665;0.028255417506389
-4.999999995113933e-05 0.09561809287564806;0.09547246931752
-5.000000001260052e-05 -0.027809542067836618;0.027806002623781
-4.99999999626633e-05 0.0960689981403005;0.09592130509705
-4.99999999933939e-05 -0.027353948183070853;0.02735058277802
-5.000000002028317e-05 0.09652589958517276;0.09637608964374
-5.000000000491787e-05 -0.026892272997532857;0.0268890781896
-4.999999998571125e-05 0.09698887617817573;0.09683690066916
-5.000000000107655e-05 -0.02642443581045921;0.026421408058686
-4.9999999997235226e-05 0.09745800787985179;0.0973038168404
-4.9999999997235226e-05 -0.025950354889961655;0.02594749055535
-5.00000000087592e-05 0.09793337565129129;0.09777691778713
-4.99999999933939e-05 -0.025469947464073092;0.02546724281169
-5.000000002028317e-05 0.09841506146165731;0.09825628410731
-4.999999998955257e-05 -0.024983129712574312;0.024980580913520
-5.000000003564846e-05 0.09890314829478722;0.09874199737317
-4.999999998955257e-05 -0.02448981675929418;0.024487419893107
-5.000000003564846e-05 0.09939772015513412;0.09923414013558
-4.999999998955257e-05 -0.023989922665339503;0.023987673722770
-5.000000003564846e-05 0.09989886207260996;0.0997327959276
-5.000000000491786e-05 -0.023483360423377536;0.02348125530951
-4.999999998186991e-05 0.10040666010611478;0.10023804926693
-4.999999999723521e-05 -0.022970041953112683;0.022968076490940
-5.000000001260051e-05 0.10092120134564363;0.10074998565613
-5.000000001260051e-05 -0.022449878098304912;0.02244804803268
-4.999999995113932e-05 0.10144257391243355;0.10126869158185
-5.000000001260051e-05 -0.021922778625673267;0.021921079627803
-4.999999995113932e-05 0.10197086695686326;0.1017942545110
-5.000000001260051e-05 -0.02138865222606154;0.021387079898490
-4.9999999947298e-05 0.10250617065356075;0.10232676288474
-5.000000000875919e-05 -0.02084740651851613;0.020845956400677
-4.99999999626633e-05 0.10304857619291531;0.10286630610785
-5.000000000875919e-05 -0.020298948057749955;0.02029761563213
-4.99999999626633e-05 0.10359817576840909;0.10341297453518
-5.000000000875919e-05 -0.019743182346057195;0.01974196304507
-4.999999995882197e-05 0.10415506255849379;0.10396685945167
-5.000000000491786e-05 -0.019180013850638666;0.019178903064191
-4.999999997802859e-05 0.1047193307016167;0.10452805304588
-5.000000000875919e-05 -0.01860934602780924;0.018608339111716
-4.999999995882197e-05 0.10529107526276431;0.10509664837503
-5.000000000491786e-05 -0.018031081355704567;0.01803017364104
-4.999999997418726e-05 0.10587039218916382;0.10567273931912
-5.000000000491786e-05 -0.01744512137820678;0.01744430818168
-4.999999997418726e-05 0.10645737825181129;0.10625642052103
-5.000000000491786e-05 -0.016851366762957204;0.016850643398481
-4.999999997034594e-05 0.10705213096896625;0.10684778730853
-4.999999998571124e-05 -0.016249717377707293;0.016249079169269
-5.0000000081744354e-05 0.10765474850586203;0.10744693559278
-5.000000000491786e-05 -0.01564007239074476;0.015639514686923
-4.999999997034594e-05 0.10826532954306514;0.10805396173547
-5.000000000107654e-05 -0.015022330403084427;0.015021848593388
-4.999999999147323e-05 0.10888397310283639;0.108668962374
-5.0000000006838526e-05 -0.014396389623089256;0.014395979156538
-4.9999999953059984e-05 0.10951077831871123;0.10929203419217
-4.9999999999155876e-05 -0.013762148098833166;0.01376180450527
-5.0000000006838526e-05 0.11014584412686108;0.10992327360820
-4.999999999147323e-05 -0.01311950402951631;0.013119222944332
-5.0000000062537726e-05 0.11078926884856634;0.11056277636125
-5.0000000001076534e-05 -0.01246835618725653;0.012468133380451
-4.999999999147322e-05 0.1114411496181349;0.11121063693952
-5.000000000683852e-05 -0.01180860449562715;0.011808435906551
-4.9999999941536006e-05 0.11210158158721809;0.11186694778830
-5.00000000029972e-05 -0.011140150834537427;0.011140032614228
-4.99999999722666e-05 0.11277065679925317;0.11253179819031
-5.00000000029972e-05 -0.010462900179949039;0.010462828743926
-4.99999999722666e-05 0.1134484625644801;0.11320527265031
-4.99999999876319e-05 -0.009776762249163198;0.009776734345048
-5.0000000127840076e-05 0.11413507906023133;0.11388744851073
-5.0000000004917794e-05 -0.009081653931942185;0.009081666728786
-4.999999994537725e-05 0.11483057569000317;0.11457839233561
-4.999999999147316e-05 -0.008377502979437373;0.008377554189925
-5.000000010287147e-05 0.11553500538513482;0.1152781542525
-5.000000001067971e-05 -0.0076642537786771325;0.007664341833131
-4.999999985702714e-05 0.11624839535358111;0.11598675876898
-4.999999999531457e-05 -0.006941876728413329;0.006942001034015
-5.000000007022046e-05 0.11697073139321768;0.11670418920165
-4.9999999993393904e-05 -0.006210384138466293;0.006210545485943
-5.000000011151447e-05 0.11770192986326701;0.11743035985861
-5.0000000003957456e-05 -0.005469858639367137;0.005470059880544
-4.999999992424987e-05 0.11844178428533156;0.11816506304391
-5.000000000107647e-05 -0.00472050730920974;0.00472075456957
-4.9999999976107764e-05 0.11918985508393996;0.11890785963536
-5.000000000683847e-05 -0.0039627734379492074;0.003963078486956
-4.999999981573609e-05 0.11994521696440087;0.1196578283850
-4.9999999984752223e-05 -0.0031975926003616206;0.003197978044549
-5.0000000512339285e-05 0.12070579311494942;0.12041290519384
-5.000000005145201e-05 -0.0024270675510923434;0.002427580136915
-4.999999771814244e-05 0.12146621237393292;0.12116775661194
-4.9999999768211964e-05 -0.0016566403333130864;0.001657393941909
-5.000001175389613e-05 0.12220838737323736;0.12190442979780
-5.000000278775867e-05 -0.0009046427260904211;0.0009060233095971
-4.999998105379195e-05 0.12282817631594979;0.12251957275254
-4.999998263523706e-05 -0.000276630269673242;0.00028111261494532
-5.000001038274423e-05 0.12098341044568094;0.12068849788448
-5.000001032673089e-05 -0.002144315757430626;0.002144896970359
-5.0000007169326875e-05 0.1217400189571608;0.12143954123196
-5.000000713083598e-05 -0.001377653770257184;0.0013785603750069
-5.000000374362357e-05 0.12246115261423021;0.12215530595805
-5.0000003723676e-05 -0.0006469073217297977;0.0006488366698967
-4.999999997624885e-05 0.1228900905324456;0.12258102027340
-4.999999997643208e-05 -0.00021227352262508103;0.0002180826624271
-5.000000004777447e-05 0.11846984460099244;0.11819292671906
-5.0000000047499625e-05 -0.004683566310443435;0.004683816067612
-5.000000004080594e-05 0.11921674766611201;0.11893456137720
-5.00000000405311e-05 -0.003926843472318517;0.003927151686748
-5.000000003371717e-05 0.11997119327342684;0.11968361801661
-5.000000003353394e-05 -0.0031624603925688444;0.003162850356388
-5.0000000026533926e-05 0.12073095021336787;0.1204378792063
-5.0000000026350696e-05 -0.0023926663596178926;0.00239318644787
-5.0000000019081554e-05 0.12149034012590244;0.12119170655439
-5.000000001898994e-05 -0.0016232075429361004;0.0016239767267396
-5.000000001126988e-05 0.12223009809871378;0.12192597857074
-5.000000001126988e-05 -0.0008736045921250157;0.0008750341638807
-5.00000000027675e-05 0.12283568460654354;0.12252702447234
-5.00000000027675e-05 -0.00025995237440569474;0.000264717274318
-4.99999999958659e-05 0.12054674171963169;0.12025500956430
-4.99999999958659e-05 -0.0025770478109362616;0.002577529962397
-4.9999999996925205e-05 0.12130681338124466;0.12100953053879
-4.9999999996925205e-05 -0.0018068748498628884;0.001807565535370
-4.9999999998047497e-05 0.12205466576298864;0.1217518532405
-4.9999999998047497e-05 -0.0010490541134638431;0.0010502447940495
-4.999999999927572e-05 0.12272138032714293;0.12241358066463
-4.999999999927572e-05 -0.00037343826437523375;0.00037677066045849
-5.000000000054439e-05 0.12223712242899182;0.12193295049027
-5.000000000054439e-05 -0.0008639771753437414;0.0008654226554328
-5.000000000012925e-05 0.12283786458793165;0.12252918802748
-5.000000000012925e-05 -0.0002552105890673423;0.00026006238337636
-4.9999999999801085e-05 0.12040252760056647;0.12011184076442
-4.9999999999801085e-05 -0.002720435904637289;0.0027208919937736
-4.999999999984976e-05 0.12116269659513984;0.1208664715731
-4.999999999984976e-05 -0.0019501541692905355;0.0019507938016279
-4.999999999990129e-05 0.12191481415431957;0.12161304086951
-4.999999999990129e-05 -0.0011880056807526268;0.001189057118547
-4.999999999995569e-05 0.12261048701465924;0.12230352061789
-4.999999999995569e-05 -0.0004830366810713166;0.00048561756220576
-5.000000000001582e-05 0.12269955171996835;0.12239191619919
-5.000000000001582e-05 -0.0003927977060322607;0.00039596720782134
-4.9999999999989337e-05 0.12235809030345898;0.1220530148410
-4.9999999999989337e-05 -0.0007387108468849962;0.0007404009826664
-4.999999999999864e-05 0.12287966967913246;0.12257067800305
-4.999999999999864e-05 -0.00021016978340977766;0.0002160354997041
-5.0000000000002754e-05 0.1183201299832058;0.11804426019254
-5.0000000000002754e-05 -0.004822242102320559;0.004822482618464
-5.0000000000002754e-05 0.11906516330967624;0.11878405159953
-5.0000000000002754e-05 -0.00406740492677829;0.004067701018850
-5.0000000000002754e-05 0.11981801088348974;0.11953153529866
-5.0000000000002754e-05 -0.003304637920067924;0.0033050101378371
-5.0000000000002754e-05 0.12057674996326986;0.12028479998244
-5.0000000000002754e-05 -0.0025358763447376614;0.0025363665036014
-4.999999999999989e-05 0.12133668735078068;0.12103918491832
-4.999999999999989e-05 -0.001765866731022414;0.0017665735380389
-4.999999999999989e-05 0.12208293888857501;0.12177991597917
-4.999999999999989e-05 -0.001009688285546706;0.001010925361156
-4.999999999999989e-05 0.12273879525075736;0.1224308645936
-4.999999999999989e-05 -0.00034509097148208157;0.00034869438434047
-4.999999999999989e-05 0.12199179969439623;0.12168945462431
-4.999999999999989e-05 -0.0011016915752698198;0.0011028253868828
-4.999999999999989e-05 0.12267072654535259;0.12236330768815
-4.999999999999989e-05 -0.00041369572028983337;0.0004167062981709
-5.0000000000000246e-05 0.1224581616359225;0.12215233737888
-5.0000000000000246e-05 -0.0006290394019381473;0.0006310233881076
-4.999999999999953e-05 0.12286312486676465;0.12255425792667
-4.999999999999953e-05 -0.00021868982560731276;0.0002243328753882
-5.000000000000096e-05 0.11884081597070699;0.1185612896468
-5.000000000000096e-05 -0.0042880823943074325;0.004288360746030
-5.000000000000096e-05 0.11959124991453625;0.11930639706252
-5.000000000000096e-05 -0.003527748288378471;0.0035280952849128
-5.000000000000096e-05 0.12034833453386941;0.12005803986394
-5.000000000000096e-05 -0.0027606584482611635;0.0027611076933355
-5.000000000000096e-05 0.12110852367202823;0.12081269563122
-5.000000000000096e-05 -0.001990394758180622;0.00199102135979
-4.999999999999809e-05 0.12186156584797442;0.12156018762609
-4.999999999999809e-05 -0.0012273389435872861;0.001228356676034
-4.999999999999952e-05 0.12256341767900622;0.12225680451216
-4.999999999999952e-05 -0.0005161288485035637;0.0005185450454465
-4.999999999999952e-05 0.12275080512740373;0.12244278411073
-4.999999999999952e-05 -0.00032626845432855156;0.00033007741566662
-5.000000000000024e-05 0.12178254606033012;0.12148175347143
-5.000000000000024e-05 -0.0013069117406728642;0.00130786747135
-5.000000000000024e-05 0.12249502805867726;0.12218892763633
-5.000000000000024e-05 -0.0005849060401328099;0.0005870392118055
-4.999999999999952e-05 0.12283125222636301;0.12252262548852
-4.999999999999952e-05 -0.00024421904272961537;0.0002492848562278
-5.000000000000095e-05 0.12001246430139773;0.11972459228635
-5.000000000000095e-05 -0.003097207944670652;0.0030976065539867
-5.000000000000095e-05 0.12077164042331383;0.12047827312359
-5.000000000000095e-05 -0.00232795319771964;0.002328487984058
-5.000000000000095e-05 0.12152972604643988;0.12123080206873
-5.000000000000095e-05 -0.001559779145521356;0.0015605797018186
-5.000000000000095e-05 0.12226499339480772;0.12196061344273
-5.000000000000095e-05 -0.0008147005591164214;0.0008162333324897
-5.000000000000023e-05 0.12283902220413623;0.1225303369207
-5.000000000000023e-05 -0.0002330172828338417;0.00023832132305768
-4.99999999999997e-05 0.11955454153092325;0.11926995079193
-4.99999999999997e-05 -0.003556764556788619;0.003557108481021
-4.99999999999997e-05 0.12031113865335302;0.12002111294605
-4.99999999999997e-05 -0.002790155320368151;0.00279059966618
-4.99999999999997e-05 0.12107107520612098;0.12077552138178
-4.99999999999997e-05 -0.0020201384802634587;0.002020755779709
-5.0000000000002564e-05 0.12182456576884712;0.12152346185713
-5.0000000000002564e-05 -0.001256622329591811;0.001257616334741
-5.0000000000002564e-05 0.1225304809840319;0.12222411482820
-5.0000000000002564e-05 -0.0005412903169451089;0.0005435946818289
-4.99999999999997e-05 0.12277957763381687;0.1224713400674
-4.99999999999997e-05 -0.00028889993711773976;0.0002931947666712
-5.0000000000000057e-05 0.12120443553712663;0.12090790440874
-5.0000000000000057e-05 -0.0018838421816511353;0.0018845044869445
-5.0000000000000057e-05 0.1219541907000769;0.12165212504874
-5.0000000000000057e-05 -0.0011240828692614668;0.0011251940999945
-5.0000000000000057e-05 0.12263749828778533;0.12233032906365
-5.0000000000000057e-05 -0.00043164371285890624;0.00043452995635140
-5.0000000000000057e-05 0.12251890562684654;0.12221262624971
-5.0000000000000057e-05 -0.0005517910954519062;0.0005540517860354
-4.999999999999934e-05 0.1227909952155008;0.12248267168927
-4.999999999999934e-05 -0.0002760943680356065;0.0002805852775805
-5.000000000000077e-05 0.12093476823485763;0.12064021108875
-5.000000000000077e-05 -0.0021554982444880882;0.0021560764083421
-4.99999999999979e-05 0.1216904363486604;0.12139032544766
-4.99999999999979e-05 -0.0013897477628434796;0.0013906464675372
-4.99999999999979e-05 0.12241178310313122;0.12210630603055
-4.99999999999979e-05 -0.0006587573182035567;0.0006606520572792
-5.000000000000005e-05 0.12285441272663221;0.12254561145633
-5.000000000000005e-05 -0.0002102360332736225;0.00021609995131811
-4.9999999999999874e-05 0.11829984137518357;0.11802411341319
-4.9999999999999874e-05 -0.004817248965160184;0.004817489807960
-4.9999999999999874e-05 0.11904447478334394;0.11876350952204
-4.9999999999999874e-05 -0.00406282333998835;0.004063119816441
-4.9999999999999874e-05 0.11979690141014834;0.11951057714690
-4.9999999999999874e-05 -0.003300488606975252;0.0033008613228301
-4.9999999999999874e-05 0.12055519318959819;0.1202633996972
-4.9999999999999874e-05 -0.0025321855952817607;0.002532676484245
-4.9999999999999874e-05 0.12131463956060272;0.12101729920190
-4.9999999999999874e-05 -0.0017626785402341388;0.0017633866317778
-4.9999999999999874e-05 0.12206028639476192;0.12175743205562
-4.9999999999999874e-05 -0.0010071175829403783;0.001008357814096
-4.9999999999999874e-05 0.12271492831842329;0.1224071771783
-4.9999999999999874e-05 -0.0003437550705953363;0.000347372341596
-5.000000000000023e-05 0.12195344980944012;0.1216513896608
-5.000000000000023e-05 -0.0011150162772647493;0.0011161365423900
-5.000000000000023e-05 0.12263475570666854;0.12232760708062
-5.000000000000023e-05 -0.0004246135310817245;0.00042754723673470
-4.9999999999999874e-05 0.12248078945213854;0.12217479571046
-4.9999999999999874e-05 -0.0005805948996447374;0.0005827438537238
-4.9999999999999874e-05 0.12280906374852367;0.12250060415654
-4.9999999999999874e-05 -0.00024796465577300864;0.0002529554687052
-5.000000000000023e-05 0.12012851882681573;0.11983981123158
-5.000000000000023e-05 -0.0029611606265043805;0.0029615783988730
-5.000000000000023e-05 0.12088775764834514;0.12059354372426
-5.000000000000023e-05 -0.0021918369746473376;0.002192405442007
-5.000000000000023e-05 0.12164388898622198;0.12134412218235
-5.000000000000023e-05 -0.0014256377921443436;0.0014265138394209
-5.000000000000023e-05 0.12236850762972294;0.12206335427558
-5.000000000000023e-05 -0.0006913468506949544;0.0006931525019924
-5.000000000000023e-05 0.1228466259107197;0.12253788332749
-5.000000000000023e-05 -0.00020686659219926185;0.00021282336874575
-4.9999999999999515e-05 0.11805499937689046;0.1177809791684
-4.9999999999999515e-05 -0.005053213605374557;0.0050534394579200
-4.9999999999999515e-05 0.11879687545560602;0.11851765894518
-4.9999999999999515e-05 -0.00430160235982642;0.004301879670738
-4.9999999999999515e-05 0.11954687190753743;0.11926233591253
-4.9999999999999515e-05 -0.003541750967976681;0.0035420964763397
-4.9999999999999515e-05 0.12030348489214202;0.120013514508
-4.9999999999999515e-05 -0.0027751702725207356;0.0027756170948586
-4.9999999999999515e-05 0.12106324801733752;0.12076775148620
-4.9999999999999515e-05 -0.00200536331373663;0.0020059851999968
-5.0000000000002374e-05 0.12181616869150236;0.12151512701065
-5.0000000000002374e-05 -0.0012424507281194458;0.001243456076791
-5.0000000000000944e-05 0.1225197729390112;0.12221348706034
-5.0000000000000944e-05 -0.0005294798878754114;0.0005318354303698
-4.9999999999999515e-05 0.12274076307472799;0.1224328176133
-4.9999999999999515e-05 -0.00030557459458055436;0.00030963822404382
-5.0000000000000585e-05 0.12146958322777007;0.12117110262850
-5.0000000000000585e-05 -0.0015928537180432828;0.0015936376053195
-5.0000000000000585e-05 0.12220634278464436;0.12190240045798
-5.0000000000000585e-05 -0.0008462631010059396;0.0008477387946568
-5.0000000000000585e-05 0.12279733562968798;0.12248896436129
-5.0000000000000585e-05 -0.0002473874326286152;0.00025238965999024
-4.9999999999998796e-05 0.12009593692981184;0.1198074640836
-4.9999999999998796e-05 -0.002981640058617077;0.002982054841762
-4.9999999999998796e-05 0.12085493602058683;0.12056096156764
-4.9999999999998796e-05 -0.0022125683448737943;0.002213131420425
-5.0000000000001656e-05 0.12161115086106766;0.1213116259133
-5.0000000000001656e-05 -0.0014462921210475072;0.0014471556369058
-5.0000000000001656e-05 0.12233737434100567;0.12203245373534
-5.0000000000001656e-05 -0.0007103808184408811;0.0007121382039169
-5.0000000000000226e-05 0.12283367166600472;0.12252502669886
-5.0000000000000226e-05 -0.00020747997781413174;0.0002134196347626
-4.999999999999951e-05 0.11808653874200606;0.11781229894546
-4.999999999999951e-05 -0.005008875074617503;0.005009103677860
-4.999999999999951e-05 0.1188286902946467;0.11854924948870
-4.999999999999951e-05 -0.004256986020661768;0.004257266785398
-4.999999999999951e-05 0.11957889650889476;0.11929413188324
-4.999999999999951e-05 -0.0034969226588899838;0.0034972729685874
-4.999999999999951e-05 0.12033558618656198;0.12004538371837
-4.999999999999951e-05 -0.0027302642829278856;0.002730718681924
-4.999999999999951e-05 0.12109509963664117;0.12079936991284
-4.999999999999951e-05 -0.0019607099983728893;0.0019613461614115
-4.999999999999951e-05 0.12184671368756435;0.12154544559621
-4.999999999999951e-05 -0.0011991210886537762;0.0012001627779924
-4.999999999999951e-05 0.12254338993041429;0.12223692697885
-4.999999999999951e-05 -0.0004931715594074376;0.000495699674079
-4.999999999999951e-05 0.12266422045045573;0.12235685048206
-4.999999999999951e-05 -0.00037075159052697704;0.00037410791938822
-5.000000000000058e-05 0.12215748810987678;0.12185390999548
-5.000000000000058e-05 -0.0008840425004463109;0.0008854552149565
-4.999999999999986e-05 0.12276656816155684;0.12245842852058
-4.999999999999986e-05 -0.0002668364037356069;0.0002714805049131
-5.000000000000022e-05 0.12067456927153852;0.12038190848235
-5.000000000000022e-05 -0.0023847356049163243;0.002385257452637
-5.000000000000022e-05 0.12143226725283937;0.1211340615300
-5.000000000000022e-05 -0.00161695284984327;0.0016177250185544
-5.000000000000022e-05 0.12217015344161997;0.12186648093493
-5.000000000000022e-05 -0.0008692213535053395;0.0008706581245501
-5.000000000000022e-05 0.1227723248937436;0.12246414192305
-5.000000000000022e-05 -0.0002590168753272004;0.0002637986734045
-4.999999999999951e-05 0.12045605639335358;0.1201649818516
-4.999999999999951e-05 -0.0026037739152117573;0.002604250999631
-4.999999999999951e-05 0.12121484746162878;0.12091823994111
-4.999999999999951e-05 -0.001834894623633565;0.0018355747044711
-4.999999999999951e-05 0.1219623564211052;0.12166023011658
-4.999999999999951e-05 -0.0010774220278749747;0.0010785813715393
-4.999999999999951e-05 0.1226347769520053;0.12232762816640
-4.999999999999951e-05 -0.0003960254895102877;0.0003991693624004
-5.000000000000021e-05 0.12231412284318599;0.12200937598559
-5.000000000000021e-05 -0.0007208558407602594;0.0007225877471171
-5.000000000000021e-05 0.12281956353703498;0.12251102485763
-5.000000000000021e-05 -0.0002086809734542644;0.00021458739006526
-4.9999999999999515e-05 0.11815843965344733;0.11788369881946
-4.9999999999999515e-05 -0.004923260803612189;0.004923494802039
-4.9999999999999515e-05 0.11890123138784826;0.11862127871635
-4.9999999999999515e-05 -0.004170712654310321;0.004171000258435
-4.9999999999999515e-05 0.11965196818881306;0.1193666814303
-4.9999999999999515e-05 -0.0034101025573955723;0.0034104624842265
-4.9999999999999515e-05 0.12040893160913604;0.12011819840731
-4.9999999999999515e-05 -0.002643158701051071;0.0026436284984666
-4.9999999999999515e-05 0.12116804194213807;0.12087177773005
-4.9999999999999515e-05 -0.0018740056870973215;0.0018746714907628
-4.9999999999999515e-05 0.12191694730612168;0.1216151581877
-4.9999999999999515e-05 -0.0011151555976269129;0.0011162757228183
-4.9999999999999515e-05 0.12259777840374426;0.12229090740493
-4.9999999999999515e-05 -0.0004252607736656422;0.00042819004473873
-5.000000000000032e-05 0.12244667782827084;0.12214093956219
-5.000000000000032e-05 -0.0005783344795561168;0.0005804918021761
-5.000000000000032e-05 0.12277033855340812;0.12246217053394
-5.000000000000032e-05 -0.0002503877813066352;0.0002553312350867
-4.999999999999975e-05 0.12017494178021432;0.11988589949281
-4.999999999999975e-05 -0.0028774269662990015;0.0028778573769549
-4.999999999999975e-05 0.12093370974732583;0.12063916033212
-4.999999999999975e-05 -0.0021085899565888716;0.002109181122662
-5.000000000000065e-05 0.12168787758527597;0.12138778560653
-5.000000000000065e-05 -0.0013443877826446182;0.0013453168467828
-5.000000000000065e-05 0.12240371520654073;0.12209829850250
-5.000000000000065e-05 -0.0006190022228949321;0.000621018278611
-5.000000000000035e-05 0.12279347075390318;0.12248512858790
-5.000000000000035e-05 -0.00022407565210671998;0.00022958636052897
-4.999999999999992e-05 0.11907113190081854;0.11878997793108
-4.999999999999992e-05 -0.003990296492460438;0.003990599148382
-4.999999999999992e-05 0.11982318700214627;0.11953667430459
-4.999999999999992e-05 -0.0032283204751264866;0.0032287020405113
-4.999999999999992e-05 0.12058086021929215;0.1202888803942
-4.999999999999992e-05 -0.002460631382809983;0.002461136845476
-4.999999999999992e-05 0.12133897499641284;0.12104145574406
-4.999999999999992e-05 -0.0016924646483662403;0.0016932022460992
-4.999999999999992e-05 0.12208061012585673;0.12177760454900
-4.999999999999992e-05 -0.0009409635230943209;0.0009422908728189
-4.999999999999992e-05 0.12271261596040416;0.12240488220916
-4.999999999999992e-05 -0.0003005405872307104;0.00030467136672296
-4.999999999999992e-05 0.12135601899928049;0.12105837441108
-4.999999999999992e-05 -0.0016742679656351345;0.0016750136109354
-4.999999999999992e-05 0.12209657528566838;0.12179345086985
-4.999999999999992e-05 -0.0009238375453594211;0.0009251894757206
-4.999999999999992e-05 0.12272196441108914;0.12241416035571
-4.999999999999992e-05 -0.00029010641681138927;0.0002943836452178
-4.999999999999992e-05 0.12117104724669314;0.12087476099929
-4.999999999999992e-05 -0.0018605214702095835;0.0018611921290545
-4.999999999999992e-05 0.12191896917387594;0.1216171650474
-4.999999999999992e-05 -0.0011026250063030374;0.0011037578583130
-4.999999999999992e-05 0.12259668684614965;0.12228982404026
-4.999999999999992e-05 -0.0004158568083299924;0.0004188518530161
-4.999999999999992e-05 0.1223953900495691;0.12209003563071
-4.999999999999992e-05 -0.0006197845803297131;0.0006217980992139
-5.000000000000007e-05 0.1227860859992244;0.1224777994351
-5.000000000000007e-05 -0.0002238972254996474;0.00022941221995163
-5.000000000000002e-05 0.11905489885261214;0.11877385980832
-5.000000000000002e-05 -0.003999103414319416;0.003999405310179
-5.000000000000002e-05 0.11980665466003615;0.11952026048801
-5.000000000000002e-05 -0.003237422675620813;0.0032378031049994
-5.000000000000002e-05 0.12056408034854701;0.12027222234783
-5.000000000000002e-05 -0.0024699789184017412;0.00247048243074
-5.000000000000002e-05 0.12132206098401502;0.12102466607684
-5.000000000000002e-05 -0.0017019445093973407;0.001702677982310
-5.000000000000002e-05 0.12206396434045595;0.12176108263585
-5.000000000000002e-05 -0.0009501693455250121;0.000951483847457
-5.000000000000002e-05 0.12269913975185227;0.12239150732834
-5.000000000000002e-05 -0.0003065328794852745;0.00031058397109939
-5.000000000000002e-05 0.12144355782298667;0.12114526894954
-5.000000000000002e-05 -0.0015780171580318525;0.0015788084367528
-5.000000000000002e-05 0.12217861774964109;0.12187488214919
-5.000000000000002e-05 -0.0008331526933586381;0.0008346515732208
-5.000000000000002e-05 0.12276187223094699;0.12245376793226
-5.000000000000002e-05 -0.00024212346698342102;0.00024723222285677
-5.000000000000002e-05 0.11986287126680815;0.1195760739270
-5.000000000000002e-05 -0.0031761537897510156;0.003176541981009
-5.000000000000002e-05 0.12062038155784814;0.12032811466834
-5.000000000000002e-05 -0.002408606613640535;0.002409123199613
-5.000000000000002e-05 0.12137778903048137;0.12107998430166
-5.000000000000002e-05 -0.0016411388694424073;0.0016418996212569
-5.000000000000002e-05 0.12211650789049633;0.12181323505989
-5.000000000000002e-05 -0.0008925800581222193;0.000893979276745
-5.000000000000002e-05 0.12272883818749862;0.12242098243171
-5.000000000000002e-05 -0.0002720905680721475;0.00027664648069580
-5.000000000000002e-05 0.12077420605927995;0.12048082007076
-5.000000000000002e-05 -0.0022509921786685455;0.0022515455185135
-5.000000000000002e-05 0.12153000909165504;0.12123108302627
-5.000000000000002e-05 -0.0014851330140663033;0.001485973904281
-5.000000000000002e-05 0.12225853126219471;0.12195419954831
-5.000000000000002e-05 -0.000746893935217291;0.0007485655921828
-5.000000000000002e-05 0.12278511581771755;0.12247683655788
-5.000000000000002e-05 -0.00021329973126621438;0.0002190816619216
-5.000000000000001e-05 0.11843445139082062;0.11815778152138
-5.000000000000001e-05 -0.0046142749165534735;0.004614529430037
-5.000000000000001e-05 0.11918004076315411;0.11889811493944
-5.000000000000001e-05 -0.0038588855503865066;0.0038591998849982
-5.000000000000001e-05 0.11993302666980152;0.11964572566751
-5.000000000000001e-05 -0.003095986345057228;0.003096385119446
-5.000000000000001e-05 0.12069101413580294;0.12039823373620
-5.000000000000001e-05 -0.002327992044433125;0.0023285268217093
-5.000000000000001e-05 0.12144781486872486;0.12114949463978
-5.000000000000001e-05 -0.0015611652507388774;0.0015619650943634
-5.000000000000001e-05 0.12218182520967527;0.1218780656982
-5.000000000000001e-05 -0.0008173966736327726;0.0008189243995313
-5.000000000000001e-05 0.12275610895582373;0.1224480480287
-5.000000000000001e-05 -0.00023547857443806386;0.00024072839030736
-5.000000000000001e-05 0.11958186638999815;0.11929708055552
-5.000000000000001e-05 -0.003447690168132747;0.003448045878301
-5.000000000000001e-05 0.12033775216457854;0.120047534032
-5.000000000000001e-05 -0.0026818195764651553;0.0026822824210677
-5.000000000000001e-05 0.12109614185965588;0.1208004045034
-5.000000000000001e-05 -0.0019133849397446612;0.0019140369520459
-5.000000000000001e-05 0.12184546565760293;0.12154420681932
-5.000000000000001e-05 -0.001154104003595391;0.0011551863302186
-5.000000000000001e-05 0.12253330067667992;0.12222691337956
-5.000000000000001e-05 -0.00045710748991496797;0.0004598339291886
-5.000000000000001e-05 0.1225262879519893;0.12221995323257
-5.000000000000001e-05 -0.0004642121714481806;0.00046689712387240
-5.000000000000001e-05 0.12254700305130303;0.12224051300367
-5.000000000000001e-05 -0.0004432249694140272;0.00044603627690870
-5.000000000000001e-05 0.12248137238116484;0.12217537427246
-5.000000000000001e-05 -0.0005097163101830254;0.0005121627611716
-5.000000000000001e-05 0.1226500002756544;0.12234273714401
-5.000000000000001e-05 -0.00033886164143383246;0.000342530593446
-5.000000000000001e-05 0.12183423338830082;0.12153305781911
-5.000000000000001e-05 -0.0011651123730297697;0.0011661844730855
-5.000000000000001e-05 0.12252380007169576;0.12221748400365
-5.000000000000001e-05 -0.0004663268491760103;0.0004689996952396
-5.000000000000001e-05 0.12255248149717732;0.12224595036169
-5.000000000000001e-05 -0.00043726792015867655;0.0004401172815204
-5.000000000000001e-05 0.12245973243656758;0.12215389641609
-5.000000000000001e-05 -0.0005312340111851416;0.0005335818096787
-5.000000000000001e-05 0.12268399750377132;0.12237647890843
-5.000000000000001e-05 -0.00030400001322823667;0.00030808441219859
-5.000000000000001e-05 0.12138699048556628;0.12108911805348
-5.000000000000001e-05 -0.0016174584764981348;0.0016182304030583
-5.000000000000001e-05 0.1221238602820607;0.121820532694
-5.000000000000001e-05 -0.0008707410226761608;0.00087217528954
-5.000000000000001e-05 0.12272582786688033;0.12241799475362
-5.000000000000001e-05 -0.00026073486987579497;0.00026548572600652
-5.000000000000001e-05 0.12046157585062006;0.12017046131232
-5.000000000000001e-05 -0.002552891444300709;0.0025533782636595
-5.000000000000001e-05 0.1212192548174803;0.12092261495631
-5.000000000000001e-05 -0.001785133495879082;0.0017858326371122
-5.000000000000001e-05 0.12196404929392837;0.12166191041410
-5.000000000000001e-05 -0.0010304088947287876;0.001031621109128
-5.000000000000001e-05 0.12262370412939246;0.12231663849660
-5.000000000000001e-05 -0.00036195026357967175;0.00036538744828460
-5.000000000000001e-05 0.12204087924822804;0.12173816927915
-5.000000000000001e-05 -0.0009523081307641346;0.0009536196832362
-5.000000000000001e-05 0.12267623663819993;0.12236877637241
-5.000000000000001e-05 -0.0003084669082094038;0.00031249292837061
-5.000000000000001e-05 0.1214519490601393;0.12115359837849
-5.000000000000001e-05 -0.0015483000557475202;0.0015491065628469
-5.000000000000001e-05 0.12218457211469387;0.12188079212460
-5.000000000000001e-05 -0.0008058919509442014;0.0008074414498351
-5.000000000000001e-05 0.12275161902486803;0.12244359188397
-5.000000000000001e-05 -0.00023128225583808615;0.00023662519058743
-5.000000000000001e-05 0.11938885829963208;0.11910544860838
-5.000000000000001e-05 -0.003634135358633328;0.0036344713015611
-5.000000000000001e-05 0.12014311099639699;0.11985429822490
-5.000000000000001e-05 -0.00286990985285511;0.0028703414321547
-5.000000000000001e-05 0.12090121755389643;0.12060690538693
-5.000000000000001e-05 -0.002101758905320106;0.002102352012457
-5.000000000000001e-05 0.12165457111120868;0.12135472536395
-5.000000000000001e-05 -0.0013383952188410209;0.0013393284471114
-5.000000000000001e-05 0.12236903888697329;0.12206388156019
-5.000000000000001e-05 -0.0006144089078865267;0.0006164399873121
-5.000000000000001e-05 0.12275141825416833;0.12244339262399
-5.000000000000001e-05 -0.00022696254184016718;0.00023240480723538
-5.000000000000001e-05 0.11917862362244588;0.11889670785128
-5.000000000000001e-05 -0.003842023694011515;0.0038423395751035
-5.000000000000001e-05 0.11993123470358318;0.11964394657357
-5.000000000000001e-05 -0.0030794849767401544;0.0030798859928568
-5.000000000000001e-05 0.12068880570389905;0.12039604136905
-5.000000000000001e-05 -0.002311898620874109;0.002312437177899
-5.000000000000001e-05 0.12144500343427536;0.12114670391335
-5.000000000000001e-05 -0.0015456728625028032;0.0015464807439109
-5.000000000000001e-05 0.12217757502759108;0.12187384720016
-5.000000000000001e-05 -0.0008033556476315096;0.0008049100301680
-5.000000000000001e-05 0.12274307475079832;0.12243511189775
-5.000000000000001e-05 -0.0002303366361992576;0.00023570100752182
-5.000000000000001e-05 0.11933511543713664;0.11905208814123
-5.000000000000001e-05 -0.0036787826173393517;0.003679114087908
-5.000000000000001e-05 0.12008898557196607;0.11980056279313
-5.000000000000001e-05 -0.0029149656268221275;0.0029153902868985
-5.000000000000001e-05 0.12084694336328328;0.12055302720620
-5.000000000000001e-05 -0.0021469823750615014;0.0021475628578799
-5.000000000000001e-05 0.12160095560066977;0.12130150594484
-5.000000000000001e-05 -0.0013829649577843384;0.0013838680760585
-5.000000000000001e-05 0.12232003435341543;0.12201524332799
-5.000000000000001e-05 -0.0006543160981370005;0.0006562236619227
-5.000000000000001e-05 0.12275584703250467;0.12244778807641
-5.000000000000001e-05 -0.00021272515379618107;0.00021852228787362
-5.000000000000001e-05 0.11836829637975457;0.11809208968455
-5.000000000000001e-05 -0.004650880228920712;0.004651132217638
-5.000000000000001e-05 0.1191130004575435;0.11883154992564
-5.000000000000001e-05 -0.0038964023361906103;0.0038967132701515
-5.000000000000001e-05 0.11986514909784542;0.11957833541420
-5.000000000000001e-05 -0.0031343644296277506;0.0031347580751123
-5.000000000000001e-05 0.12062245251707282;0.12033017057991
-5.000000000000001e-05 -0.0023670750440808325;0.002367600851130
-5.000000000000001e-05 0.12137905781823802;0.12108124375443
-5.000000000000001e-05 -0.001600457068067107;0.0016012372202221
-5.000000000000001e-05 0.12211494524438526;0.12181168405072
-5.000000000000001e-05 -0.0008547957191886862;0.0008562567035422
-5.000000000000001e-05 0.12270896962050032;0.12240126328832
-5.000000000000001e-05 -0.0002528775409367384;0.0002577732515961
-5.000000000000001e-05 0.12019784040257443;0.11990863292950
-5.000000000000001e-05 -0.002794619327926573;0.0027950629408879
-5.000000000000001e-05 0.12095565221695867;0.12066094251238
-5.000000000000001e-05 -0.0020267689577448816;0.002027384220265
-5.000000000000001e-05 0.12170716980387003;0.12140693513807
-5.000000000000001e-05 -0.0012652668381980814;0.001266254048317
-5.000000000000001e-05 0.1224122046073874;0.12210672438066
-5.000000000000001e-05 -0.0005508416179248604;0.0005531061894799
-5.000000000000001e-05 0.12268066823054843;0.12237317465845
-5.000000000000001e-05 -0.0002788320266165073;0.000283279538478
-5.000000000000001e-05 0.12088853112253012;0.1205943115535
-5.000000000000001e-05 -0.00209331518160992;0.0020939107052851
-5.000000000000001e-05 0.12164117644984977;0.1213414296900
-5.000000000000001e-05 -0.0013306535081771403;0.00133159217135
-5.000000000000001e-05 0.12235425748786115;0.12204921068063
-5.000000000000001e-05 -0.0006080622662220231;0.0006101144756646
-5.000000000000001e-05 0.12272664425463777;0.12241880500092
-5.000000000000001e-05 -0.00023073866256163866;0.0002360938994660
-5.000000000000001e-05 0.11933848986685935;0.11905543857107
-5.000000000000001e-05 -0.003659213313799134;0.003659546733005
-5.000000000000001e-05 0.12009210990521385;0.1198036646240
-5.000000000000001e-05 -0.0028956394995833523;0.0028960671026483
-5.000000000000001e-05 0.1208497226627173;0.12055578623519
-5.000000000000001e-05 -0.0021279984995346557;0.0021285842175199
-5.000000000000001e-05 0.12160306426151626;0.12130359903427
-5.000000000000001e-05 -0.0013646555580584113;0.0013655708084897
-5.000000000000001e-05 0.12231992088233688;0.12201513070475
-5.000000000000001e-05 -0.0006382555631373049;0.0006402109870018
-5.000000000000001e-05 0.1227352185986949;0.12242731484811
-5.000000000000001e-05 -0.00021745356303418117;0.00022312788093387
-5.000000000000001e-05 0.11864215859209473;0.11836403113042
-5.000000000000001e-05 -0.004358146678893962;0.004358419689877
-5.000000000000001e-05 0.11938954081741471;0.11910612626765
-5.000000000000001e-05 -0.0036009394910398035;0.0036012788216058
-5.000000000000001e-05 0.12014371011561845;0.11985489302529
-5.000000000000001e-05 -0.002836836860503497;0.0028372736511538
-5.000000000000001e-05 0.12090145067958544;0.12060713681086
-5.000000000000001e-05 -0.0020690862768788787;0.002069688842485
-5.000000000000001e-05 0.1216537391310595;0.12135389953282
-5.000000000000001e-05 -0.0013068246687079343;0.0013077804631177
-5.000000000000001e-05 0.12236401137488241;0.12205889164147
-5.000000000000001e-05 -0.0005871075084582511;0.0005892327098070
-5.000000000000001e-05 0.12270210131667593;0.12239444662704
-5.000000000000001e-05 -0.00024454940409837644;0.00024960851297767
-5.000000000000001e-05 0.11989656465917685;0.11960952549989
-5.000000000000001e-05 -0.0030840032790505068;0.003084403679133
-5.000000000000001e-05 0.1206534376211197;0.12036093048352
-5.000000000000001e-05 -0.0023171165419817036;0.0023176538678925
-5.000000000000001e-05 0.12140902925687452;0.12111099462431
-5.000000000000001e-05 -0.0015515006007991994;0.0015523054399193
-5.000000000000001e-05 0.12214135599530186;0.12183789808216
-5.000000000000001e-05 -0.0008094296434313086;0.0008109723814569
-5.000000000000001e-05 0.12270998462597553;0.12240227066151
-5.000000000000001e-05 -0.00023323938021820034;0.00023853848202196
-5.000000000000001e-05 0.11943720079901306;0.11915344684361
-5.000000000000001e-05 -0.003545054658554786;0.0035453998173213
-5.000000000000001e-05 0.12019145273273152;0.11990229134524
-5.000000000000001e-05 -0.0027808454206306454;0.002781291302067
-5.000000000000001e-05 0.12094894238617931;0.12065428170297
-5.000000000000001e-05 -0.0020133311606621435;0.002013950565127
-5.000000000000001e-05 0.12169982570199615;0.12139964535918
-5.000000000000001e-05 -0.0012524795854568505;0.0012534768801582
-5.000000000000001e-05 0.12240273716697085;0.1220973277806
-5.000000000000001e-05 -0.0005402124674260128;0.0005425214107165
-5.000000000000001e-05 0.12264742717888373;0.122340183376
-5.000000000000001e-05 -0.000292294451399;0.000296540121637
-5.000000000000001e-05 0.12113928145246869;0.12084322806104
-5.000000000000001e-05 -0.0018193912815907126;0.0018200771900032
-5.000000000000001e-05 0.12188446652754326;0.12158291844185
-5.000000000000001e-05 -0.0010642819517180518;0.0010654556035781
-5.000000000000001e-05 0.12255201632421056;0.12224548867762
-5.000000000000001e-05 -0.0003878307496768124;0.0003910405127359
-5.000000000000001e-05 0.12217473269492973;0.12187102605513
-5.000000000000001e-05 -0.0007700146142779751;0.0007716361759441
-5.000000000000001e-05 0.12271739917843219;0.1224096294567
-5.000000000000001e-05 -0.0002201207481300066;0.00022572802859172
-5.000000000000001e-05 0.1187802422954596;0.11850114300154
-5.000000000000001e-05 -0.004203366207545384;0.0042036511974000
-5.000000000000001e-05 0.11952874957415043;0.11924434290425
-5.000000000000001e-05 -0.0034450012283292475;0.0034453572374152
-5.000000000000001e-05 0.12028362137239258;0.11999379453509
-5.000000000000001e-05 -0.0026801707993011487;0.0026806339364899
-5.000000000000001e-05 0.12104096414055018;0.12074563068170
-5.000000000000001e-05 -0.0019128089196589482;0.0019134611296453
-5.000000000000001e-05 0.1217892208946759;0.12148837886645
-5.000000000000001e-05 -0.0011546204172989266;0.001155702259836
-5.000000000000001e-05 0.12247611982876581;0.122170161068
-5.000000000000001e-05 -0.00045858232201655136;0.00046130004440905
-5.000000000000001e-05 0.12247425071660517;0.12216830595714
-5.000000000000001e-05 -0.00046047592167096363;0.0004631825332377
-5.000000000000001e-05 0.12247982945715334;0.12217384290
-5.000000000000001e-05 -0.00045482400569821224;0.0004575640518530
-5.000000000000001e-05 0.12246286649351266;0.12215700700176
-5.000000000000001e-05 -0.0004720094988586304;0.00047465034508973
-5.000000000000001e-05 0.12251163699148997;0.12220541209784
-5.000000000000001e-05 -0.00042259768272610854;0.0004255452860911
-5.000000000000001e-05 0.12234574017021083;0.12204075703430
-5.000000000000001e-05 -0.0005906640193666657;0.0005927764693520
-5.000000000000001e-05 0.12268954416275314;0.12238198387501
-5.000000000000001e-05 -0.00024229990921348366;0.00024740502168712
-5.000000000000001e-05 0.11979867183736857;0.11951233488500
-5.000000000000001e-05 -0.0031681161023751903;0.003168505332370
-5.000000000000001e-05 0.12055474462424674;0.12026295438758
-5.000000000000001e-05 -0.0024020250117317565;0.0024025430382831
-5.000000000000001e-05 0.12131064863824807;0.1210133376106
-5.000000000000001e-05 -0.00163608336087534;0.0016368464713915
-5.000000000000001e-05 0.12204766462054537;0.12174490418019
-5.000000000000001e-05 -0.0008892550587861064;0.000890659502736
-5.000000000000001e-05 0.12265719254684941;0.12234987538247
-5.000000000000001e-05 -0.0002716111053853998;0.0002761749275903
-5.000000000000001e-05 0.12069072752185919;0.12039794920720
-5.000000000000001e-05 -0.0022624618510068556;0.0022630123474967
-5.000000000000001e-05 0.12144525801651322;0.12114695662047
-5.000000000000001e-05 -0.0014979016816643598;0.0014987353889577
-5.000000000000001e-05 0.12217336633481254;0.12186966987994
-5.000000000000001e-05 -0.0007600918495896808;0.00076173453879
-5.000000000000001e-05 0.1227087188004762;0.12240101435430
-5.000000000000001e-05 -0.00021761892856153597;0.00022328904415502
-5.000000000000001e-05 0.11862634959652991;0.11834833325444
-5.000000000000001e-05 -0.004347522567987927;0.0043477963804
-5.000000000000001e-05 0.11937329150818306;0.11908999261435
-5.000000000000001e-05 -0.003590759101796001;0.003591099482217
-5.000000000000001e-05 0.12012699676753778;0.11983830014141
-5.000000000000001e-05 -0.0028271257588840665;0.002827564101686
-5.000000000000001e-05 0.12088421300299725;0.12059002494740
-5.000000000000001e-05 -0.002059906731571387;0.0020605120077485
-5.000000000000001e-05 0.12163579547695576;0.12133608847677
-5.000000000000001e-05 -0.0012983616765372685;0.0012993237060278
-5.000000000000001e-05 0.12234450950518987;0.122039535568
-5.000000000000001e-05 -0.0005802254633782977;0.0005823757807541
-5.000000000000001e-05 0.1226700389725438;0.12236262528222
-5.000000000000001e-05 -0.00025039636874713;0.0002553396562714
-5.000000000000001e-05 0.12007554440416024;0.11978721841924
-5.000000000000001e-05 -0.0028764429360021992;0.0028768734993109
-5.000000000000001e-05 0.12083244267122767;0.12053863225786
-5.000000000000001e-05 -0.0021095228866120364;0.0021101137885512
-5.000000000000001e-05 0.12158473928873031;0.12128540936429
-5.000000000000001e-05 -0.0013472378240618615;0.0013481649207054
-5.000000000000001e-05 0.12229901682657429;0.1219943828141
-5.000000000000001e-05 -0.0006234521257263981;0.0006254538368754
-5.000000000000001e-05 0.1226935255518401;0.12238593533499
-5.000000000000001e-05 -0.00022371851262420472;0.00022923780659020
-5.000000000000001e-05 0.11895390722870945;0.11867358247397
-5.000000000000001e-05 -0.004007307917385836;0.00400760910762
-5.000000000000001e-05 0.11970392107906534;0.11941826270417
-5.000000000000001e-05 -0.0032474188480371563;0.003247798036556
-5.000000000000001e-05 0.12045959461468797;0.12016849443379
-5.000000000000001e-05 -0.002481774695767505;0.002482275767319
-5.000000000000001e-05 0.12121591428056261;0.12091929893207
-5.000000000000001e-05 -0.0017154456550445424;0.001716173331544
-5.000000000000001e-05 0.1219566984960983;0.12165461421827
-5.000000000000001e-05 -0.0009648249367086303;0.000966119489551
-5.000000000000001e-05 0.12259528034807698;0.12228842809875
-5.000000000000001e-05 -0.0003177523044759767;0.0003216621261997
-5.000000000000001e-05 0.12151023800116696;0.12121145773915
-5.000000000000001e-05 -0.0014165789139729823;0.0014174605722525
-5.000000000000001e-05 0.12223129766618783;0.1219271691882
-5.000000000000001e-05 -0.0006859137333183607;0.000687733651194
-5.000000000000001e-05 0.12270142174577366;0.1223937721654
-5.000000000000001e-05 -0.00020954810887678643;0.00021543075271618
-5.000000000000001e-05 0.118103199043006;0.11782884320432
-5.000000000000001e-05 -0.004860457152777581;0.0048606951831382
-5.000000000000001e-05 0.11884450987158575;0.11856495749250
-5.000000000000001e-05 -0.004109429332862513;0.004109721931265
-5.000000000000001e-05 0.1195936245907376;0.1193087547770
-5.000000000000001e-05 -0.003350481415133111;0.0033508482043901
-5.000000000000001e-05 0.12034872647849867;0.1200584289735
-5.000000000000001e-05 -0.002585441590726892;0.0025859221399172
-5.000000000000001e-05 0.1211054459118082;0.1208096404143
-5.000000000000001e-05 -0.0018187285527156427;0.0018194147124357
-5.000000000000001e-05 0.12185028053695966;0.12154898599944
-5.000000000000001e-05 -0.0010640204745616805;0.001065194414720
-5.000000000000001e-05 0.12251735076672716;0.12221108304490
-5.000000000000001e-05 -0.00038808744462452693;0.0003912951020148
-5.000000000000001e-05 0.1221414329410115;0.12183797445462
-5.000000000000001e-05 -0.0007688741104894259;0.0007704980728727
-5.000000000000001e-05 0.12268278871321796;0.12237527920346
-5.000000000000001e-05 -0.00022032517538793372;0.00022592738222989
-5.000000000000001e-05 0.1187573245258811;0.11847838668339
-5.000000000000001e-05 -0.004191670698895311;0.004191956621446
-5.000000000000001e-05 0.1195053746919872;0.11922113477276
-5.000000000000001e-05 -0.0034337840941980197;0.003434141354752
-5.000000000000001e-05 0.12025972448502592;0.11997007027909
-5.000000000000001e-05 -0.0026694952649363307;0.0026699603049587
-5.000000000000001e-05 0.12101643768974656;0.12072128364491
-5.000000000000001e-05 -0.001902782087538385;0.0019034377576086
-5.000000000000001e-05 0.12176378232876901;0.12146312869054
-5.000000000000001e-05 -0.0011455271402694284;0.0011466175704742
-5.000000000000001e-05 0.12244834463856726;0.12214259389238
-5.000000000000001e-05 -0.00045186473309681563;0.00045462261577878
-5.000000000000001e-05 0.1224187437739421;0.12211321461132
-5.000000000000001e-05 -0.0004818528028151525;0.0004844399913531
-5.000000000000001e-05 0.12250118569543177;0.12219503913022
-5.000000000000001e-05 -0.00039832801880296254;0.0004014538602447
-5.000000000000001e-05 0.1221940880114077;0.12189023707158
-5.000000000000001e-05 -0.000709419166891212;0.0007111789290206
-5.000000000000001e-05 0.1226869324399149;0.12237939178410
-5.000000000000001e-05 -0.00021002299281359937;0.00021589269738976
-5.000000000000001e-05 0.11812197397250282;0.11784748732370
-5.000000000000001e-05 -0.004827361802828237;0.004827601984488
-5.000000000000001e-05 0.11886333436559104;0.11858364918147
-5.000000000000001e-05 -0.004076278411536141;0.004076573761122
-5.000000000000001e-05 0.11961245292508206;0.11932744860156
-5.000000000000001e-05 -0.0033173224800291667;0.00331769318215
-5.000000000000001e-05 0.12036744754448142;0.12007701460418
-5.000000000000001e-05 -0.0025523881642262602;0.002552875081744
-5.000000000000001e-05 0.12112375873538998;0.12082781908732
-5.000000000000001e-05 -0.0017860863844414848;0.0017867851507985
-5.000000000000001e-05 0.12186711071790644;0.12156569137328
-5.000000000000001e-05 -0.0010328791154875505;0.001034088432411
-5.000000000000001e-05 0.12252590539692976;0.12221957354554
-5.000000000000001e-05 -0.00036533239270934714;0.00036873805201026
-5.000000000000001e-05 0.12197199181795564;0.12166979393337
-5.000000000000001e-05 -0.0009263837566864663;0.0009277319751551
-5.000000000000001e-05 0.12259616928415622;0.12228931036289
-5.000000000000001e-05 -0.00029390035510377943;0.00029812315592228
-5.000000000000001e-05 0.12111873333374903;0.12082283050329
-5.000000000000001e-05 -0.0017899053394245246;0.0017906026073359
-5.000000000000001e-05 0.1218618829028601;0.12156050232968
-5.000000000000001e-05 -0.0010368641478841756;0.0010380688195408
-5.000000000000001e-05 0.12252150680406582;0.122215207927
-5.000000000000001e-05 -0.00036845117494907487;0.00037182826943
-5.000000000000001e-05 0.12199438525524914;0.12169202096922
-5.000000000000001e-05 -0.0009023852359885953;0.0009037692690854
PointOptimal;ValeurOptimale
[-5.00000000e-05 -9.02385236e-04];0.0009037692690854708
Temps;Nb iteration
0.06754398345947266;1000