Point;Valeur
4.386105415453898 -3.6899948123392834;13.256098926601
4.371940645552391 -3.7015970459920298;13.21358899017
4.353256630437133 -3.7150939704752832;13.152319811044
4.329544258537316 -3.730873210164765;13.064502915032
4.300097202848012 -3.749455520598492;12.937805839262
4.263963701104795 -3.7715463653662074;12.75309144039
4.219925625868215 -3.7980927990274873;12.483111159460
4.166622265097024 -3.830297718251251;12.100002223387
4.103137531733811 -3.869423787174334;11.615023685196
4.03054905731613 -3.9160016218595586;11.168006766637
3.9539055110902535 -3.968252466316645;11.025490898892
3.8810222347811463 -4.021400855436099;11.276441653698
3.8172725187097276 -4.070127681987399;11.70395535634
3.7635236820452387 -4.1112762524940125;12.095685286087
3.718207963809647 -4.1438908156426475;12.38374512921
3.6792704357351305 -4.16813997532151;12.57589012881
3.644909166756823 -4.184548085902238;12.695389770486
3.613692272161676 -4.193653763258849;12.761458325175
3.5844877148695105 -4.19589643572506;12.786556072267
3.5563640545075645 -4.191596453058323;12.777677555875
3.5285002915955954 -4.180970876035788;12.737884467588
3.5001057293449707 -4.164167006604109;12.667433251548
3.470341869561848 -4.141314450013522;12.56461878136
3.438238466782103 -4.112606145098745;12.426568356119
3.4026014168499676 -4.078421956517889;12.250041237376
3.361924316958394 -4.039499322205889;12.031768496849
3.3143443325144704 -3.997125598538947;11.767492478952
3.257734418044806 -3.9532848686524105;11.451335855226
3.1901205578936485 -3.9106770685391603;11.087033697784
3.110776392767569 -3.8725296645823715;10.732452421045
3.022173701716544 -3.8419965067293016;10.543556592294
2.9309081218881285 -3.8209196335019078;10.643786450093
2.8440608835978383 -3.8088731935864666;10.924075565480
2.7646998630744393 -3.803918740231248;11.196638636467
2.6922385111656166 -3.803992865232342;11.382668603050
2.6246941262509265 -3.807536779038965;11.48167901588
2.5599384868003696 -3.8135416517539324;11.509844488538
2.496012913398592 -3.821443996947974;11.476649545429
2.431051184543996 -3.8310418882455206;11.379481579453
2.363072213257572 -3.8424666356943855;11.20108733685
2.289753748150357 -3.8562078484984896;10.907324275128
2.208380130167556 -3.8731623886962954;10.458077700142
2.11661448251462 -3.8945690913073436;9.881964891180
2.0153728026296736 -3.921399783419709;9.442566616090
1.912305642039269 -3.9528510277898867;9.500122857429
1.817169862963108 -3.9857547681816823;9.934477403995
1.7333925974135487 -4.016664378436602;10.38440596203
1.6590846535551456 -4.043414390714445;10.703694389021
1.590967300066194 -4.064960949975939;10.89153041174
1.5260211094731304 -4.080839314933079;10.972773728647
1.4616877516224895 -4.0907949154252075;10.961114594203
1.3956301464013305 -4.094580026458486;10.852369507240
1.3254103578813299 -4.091838872076464;10.622155827925
1.2482492343973435 -4.082051619658507;10.228827719840
1.1612734882363012 -4.064604118278824;9.655663482772
1.0634023687038394 -4.039243377513425;9.064812944793
0.9595303382030651 -4.007187498454656;8.877189703834
0.8602859843623231 -3.9716592966318003;9.209563412148
0.7723405318300449 -3.9359198111387306;9.67761118159
0.695315322083314 -3.901610989213737;10.029396152574
0.6260859573925762 -3.869126292366594;10.239540520839
0.5615255916460862 -3.838345740471017;10.344077859667
0.4991441400576196 -3.8090437801852195;10.374472814831
0.43699879624214255 -3.781063723481856;10.34864553260
0.3734763189923356 -3.754392351377042;10.273786435082
0.3071213716295631 -3.7291989954630957;10.150443679028
0.2366000293590962 -3.705857140151728;9.97950089407
0.1609476225581946 -3.684927832676965;9.778287376463
0.0802886542901529 -3.667034951227216;9.604956564807
-0.003226331396069773 -3.6525505148091506;9.549967965806
-0.08566463732126078 -3.6412076978750685;9.649089971698
-0.16351010549966033 -3.632066005440955;9.834307557202
-0.23537782964197945 -3.623927439175407;10.017890191783
-0.30164639596341936 -3.6157357331817233;10.158890483098
-0.36340863684891966 -3.6067096893649313;10.252726788584
-0.42183365470457707 -3.5963140070150414;10.306837352718
-0.47795639801279294 -3.5841896210704105;10.328998308610
-0.5326693267229612 -3.5700902774156096;10.324157251964
-0.5867780230854562 -3.553831520376509;10.294163430689
-0.6410630139906373 -3.5352455662942583;10.238111395485
-0.6963215887260186 -3.514132120344322;10.152845399731
-0.7533629382093024 -3.4901935014595997;10.034080017660
-0.8129101637496761 -3.462942355301752;9.879274761880
-0.8753423603205331 -3.4315788617791916;9.693169834091
-0.940251992247263 -3.394867691159245;9.492688734470
-1.0060036861986752 -3.3511095172049985;9.299581922879
-1.069752653439998 -3.298331959506035;9.116120796228
-1.1281229351111584 -3.2347181717536286;8.914319634898
-1.1779853244467753 -3.159233682436735;8.673399102884
-1.2168619777358611 -3.0726694955012555;8.448445336673
-1.2433269634271138 -2.978952689066205;8.372149876520
-1.2575958075547387 -2.884351733049005;8.482876400134
-1.2613525886872745 -2.793392644134766;8.648868784794
-1.2566382354740715 -2.7067722975481145;8.74765981872
-1.245036547181939 -2.622922971276855;8.743350172758
-1.2274943472667121 -2.5397180367691656;8.63643900217
-1.2043812862997643 -2.4550349883769966;8.420082992431
-1.1755350653915417 -2.366583990039684;8.057780120874
-1.1402450543056835 -2.2714281560986977;7.471504277449
-1.0973420383026273 -2.1657854815232858;6.592430398731
-1.0461073055869425 -2.047213175409232;5.664868865043
-0.988906194609544 -1.921526686291207;5.426952116565
-0.931551882460866 -1.801128822661127;5.859843174836
-0.8777133792869822 -1.689280900837377;6.249519915357
-0.8276688481921683 -1.5817618544677594;6.362770650827
-0.7806766195810373 -1.4740554811521556;6.2490565069144
-0.7362535214958366 -1.362898802323704;5.961398509881
-0.6944876673922822 -1.245668645564857;5.51689816959
-0.6559740441694967 -1.1203220647294563;4.983858855591
-0.6211861695987289 -0.9875984163064845;4.61405673966
-0.589194683032 -0.8528376131465482;4.560637536937
-0.5577314468632887 -0.7199785472480051;4.564721842122
-0.5248396875700255 -0.5881697168750143;4.429251483569
-0.489329669021958 -0.4553530375255329;4.146699256071
-0.45028393603622274 -0.31983742711665786;3.7185471586471
-0.4064312894951843 -0.17992431351277965;3.12043159386
-0.35535726370746695 -0.03476046328511115;2.5049531046332
-0.2935519832931093 0.11095835535020337;2.3047690604507
-0.21960933217778736 0.24798816902941273;2.5270752304629
-0.13607507345306658 0.3725183392746307;2.8288265572988
-0.04697823100862285 0.4862340329893323;3.0728786809
0.04343599756939788 0.592913877446302;3.2646242406633
0.13066724570885058 0.6969288391690408;3.432828251086
0.21050557487546495 0.8018593174947057;3.6039749629501
0.280106632013764 0.9086683443728094;3.849477213788
0.3389383596199268 1.0143000046124437;4.263217623081
0.38885925768512475 1.1134434494435668;4.795438159613
0.4326334144773975 1.2028855356131687;5.292496681410
0.47243659238230384 1.2824934330707047;5.681194784447
0.5095933098611473 1.3534538243904095;5.969024648952
0.544887247907146 1.4170759700849684;6.181807259017
0.5788568205250665 1.4744852770569155;6.339061197299
0.6119756588538687 1.526660690945122;6.451753271783
0.6447586093173091 1.5745390195243103;6.524615550627
0.6778313620538787 1.6191116786325106;6.557846948501
0.711982160214013 1.6615050049966171;6.547473941704
0.7481982531271265 1.7030480124527403;6.484632612538
0.7876697756630302 1.7453232198178223;6.354876432835
0.8317002455782148 1.7901603728827793;6.141561717804
0.8813700046901026 1.8394359841964856;5.845062736550
0.9366918293765929 1.8943673024248433;5.534146357936
0.9952635336113207 1.9540306225946737;5.389162141676
1.0518004839229391 2.014100259492152;5.572042264151
1.1005025170254807 2.0683985660056017;6.000389672352
1.1380092622340454 2.112335414739121;6.45133000958
1.1635043852612525 2.143999041792387;6.789729296404
1.1773218502858005 2.1630780444895676;6.983925172834
1.1799629674879994 2.1697608829598476;7.039077403139
1.1717134635274018 2.164198293116108;6.959955309552
1.1525869129195627 2.1463576010494894;6.742700714452
1.1224932132386556 2.1161625622448614;6.3866759426261
1.0817509545039323 2.0740278489924857;5.934862906032
1.0321132021130877 2.0219393266511605;5.532355093483
0.9777784411653543 1.9644515364871038;5.382431118326
0.9245241613132048 1.9075963304140173;5.528783379776
0.8768239403568108 1.8557594576949836;5.810688111016
0.8363861472033404 1.810292275969824;6.075430675231
0.8029834326050151 1.7705451712738351;6.270150468406
0.7756306672744023 1.7351474735730312;6.398020030956
0.7532286212310707 1.7026626923602826;6.4755930345967
0.7347959235231686 1.6718022475732843;6.517282529851
0.7195187937082929 1.6414545019364597;6.532638836163
0.706740070082079 1.610656730659699;6.527095595625
0.6959351597076803 1.5785568538406927;6.5030966585528
0.6866906820666945 1.5443780850828088;6.460904061862
0.6786901120606513 1.5073873702012301;6.3990164900745
0.6717073234982917 1.466864166613864;6.314218596455
0.6656086118859886 1.4220648974493033;6.2012540831
0.6603647728891892 1.3721799840963456;6.052146391684
0.6560763089389996 1.3162889235838438;5.8555657258046
0.6530150669261642 1.2533478870489871;5.598191875951
0.651677928411402 1.1823229448303287;5.274319750547
0.6528132444626836 1.1027202453118579;4.914029505258
0.6572958186392887 1.0157003358689594;4.614238464257
0.6656959351830503 0.9248598138125865;4.482568908728
0.6777670447485767 0.8345733221908711;4.504545606004
0.6924871148682216 0.7471127527440042;4.5712260231877
0.7085975240805918 0.6622395552981603;4.6050217489601
0.7250370626212821 0.5785551130084191;4.581619459168
0.7411138394081572 0.49447024716718824;4.495896625348
0.7565672067781849 0.40841459669563457;4.336947940917
0.7716562089822397 0.31863240288362993;4.077192674325
0.7873389887013313 0.22296393115517577;3.681551504471
0.8054715548187739 0.1194058147567657;3.1836866881077
0.8285164984889096 0.008919697118768666;2.842158849956
0.8578290712188824 -0.10114436860346897;2.972222829818
0.891861353218124 -0.2017840962652715;3.4315656733272
0.9274316038300796 -0.2899479070063762;3.9025221292682
0.9617305774023133 -0.3672475734028513;4.266528679951
0.9928193614893526 -0.43654492048793336;4.5227304664029
1.0194166528233963 -0.5005894303421393;4.689527795659
1.040633347056605 -0.561827377805585;4.777187287127
1.0557831166837153 -0.6225468517531171;4.784162519815
1.0642571194024435 -0.6850660113642625;4.697311208189
1.065452791341584 -0.7518260383577201;4.495960230295
1.0587941044781797 -0.8251308096854446;4.17541936608
1.0439752277253085 -0.9059509891275102;3.8191042026
1.0216008711601472 -0.9914139653903926;3.6614901628995
0.9938493900755592 -1.0736371150033812;3.878192039630
0.9638993217646386 -1.144354296690221;4.317467775350
0.93445497345358 -1.199831501959898;4.742274864941
0.9071718579401055 -1.2400693310826743;5.0583551532742
0.8829179871491476 -1.2663690828933765;5.264706403830
0.8621315712379163 -1.2800461621427985;5.381280747438
0.8450576190422565 -1.2820316501234235;5.423411322265
0.8318930516067706 -1.2728128827049048;5.397263176753
0.8228902581689769 -1.252469638128013;5.300170705262
0.8184490122895844 -1.2207479047332543;5.122047123342
0.8192054547256584 -1.1772202239035223;4.850505647526
0.8260876689907665 -1.1217021843747883;4.489125075511
0.840211584042426 -1.0552024805331361;4.098400904089
0.8623627900991404 -0.9813103385201578;3.8193866619977
0.8920306334187 -0.9063760649364314;3.773063936709
0.9268760249922076 -0.8367014061031549;3.9273684354234
0.9634673467210173 -0.7755170347416249;4.1651971609504
0.9984729185472894 -0.7229586139933188;4.40293100260
1.0293328713496739 -0.6775717861713421;4.604725733744
1.054370447018746 -0.6374754237540984;4.758895470486
1.0726271691063867 -0.6008892166086997;4.863164014084
1.0836348255831747 -0.5662766950401082;4.918482659840
1.087227588125074 -0.5323186531370963;4.926195957824
1.083424293263899 -0.4978261561170209;4.8865711287187
1.0723782146829537 -0.4616357539053175;4.7980198387833
1.0543857101777405 -0.4224990557545051;4.6566427068400
1.0299496633544047 -0.37897190131782355;4.455889328201
0.9998974583339247 -0.3293225223750659;4.186599779259
0.965548810342628 -0.2715278203679454;3.839840068729
0.92890539733335 -0.20355431825828807;3.4222975763036
0.8927518252664126 -0.12436197624837814;3.0040744019888
0.8603257586467874 -0.03602848384237804;2.770733220014
0.8340799700358911 0.054698163825367394;2.8879227666486
0.8142867186419178 0.13973234968277032;3.2486410114449
0.7994287569860252 0.21488015149786238;3.627970853411
0.787651606827039 0.2799264431252614;3.9241979305542
0.7775233536237883 0.3362545818596846;4.134246537434
0.7681131907175921 0.38543960196502447;4.2803748397755
0.7588663781448813 0.42882775981694776;4.382695193743
0.7494776839660058 0.4674995713749182;4.4551034293447
0.7398012107559785 0.5023251073716798;4.50668596461
0.7297912136476236 0.5340222462543525;4.543420602771
0.7194637727664268 0.5631997187567138;4.56932979130
0.7088718959287087 0.5903859404346724;4.587175395148
0.6980893967013962 0.6160479165088335;4.598872508706
0.6872006764567784 0.6406037587440491;4.605745778836
0.6762945542650769 0.6644309614310864;4.6087001408756
0.6654608462503201 0.6878713658877166;4.608346925726
0.6547887051710474 0.7112328046963043;4.605111110445
0.644365905678083 0.7347866984325121;4.599339502765
0.6342783579517685 0.7587603417560593;4.591427272956
0.624609186014559 0.783322346981462;4.581975357842
0.61543675561771 0.8085600051115235;4.571975252229
0.6068311465811829 0.8344487247126375;4.562980224069
0.5988488387946097 0.8608168642239769;4.557160695959
0.5915259258811812 0.8873142847449527;4.557085823114
0.5848709815937264 0.9133981613861681;4.565104436512
0.578859496134435 0.938350794086653;4.582403626856
0.5734319739573046 0.9613366403136827;4.608143509409
0.5684968178030513 0.9814900671024999;4.639209472700
0.5639372408613262 0.9980107217151695;4.670830729379
0.559619745188013 1.0102413633620433;4.697778288553
0.5554012315348447 1.0177148443569553;4.715575847934
0.5511326083011737 1.0201725410018068;4.721323186169
0.5466580558732304 1.0175653550735617;4.714063189491
0.5418101611547461 1.0100477878825516;4.69480046858
0.5364018204344158 0.9979690411055862;4.6662459482696
0.5302163491351083 0.9818573527892321;4.632256929163
0.52299780465406 0.9623888923177408;4.596933998345
0.5144439324157958 0.9403339430859626;4.563503366939
0.5042038800071773 0.9164820139463581;4.533349440564
0.49188154270047024 0.8915598875506762;4.50560910344
0.4770434754964046 0.8661637618963592;4.477459563942
0.45922874096203614 0.8407224987552203;4.444838176657
0.4379576735479239 0.8154965332010276;4.403168166575
0.41273734186664485 0.7906050787593888;4.347804375315
0.3830630983488267 0.7660689685314369;4.274161710573
0.34841825065362797 0.7418574513142475;4.177684125113
0.30827931346893966 0.7179305861963301;4.054002237594
0.2621464107321641 0.6942706218534586;3.9000316505955
0.2096424066022948 0.6708929542966985;3.7175587970809
0.15075596351540824 0.6478183485300089;3.5211945718738
0.0862864783540057 0.6249791679613352;3.3479039255370
0.01832312827347382 0.6020547601018555;3.2506248716010
-0.04984773475876171 0.5783293715741729;3.25888751409
-0.11481863314677357 0.5527500468343901;3.3457549430490
-0.17424922376163637 0.5241951852336113;3.4541296265055
-0.22709215627008245 0.4917211826854318;3.5409649520115
-0.273102159047636 0.4546356708095373;3.5877711748398
-0.31232397321804717 0.4124431885584738;3.5898024403127
-0.34480637005118703 0.3647518711320112;3.54572317519
-0.37048676462605373 0.31119399570825845;3.452963387493
-0.3891529881466203 0.25140306988702693;3.30823805740
-0.40042788271443014 0.18513259111558275;3.1149926980111
-0.40376199657077233 0.11267088076089685;2.9004617902687
-0.39846123106013204 0.035612575936463456;2.7286970101158
-0.38381441389137577 -0.042595934159249824;2.6653972334453
-0.3593274643761797 -0.11750196027689006;2.705345831089
-0.3248899893032905 -0.18546137043961924;2.7779035506903
-0.2807324024594811 -0.24440769048652988;2.8192336663764
-0.2273103796446989 -0.2933752766077833;2.802499420694
-0.16535173596004052 -0.3318813758118512;2.7324580196638
-0.09622553593056327 -0.359646546869218;2.646035950792
-0.022553050032278157 -0.3765943542722871;2.6095197380769
0.051645307585308525 -0.382951645874802;2.6732681370620
0.12208807922555688 -0.3792554676316749;2.816942177033
0.1857678238107486 -0.3661984470289992;2.97474754947
0.2412938072602786 -0.3444414808286487;3.0960467744335
0.2882759756745797 -0.31450935141417885;3.160433885565
0.32669567196881005 -0.2767709982561665;3.163930413919
0.3565697362959446 -0.2314867192791617;3.1082666470130
0.37782072042102227 -0.17895079405864836;3.0004730903573
0.390241944770497 -0.11980302333278477;2.8608167406311
0.39350872443287566 -0.05553349357553522;2.7305400608716
0.38723427103124397 0.011095496685994966;2.6580103598955
0.37107213086744273 0.07634223296363638;2.657712446959
0.3448140468999655 0.13658751308319347;2.692825820531
0.3084085794066313 0.18921207530963077;2.7089528202594
0.26191802525546976 0.2325755895880735;2.6674966715285
0.20553978152284913 0.2655338766020746;2.5526042339014
0.13987686735634985 0.2870284777786539;2.375339922634
0.06663458216149952 0.2959321422680814;2.1885321030348
-0.010494116238424098 0.2912034561055813;2.076660338287
-0.08598278288128396 0.2723026801099642;2.0780315857477
-0.1543807807679331 0.2395224483647124;2.1372558455204
-0.2119783018614737 0.19394114264816328;2.1771221225384
-0.25676944095034393 0.13730664923563257;2.1699587613623
-0.28777236979024323 0.07226556982950941;2.14668348121
-0.30466140329987074 0.0027755036274997036;2.1685942092000
-0.3077022856954525 -0.06615581078405926;2.265711592960
-0.2976441850298638 -0.12983728820409082;2.4004415848695
-0.2754449132829239 -0.18509755724435453;2.509211170360
-0.24202387208047274 -0.23024509174246915;2.5503011209977
-0.19821513116569348 -0.2643752731000124;2.5098040638534
-0.14497275050604358 -0.28679127927465964;2.395227568220
-0.08386423612354457 -0.2967245995069352;2.2386080757003
-0.01774562939219483 -0.2933178164299517;2.095501817527
0.048974216948904095 -0.2758337947571786;2.0097282312257
0.11117917646277593 -0.24397618644229974;1.9679068256364
0.16439987237649642 -0.19812812907992103;1.917134112982
0.20536922375135197 -0.13956145392034217;1.8272465288768
0.23182425608233526 -0.07093371250762025;1.7301802460575
0.24238669367556287 0.0030369202955913277;1.703828273454
0.23677191891036492 0.07591851294509777;1.7840315540680
0.21584273187507672 0.14163875944168386;1.9115046859734
0.18122961393500786 0.1962024519886072;2.0043703596444
0.13499728979816492 0.2375380719708944;2.0289170133517
0.07976093824197311 0.2646218362714104;2.0040352873484
0.01908880150297857 0.2769353264199308;1.9780963191407
-0.04242917231038298 0.2743363172617883;1.9871621578498
-0.0999581549292462 0.25707116588739226;2.0176353328548
-0.14947402654091071 0.2257261996398512;2.0200888244722
-0.18809058885067106 0.18118586740726111;1.9529480670689
-0.21369066647621424 0.12484922617233721;1.8110250329388
-0.22452933913203973 0.059294146263583425;1.6391900794335
-0.2192534613761256 -0.010887341786247229;1.5169373843632
-0.19737963311255657 -0.0792511402861335;1.4858848849627
-0.15980619583183886 -0.1393445533361271;1.5073929843576
-0.10895888367974352 -0.18647831890102434;1.5309595264178
-0.04879778466249117 -0.21799955128202614;1.5603935407160
0.01526979830256113 -0.23286657803439592;1.6318484362679
0.07722521372554414 -0.23126450782628202;1.7457615684772
0.13192814528675717 -0.21419724694953166;1.8499943770257
0.17590456849883612 -0.18306939421842056;1.8885503085653
0.20699670594997582 -0.13954442613407128;1.8385966435482
0.22369166624316117 -0.08584818408469605;1.7171896790942
0.22476465209214244 -0.025405576240009824;1.5750818561858
0.20938347871894783 0.036753493805744775;1.464750303373
0.1775433532934176 0.0946205203392613;1.3940526437640
0.13056209531082807 0.1426268695548174;1.335920584863
0.07154697557739248 0.17661324644076168;1.2903564691369
0.005758456303358139 0.1940946655855332;1.3024416428072
-0.05991980690067655 0.1943341353974447;1.3957759371986
-0.11889568114150842 0.17816544795229164;1.5201457714043
-0.16651632477760242 0.14746094907093008;1.6031038022563
-0.2000773311931891 0.10474487203755219;1.6139674960548
-0.21805745298911175 0.05329450397532143;1.5715817091713
-0.219607331106587 -0.0025534750259436773;1.517182620528
-0.20447287299191208 -0.057545463864631816;1.4720067390077
-0.17314005298530963 -0.106364252722562;1.417302623256
-0.1270768669303457 -0.14450091232004314;1.3269884829226
-0.06920950773833935 -0.1685362580613644;1.2165642141589
-0.004567389685652512 -0.17619499432486002;1.1491336226054
0.059872682346204756 -0.1666690074603111;1.1687208596030
0.11701512477765201 -0.14093271827368026;1.2414216728395
0.16162517515442448 -0.10156801540028101;1.3061312674243
0.1906975796266545 -0.05243035320134245;1.3445152302146
0.20287883564188855 0.0015340289376172753;1.3763470214821
0.1979656111904226 0.05474259500095424;1.4108403426586
0.17662385101801784 0.10191343762106195;1.4215809457967
0.14025999326709848 0.1388132149867298;1.372886706252
0.09119353322906225 0.1623140289752807;1.2603873214249
0.03322763123845162 0.1701646997501438;1.1285267989049
-0.027865093894962625 0.16108415570868015;1.0426617533665
-0.08501518061925789 0.1352933333121124;1.0262184099658
-0.13175613968770872 0.09500407810001456;1.0517453808543
-0.16368742711198148 0.044430669559438085;1.0990832498746
-0.17867327839864675 -0.010662607235165412;1.1729171880361
-0.17640692943962993 -0.0639665536143439;1.2618307053415
-0.1578516145740342 -0.10994380276571783;1.3222667814846
-0.12481955348643745 -0.14453454603138471;1.3133861463463
-0.07995487000326269 -0.16498051769712752;1.2308683247940
-0.027135366327749683 -0.1694303136485678;1.1118824750772
0.028194410140751476 -0.1569176167853172;1.0082619218571
0.07954452625392684 -0.12780533088874693;0.9447287709680
0.12078998938336213 -0.08439242376226264;0.9182467345921
0.1474710698318969 -0.031257766365356;0.9352722340957
0.1573631853008757 0.025138059267677877;1.0071289341014
0.15036373818334714 0.07790364299752692;1.1076461569187
0.12792541930376913 0.12138737212091136;1.1800037538984
0.09254164894876184 0.15177622027640716;1.186519067154
0.04767186916336031 0.16672629942501443;1.1327329152355
-0.00206486928532245 0.16493777290728157;1.052572831400
-0.05101782376286962 0.14614255915247465;0.9739233211653
-0.09330285562573384 0.11145742784373652;0.902261094335
-0.12384250744756743 0.06390003761670796;0.8463455490086
-0.13914219915547615 0.008762399898048896;0.8381936585274
-0.13779643860574045 -0.046908812659535344;0.894774095008
-0.12054506763895924 -0.09611552071002955;0.9793187577916
-0.08978984797462528 -0.1335906099208064;1.0376415603023
-0.04913378208800526 -0.15610268030785093;1.049230004603
-0.0032109224587944032 -0.16199253242305078;1.0277049491554
0.04258212990421543 -0.15082900722332576;0.988284036355
0.08276065356968565 -0.12340073237512847;0.9285592003194
0.11252151097952505 -0.08197611397712942;0.8483677543840
0.12824595966060234 -0.030751418703492073;0.7784929190242
0.1279288440936763 0.023984267230587365;0.7636271998559
0.11166178499827079 0.07490007218802083;0.8072722851614
0.08168360929122097 0.11564129571250323;0.8684132974578
0.04190160629455027 0.1420261160626323;0.9148722739307
-0.002642739336439409 0.1519563617303722;0.9427392130338
-0.04637738347245712 0.1449543488691847;0.9506702621001
-0.08399000912742405 0.1218673195481619;0.9238196447261
-0.11106125710304249 0.08485213671378064;0.8534092984422
-0.12432155561012526 0.037667309263445484;0.7633862857219
-0.12186412219713094 -0.014031497487087354;0.702611801456
-0.10363786068279168 -0.06322713675409962;0.6985275167747
-0.07188009007879265 -0.10325368014727351;0.7353443726013
-0.030897024407883583 -0.12941590146056683;0.7880847029979
0.013709524424801098 -0.13938076183484477;0.8437481776565
0.056050795576594474 -0.13277961328672816;0.8847314065672
0.09091673357950975 -0.11073388721235954;0.8841004569732
0.11428341086722381 -0.0756470688020051;0.8291523392817
0.12336704976104283 -0.031353162087243217;0.7413026390835
0.11670195072948761 0.016685593209966446;0.6650212248901
0.09457521649647631 0.061834068681734695;0.6316020744886
0.05957249111213267 0.09771235227714448;0.6427128079512
0.016545708119052926 0.11976462233091614;0.688757781750
-0.028320056207923758 0.12589182874364646;0.7550580530977
-0.06889412355509668 0.11614344661644388;0.81118225850
-0.10017202463400693 0.09215276397495262;0.82296326122
-0.11860540434336156 0.056837581435408166;0.7798985561136
-0.12200183728426817 0.014438454891781471;0.7041002991083
-0.10956224204539661 -0.02949711708523075;0.6315980698362
-0.08228664419528389 -0.0687243965435396;0.5871379813194
-0.043485829114124644 -0.09755859802114175;0.5819645311841
0.0012805112448696088 -0.11218370170333142;0.6201968767125
0.04536165191519697 -0.11125989712643747;0.6860563339317
0.08266637494830087 -0.09561995081631727;0.741147963624
0.10865069945648781 -0.06767137235803969;0.7527544549709
0.12041717552300857 -0.031074455400580667;0.7177298693319
0.11653740731257592 0.009365865801799766;0.6569958461114
0.0971156962747226 0.0480256291905813;0.5941196203956
0.06416758157402747 0.07924989793649133;0.5470090212454
0.022008997873146308 0.09841723902056063;0.5353990168632
-0.023046234083537606 0.1029455773520215;0.5701272472129
-0.06417944639135759 0.0927268955307915;0.6300600426023
-0.09576849787751524 0.06972567157547166;0.6756453730699
-0.11406987858812873 0.03736767600389983;0.6840401223459
-0.11710147855371905 0.00016220153414672062;0.6582887313594
-0.10446594153071657 -0.036664104402026866;0.6110978819018
-0.07744681541233328 -0.06777896147525042;0.5542938612712
-0.03932703842142908 -0.08851835835361435;0.5074157083600
0.004447791503463722 -0.09569786107886459;0.49785420753543
0.04703709292912915 -0.08837792860330283;0.5319833625391
0.08201535547200876 -0.06804573382908881;0.5821621894112
0.10477513039743902 -0.03804021469473855;0.6170596353034
0.1127678357939122 -0.002880253493814995;0.6249368248655
0.1052514477415348 0.03230188438352574;0.6059087885236
0.08314667011167409 0.06238944096325331;0.5618875409129
0.04914602578952178 0.08291773076251296;0.5047004941147
0.007923636904641984 0.0906459138466796;0.4635670135099
-0.03412456933498734 0.08421649940598219;0.46393335511830
-0.07026514443708358 0.06471773972248548;0.49913665545934
-0.09523014964331487 0.03546503162873113;0.5421497784132
-0.10598684746590209 0.0011631150588804623;0.5730122054779
-0.10157332895267104 -0.0329422510347238;0.5806873590542
-0.08278772935455367 -0.06181322655864519;0.5570616295079
-0.05209100564921848 -0.08120450567780163;0.5055404869013
-0.013708340624370187 -0.08806860195644695;0.4506298135845
0.0264643714934897 -0.0810260717804583;0.4241891102610
0.061817103606021453 -0.060992927531912926;0.4367832038155
0.08678771014888892 -0.031327778927228433;0.47371120187072
0.09806801474414362 0.0029761156622664722;0.5146147876444
0.0946421122152717 0.03643443054276311;0.5406979679881
0.07737880112022386 0.06400335898006099;0.5353486704658
0.04876626522814857 0.08164685240599034;0.49530421688608
0.012880447970276855 0.0866211249902443;0.43975612952376
-0.02472287842664357 0.07779695282802135;0.399544402895
-0.05774980587061503 0.05621777708529112;0.39371561588781
-0.08072235833746924 0.025423479797811573;0.4199701826478
-0.09037445408318938 -0.009253852954854543;0.46257615175303
-0.08588308566545061 -0.042072027733430745;0.4986955065763
-0.06840041513324235 -0.06799608270834455;0.5059239127257
-0.04065679082858163 -0.08324118653811519;0.47699393575202
-0.006803367408766983 -0.08545486374593654;0.4268410157098
0.027792943895250596 -0.07393786948416374;0.381997528871
0.05723945417011891 -0.050113417533129326;0.36353265621001
0.07646505481489432 -0.017872777150550967;0.3785484054248
0.0825917314678536 0.01708109032757843;0.4176168569634
0.07526495025339139 0.048802212394476234;0.4565780936873
0.0561332945987159 0.07236125149025854;0.47029364174915
0.02834559152140796 0.08433089854391188;0.45018346906083
-0.003726900127844591 0.08287316819311688;0.4079071503828
-0.03482958435794281 0.06789150795035453;0.3645791803380
-0.05954005196794015 0.041413616614342064;0.3403127595254
-0.07345912084785501 0.007848424143948457;0.3480000031415
-0.0744486472998546 -0.0267495878257821;0.38274693008614
-0.06292006328035966 -0.056394868402126284;0.42039619814610
-0.04122633091356105 -0.07646201749160209;0.4362730639487
-0.013060785740493873 -0.08405896591824283;0.4224678200479
0.016950513010256716 -0.0780264547077675;0.3872859955084
0.04372905393223042 -0.059037976396346295;0.34643083061699
0.06247796188328017 -0.02989231253630112;0.31929684892489
0.06972748211850865 0.004385305154888518;0.32250845718544
0.0643928198998408 0.037476430981411006;0.3529466129541
0.04790503147974246 0.0636057610319658;0.3870665476927
0.023466923388267984 0.07872738653553024;0.4029971006880
-0.004658108854342976 0.08072489408615757;0.3937850392432
-0.03169085888095335 0.06932502292982914;0.3639365136283
-0.05291488727911667 0.04614604185270067;0.32564752281988
-0.06437860489230403 0.014880836543951698;0.29921792361805
-0.06381855086617765 -0.018839874100012255;0.30215062556408
-0.05150980904239369 -0.04868012081301111;0.329872287189
-0.03010145751713044 -0.06945589115311679;0.3604329459595
-0.003674234414393636 -0.07804515990219475;0.3756517082323
0.023088409843510297 -0.07337292472146041;0.36815094675549
0.04553763360141233 -0.05624505898238895;0.3393853322944
0.05962990731008587 -0.029343994029386207;0.3019174451310
0.06254744079655208 0.002726070144364663;0.2781527713462
0.05353120143306198 0.03390801952854564;0.2832398925066
0.034452564138198825 0.05826680268023414;0.3096466140638
0.009216411951875277 0.07168302615341274;0.33776238630566
-0.017404697308421837 0.07232639826075932;0.35151418708439
-0.04066539470243817 0.0604111770776906;0.3421948038331
-0.056452502703986995 0.03796805636168715;0.31185559212873
-0.06175344516392955 0.008780121054430698;0.27681537382700
-0.05522775739303638 -0.021792289778766828;0.2593606189842
-0.03794943176771486 -0.047726313728991165;0.2690446831760
-0.01348881955076748 -0.06412720891487853;0.29586629933750
0.013233751311119962 -0.06844490330358988;0.3216738607606
0.03723704761608013 -0.06042784072670583;0.33033994961784
0.05426113904027398 -0.041710665972202764;0.31446664212524
0.06119536101576 -0.015565631782010095;0.28150528018161
0.056453050421893844 0.01326871725470449;0.251230470659
0.040556155781347344 0.0391161241830142;0.24216248055622
0.016614424393654365 0.05674785106537759;0.25786199978149
-0.01036960400656442 0.06303567570483684;0.2858530904545
-0.03508758453419988 0.05738604416044672;0.3070162215903
-0.05304536224130937 0.04124758133641611;0.306721556759
-0.0610423022741597 0.01765192839407968;0.2839384454864
-0.057426093335743826 -0.009068088801131101;0.2520225656266
-0.042478443936939364 -0.033687936246607056;0.2300924587684
-0.018927244736907267 -0.05107079208027211;0.23129881248319
0.008274292738866106 -0.057771362920549435;0.2533016208889
0.03351279110345641 -0.052983090313554373;0.2791879844678
0.05203326427948064 -0.03814417747290838;0.29026243259084
0.0605572918555565 -0.016269741750783898;0.2788950183756
0.057463792146428994 0.0084869124580449;0.251726151692
0.04301138653064166 0.031260777191029064;0.2242540557988
0.019734795735018816 0.04723288349727159;0.21322419001219
-0.007519465959704236 0.05297387796817474;0.2258187080173
-0.03291090318732495 0.04766217061324929;0.2511463294095
-0.05145008385628219 0.03291006800348282;0.26956414809727
-0.059836012906801225 0.011909364467090088;0.26877977272075
-0.05658661064489342 -0.01119594953001158;0.24943522705333
-0.04211825101158061 -0.03180583364101886;0.2220807681451
-0.01898836801831722 -0.045514738209860794;0.2030974224658
0.008024926689083379 -0.04918958613913163;0.2058016331825
0.032985799853097776 -0.04221482215163952;0.22650492040295
0.050790341621272515 -0.026546935729626547;0.24753416586337
0.05823172312240345 -0.005715235354833807;0.254150747851
0.05409359353433924 0.01601841361926463;0.24225662254819
0.03909575723352343 0.0342463663986303;0.21766089260730
0.015986986841580418 0.045014419858053656;0.1948318151234
-0.01043326200974775 0.045702823132301576;0.19010051899308
-0.0342281708267079 0.03616575591085378;0.20579565987615
-0.05035101754453583 0.01889116144489959;0.22746389464060
-0.05588038295594671 -0.0021412212035629118;0.23933083280933
-0.05004776804449593 -0.022514706401939647;0.23367202185679
-0.034036770030041776 -0.03803254034775776;0.21254180714864
-0.010931415511538072 -0.04526156265959603;0.18845307163070
0.014375679579102529 -0.04226237550507384;0.17852576160619
0.03607255441965542 -0.029584516831550892;0.18907577591793
0.049421436005304284 -0.010401377882265864;0.2094015402488
0.052032347307595636 0.010804848723960363;0.2238377892105
0.04377712424092631 0.02949898178025781;0.22211488862425
0.026436285740086017 0.04177857894788503;0.20383874945968
0.003516396181185155 0.04484275546531022;0.18021288885246
-0.01997218240937595 0.03760906098842566;0.16811056555937
-0.03847560644670793 0.021554606459098895;0.17582543787017
-0.04786602467433866 0.0006568053295547931;0.19527891075673
-0.04659245885049635 -0.020168244047531696;0.21094796501474
-0.03537847587916622 -0.03643829054679394;0.2111758063083
-0.016712167131809084 -0.04472823211941801;0.19472996161021
0.005455607453748755 -0.0430369094159996;0.1720520581007
0.02608621148147069 -0.03131262482809058;0.15901536041571
0.04013899860693286 -0.01211943592853312;0.16477291069584
0.04445938638233321 0.009753755783607838;0.1830073667898
0.038622607703281756 0.029145780050149183;0.19822471870228
0.0243475799646299 0.041891974133463614;0.19854539646961
0.00485370234538297 0.045291695957915046;0.18316067426899
-0.015546289997960809 0.038362105161714996;0.16212058784584
-0.03198286635291307 0.022281785640311122;0.1502927867120
-0.04027152286854195 0.0008045088842649692;0.15655678020408
-0.038642169911639955 -0.020646090883760328;0.17433881302787
-0.028049093897281142 -0.037053501774180014;0.18812612239369
-0.011258007586736882 -0.04494909876654319;0.18727936643724
0.00788480943204075 -0.04265090471138289;0.1720229665007
0.02495314738890112 -0.030414769755792916;0.1520635495703
0.03562968922518736 -0.010777069216760637;0.14178813443971
0.037056625596088924 0.01140159880562484;0.14922613469856
0.02920206973429023 0.030465406489511796;0.1662298486845
0.014472147469820687 0.042058822880378995;0.17769900953293
-0.0034567185209888364 0.04382835962777344;0.17501011525711
-0.02039401156349954 0.03541223173099053;0.15953341682158
-0.03220150249704415 0.018500649974957595;0.1414135783458
-0.03562092033598512 -0.002993273921832511;0.134777320659
-0.029655755941821405 -0.023475394558811976;0.14470941978377
-0.016232613820494488 -0.03777465227803005;0.16074523078086
0.0009626309144001276 -0.042805864848530994;0.16918894817035
0.01772902138247919 -0.03770774067758848;0.16350604171412
0.030040982590579555 -0.02364173456291753;0.1466612572969
0.034629328993829187 -0.003768964599177242;0.13051669315128
0.029922866450931028 0.016880600431411354;0.12834339225486
0.01720270975610993 0.03273835913655436;0.14067028994938
0.000175860585735748 0.039991599061635394;0.15514468900034
-0.016719321004721895 0.03735478657587457;0.15981149333934
-0.029380287200690653 0.025700301531938207;0.15057270019875
-0.03458753629848453 0.007755725007967663;0.133382205991
-0.030613370591862612 -0.012057588718066385;0.1216560568493
-0.018219870421917472 -0.028323220633144783;0.12522014688534
-0.000998664186334458 -0.036692735911702475;0.13930258745614
0.016279021726414853 -0.03549818213695127;0.15062009656152
0.0292924848834313 -0.025487698938478576;0.1495716490878
0.03483071852293216 -0.009220326089549612;0.13612786182340
0.031200804117271577 0.009272145634197149;0.12004426660591
0.018915115545640456 0.02495978858718975;0.11452331125152
0.0013465013846477407 0.033335962134293545;0.12373450547626
-0.0164127408400798 0.03247667124951899;0.1378469913451
-0.029714211226504732 0.023181137133853606;0.1440565861774
-0.035314619260989735 0.008072588156529528;0.1370431592453
-0.03166184845532087 -0.008991397876213617;0.1216985582189
-0.01929896131960177 -0.023388566599600136;0.11010046454498
-0.001450598147508194 -0.0308134266159869;0.11239089305599
0.016606077641909803 -0.029280258481991867;0.12514182126276
0.02991606624263427 -0.019784072993984783;0.1353982099929
0.03522629249162339 -0.005207452778701223;0.1341371868022
0.031201986512590412 0.010570702423175017;0.12184061874091
0.018591523684824914 0.023234181875280965;0.10760465960976
0.0006160432993742755 0.028888262572873264;0.10380653762106
-0.017362453968424094 0.025784658807759635;0.11348443428509
-0.030167037816223326 0.015306726379103143;0.12590328222722
-0.03463508438932206 0.0007630582273498668;0.12963030868927
-0.029786868169612176 -0.013838966847404634;0.12139978941944
-0.01674784063992528 -0.024452678662468242;0.10708075344836
0.0010977031902070604 -0.02771898293589637;0.09882469042026
0.018391608265064384 -0.022386939575530736;0.10417537478245
0.0299549835535809 -0.010394789208993848;0.11624830592255
0.03290064398773637 0.004402180885852706;0.12296436505273
0.026760276524527088 0.017808790151134363;0.11823829186398
0.01316237909622228 0.026048991611743837;0.10509284045221
-0.004238667003514917 0.026403644468158863;0.0945694542310
-0.020119033034905184 0.018384035744253943;0.09676543131690
-0.029537119671430856 0.0046864709713600045;0.10823325202392
-0.030169604212159973 -0.010256064955969276;0.11695764929458
-0.02228313064362172 -0.022146017715037665;0.1149696856194
-0.008138116974708924 -0.02759895578346108;0.10328963620214
0.008296277630254532 -0.024670983245614432;0.09156687001318
0.021854461280743843 -0.013819982903802168;0.0908579025734
0.028168983029892014 0.0013824221360041362;0.10081166674517
0.025797639506695613 0.01597894208000994;0.11019434880907
0.01592474718274057 0.02574057044470779;0.10985360388325
0.0014942642531657595 0.027871427221668223;0.0995575828895
-0.013253649023761258 0.021394224061247274;0.08797443852738
-0.02347243194677348 0.007913459283729498;0.08632358986082
-0.02574883029413652 -0.008079172823497889;0.09561361987871
-0.019897945404945744 -0.021363190917079278;0.10514241920101
-0.008170236636262174 -0.028121840623094415;0.105513806961
0.0058550128449192575 -0.02642529895271585;0.0959485507256
0.017868059352675943 -0.016448752441420196;0.08433728522583
0.023688439146908907 -0.001023540977891783;0.08196447587765
0.02128820778089688 0.014567399362473745;0.09059825392688
0.011991422190851132 0.025240283156931012;0.09971306145019
-0.0009102852452356567 0.02802276696071584;0.10009948228887
-0.01340557200329998 0.022169370422351148;0.0910663861946
-0.02143285559867393 0.009193543697436073;0.08038767976299
-0.02191645840015495 -0.006858472156123677;0.07893942235008
-0.014687513743921094 -0.020334502228257167;0.08763245607582
-0.0026860379191898445 -0.026939107675721552;0.09597298462026
0.010013053826160146 -0.02501241283705759;0.0954285372620
0.01939760688225038 -0.015227738781930622;0.08587926877417
0.02217122253350421 -0.0004602722884475049;0.075765288708
0.0169110818047237 0.014292899572853263;0.07563987553105
0.005588689096032141 0.02370659750950853;0.0846131834463
-0.007515085951848898 0.02500409682964995;0.09190380980052
-0.018066930979538303 0.01822941323366755;0.09005801704462
-0.02262373675213156 0.005575924463399325;0.08029972520371
-0.01925512722672821 -0.008899401456254367;0.07193966561596
-0.008759428814139806 -0.019915317807191017;0.07409743677821
0.004810290673582216 -0.023533494880145302;0.08323186047326
0.016571947704201007 -0.019092054867660427;0.08845293203285
0.02273372764881231 -0.008421671438377715;0.08415231535248
0.021117416255588613 0.00497224879982097;0.07384886547345
0.011774502787729225 0.0163776460349479;0.0678563516418
-0.0020301913976127697 0.021320200424394635;0.07274325531250
-0.014949929985379418 0.018317892788549985;0.08170677452751
-0.022582009860773043 0.009020060742196478;0.08445454173535
-0.022500489803378092 -0.0032437662592695628;0.07800262180361
-0.014449967722947325 -0.014239295342506064;0.06830945954676
-0.000940160107896779 -0.01964723981037687;0.06590401704926
0.012771522995419574 -0.017271204382205765;0.07300395589805
0.0216025729486849 -0.008555242469096962;0.08003608971270
0.022788593484321995 0.0030378557489237554;0.07903996656017
0.01594259894164138 0.013416709422032498;0.07046352798706
0.0031449452573988103 0.01860457266348692;0.06282122902196
-0.010808444701810931 0.016181863491259954;0.06509738179553
-0.020335673438836722 0.007357907026610112;0.07357662807978
-0.022295367171409147 -0.004090302611120537;0.07773880722070
-0.016320189193730034 -0.01397577664296137;0.07302895834600
-0.004397553644297895 -0.018606028964623985;0.06378081497132
0.009142402969195636 -0.01571608833888875;0.06020838499938
0.018702025274078153 -0.006311679295055526;0.06617213044960
0.02081020839508624 0.005449487234184364;0.07312265822640
0.015216715141955406 0.015053001776944862;0.07270299970599
0.004040442108366056 0.01896697262850492;0.0648345625877
-0.008639452643273236 0.015291389462717386;0.05787242268660
-0.017497807672165654 0.005100716259000005;0.060374037465145
-0.018980510722786212 -0.007121975191790355;0.06824975605963
-0.013148918073404237 -0.016485209788718543;0.07144798589979
-0.0024747957149452177 -0.019588508555782716;0.06619277811629
0.009034116695905378 -0.014977764051064144;0.05760268904515
0.01651878810417019 -0.003995266205370256;0.055742902712712
0.016665363954772534 0.008599496353743404;0.062383558323173
0.01000922522892496 0.01753221062180197;0.06792249091889
-0.0004552807649681797 0.01958926151877642;0.06561326498747
-0.010644664391483986 0.013889808506521308;0.057634114335446
-0.016166996651515275 0.0022787745032933713;0.05326198836038
-0.014318206711650698 -0.010258434030276157;0.05806340226991
-0.006383720258653693 -0.01829051957650616;0.06475874817933
0.003986469414809351 -0.01896352348919543;0.06477845788994
0.012636593790095837 -0.01209154051244532;0.05759715277627
0.015750944611878842 -0.00011525112630096992;0.05114471316649
0.011498253714685379 0.011759666365581437;0.05370888233475
0.002103142167914131 0.018197539580869657;0.06072432128676
-0.008081876213191874 0.017012093255989673;0.06269274556322
-0.014887606483420477 0.008919914044602123;0.05709192723386
-0.01519684919595706 -0.002954656483611826;0.05015792216258
-0.008343388906120235 -0.013327976385252186;0.05104698230200
0.0023041121561139938 -0.017388253243206173;0.05778329115177
0.011825591064789195 -0.013958808353775661;0.06063749545639
0.016317260084430747 -0.004782691547222823;0.05577552383608
0.013594502708339428 0.006370846235204361;0.04845607556360
0.004327771795324453 0.014303627422152871;0.048204490277026
-0.006957751486494775 0.015209750765653226;0.05474121457187
-0.015046434189632365 0.009340489990665802;0.05842469498254
-0.016654487345705557 -0.0004557413017641492;0.05449821241989
-0.010829573614417064 -0.009963343427391498;0.04737996882603
0.00023027908130122954 -0.014493814863793;0.0465854252627
0.011029311716929694 -0.011785152486899462;0.0525796583950
0.016658809810269178 -0.0037386442912975375;0.05603424858995
0.01493476107660395 0.0058340084541448865;0.052182943942593
0.006368622807814623 0.01260282123442521;0.04524084146819
-0.0053526635494889375 0.012900706322085474;0.04469197851969
-0.014230825622279309 0.006592185212896661;0.050897862363814
-0.01637686590046592 -0.002745018502139448;0.05429302963631
-0.011189488566001195 -0.01077470532320001;0.05035138252080
-0.000810449476880068 -0.01366305167715366;0.04369363008065
0.009849624970053816 -0.009427241468546663;0.04350680746103
0.015244097552005221 -0.0003410978263378127;0.049306804518188
0.013301045193289696 0.00878403450458988;0.05183842531646
0.0052368170460082904 0.013741037399558339;0.047341107593201
-0.005331795723339285 0.011891180063437413;0.041376159455836
-0.012926317423324016 0.003627791267931779;0.04276676027419
-0.013624854643806469 -0.006483736844477757;0.04873052263495
-0.007770309584571281 -0.013385051869319294;0.050143333366726
0.0016662276653950604 -0.013907491238118122;0.04483361527546
0.01012370646522932 -0.007336493490006687;0.039520509722652
0.012818670292168828 0.003241405890501376;0.042046757208968
0.00863167918989303 0.01194615630735743;0.047461743459123
0.00024290858420243644 0.014689649056203171;0.04729164257720
-0.008197491067701358 0.010182535706406691;0.041518961558168
-0.012144890124351694 0.00022287119032719967;0.03828090211645
-0.009107816312801612 -0.009783324009645588;0.042558390194361
-0.0012984801545467117 -0.014514686269438894;0.04686269435314
0.007042433955263839 -0.012024467115939266;0.044577850087346
0.011663957438428978 -0.0034137710694960403;0.03830315415942
0.009558994470867888 0.007027432469373979;0.03730164818239
0.001889718569638741 0.013235164058312154;0.042567008482969
-0.0067217192206739315 0.012363253919747505;0.045068525983548
-0.011842948593788368 0.00520833368535987;0.04104476191110
-0.010480308743174724 -0.004722489519874943;0.03602846795165
-0.0028706788473850655 -0.011743664348030711;0.03808144928565
0.006276356294449622 -0.011951254184917175;0.04302721345149
0.012003824987476517 -0.005888702969358467;0.04257148794852
0.011305182326007607 0.0032021488636009435;0.036906207191520
0.003962933319358105 0.010283236288162877;0.03440153450156
-0.005781893995435342 0.010906172663206513;0.03896726397278
-0.012178358527255302 0.005355048362069114;0.04233539590907
-0.012041259035276381 -0.003004375438726394;0.039198202873265
-0.00514433760681149 -0.009609717525026866;0.03399104013989
0.004868134430823501 -0.010144583436297979;0.03519430108946
0.01177963140243352 -0.004505127595992558;0.03990171389193
0.012071786826764245 0.003547123085481674;0.03979800897726
0.005643709397578077 0.00951287868776059;0.03454041166384
-0.004224393556022403 0.009524591378743315;0.032359000008067
-0.01126912189832875 0.003342590079029981;0.03692166767483
-0.011622637132256437 -0.004762941322210209;0.03972330183026
-0.0055115005029916396 -0.010152469218555657;0.036224235493637
0.003793168135975221 -0.00944290251255962;0.03153825930477
0.010454180591899155 -0.0024969835102386494;0.03347406035470
0.010421698779017701 0.005922085755889645;0.03772591228798
0.004352631235839225 0.010800955473601126;0.03654435300779
-0.004253154247189716 0.009222643162338907;0.03147035980042
-0.009971183921189522 0.0015338435381087884;0.03124242319112
-0.008980881158435865 -0.007126317609224905;0.03592420312399
-0.0026302610403918045 -0.01143772476416337;0.03685893733975
0.005169796805366555 -0.008979699962482523;0.032163620051420
0.00948593291561201 -0.0007035003936301954;0.029311440678789
0.007098892977061666 0.007939987654000204;0.03314315965043
0.00019271161967973887 0.011409839835935437;0.035740367482478
-0.006783625478673379 0.007967488206932617;0.03251073342908
-0.009315570235922978 -0.0006081249203903193;0.02872348585397
-0.005189448189408894 -0.008691701442766347;0.03135911849726
0.002317270353545186 -0.010917680464807625;0.034881447259113
0.008290885453768866 -0.006431455679228029;0.03260828514077
0.008832015780984786 0.002134541076465343;0.027896949923455
0.0029221666558591633 0.009015591487823583;0.029196071457526
-0.0050100572062283235 0.009472679317151535;0.03336468000791
-0.009703356127387736 0.003905966767413417;0.032496439963857
-0.0080747045614918 -0.004155939343007548;0.02788103045424
-0.0005871183883541554 -0.009128232623598253;0.028098336566618
0.007207545095276061 -0.0074351343674575335;0.03214223531086
0.01019319533855986 -0.0009268000583483012;0.031736836147835
0.006423024007287154 0.0060880327748469775;0.027115522112602
-0.002115043177673622 0.008464384303204998;0.026702701829638
-0.008998659432379399 0.0044188247517008405;0.031029421438
-0.009782693518260128 -0.0025737334720396165;0.03133377959892
-0.004054266011005914 -0.007807774255333692;0.02694332952944
0.004618713453635492 -0.007145409505039347;0.025991464367940
0.009605291565350667 -0.0009944782483205612;0.029794308818477
0.007883106729879918 0.00574285476174165;0.030117412440144
0.0007538361748018569 0.008440074304090269;0.025878040386654
-0.006918895553022821 0.004569711814922042;0.025282584932938
-0.009066536446336072 -0.002890899633365249;0.02932584375038
-0.004844794411170915 -0.008275733910842763;0.029570559057411
0.0026765250366728166 -0.00785213374410353;0.025295576592718
0.007969371943366426 -0.0012523036195257646;0.024549428635129
0.006761631507624095 0.006246765609149987;0.028292436799365
0.0006733800446052877 0.009138264897729086;0.028151206792799
-0.005871276593803864 0.005378928314072167;0.02420960550970
-0.007569719953276135 -0.00275726909965336;0.024513939779300
-0.0031382708775525856 -0.008610862655937534;0.028157547606745
0.003482770057465526 -0.008178191295933574;0.027244345668382
0.007411782948044888 -0.0016859370412038843;0.02303699267912
0.004985788552667986 0.006128265348744414;0.024006526476892
-0.0015408521423306747 0.008796839276302572;0.0273825023435
-0.006891823483836388 0.004922035443646904;0.025862857782517
-0.006863923802049075 -0.002748907287118644;0.02236832108976
-0.000865144583134937 -0.007978195068649115;0.02441199738841
0.005729381646008381 -0.006682912382554818;0.02696002845005
0.007936147934864014 -0.0004152233245228376;0.02415835596289
0.0036196805166791987 0.006082447421645182;0.021353210971383
-0.003962147247689241 0.006984435769869388;0.02442852465818
-0.008279803129553658 0.002199195677577646;0.026183998488694
-0.006209315662444331 -0.004255705203652526;0.022799977226846
0.0011478878555282032 -0.007019664245191902;0.02146498457711
0.007345086721246032 -0.0034298060948970265;0.02467740491592
0.007555480890137693 0.0028449083229768676;0.024569603926444
0.0016560119439875884 0.006718541097505441;0.02084616342568
-0.005752390979871483 0.0043344098722323445;0.021752885539278
-0.007968850582789178 -0.0019192497823029633;0.024971911493242
-0.003820684595461983 -0.006613317320793646;0.023155212413449
0.003485071900673412 -0.005668456680480661;0.01999932076906
0.007340761188049806 0.0006711818911826848;0.022295683627721
0.004733864893596821 0.0063112366508368285;0.0239710221749
-0.0017705916750551916 0.006674184563830765;0.020799594305515
-0.006608202430357207 0.0008471036482230864;0.02002526103938
-0.005084318687190242 -0.005772341693562825;0.02333186981298
0.0006767454787100311 -0.007481195821130666;0.02274826198983
0.005750136285496207 -0.002746913849472065;0.019105389812938
0.005037853933189893 0.004624442790881382;0.02058717727520
-0.00039421562372412254 0.007569545259283787;0.022968090211755
-0.005472922372709045 0.00402214781415281;0.02043852912001
-0.0053750316200246945 -0.00329647786454656;0.01889268109160
9.84155668812773e-05 -0.007264402193595832;0.021953584683931
0.005380309148119844 -0.004764580088188159;0.02170197304860
0.0057740111268245594 0.001937644619274031;0.01821387941464
0.00017585108988067005 0.006513300630957707;0.019559195451027
-0.00558080520209489 0.0046852164287627795;0.02202340384424
-0.006369177737427994 -0.0012865835870703238;0.01950253955632
-0.0009331299516884967 -0.005982915087621517;0.018102888923621
0.005363174454255398 -0.004407869087671981;0.020918153172839
0.006627549283978926 0.0011810033171863032;0.020247172080711
0.0015969006510851112 0.005544329689920517;0.01720545715811
-0.005164476616866589 0.0038245448176337515;0.01927609892709
-0.006776792682020269 -0.0016835161378250477;0.021048148133512
-0.002167836737705516 -0.0056315225219954815;0.018037131430261
0.004607063457805507 -0.0036688569520986294;0.01758126814594
0.006368131665427405 0.002151775980754706;0.020214998798845
0.0020632743319837898 0.005825536718810554;0.01849679014138
-0.004348250606570387 0.003496133658270506;0.016609836417419
-0.00584323096346207 -0.0027602917987999895;0.019390147863816
-0.0015983266656928521 -0.0062791451441579415;0.01944399441971
0.004119007626960599 -0.0036168992838617256;0.016304345102422
0.0050567399649133395 0.0030988751033631558;0.01771104759636
0.0006044519409231534 0.0064153835434229475;0.019331109070453
-0.00444261570927024 0.0033749451223962696;0.016608954432204
-0.0044808351296917615 -0.003450449038493277;0.01684735606317
0.00041621266201688576 -0.006419107760469634;0.01929556331239
0.004799995958271453 -0.003032356881862449;0.01691685900158
0.003822756638137013 0.0036200158226358512;0.015629016823428
-0.001688567729167638 0.005890894270824039;0.018332657842215
-0.005448933637156451 0.0020630748754518623;0.017383328130947
-0.0033090075055536394 -0.003992860038259542;0.015383616004466
0.002731243439540234 -0.0052293478690380365;0.01761329752224
0.005752712594704229 -0.0008971350550400136;0.01737021589133
0.0025327965646877782 0.004301725786432852;0.014782924073
-0.003838503720799038 0.0040910554335848595;0.01670500377307
-0.005892858619544437 -0.0007067942604945783;0.01772470544797
-0.0016867141278182089 -0.004755346445841191;0.014948963735360
0.004488371848530108 -0.002933350162676823;0.015931173377211
0.0053615250700202515 0.002232984050649584;0.01732534414131
0.0004198417894649238 0.004883288677892647;0.014502541401618
-0.0050592556053337965 0.0013427122856949749;0.015534551980451
-0.004480807738337275 -0.0038085265945331627;0.0175537679005
0.0008528160336814493 -0.004867610583115937;0.014627551755715
0.005000076037881469 0.00016813917714545053;0.014816689803318
0.0029103199184468435 0.004878720918775192;0.016926981176503
-0.002406069385606782 0.004141765819563768;0.014158805007877
-0.004616161156115304 -0.0019394260454368298;0.014829468620984
-0.0011091424269570414 -0.005609782810868788;0.017044535253599
0.0035215242631312284 -0.0031003496478203448;0.013856602324011
0.0034492117813729 0.0034098825140862488;0.014344732788206
-0.001046175660844465 0.005474025363783256;0.01658996225075
-0.004373267408380317 0.0013693330144958753;0.013520768295165
-0.0018106440454400273 -0.004587511571607527;0.014597119005838
0.002938080374672088 -0.004741745392628541;0.016605973249610
0.004300620773634458 0.0003995376115110867;0.012713048262043
-0.00044822862446499724 0.0048483338397738275;0.014402800757956
-0.004639379401942756 0.00309334596442449;0.01659929702212
-0.0036050714056047144 -0.0021499439136444835;0.012341355554720
0.002636862944445777 -0.0042648078273526;0.014851503261990
0.00550879670123217 -0.001112036049296941;0.01673632954046
0.002210420574288799 0.003189960271733623;0.011378026734700
-0.0045628099145994 0.00242679526340538;0.015328477079780
-0.00579894100122919 -0.00129031518602083;0.017742529034258
-0.0008899494175227127 -0.0036513504615555176;0.01100597605850
0.005322559093120053 -0.00011127373334506507;0.015812285916474
0.0052391110187001095 0.0034615017875135328;0.01881037472805
-0.0001396978202375899 0.003471702052872255;0.010148834820220
-0.005303695499526324 -0.0025456500920070144;0.017560961055167
-0.004760901350201268 -0.005822655185943493;0.022779149648140
-0.00016464176747498123 -0.004085145324369802;0.012008962073210
0.004551942273385184 0.0037150847062091107;0.01753760655992
0.004325201469479748 0.0074232641128629175;0.026264644271726
0.0007630532180497849 0.005399556410163191;0.0162156661958
-0.0036887532405471854 -0.0027842525470755334;0.0136404634817
-0.003211658893663528 -0.007218427339579928;0.02400783877308
-0.00013377972841726064 -0.005678625637259005;0.01692496332022
0.0030026098090210423 0.0020987066482991423;0.01071888457404
0.0011180967305055513 0.006269837691013361;0.019093273037739
-0.0019060911321240929 0.00415204565654826;0.013477846531
-0.002390862034129949 -0.0035414512439089843;0.012571849682544
0.0004981151145765214 -0.006111220041486957;0.018343252156167
0.002791635690941077 -0.0023696653625091646;0.010714059634899
0.0004129888745684181 0.005192829910303972;0.015456346119194
-0.0024911393332189735 0.0064745760798460865;0.02090265502003
-0.00310779387176423 0.001763061364604317;0.010446071868546
0.0015084625756455546 -0.005940046077558286;0.018334124293478
0.004472476142814008 -0.007451440041267558;0.026590910426151
0.0039876240074884686 -0.0033171799843651545;0.015387317244837
-0.001292615707774697 0.00470452787845448;0.014433276498447
-0.004937908140556172 0.006673078011576601;0.025314035470781
-0.004680217781591537 0.003345370951065279;0.017152774126611
0.0006528011633413159 -0.003628964955868152;0.010790999439795
0.004776857188609898 -0.004580435442017056;0.019884661233330
0.0042384106006554505 -0.0011464872997415908;0.012932154624277
-0.00221564484180402 0.003783167491106316;0.012912231150124
-0.005557888482323827 0.00335294871048308;0.01948075875579
-0.0034451491863035605 -0.0003886038889339095;0.01012619096692
0.004626062174174767 -0.0034996813224499788;0.01730267709042
0.0075818205753407746 -0.002827693815794862;0.024630287921603
0.004388570918296285 7.84987298425026e-05;0.012927672072542
-0.0048981369671923574 0.002773486125647985;0.016764301892251
-0.008656424590075321 0.002313199207630082;0.02747968005871
-0.005994874682853811 0.00011669468047976334;0.01791634204501
0.0029260031641705174 -0.002230626612015805;0.010767050082872
0.006905488073533143 -0.0009397722745682611;0.021004511439866
0.004495028856058135 0.0011545007349845321;0.013699938738078
-0.0038555696769825157 0.0016333773512021863;0.012310248920275
-0.006510860921334456 -0.00033564430730549395;0.019571365601507
-0.0028000138651766227 -0.002004662947687028;0.010055877774529
PointOptimal;ValeurOptimale
[-0.00280001 -0.00200466];0.010055877774529876
Temps;Nb iteration
0.08903789520263672;1000