Point;Valeur
-0.5804537681223119 -0.28012532614302366;3.8729297604191
-0.5704537681466991 -0.2701253261488249;3.8285803449411
-0.5631426497516641 -0.2630137841649208;3.7958845551356
-0.5570493214166765 -0.25718992845196603;3.7683844903217
-0.5516894848397473 -0.2521364142909933;3.7439809229455
-0.5468333490950403 -0.24761000101880468;3.721684954219
-0.542350620978929 -0.2434735463867348;3.7009386740671
-0.5381590157708749 -0.23964077549427118;3.681391093702
-0.5342026453944951 -0.23605325549718237;3.6628045628858
-0.5304415001218846 -0.23266924436139702;3.645009397529
-0.5268457722574853 -0.22945769556140874;3.627879469545
-0.5233925488090094 -0.22639477531485713;3.6113180210210
-0.5200637666834607 -0.2234617145552238;3.5952489132101
-0.5168448871365586 -0.22064341929147563;3.5796109648076
-0.513724002541377 -0.21792753579554186;3.564354143450
-0.5106912147188031 -0.21530380094999557;3.549436919296
-0.5077381902693888 -0.21276357815571037;3.5348243748437
-0.5048578349548976 -0.21029951786659026;3.520486822658
-0.5020440503474687 -0.2079053041382495;3.506398773626
-0.4992915486849032 -0.20557546196510026;3.4925381529066
-0.4965957097702647 -0.20330520848261863;3.47888569459
-0.4939524688025215 -0.20109033641227586;3.4654244677421
-0.49135822733982243 -0.19892712159984235;3.452139500468
-0.4888097818183383 -0.19681224882522808;3.4390174785156
-0.48630426557223905 -0.1947427516548363;3.426046500929
-0.4838391013631475 -0.19271596321822884;3.4132158802216
-0.48141196218060905 -0.1907294755770627;3.4005159774814
-0.47902073861692684 -0.1887811059210579;3.3879380652610
-0.47666351151733005 -0.18686886823882476;3.375474212720
-0.4743385288987198 -0.1849909494173218;3.3631171887782
-0.47204418634966183 -0.1831456889513705;3.3508603799263
-0.4697790102910722 -0.18133156161862027;3.338697720100
-0.46754164360247114 -0.1795471626063614;3.326623630499
-0.4653308332184246 -0.17779119467900859;3.314632967696
-0.46314541937408343 -0.17606245705384163;3.3027209786738
-0.46098432623984376 -0.17435983571511135;3.290883261702
-0.4588465537318689 -0.17268229494525367;3.2791157321503
-0.45673117032281235 -0.17102886989131144;3.2674145924902
-0.4546373067073566 -0.16939866001597875;3.2557763058912
-0.4525641502016577 -0.1677908233076963;3.2441975728859
-0.4505109397750181 -0.1662045711449552;3.2326753106852
-0.4484769616290545 -0.1646391637266627;3.2212066347853
-0.4464615452521197 -0.16309390599399945;3.209788842562
-0.4444640598880315 -0.16156814398065217;3.1984193985991
-0.4424839113670603 -0.16006126153754435;3.1870959215279
-0.44052053925502593 -0.15857267738629066;3.1758161721980
-0.43857341428181706 -0.15710184246169595;3.164578043012
-0.4366420360170411 -0.15564823750936096;3.153379548296
-0.43472593076410837 -0.15421137090918619;3.142218815572
-0.4328246496481718 -0.1527907766991931;3.1310940776457
-0.43093776687662405 -0.15138601277762245;3.120003665412
-0.4290648781534007 -0.1499966592638786;3.1089460012989
-0.4272055992308072 -0.14862231700162395;3.097919593280
-0.42535956458453755 -0.1472626061891079;3.0869230294106
-0.4235264261993774 -0.14591716512380745;3.0759549728055
-0.42170585245423303 -0.1445856490498022;3.065014157048
-0.41989752709713857 -0.1432677290978966;3.0540993819609
-0.41810114830110573 -0.14196309130941334;3.043209509713
-0.4163164277933536 -0.14067143573564242;3.03234346123
-0.41454309005103784 -0.13939247560615417;3.021500212913
-0.4127808715573121 -0.13812593655923935;3.010678793508
-0.41102952011229676 -0.13687155592916958;2.9998782813395
-0.409288794194061 -0.1356290820851303;2.9890978016481
-0.4075584623652755 -0.13439827381723052;2.9783365241564
-0.40583830272160826 -0.13317889976570865;2.9675936607999
-0.4041281023780719 -0.1319707378893317;2.9568684636148
-0.4024276569907095 -0.1307735749702046;2.946160222771
-0.40073677031003824 -0.12958720615152092;2.9354682647366
-0.3990552537642016 -0.12841143450591258;2.924791950560
-0.39738292606919984 -0.1272460706317959;2.914130674272
-0.3957196128640949 -0.12609093227543483;2.9034838613787
-0.39406514636929696 -0.12494584397697853;2.892850967455
-0.39241936506621655 -0.12381063673842653;2.882231476828
-0.3907821133964294 -0.12268514771196233;2.8716249013350
-0.38915324147924235 -0.12156921990698503;2.8610307791553
-0.38753260484604435 -0.12046270191475014;2.850448673716
-0.3859200641903063 -0.11936544764906644;2.839878172657
-0.38431548513217967 -0.1182773161020412;2.829318886856
-0.38271873799650574 -0.11719817111376017;2.8187704495065
-0.38112969760348214 -0.1161278811549585;2.8082325152486
-0.37954824307102475 -0.11506631912184388;2.7977047593480
-0.3779742576279453 -0.11401336214199512;2.7871868769146
-0.37640762843734377 -0.11296889139099044;2.776678582164
-0.3748482464295707 -0.1119327919186971;2.7661796077201
-0.37329600614393155 -0.11090495248478369;2.755689703944
-0.3717508055787827 -0.10988526540277987;2.7452086383091
-0.3702125460493863 -0.10887362639217078;2.734736194792
-0.3686811320529536 -0.10786993443802859;2.7242721733076
-0.3671564711405956 -0.10687409165758505;2.7138163891555
-0.36563847379567566 -0.10588600317358465;2.7033686725052
-0.3641270533181096 -0.10490557699368822;2.6929288678959
-0.3626221257142948 -0.10393272389571735;2.6824968337619
-0.36112360959245543 -0.10296735731853819;2.672072441977
-0.35963142606285986 -0.10200939325786794;2.661655577423
-0.3581454986427797 -0.10105875016713588;2.651246137567
-0.3566657531658975 -0.10011534886275243;2.640844032064
-0.3551921176958908 -0.09917911243388035;2.6304491823740
-0.3537245224438546 -0.09824996615600737;2.620061521389
-0.35226289968958957 -0.09732783740866287;2.6096809930852
-0.35080718370630787 -0.09641265559651524;2.599307552171
-0.34935731068865883 -0.09550435207401647;2.588941163767
-0.3479132186839173 -0.09460286007323207;2.5785818030839
-0.34647484752615043 -0.09370811463482862;2.5682294551167
-0.34504213877311957 -0.09282005254181329;2.5578841143496
-0.3436150356459848 -0.09193861225618344;2.5475457844699
-0.34219348297136765 -0.09106373385805414;2.5372144780909
-0.34077742712594045 -0.09019535898736866;2.526890216484
-0.3393668159832324 -0.08933343078784974;2.516573029320
-0.33796159886255644 -0.08847789385325291;2.5062629544173
-0.33656172648005095 -0.08762869417567752;2.495960037495
-0.33516715090165033 -0.0867857790960079;2.4856643319400
-0.33377782549786367 -0.08594909725606104;2.475375898573
-0.33239370490035386 -0.08511859855278754;2.465094805427
-0.33101474496018674 -0.08429423409400037;2.4548211275275
-0.3296409027076923 -0.0834759561558963;2.44455494667
-0.32827213631380314 -0.0826637181420942;2.4342963512600
-0.32690840505285557 -0.08185747454414681;2.424045436021
-0.3255496692668146 -0.08105718090354179;2.4138023018863
-0.32419589033076834 -0.08026279377505419;2.4035670557619
-0.32284703061972586 -0.07947427069131868;2.393339810348
-0.3215030534765496 -0.07869157012876975;2.3831206839565
-0.3201639231811081 -0.07791465147470125;2.3729098003277
-0.31882960492046997 -0.0771434749954566;2.362707288458
-0.31750006476022097 -0.0763780018057616;2.3525132824288
-0.3161752696166876 -0.07561819383900711;2.342327921232
-0.3148551872302203 -0.07486401381867389;2.3321513486132
-0.31353978613928923 -0.07411542523053746;2.321983712902
-0.3122290356555763 -0.07337239229591563;2.3118251668594
-0.3109229058398516 -0.07263487994578548;2.3016758675182
-0.30962136747862967 -0.0719028537956668;2.291535976032
-0.3083243920616918 -0.07117628012139693;2.281405657526
-0.3070319517602468 -0.07045512583559972;2.2712850809466
-0.3057440194059181 -0.0697393584649978;2.2611744189199
-0.30446056847030856 -0.0690289461283748;2.251073847607
-0.3031815730452953 -0.06832385751523268;2.240983546569
-0.3019070078239495 -0.067624061865136;2.2309036986223
-0.3006368480820536 -0.0669295289477047;2.220834489708
-0.2993710696602243 -0.06624022904321814;2.2107761087618
-0.2981096489465568 -0.06555613292370076;2.2007287475763
-0.29685256285982703 -0.06487721183478114;2.190692600678
-0.2955997888332807 -0.0642034374779536;2.1806678651999
-0.29435130479880933 -0.06353478199340026;2.1706547407545
-0.29310708917171663 -0.06287121794341478;2.1606534293145
-0.2918671208359153 -0.06221271829616768;2.150664135090
-0.29063137912953746 -0.061559256410055926;2.1406870644134
-0.28939984383102896 -0.06091080601853436;2.1307224256161
-0.2881724951456329 -0.06026734121528756;2.1207704289204
-0.2869493136923081 -0.05962883643995404;2.110831286322
-0.28573028049101434 -0.05899526646422075;2.100905211482
-0.2845153769503755 -0.058366606378294245;2.0909924196157
-0.28330458485570903 -0.057742831577785876;2.081093127381
-0.2820978863574022 -0.05712391775100725;2.0712075527797
-0.28089526395967296 -0.056509840866631904;2.061335915047
-0.2796967005095821 -0.05590057716164979;2.051478434552
-0.2785021791864385 -0.05529610312980693;2.0416353326957
-0.2773116834914471 -0.05469639551018214;2.031806831809
-0.27612519723771733 -0.05410143127630812;2.02199315505
-0.2749427045405011 -0.05351118762547985;2.0121945263501
-0.27376418980777156 -0.05292564196839369;2.0024111702295
-0.27258963773100253 -0.05234477191909742;1.9926433117944
-0.2714190332762938 -0.051768555285292506;1.9828911766010
-0.27025236167565814 -0.05119697005881853;1.9731549905734
-0.2690896084186094 -0.05062999440649357;1.9634349799158
-0.2679307592440265 -0.05006760666123169;1.9537313710257
-0.26677580013213453 -0.04950978531331009;1.9440443904081
-0.2656247172968264 -0.04895650900209975;1.9343742645921
-0.26447749717813723 -0.0484077565078617;1.9247212200482
-0.26333412643495674 -0.04786350674386339;1.9150854831078
-0.2621945919379369 -0.04732373874874879;1.9054672798837
-0.2610588807625977 -0.046788431679156105;1.8958668361925
-0.2599269801826267 -0.046257564802478474;1.886284377478
-0.2587988776633708 -0.04573111748996129;1.876720128736
-0.257674560855531 -0.04520906920995203;1.8671743144449
-0.2565540175889852 -0.044691399521377656;1.8576471584852
-0.25543723586682576 -0.04417808806740537;1.8481388840779
-0.2543242038595507 -0.04366911456940114;1.8386497137115
-0.25321490989943296 -0.04316445882099398;1.8291798690748
-0.25210934247499933 -0.042664100682351325;1.8197295709916
-0.25100749022573365 -0.042168020074720564;1.8102990393555
-0.24990934193688083 -0.04167619697504639;1.8008884930671
-0.24881488653440578 -0.04118861141087728;1.7914981499725
-0.24772411308013012 -0.04070524345541028;1.7821282268026
-0.24663701076694108 -0.0402260732226718;1.7727789391145
-0.2455535689141954 -0.03975108086298801;1.7634505012343
-0.2444737769632275 -0.039280246558478296;1.7541431262003
-0.24339762447297617 -0.03881355051886263;1.7448570257095
-0.24232510111576303 -0.0383509729773071;1.7355924100631
-0.24125619667318682 -0.03789249418656885;1.7263494881159
-0.2401909010320909 -0.03743809441510734;1.7171284672247
-0.23912920418072242 -0.03698775394356886;1.7079295531998
-0.23807109620493913 -0.03654145306128239;1.698752950257
-0.23701656728454967 -0.036099172062921236;1.6895988609716
-0.2359656076897583 -0.03566089124536739;1.6804674862323
-0.23491820777773667 -0.03522659090470922;1.6713590251984
-0.23387435798924833 -0.034796251333323015;1.6622736752570
-0.23283404884539613 -0.03436985281712445;1.6532116319815
-0.23179727094448235 -0.03394737563301741;1.6441730890924
-0.2307640149589538 -0.0335288000464137;1.6351582384182
-0.22973427163238785 -0.0331141063088327;1.6261672698579
-0.22870803177666396 -0.03270327465580153;1.6172003713456
-0.22768528626913098 -0.03229628530468878;1.6082577288150
-0.2266660260499111 -0.03189311845280835;1.5993395261661
-0.22565024211926837 -0.03149375427559032;1.590445945232
-0.22463792553506515 -0.03109817292484741;1.5815771657521
-0.22362906741028465 -0.03070635452719408;1.5727333653331
-0.22262365891062558 -0.030318279182588875;1.5639147194291
-0.22162169125221212 -0.029933926962961273;1.5551214013095
-0.22062315569932087 -0.029553277910989748;1.5463535820337
-0.21962804356220786 -0.029176312038934966;1.5376114304252
-0.21863634619501493 -0.028803009327652163;1.5288951130479
-0.2176480549937093 -0.028433349725619988;1.5202047941823
-0.21666316139412595 -0.028067313148195654;1.511540635804
-0.21568165687005017 -0.02770487947682896;1.5029027975634
-0.21470353293136266 -0.027346028558473675;1.4942914367635
-0.21372878112226548 -0.026990740205091002;1.485706708343
-0.21275739301952337 -0.02663899419317856;1.477148764859
-0.21178936023083383 -0.026290770263496084;1.4686177564690
-0.2108246743931786 -0.025946048120787952;1.4601138309127
-0.20986332717127776 -0.02560480743366421;1.4516371335025
-0.2089053102560904 -0.02526702783452598;1.443187807105
-0.20795061536333115 -0.024932688919582825;1.4347659921331
-0.20699923423210156 -0.0246017702489999;1.4263718265261
-0.20605115862350867 -0.024274251347042194;1.4180054457464
-0.20510638031937742 -0.023950111702386558;1.4096669827656
-0.20416489112098643 -0.02362933076844038;1.4013565680560
-0.2032266828478336 -0.02331188796376179;1.3930743295818
-0.2022917473365004 -0.022997762672638002;1.3848203927920
-0.20136007643951015 -0.022686934245538203;1.376594880613
-0.20043166202424184 -0.02237938199986655;1.368397913445
-0.1995064959718936 -0.022075085220571007;1.3602296091539
-0.19858457017648595 -0.02177402316103327;1.3520900830670
-0.1976658765438918 -0.021476175043814768;1.3439794479729
-0.19675040699090354 -0.021181520061598798;1.3358978141155
-0.1958381534443732 -0.020890037378168236;1.3278452891934
-0.1949291078403292 -0.02060170612940006;1.3198219783581
-0.19402326212319387 -0.020316505424380422;1.3118279842139
-0.19312060824496702 -0.020034414346517742;1.3038634068175
-0.19222113816449637 -0.019755411954738667;1.2959283436787
-0.19132484384677934 -0.019479477284748005;1.2880228897630
-0.19043171726223945 -0.019206589350305562;1.2801471374922
-0.18954175038610377 -0.018936727144529375;1.2723011767481
-0.18865493519776366 -0.01866986964136627;1.2644850948757
-0.18777126368019284 -0.01840599579696641;1.256698976687
-0.18689072781935487 -0.018145084551121786;1.2489429044655
-0.1860133196037131 -0.01788711482889048;1.2412169579720
-0.18513903102366597 -0.01763206554203102;1.2335212144494
-0.1842678540710904 -0.017379915590669332;1.225855748629
-0.18339978073887803 -0.01713064386486957;1.218220632739
-0.18253480302049385 -0.01688422924637143;1.210615936509
-0.18167291290957 -0.01664065061018434;1.2030417271815
-0.18081410239950585 -0.016399886826404083;1.1954980695143
-0.17995836348311275 -0.016161916761876657;1.1879850257959
-0.17910568815225644 -0.015926719282027987;1.180502655851
-0.17825606839756386 -0.01569427325268107;1.1730510170515
-0.1774094962080772 -0.015464557541823087;1.165630164325
-0.17656596357099943 -0.015237551021500154;1.1582401501692
-0.17572546247143536 -0.015013232569670876;1.150881024657
-0.17488798489212445 -0.014791581072102808;1.1435528354535
-0.17405352281323858 -0.014572575424292791;1.1362556278249
-0.17322206821214653 -0.014356194533298738;1.1289894446510
-0.172393613063256 -0.014142417319800513;1.1217543264387
-0.1715681493378115 -0.01393122271997813;1.1145503113339
-0.17074566900375493 -0.013722589687459529;1.10737743513
-0.16992616402556612 -0.013516497195318848;1.1002357313077
-0.169109626364148 -0.013312924238031404;1.0931252309964
-0.16829604797672168 -0.01311184983349717;1.0860459630409
-0.16748542081670806 -0.012913253024964303;1.0789979539899
-0.16667773683365314 -0.012717112883085814;1.0719812281159
-0.16587298797315625 -0.012523408507856909;1.0649958074303
-0.16507116617682116 -0.01233211903064736;1.0580417116992
-0.16427226338219322 -0.012143223616179151;1.0511189584586
-0.16347627152274266 -0.011956701464542323;1.0442275630305
-0.16268318252783376 -0.011772531813155344;1.0373675385395
-0.16189298832271 -0.011590693938772184;1.0305388959285
-0.16110568082851487 -0.011411167159470364;1.0237416439761
-0.16032125196227218 -0.011233930836591619;1.0169757893129
-0.15953969363694165 -0.011058964376737285;1.0102413364391
-0.1587609977614212 -0.010886247233743342;1.0035382877414
-0.1579851562406107 -0.01071575891058812;0.9968666435108
-0.1572121609754366 -0.010547478961344026;0.990226401960
-0.15644200386294058 -0.010381386993126242;0.9836175592421
-0.15567467679632285 -0.010217462667972672;0.9770401094673
-0.15491017166503385 -0.010055685704775835;0.9704940447223
-0.15414848035484005 -0.009896035881126457;0.9639793550882
-0.1533895947479349 -0.009738493035208027;0.9574960286593
-0.15263350672302756 -0.009583037067639348;0.9510440515614
-0.15188020815543873 -0.009429647943301898;0.9446234079710
-0.1511296909172415 -0.009278305693179383;0.9382340801342
-0.15038194687734585 -0.009128990416097335;0.9318760483857
-0.14963696790164793 -0.008981682280557715;0.9255492911681
-0.1488947458531486 -0.008836361526444625;0.9192537850511
-0.14815527259209885 -0.008693008466786806;0.9129895047512
-0.14741853997612817 -0.008551603489408912;0.9067564231510
-0.14668453986041857 -0.008412127058694355;0.900554511319
-0.1459532640978308 -0.008274559717198725;0.8943837385294
-0.14522470453907063 -0.008138882087271471;0.8882440722815
-0.14449885303285462 -0.008005074872694615;0.8821354783202
-0.14377570142607257 -0.0078731188602636;0.8760579206556
-0.14305524156395658 -0.007742994921309797;0.8700113615829
-0.14233746529026262 -0.007614684013257172;0.8639957617029
-0.14162236444744672 -0.0074881671811475;0.8580110799421
-0.14090993087683928 -0.007363425559059299;0.852057273572
-0.14020015641883898 -0.0072404403715873355;0.8461342982327
-0.13949303291310206 -0.007119192935252061;0.8402421079470
-0.1387885521987246 -0.006999664659884985;0.8343806551467
-0.1380867061144513 -0.006881837049980224;0.8285498906904
-0.13738748649885943 -0.006765691706011746;0.8227497638841
-0.13669088519057587 -0.0066512103257994806;0.8169802225016
-0.13599689402844625 -0.0065383747056450585;0.811241212805
-0.13530550485178566 -0.006427166741673471;0.8055326795660
-0.13461670950054608 -0.00631756843100848;0.7998545660847
-0.13393049981554797 -0.006209561872930038;0.7942068142115
-0.13324686763868626 -0.006103129270003963;0.7885893643671
-0.13256580481313243 -0.005998252929220591;0.7830021555631
-0.13188730318355935 -0.005894915263058356;0.7774451254221
-0.13121135459635969 -0.005793098790527622;0.7719182101987
-0.13053795089984357 -0.005692786138175756;0.7664213447996
-0.12986708394448643 -0.005593960041071606;0.7609544628043
-0.12919874558312439 -0.005496603343759677;0.7555174964854
-0.1285329276711712 -0.005400699001146466;0.7501103768287
-0.12786962206685681 -0.005306230079402119;0.7447330335540
-0.12720882063144406 -0.005213179756821309;0.7393853951353
-0.1265505152294383 -0.005121531324615086;0.7340673888210
-0.1258946977288287 -0.005031268187726178;0.7287789406543
-0.12524136000129676 -0.004942373865555934;0.7235199754933
-0.12459049392244838 -0.004854831992686127;0.7182904170312
-0.12394209137203434 -0.004768626319595228;0.713090187816
-0.12329614423417161 -0.0046837407132574015;0.7079192092723
-0.12265264439756557 -0.004600159157800276;0.7027774017180
-0.12201158375575355 -0.004517865755146835;0.6976646843878
-0.12137295420730125 -0.004436844725474053;0.6925809754508
-0.12073674765604125 -0.004357080407803524;0.6875261920312
-0.12010295601129661 -0.004278557260510269;0.6825002502278
-0.11947157118809842 -0.004201259861758699;0.677503065133
-0.11884258510741492 -0.004125172909939663;0.6725345508563
-0.11821598969636386 -0.004050281224089731;0.6675946205356
-0.11759177688844827 -0.00397656974427383;0.6626831863654
-0.11696993862376771 -0.0039040235319031196;0.6578001596111
-0.11635046684924225 -0.003832627770099179;0.6529454506300
-0.11573335351882667 -0.003762367763900063;0.6481189688898
-0.11511859059374085 -0.003693228940595637;0.6433206229882
-0.11450617004267412 -0.0036251968499228094;0.6385503206713
-0.11389608384201465 -0.0035582571642595925;0.6338079688533
-0.11328832397605658 -0.003492395678808468;0.6290934736344
-0.11268288243721575 -0.0034275983117224053;0.6244067403202
-0.11207975122625172 -0.0033638511042568047;0.6197476734397
-0.11147892235247392 -0.0033011402207986716;0.6151161767645
-0.1108803878339574 -0.0032394519490140296;0.610512153326
-0.11028413969775451 -0.003178772699797889;0.6059355054358
-0.109690169980089 -0.003119089007323457;0.601386134700
-0.10909847072658539 -0.0030603875290326423;0.5968639420436
-0.10850903399246466 -0.0030026550455769306;0.5923688277197
-0.1079218518427536 -0.0029458784607733746;0.5879006913352
-0.10733691635248062 -0.002890044801473447;0.58345943186
-0.10675421960689373 -0.002835141217502282;0.5790449476675
-0.10617375370164366 -0.0027811549814640204;0.5746571365079
-0.10559551074299248 -0.0027280734886357305;0.5702958955696
-0.10501948284801514 -0.002675884256736355;0.5659611214742
-0.10444566214478881 -0.002624574925737504;0.5616527102980
-0.10387404077258927 -0.00257413325763243;0.5573705575889
-0.10330461088208384 -0.0025245471362001348;0.553114558383
-0.10273736463552907 -0.0024758045667366254;0.5488846072218
-0.10217229420694918 -0.0024278936757067787;0.5446805981676
-0.10160939178233332 -0.002380802710492928;0.5405024248208
-0.10104864955981405 -0.0023345200390544932;0.5363499803357
-0.10049005974985968 -0.002289034149544906;0.5322231574364
-0.09993361457545367 -0.0022443336499691777;0.528121848433
-0.0993793062722722 -0.0022004072677984923;0.5240459452381
-0.09882712708886277 -0.0021572438495138825;0.5199953393799
-0.09827706928683466 -0.002114832360255093;0.5159699220205
-0.09772912514101884 -0.002073161883314805;0.5119695839699
-0.09718328693964008 -0.002032221619737816;0.5079942157012
-0.09663954698450179 -0.001992000887783911;0.5040437073657
-0.09609789759114598 -0.0019524891224769175;0.5001179488078
-0.0955583310890184 -0.0019136758750821698;0.4962168295799
-0.09502083982165178 -0.001875550812605028;0.49234023895666
-0.09448541614680417 -0.0018381037172454332;0.48848806594943
-0.09395205243663701 -0.0018013244858269533;0.48466019932071
-0.09342074107786984 -0.0017652031292466077;0.4808565275980
-0.09289147447194067 -0.0017297297718990054;0.4770769390881
-0.09236424503515926 -0.0016948946511210873;0.4733213218903
-0.09183904519885852 -0.001660688116508995;0.46958956391062
-0.0913158674095549 -0.0016271006293852323;0.4658815528748
-0.09079470412908625 -0.0015941227621007006;0.46219717634193
-0.09027554783476689 -0.0015617451974776007;0.4585363217173
-0.089758391019531 -0.0015299587280870666;0.4548988762658
-0.08924322619207505 -0.0014987542556026056;0.4512847271243
-0.08873004587700993 -0.0014681227902014519;0.44769376131456
-0.08821884261497334 -0.0014380554497726349;0.44412586575552
-0.08770960896280407 -0.0014085434593305052;0.44058092727604
-0.0872023374936406 -0.0013795781502348567;0.4370588326266
-0.08669702079708444 -0.0013511509595514671;0.4335594684920
-0.08619365147930878 -0.0013232534293025964;0.43008272150217
-0.08569222216320622 -0.0012958772057557774;0.4266284782449
-0.08519272548849778 -0.0012690140386952048;0.42319662527694
-0.08469515411187066 -0.0012426557806942216;0.41978704913520
-0.08419950070710097 -0.0012167943863332113;0.4163996363483
-0.08370575796516416 -0.0011914219114834157;0.4130342734477
-0.08321391859436411 -0.0011665305125546186;0.4096908469780
-0.0827239753204399 -0.0011421124457159284;0.4063692435083
-0.0822359208866966 -0.0011181600661638136;0.40306934964260
-0.08174974805409856 -0.0010946658272889657;0.39979105203003
-0.08126544960139465 -0.0010716222799552588;0.3965342373753
-0.08078301832521396 -0.0010490220716774645;0.39329879244897
-0.08030244704018846 -0.0010268579459017195;0.39008460409682
-0.0798237285790412 -0.0010051227411197654;0.38689155925023
-0.0793468557927017 -0.0009838093901600674;0.38371954493556
-0.07887182155039742 -0.0009629109193590155;0.380568448283
-0.07839861873975199 -0.0009424204477512877;0.3774381565389
-0.07792724026689041 -0.0009223311862886225;0.37432855706920
-0.07745767905652573 -0.0009026364370220565;0.37123953737381
-0.07698992805205028 -0.0008833295923125181;0.36817098509314
-0.07652398021563402 -0.0008644041340141113;0.3651227880170
-0.0760598285283047 -0.0008458536326578864;0.3620948340934
-0.07559746599004045 -0.0008276717466360768;0.3590870114367
-0.07513688561985188 -0.0008098522214238738;0.3560992083359
-0.07467808045585653 -0.0007923888887367087;0.3531313132630
-0.07422104355537837 -0.0007752756657157598;0.35018321488075
-0.07376576799501203 -0.0007585065541509399;0.3472548020502
-0.07331224687069207 -0.0007420756395929646;0.3443459638387
-0.07286047329779755 -0.0007259770906326983;0.34145658952771
-0.07241044041119388 -0.0007102051580231804;0.33858656861918
-0.07196214136531522 -0.0006947541738761572;0.33573579084364
-0.07151556933423946 -0.0006796185508960129;0.3329041461669
-0.07107071751175105 -0.0006647927814841558;0.3300915247973
-0.07062757911140177 -0.0006502714370198786;0.3272978171919
-0.07018614736658434 -0.0006360491669931017;0.3245229140638
-0.0697464155305841 -0.0006221206982115534;0.3217667063880
-0.06930837687664618 -0.0006084808339896404;0.31902908540848
-0.0688720246980283 -0.0005951244533746364;0.316309942643
-0.06843735230806167 -0.0005820465102988973;0.3136091698934
-0.06800435304020995 -0.0005692420328342886;0.31092665924402
-0.06757302024810925 -0.0005567061223262496;0.3082623030747
-0.06714334730562362 -0.0005444339526671465;0.3056159940632
-0.06671532760690628 -0.0005324207694677899;0.30298762519107
-0.06628895456642957 -0.0005206618892847605;0.3003770897493
-0.06586422161904283 -0.0005091526988107989;0.29778428134396
-0.06544112222002138 -0.0004978886541395333;0.29520909390057
-0.06501964984509165 -0.00048686527990052036;0.2926514216698
-0.06459979799047953 -0.00047607816857989267;0.29011115923249
-0.06418156017295719 -0.0004655229796834841;0.28758820150369
-0.06376492992987608 -0.0004551954390020864;0.28508244373818
-0.063349900819201 -0.0004450913378119068;0.2825937815346
-0.06293646641954521 -0.000435206532149324;0.28012211083997
-0.06252462033020172 -0.00042553694201155975;0.27766732795402
-0.06211435617118046 -0.00041607855065945896;0.2752293295333
-0.06170566758323936 -0.00040682740382762744;0.27280801259580
-0.06129854822788951 -0.00039777960895320634;0.27040327452379
-0.060892991787457794 -0.0003889313345160131;0.2680150130688
-0.06048899196508707 -0.0003802788092118388;0.26564312635510
-0.06008654248476688 -0.00037181832129274474;0.2632875128827
-0.05968563709135555 -0.00036354621782396917;0.2609480715318
-0.05928626955059863 -0.00035545890391308133;0.25862470156558
-0.05888843364915587 -0.00034755284203193544;0.25631730263367
-0.058492123194605006 -0.00033982455131086465;0.25402577477547
-0.058097332015471174 -0.00033227060679583907;0.2517500184231
-0.05770405396123322 -0.0003248876387798664;0.24948993440462
-0.05731228290234826 -0.00031767233210662385;0.24724542394662
-0.056922012730250736 -0.00031062142544631833;0.24501638867726
-0.056533237357367414 -0.00030373171060868714;0.2428027306288
-0.05614595071712867 -0.000297000031883863;0.2406043522406
-0.055760146763981076 -0.0002904232853740069;0.23842115636087
-0.055375819473384325 -0.00028399841826006557;0.2362530462498
-0.05499296284182633 -0.0002777224282076685;0.2340999255816
-0.05461157088681785 -0.0002715923626617782;0.23196169844673
-0.0542316376469029 -0.0002656053182062877;0.2298382693539
-0.05385315718165829 -0.0002597584398958288;0.22772954323245
-0.053476123571684894 -0.0002540489206154307;0.2256354254339
-0.053100530918628985 -0.00024847400047729994;0.22355582173426
-0.052726373345163925 -0.00024303096615271242;0.2214906383354
-0.05235364499498279 -0.00023771715023175092;0.2194397818670
-0.05198234003279942 -0.0002325299305830658;0.21740315938808
-0.0516124526443531 -0.00022746672982493972;0.21538067838855
-0.0512439770363857 -0.00022252501461090353;0.21337224679066
-0.05087690743664882 -0.00021770229510084148;0.21137777295041
-0.05051123809387858 -0.00021299612429301289;0.20939716565878
-0.050146963277800424 -0.00020840409747664633;0.20743033414300
-0.04978407727910399 -0.00020392385161963617;0.20547718806764
-0.04942257440945027 -0.00019955306480262184;0.20353763753578
-0.04906244900143212 -0.0001952894556067145;0.20161159308985
-0.0487036954085886 -0.00019113078258469883;0.19969896571275
-0.048346308005367856 -0.00018707484366733328;0.19779966682854
-0.0479902811871151 -0.0001831194755882096;0.19591360830328
-0.047635609370059326 -0.00017926255335499143;0.19404070244572
-0.04728228699130354 -0.000175501989692843;0.19218086200809
-0.04693030850878514 -0.00017183573448786827;0.19033400018644
-0.04657966840127078 -0.00016826177426765342;0.18850003062138
-0.04623036116832849 -0.0001647781316447245;0.1866788673983
-0.04588238133031044 -0.00016138286479710755;0.18487042504827
-0.04553572342832486 -0.00015807406695817;0.1830746185475
-0.045190382024209066 -0.0001548498658786493;0.18129136331844
-0.0448463517005177 -0.0001517084233443294;0.17952057522957
-0.04450362706048597 -0.0001486479346288094;0.177762170595
-0.04416220272800571 -0.00014566662803901337;0.17601606617790
-0.043822073347600105 -0.00014276276440506507;0.17428217918384
-0.04348323358438992 -0.00013993463655162107;0.17256042726746
-0.04314567812407252 -0.0001371805688897644;0.17085072852908
-0.04280940167287819 -0.00013449891684198041;0.1691530015152
-0.04247439895755812 -0.00013188806648970034;0.1674671652184
-0.042140664725340254 -0.00012934643399828614;0.16579313907709
-0.04180819374390015 -0.00012687246521821499;0.16413084297520
-0.04147698080132807 -0.0001244646352028063;0.16248019724192
-0.04114702070609452 -0.00012212144775377283;0.1608411226512
-0.040818308287014354 -0.00011984143498532178;0.15921354042179
-0.040490838393221026 -0.00011762315689753263;0.1575973722159
-0.04016460589411349 -0.0001154652009219173;0.15599254013968
-0.03983960567933681 -0.00011336618148553005;0.1543989667419
-0.039515832658737655 -0.00011132473961217372;0.15281657501400
-0.03919328176232291 -0.00010933954247724095;0.15124528838884
-0.038871947940226095 -0.0001074092830089251;0.14968503074053
-0.03855182616266275 -0.0001055326794430657;0.14813572638339
-0.03823291141990527 -0.00010370847499855108;0.14659730007144
-0.03791519872221858 -0.00010193543739507374;0.14506967699741
-0.03759868309984333 -0.00010021235850071603;0.1435527827920
-0.03728335960293758 -9.853805391462312e-05;0.14204654352324
-0.03696922330154251 -9.69113626516855e-05;0.14055088569501
-0.036656269285534705 -9.533114665102715e-05;0.13906573624672
-0.03634449266458836 -9.379629049778454e-05;0.13759102255202
-0.03603388856812637 -9.230570101505848e-05;0.13612667241790
-0.035724452145285995 -9.085830690223426e-05;0.13467261408366
-0.035416178564852296 -8.945305835475603e-05;0.13322877621977
-0.03510906301523421 -8.808892673954283e-05;0.1317950879268
-0.03480310070441766 -8.676490425185872e-05;0.13037147873461
-0.03449828685990282 -8.54800035350898e-05;0.12895787860052
-0.034194616728674535 -8.423325733761593e-05;0.12755421790881
-0.033892085577135814 -8.302371820677702e-05;0.12616042746914
-0.03359068869108602 -8.185045814574615e-05;0.1247764385154
-0.03329042137564818 -8.071256827040335e-05;0.1234021827046
-0.03299127895523627 -7.960915851257721e-05;0.1220375921153
-0.032693256773494904 -7.853935725837298e-05;0.12068259924658
-0.03239635019326259 -7.750231105141515e-05;0.11933713701644
-0.03210055459650744 -7.649718433318467e-05;0.11800113876071
-0.03180586538429097 -7.552315908134826e-05;0.11667453823153
-0.031512277976702086 -7.457943447590868e-05;0.11535726959595
-0.031219787812819044 -7.366522667663685e-05;0.11404926743454
-0.03092839035065317 -7.277976848922284e-05;0.11275046673996
-0.030638081067095046 -7.192230909634137e-05;0.11146080291544
-0.03034885545787018 -7.109211375162385e-05;0.11018021177343
-0.030060709037471656 -7.028846348290402e-05;0.10890862953391
-0.02977363733912073 -6.951065486965173e-05;0.10764599282302
-0.029487635914715978 -6.87579997276722e-05;0.10639223867153
-0.029202700334764003 -6.80298248308994e-05;0.10514730451317
-0.028918826188340355 -6.73254716702836e-05;0.10391112818319
-0.028636009083027342 -6.664429619413193e-05;0.10268364791669
-0.028354244644868097 -6.598566852990252e-05;0.10146480234710
-0.028073528518297548 -6.534897275236584e-05;0.10025453050448
-0.02779385636610806 -6.47336066146725e-05;0.09905277181398
-0.027515223869371164 -6.413898128869459e-05;0.09785946609412
-0.02723762672740085 -6.356452116100803e-05;0.09667455355520
-0.026961060657695973 -6.300966357323407e-05;0.09549797479765
-0.02668552139587111 -6.247385857165456e-05;0.09432967081027
-0.026411004695610384 -6.195656869392108e-05;0.09316958296858
-0.026137506328616524 -6.14572687279438e-05;0.0920176530331
-0.025865022084536813 -6.097544548932732e-05;0.09087382314795
-0.025593547770928003 -6.05105976080801e-05;0.08973803583838
-0.025323079213186543 -6.0062235315323984e-05;0.08861023400985
-0.02505361225449473 -5.962988019290983e-05;0.0874903609458
-0.024785142755759756 -5.921306498794759e-05;0.08637836030631
-0.024517666595561746 -5.8811333390242486e-05;0.08527417612572
-0.02425117967009004 -5.842423983755169e-05;0.08417775281146
-0.023985677893095324 -5.8051349320841015e-05;0.08308903514202
-0.02372115719583226 -5.769223718026824e-05;0.08200796826527
-0.023457613526981183 -5.7346488864072544e-05;0.0809344976965
-0.02319504285261082 -5.701369979874562e-05;0.0798685693168
-0.0229334411561154 -5.669347515719469e-05;0.07881012937141
-0.022672804438158303 -5.6385429719640185e-05;0.07775912446734
-0.0224131287166016 -5.608918761395842e-05;0.07671550157222
-0.02215441002646271 -5.580438221367321e-05;0.07567920801214
-0.02189664441985003 -5.5530655878298604e-05;0.07465019146995
-0.021639827965898136 -5.526765984205706e-05;0.07362839998335
-0.021383956750725467 -5.501505402840996e-05;0.07261378194319
-0.021129026877350323 -5.477250683676769e-05;0.0716062860914
-0.020875034465661354 -5.453969504048138e-05;0.0706058615198
-0.020621975652334888 -5.431630356427958e-05;0.0696124576671
-0.02036984659079069 -5.410202536371309e-05;0.0686260243185
-0.02011864345112658 -5.389656123968548e-05;0.06764651160267
-0.01986836242005938 -5.369961969935105e-05;0.06667386999045
-0.0196189997008699 -5.351091677991886e-05;0.0657080502930
-0.019370551513338177 -5.333017590027722e-05;0.06474900366007
-0.019123014093694147 -5.3157127740438506e-05;0.0637966815776
-0.018876383694553966 -5.2991510083890234e-05;0.06285103586676
-0.018630656584855763 -5.283306762285219e-05;0.06191201868120
-0.018385829049801572 -5.2681551874815174e-05;0.060979582505851
-0.01814189739081003 -5.2536721015618595e-05;0.0600536801548
-0.017898857925452427 -5.2398339777442275e-05;0.05913426476969
-0.017656706987388075 -5.2266179254063664e-05;0.058221289817517
-0.017415440926312666 -5.214001683594352e-05;0.057314709089123
-0.017175056107889948 -5.2019635987662705e-05;0.05641447669718
-0.016935548913716857 -5.19048262386487e-05;0.055520547074525
-0.016696915741230944 -5.1795382932792024e-05;0.05463287497211
-0.016459153003685365 -5.1691107209899226e-05;0.05375141545738
-0.016222257130073008 -5.159180580167669e-05;0.05287612391236
-0.015986224565077135 -5.1497290985363245e-05;0.05200695603186
-0.01575105176900528 -5.140738038898739e-05;0.051143867821604
-0.015516735217740564 -5.1321896954273407e-05;0.05028681559650
-0.015283271402685284 -5.1240668760445524e-05;0.04943575597881
-0.015050656830699165 -5.116352894076669e-05;0.048590645896336
-0.014818888024043533 -5.109031554343661e-05;0.04775144258058
-0.014587961520331432 -5.10208714759509e-05;0.0469181035650
-0.014357873872470027 -5.095504436599915e-05;0.0460905866834
-0.014128621648602097 -5.089268643163637e-05;0.04526885006773
-0.013900201432055698 -5.083365445346259e-05;0.04445285214664
-0.01367260982129287 -5.077780958915355e-05;0.04364255164368
-0.01344584342985286 -5.0725017336366825e-05;0.04283790757548
-0.013219898886294391 -5.06751473843664e-05;0.04203887924996
-0.012994772834159608 -5.062807356765531e-05;0.041245426264730
-0.012770461931905303 -5.058367375469405e-05;0.04045750850518
-0.012546962852864867 -5.054182973661902e-05;0.03967508614290
-0.012324272285197873 -5.050242714378131e-05;0.03889811963390
-0.012102386931840896 -5.0465355408652824e-05;0.03812656971693
-0.011881303510459552 -5.0430507580357e-05;0.03736039741179
-0.011661018753401734 -5.0397780315395326e-05;0.03659956401761
-0.011441529407663345 -5.036707378491268e-05;0.03584403111128
-0.011222832234839365 -5.033829156341576e-05;0.035093760545738
-0.011004924011080596 -5.031134055458535e-05;0.03434871444832
-0.010787801527069638 -5.028613092636205e-05;0.033608855219231
-0.010571461587968595 -5.0262576027485104e-05;0.032874145529
-0.010355901013401806 -5.024059232257814e-05;0.032144548321337
-0.010141116637417059 -5.0220099280867575e-05;0.03142002680280
-0.009927105308465954 -5.020101932981529e-05;0.03070054445008
-0.009713863889380827 -5.018327778093092e-05;0.02998606500408
-0.009501389257354947 -5.016680274631064e-05;0.029276552469362
-0.009289678303941827 -5.0151525092269865e-05;0.028571971112754
-0.009078727935037462 -5.013737832806163e-05;0.027872285461942
-0.008868535070883879 -5.012429858732971e-05;0.027177460304130
-0.008659096646100725 -5.011222454464738e-05;0.026487460684872
-0.00845040960967041 -5.010109732278279e-05;0.025802251906707
-0.008242470924998635 -5.009086048342548e-05;0.025121799528164
-0.00803527756994195 -5.0081459897357905e-05;0.02444606936261
-0.007828826536872282 -5.007284374445538e-05;0.023775027477356
-0.007623114832758054 -5.0064962420951446e-05;0.023108640192766
-0.0074181394792573905 -5.005776848379711e-05;0.022446874081591
-0.00721389751283461 -5.005121659502001e-05;0.021789695968330
-0.007010385984924756 -5.004526345681017e-05;0.02113707292891
-0.006807601962114553 -5.003986780224655e-05;0.020488972290532
-0.0066055425263712745 -5.0034990265468505e-05;0.0198453616316
-0.0064042047753261975 -5.0030593381675807e-05;0.019206208782566
-0.0062035858226170484 -5.002664149439397e-05;0.0185714818259
-0.006003682798305104 -5.002310077402121e-05;0.017941149098273
-0.005804492849389321 -5.001993907872644e-05;0.017315179191506
-0.005606013140421839 -5.001712596372273e-05;0.016693540955547
-0.005408240854287678 -5.0014632634900005e-05;0.016076203501587
-0.005211173193139372 -5.001243184681691e-05;0.015463136206445
-0.005014807379569499 -5.001049786560695e-05;0.01485430871823
-0.004819140658067933 -5.000880653389274e-05;0.014249690963847
-0.004624170296824094 -5.0007335057496326e-05;0.013649253158359
-0.004429893590021943 -5.000606207962688e-05;0.013052965817468
-0.004236307860737092 -5.00049675788726e-05;0.012460799773435
-0.004043410464646259 -5.000403285992722e-05;0.011872726195889
-0.0038511987948061164 -5.0003240497949255e-05;0.011288716619006
-0.003659670287904094 -5.0002574292194644e-05;0.010708742977403
-0.003468822432481817 -5.000201923819636e-05;0.010132777653854
-0.003278652779945233 -5.00015614535767e-05;0.009560793543545
-0.0030891589594703537 -5.0001188178047266e-05;0.008992764141645
-0.0029003386985286908 -5.0000887727041645e-05;0.008428663664489
-0.0027121898516419035 -5.0000649445348095e-05;0.00786846722007
-0.002524710441460061 -5.0000463660742195e-05;0.007312151052627
-0.0023378987188141342 -5.000032165616647e-05;0.006759692901475
-0.0021517532527159993 -5.000021562336304e-05;0.006211072540949
-0.001966273069308108 -5.000013866287365e-05;0.005666272617357
-0.0017814578737511714 -5.0000084691305004e-05;0.005125279991759
-0.0015973084190542177 -5.000004843205528e-05;0.004588087984014
-0.0014138271490085506 -5.0000025378220286e-05;0.00405470031038
-0.0012310193856082978 -5.000001178332e-05;0.0035251384162542
-0.0010488956848214563 -5.000000456856392e-05;0.002999456181658
-0.0008674769573787155 -5.000000128575717e-05;0.002477772359387
-0.0006868070311480131 -5.000000017294132e-05;0.0019603518459554
-0.0005069891412398725 -4.999999998747201e-05;0.0014478496125462
-0.0003283228623950085 -4.999999999674548e-05;0.0009422810322128
-0.00015210988611462297 -5.000000001529241e-05;0.0004535616283511
4.827112462801522e-06 -4.9999999941104683e-05;0.00014214607113061
-0.0001127666161806904 -5.000000081281043e-05;0.00034930413707456
1.5249837306378626e-05 -4.9999995934967634e-05;0.0001479255857930
-0.00011562155050939695 -5.000005340263274e-05;0.0003567184732844
1.5651942865700476e-05 -4.9999739672024666e-05;0.00014826100909814
-0.00011564417172466039 -5.000341169539407e-05;0.00035678111862225
1.5628389785050177e-05 -4.998337210759511e-05;0.00014819687208600
-0.00011563529905327654 -5.021794651999594e-05;0.0003569998769101
1.5392131546140535e-05 -4.8937693173388225e-05;0.00014517185286422
-0.0001166307641111724 -6.39437054842662e-05;0.0003766788328896
2.7470651800609125e-06 1.6961144413171704e-05;4.860636236259097e
-0.00015219696142953747 -0.0007188408858614392;0.0020926375633116
-0.00012686058455615968 6.333841513764564e-06;0.0003596924762767
5.032326311402651e-05 -0.0002771368889486377;0.0007987921603884
-9.826356442318109e-06 0.0004399942925817569;0.0012499597857278
-2.603981147895217e-05 -0.0002967442307556046;0.0008449076378695
-4.0245406749619085e-05 0.00043066484556752966;0.0012283932475725
-4.4280834924349984e-05 -0.0002996201164494208;0.0008591013541163
-4.764985394924784e-05 0.00041661596614685675;0.0011907324660249
-4.8654396959688053e-05 -0.0003084510439397417;0.0008858147035724
-4.942520497028798e-05 0.0004028319175817384;0.0011523108760904
-4.9679114746925066e-05 -0.0003177979738478587;0.0009125399465546
-4.985768755891352e-05 0.0003903730129576299;0.001117234631930
-4.992251216805352e-05 -0.0003261078139406919;0.0009360158192244
-4.996456739700471e-05 0.00037922253924279546;0.0010857690524979
-4.998117041260512e-05 -0.0003332462296522204;0.0009561287818051
-4.999117713813824e-05 0.00036920886212205196;0.0010575058711168
-4.9995420704818095e-05 -0.00033934141877987265;0.0009732963342550
-4.999781180235485e-05 0.0003601711504904308;0.0010320072974998
-4.999889000240234e-05 -0.0003445402481278402;0.000987942230413
-4.999946108386415e-05 0.0003519776337495034;0.0010089029795388
-4.999973264668599e-05 -0.00034896863806346557;0.0010004215106889
-4.999986849850614e-05 0.0003445211548140302;0.0009878888359722
-4.999993615842578e-05 -0.0003527302619572654;0.001011024932690
-4.999996826056538e-05 0.0003377132688611773;0.0009687131871167
-4.999998491067246e-05 -0.00035591086542915675;0.001019992817411
-4.9999992432166666e-05 0.0003314797327634696;0.0009511646507007
-4.9999996475668304e-05 -0.00035858231774082435;0.001027526719500
-4.999999822137023e-05 0.0003257572955793166;0.0009350631788329
-4.9999999186982557e-05 -0.00036080567324025663;0.0010337980192112
-4.99999995848506e-05 0.00032049140748220125;0.0009202535668322
-4.99999998128424e-05 -0.00036263340557656805;0.0010389541446542
-4.999999990448616e-05 0.000315634551988404;0.0009066007016542
-4.9999999955896074e-05 -0.00036411104889384885;0.0010431231335310
-4.999999997824821e-05 0.0003111450050696332;0.0008939860181165
-4.9999999993894704e-05 -0.0003652784241004098;0.0010464170413726
-4.9999999998365134e-05 0.00030698589192236595;0.0008823048019728
-4.9999999998365134e-05 -0.00036617057353736834;0.0010489345409361
-4.9999999998365134e-05 0.00030312445571151317;0.0008714640972868
-5.0000000000600345e-05 -0.00036681848722828857;0.001050762943730
-5.0000000000600345e-05 0.00029953147957293547;0.000861381051485
-5.0000000000600345e-05 -0.00036724967773547266;0.0010519798017618
-5.0000000000600345e-05 0.0002961808220099499;0.0008519815843186
-5.0000000000600345e-05 -0.00036748864324070535;0.0010526541991033
-5.0000000000600345e-05 0.00029304903657075915;0.0008431992980142
-5.0000000000600345e-05 -0.0003675572468209472;0.0010528478109605
-5.0000000000600345e-05 0.00029011505594042875;0.0008349745718376
-5.0000000000600345e-05 -0.00036747503181337916;0.001052615785269
-5.0000000000600345e-05 0.00028735992562974754;0.0008272537988531
-5.0000000000600345e-05 -0.0003672594876210033;0.001052007486553
-5.0000000000600345e-05 0.0002847665764511681;0.0008199887339799
-5.0000000000600345e-05 -0.0003669262767615576;0.0010510671320460
-5.0000000000600345e-05 0.00028231962781233056;0.0008131359306347
-5.0000000000600345e-05 -0.00036648943077441674;0.0010498343411917
-5.0000000000600345e-05 0.00028000521609495335;0.0008066562494732
-4.9999999998365134e-05 -0.00036596152100062566;0.001048344615085
-4.9999999998365134e-05 0.00027781084335025316;0.0008005144256379
-5.0000000000600345e-05 -0.0003653538087128667;0.0010466297584308
-5.0000000000600345e-05 0.00027572524317673845;0.0007946786854731
-4.9999999998365134e-05 -0.0003646763778528276;0.0010447182528636
-4.9999999998365134e-05 0.00027373826093617315;0.0007891204044980
-5.0000000000600345e-05 -0.00036393825330450553;0.001042635589922
-4.9999999996129916e-05 0.00027184074628722356;0.0007838138009184
-5.0000000000600345e-05 -0.0003631475065692127;0.001040404568723
-5.0000000000600345e-05 0.00027002445652650047;0.000778735660194
-5.0000000000600345e-05 -0.0003623113504722664;0.001038045562950
-5.0000000000600345e-05 0.0002682819693286739;0.0007738650866286
-5.0000000000600345e-05 -0.000361436224598287;0.001035576761783
-5.0000000000600345e-05 0.0002666066036771753;0.0007691832785496
-5.0000000000600345e-05 -0.0003605278721184126;0.001033014386724
-5.0000000000600345e-05 0.00026499234835316584;0.0007646733251469
-5.0000000000600345e-05 -0.00035959140931132526;0.0010303728878078
-5.0000000000600345e-05 0.0002634337969822504;0.0007603200221062
-5.0000000000600345e-05 -0.0003586313883654274;0.001027665121004
-5.0000000000600345e-05 0.00026192608918707336;0.0007561097047563
-5.0000000000600345e-05 -0.0003576518540845481;0.0010249025083517
-5.0000000000600345e-05 0.00026046485709593743;0.0007520300965104
-5.0000000000600345e-05 -0.0003566563953887576;0.0010220951835009
-5.0000000000600345e-05 0.00025904617686720114;0.0007480701716140
-5.0000000000600345e-05 -0.00035564819172112684;0.0010192521228375
-5.0000000000600345e-05 0.00025766652457673143;0.000744220030394
-5.0000000000600345e-05 -0.0003546300552104391;0.0010163812646872
-5.0000000000600345e-05 0.0002563227364037127;0.0007404707866918
-5.0000000000600345e-05 -0.0003536044686345776;0.001013489616585
-5.0000000000600345e-05 0.00025501197239335814;0.000736814465515
-5.0000000000600345e-05 -0.000352573619789699;0.0010105833524960
-5.0000000000600345e-05 0.0002537316837306871;0.0007332439106271
-5.0000000000600345e-05 -0.0003515394326212002;0.001007667900779
-4.9999999998365134e-05 0.00025247958304177876;0.0007297527007956
-4.9999999998365134e-05 -0.00035050359516613675;0.0010047480232096
-5.0000000000600345e-05 0.0002512536175965099;0.0007263350741908
-5.0000000000600345e-05 -0.00034946758494597865;0.001001827886799
-4.9999999996129916e-05 0.00025005194506880554;0.0007229858601043
-4.999999999836513e-05 -0.0003484326916519172;0.0009989111278798
-4.999999999836513e-05 0.00024887291167353373;0.0007197004173526
-5.000000000060034e-05 -0.0003474000376998305;0.00099600091028
-5.000000000060034e-05 0.000247715032472345;0.0007164745788266
-5.000000000060034e-05 -0.0003463705966899059;0.0009930999774958
-5.000000000060034e-05 0.00024657697356524354;0.0007133046013727
-5.000000000060034e-05 -0.00034534520996260123;0.0009902106994594
-5.000000000060034e-05 0.0002454575361389877;0.0007101871209336
-5.000000000060034e-05 -0.00034432460151089976;0.0009873351147433
-4.999999999836513e-05 0.0002443556420089504;0.0007071191118690
-5.000000000060034e-05 -0.0003433093913391754;0.0009844749682983
-5.000000000060034e-05 0.00024327032079086676;0.0007040978509351
-4.999999999836513e-05 -0.0003423001073773086;0.0009816317451480
-5.000000000060034e-05 0.0002422006982662394;0.0007011208845497
-4.999999999836513e-05 -0.0003412971962047561;0.0009788067006795
-5.000000000060034e-05 0.00024114598598796614;0.0006981859996209
-5.000000000060034e-05 -0.00034030103265493967;0.0009760008877854
-4.999999999836513e-05 0.0002401054719660542;0.0006952911973918
-4.999999999836513e-05 -0.00033931192826624834;0.0009732151807533
-4.999999999836513e-05 0.00023907851235148886;0.0006924346700927
-5.000000000060034e-05 -0.00033833013899948274;0.0009704502970713
-4.999999999836513e-05 0.00023806452395670096;0.0006896147799544
-4.999999999836513e-05 -0.0003373558719755395;0.0009677068164641
-5.000000000060034e-05 0.00023706297763869565;0.0006868300406281
-5.000000000060034e-05 -0.0003363892915302145;0.0009649851979887
-5.000000000060034e-05 0.00023607339231558768;0.0006840791004343
-4.999999999836513e-05 -0.0003354305245576288;0.0009622857951328
-4.999999999836513e-05 0.00023509532973313836;0.0006813607276576
-5.000000000060034e-05 -0.00033447966530110055;0.0009596088693406
-5.000000000060034e-05 0.00023412838967694637;0.0006786737971609
-4.999999999836513e-05 -0.00033353677957489693;0.0009569546019392
-4.999999999836513e-05 0.00023317220583637786;0.0006760172787458
-5.000000000060034e-05 -0.0003326019084998034;0.0009543231046826
-5.000000000060034e-05 0.00023222644202020932;0.0006733902266056
-5.000000000060034e-05 -0.0003316750717988326;0.0009517144290533
-5.000000000060034e-05 0.00023129078888791695;0.0006707917701191
-5.000000000060034e-05 -0.00033075627076124765;0.0009491285746356
-5.000000000060034e-05 0.0002303649609580525;0.0006682211054922
-5.000000000060034e-05 -0.00032984549080395726;0.0009465654963456
-4.999999999612991e-05 0.00022944869402301136;0.0006656774885378
-4.999999999836512e-05 -0.0003289427036736098;0.0009440251106163
-4.999999999836512e-05 0.0002285417428348168;0.000663160228167
-5.000000000283555e-05 -0.0003280478695505639;0.000941507301376
-5.000000000283555e-05 0.00022764387902044983;0.0006606686805703
-5.000000000060034e-05 -0.0003271609387542012;0.0009390119248458
-5.000000000060034e-05 0.00022675488933510737;0.0006582022443097
-4.999999999836513e-05 -0.0003262818532395898;0.0009365388137254
-5.000000000060034e-05 0.00022587457395253035;0.0006557603555741
-5.000000000060034e-05 -0.0003254105480299914;0.0009340877812960
-5.000000000060034e-05 0.00022500274511923056;0.0006533424843695
-4.999999999836513e-05 -0.00032454695234853287;0.0009316586245482
-4.999999999836513e-05 0.00022413922588046807;0.0006509481309926
-4.999999999836513e-05 -0.0003236909906153361;0.0009292511270295
-4.999999999836513e-05 0.00022328384893911482;0.0006485768228081
-5.000000000060034e-05 -0.00032284258340263447;0.0009268650615368
-5.000000000060034e-05 0.0002224364557342322;0.0006462281117016
-5.000000000060034e-05 -0.0003220016481478716;0.0009245001921023
-4.999999999836513e-05 0.00022159689552180023;0.0006439015714718
-5.000000000060034e-05 -0.00032116809987791116;0.0009221562760473
-5.000000000060034e-05 0.00022076502462220368;0.0006415967957700
-5.000000000060034e-05 -0.0003203418517925564;0.0009198330656339
-5.000000000060034e-05 0.00021994070576279555;0.000639313396227
-5.000000000060034e-05 -0.00031952281568960417;0.0009175303092519
-4.999999999836513e-05 0.00021912380750037011;0.0006370510008437
-5.000000000060034e-05 -0.0003187109025142109;0.0009152477529532
-5.000000000060034e-05 0.00021831420360538678;0.0006348092522934
-5.000000000060034e-05 -0.0003179060226628795;0.0009129851413334
-5.000000000060034e-05 0.00021751177268815222;0.0006325878068444
-5.000000000060034e-05 -0.0003171080862972416;0.0009107422183909
-5.000000000060034e-05 0.00021671639777046716;0.0006303863331886
-4.999999999836513e-05 -0.00031631700363388447;0.0009085187283552
-5.000000000060034e-05 0.00021592796589846487;0.0006282045113330
-5.000000000060034e-05 -0.00031553268517686765;0.0009063144163370
-5.000000000060034e-05 0.00021514636782960628;0.0006260420317474
-5.000000000060034e-05 -0.0003147550419072966;0.0009041290288607
-5.000000000060034e-05 0.00021437149776553152;0.0006238985946112
-5.000000000060034e-05 -0.0003139839854172664;0.0009019623142307
-4.999999999836513e-05 0.00021360325310320287;0.0006217739091027
-5.000000000060034e-05 -0.0003132194280828859;0.0008998140230289
-4.999999999836513e-05 0.0002128415341703578;0.000619667692678
-5.000000000060034e-05 -0.00031246128318228745;0.0008976839084446
-5.000000000060034e-05 0.0002120862440589902;0.0006175796705996
-5.000000000060034e-05 -0.00031170946493940536;0.0008955717263923
-5.000000000060034e-05 0.00021133728847541248;0.0006155095754962
-5.000000000060034e-05 -0.00031096388866741774;0.0008934772359090
-5.000000000060034e-05 0.0002105945755067708;0.0006134571467484
-4.999999999836513e-05 -0.0003102244707588184;0.0008914001991406
-4.999999999836513e-05 0.0002098580155771239;0.0006114221303157
-5.000000000060034e-05 -0.0003094911287685257;0.0008893403815513
-5.000000000060034e-05 0.0002091275212199334;0.000609404278161
-5.000000000060034e-05 -0.0003087637814573136;0.0008872975520652
-5.000000000060034e-05 0.0002084030070650023;0.0006074033481517
-5.000000000060034e-05 -0.0003080423487823723;0.0008852714830318
-5.000000000060034e-05 0.00020768438966880409;0.0006054191036106
-5.000000000060034e-05 -0.00030732675194792305;0.0008832619503564
-4.999999999836513e-05 0.0002069715874328726;0.0006034513131076
-4.999999999836513e-05 -0.00030661691340338066;0.00088126873350
-4.999999999836513e-05 0.00020626452054350847;0.0006014997502461
-4.999999999836513e-05 -0.000305912756855108;0.0008792916155400
-4.999999999836513e-05 0.0002055631108868054;0.0005995641934610
-4.999999999836513e-05 -0.0003052142072396409;0.0008773303830302
-4.999999999836513e-05 0.00020486728197203428;0.0005976444257846
-5.000000000060034e-05 -0.0003045211907627147;0.0008753848261626
-4.999999999836513e-05 0.00020417695886294887;0.0005957402346616
-5.000000000283556e-05 -0.0003038336348671242;0.0008734547386595
-5.0000000000600345e-05 0.00020349206813002283;0.000593851411814
-4.9999999998365134e-05 -0.0003031514682080221;0.0008715399176999
-4.9999999998365134e-05 0.00020281253782960742;0.0005919777531602
-5.0000000000600345e-05 -0.00030247462067395744;0.0008696401639838
-5.0000000000600345e-05 0.00020213829740019397;0.0005901190585611
-5.0000000000600345e-05 -0.00030180302333770564;0.0008677552815790
-5.0000000000600345e-05 0.00020146927763126896;0.0005882751317116
-5.0000000000600345e-05 -0.00030113660846582305;0.0008658850779603
-5.0000000000600345e-05 0.00020080541064567266;0.0005864457800832
-5.0000000000600345e-05 -0.0003004753094964602;0.0008640293639459
-5.0000000000600345e-05 0.00020014662982524735;0.0005846308147212
-5.0000000000600345e-05 -0.00029981906101805253;0.0008621879536256
-5.0000000000600345e-05 0.00019949286980791076;0.0005828300502450
-5.0000000000600345e-05 -0.00029916779873590064;0.0008603606642729
-5.0000000000600345e-05 0.00019884406642808433;0.0005810433046740
-5.0000000000600345e-05 -0.00029852145947138574;0.0008585473163442
-5.0000000000600345e-05 0.00019820015668992156;0.0005792703993350
-5.0000000000600345e-05 -0.00029787998114887837;0.000856747733440
-5.0000000000600345e-05 0.00019756107874753487;0.0005775111588341
-5.0000000000600345e-05 -0.0002972433027327376;0.0008549617421138
-5.0000000000600345e-05 0.00019692677184822378;0.0005757654108826
-5.0000000000600345e-05 -0.0002966113642725573;0.0008531891720195
-5.0000000000600345e-05 0.00019629717632057572;0.0005740329862611
-4.9999999998365134e-05 -0.0002959841068162753;0.0008514298556541
-4.9999999998365134e-05 0.00019567223358831382;0.0005723137188482
-5.0000000000600345e-05 -0.00029536147243736734;0.0008496836284237
-5.0000000000600345e-05 0.00019505188602159416;0.0005706074452440
-4.9999999998365134e-05 -0.00029474340419370003;0.0008479503285556
-5.0000000000600345e-05 0.00019443607709009443;0.0005689140051323
-4.9999999998365134e-05 -0.00029412984611154803;0.0008462297970233
-4.9999999998365134e-05 0.00019382475117200507;0.0005672332407975
-5.0000000000600345e-05 -0.0002935207431707158;0.0008445218775143
-5.0000000000600345e-05 0.00019321785362670673;0.00056556499732
-5.0000000000600345e-05 -0.0002929160412712073;0.0008428264163384
-5.0000000000600345e-05 0.00019261533074284965;0.0005639091224090
-5.0000000000600345e-05 -0.00029231568723783735;0.0008411432624448
-5.0000000000600345e-05 0.00019201712973676062;0.0005622654664065
-5.0000000000600345e-05 -0.0002917196287632695;0.0008394722672449
-5.0000000000600345e-05 0.00019142319870195439;0.0005606338821557
-5.0000000000600345e-05 -0.0002911278144383771;0.0008378132847113
-5.0000000000600345e-05 0.0001908334866024673;0.0005590142249651
-5.0000000000600345e-05 -0.000290540193696384;0.0008361661712150
-5.0000000000600345e-05 0.00019024794327276214;0.000557406352616
-5.0000000000600345e-05 -0.00028995671680697815;0.0008345307855002
-5.0000000000600345e-05 0.00018966651936274385;0.0005558101252134
-5.0000000000600345e-05 -0.00028937733486473143;0.000832906988673
-5.0000000000600345e-05 0.00018908916635700579;0.0005542254052279
-4.9999999998365134e-05 -0.00028880199976556747;0.0008312946441080
-4.9999999998365134e-05 0.00018851583651484626;0.0005526520573333
-4.9999999998365134e-05 -0.00028823066418391246;0.0008296936174048
-4.9999999998365134e-05 0.00018794648290250556;0.0005510899484875
-5.0000000000600345e-05 -0.00028766328158661;0.0008281037764170
-4.9999999998365134e-05 0.00018738105933408216;0.0005495389477836
-4.9999999998365134e-05 -0.0002870998061742965;0.0008265249910692
-5.0000000000600345e-05 0.000186819520368065;0.0005479989264323
-5.0000000000600345e-05 -0.00028654019289021677;0.0008249571334317
-4.9999999998365134e-05 0.00018626182132210647;0.0005464697577792
-5.0000000000600345e-05 -0.00028598439740486485;0.000823400077614
-5.0000000000600345e-05 0.00018570791820344954;0.0005449513171562
-4.9999999998365134e-05 -0.0002854323760951776;0.0008218536997510
-5.0000000002835564e-05 0.00018515776773666518;0.0005434434819093
-5.000000000060035e-05 -0.00028488408604204676;0.000820317877987
-5.000000000060035e-05 0.00018461132733715396;0.0005419461313529
-5.000000000060035e-05 -0.00028433948499811983;0.00081879249236
-5.000000000060035e-05 0.00018406855508523663;0.0005404591467090
-4.999999999836514e-05 -0.00028379853136819736;0.0008172774247761
-5.000000000283557e-05 0.00018352940973062116;0.0005389824110686
-5.000000000060036e-05 -0.00028326118423768965;0.0008157725590791
-5.000000000060036e-05 0.00018299385066107647;0.0005375158093521
-5.000000000060036e-05 -0.0002827274033354288;0.000814277780929
-5.000000000060036e-05 0.000182461837889594;0.0005360592282670
-5.000000000060036e-05 -0.00028219714898526654;0.0008127929777010
-5.000000000060036e-05 0.00018193333209534825;0.0005346125563896
-5.000000000060036e-05 -0.0002816703821293927;0.0008113180385080
-4.999999999836515e-05 0.00018140829453391655;0.0005331756839410
-5.000000000060036e-05 -0.000281147064339883;0.0008098528542674
-5.000000000060036e-05 0.00018088668704327584;0.0005317485028015
-5.000000000060036e-05 -0.0002806271577711686;0.0008083973175487
-5.000000000060036e-05 0.0001803684720558435;0.000530330906542
-5.000000000060036e-05 -0.0002801106251544095;0.0008069513225699
-5.000000000060036e-05 0.00017985361261045303;0.0005289227904370
-4.999999999836515e-05 -0.00027959742978611563;0.0008055147651440
-4.999999999836515e-05 0.000179342072270401;0.0005275240512681
-5.000000000060036e-05 -0.0002790875355055383;0.0008040875426402
-5.000000000060036e-05 0.0001788338151598688;0.0005261345874068
-5.000000000060036e-05 -0.0002785809067308222;0.0008026695540621
-5.000000000060036e-05 0.00017832880594722124;0.0005247542987660
-4.999999999836515e-05 -0.0002780775083780546;0.0008012606998413
-5.000000000060036e-05 0.0001778270098405215;0.0005233830867794
-5.000000000060036e-05 -0.00027757730594459327;0.0007998608820614
-5.000000000060036e-05 0.0001773283925421852;0.0005220208543121
-4.999999999836515e-05 -0.00027708026536477944;0.0007984700040424
-4.999999999836515e-05 0.00017683292030348;0.0005206675057607
-4.999999999836515e-05 -0.0002765863531285296;0.0007970879706853
-4.999999999836515e-05 0.0001763405598447084;0.00051932294686
-4.999999999836515e-05 -0.00027609553622498197;0.0007957146883157
-5.000000000060036e-05 0.00017585127838079382;0.0005179870847697
-5.000000000060036e-05 -0.000275607782109988;0.0007943500645879
-5.000000000060036e-05 0.0001753650436178315;0.0005166598280084
-4.999999999836515e-05 -0.00027512305873753117;0.0007929940085595
-5.000000000060036e-05 0.00017488182372085178;0.0005153410864267
-5.000000000060036e-05 -0.000274641334498824;0.0007916464305495
-5.000000000060036e-05 0.00017440158733398827;0.0005140307712210
-4.999999999836515e-05 -0.0002741625782713125;0.000790307242247
-5.000000000060036e-05 0.00017392430356013395;0.0005127287948880
-4.999999999836515e-05 -0.0002736867593639994;0.0007889763565778
-4.999999999836515e-05 0.00017344994194108578;0.0005114350711785
-5.000000000060036e-05 -0.00027321384753223115;0.0007876536877269
-5.000000000060036e-05 0.0001729784724493856;0.0005101495150618
-5.000000000060036e-05 -0.0002727438129809565;0.0007863391511619
-5.000000000060036e-05 0.0001725098654860133;0.000508872042725
-5.000000000060036e-05 -0.00027227662632812327;0.0007850326635328
-5.000000000060036e-05 0.00017204409190672983;0.0005076025716448
-5.000000000060036e-05 -0.0002718122586140072;0.0007837341426721
-5.000000000060036e-05 0.0001715811229344988;0.0005063410203369
-5.000000000060036e-05 -0.00027135068128803137;0.0007824435075924
-5.000000000060036e-05 0.0001711209302261854;0.000505087308550
-5.000000000060036e-05 -0.00027089186621259855;0.0007811606784748
-5.000000000060036e-05 0.00017066348583659593;0.0005038413571689
-5.000000000060036e-05 -0.0002704357856274579;0.0007798855765699
-5.000000000060036e-05 0.00017020876221136177;0.0005026030881793
-4.999999999836515e-05 -0.00026998241217100955;0.0007786181242686
-4.999999999836515e-05 0.0001697567321911698;0.0005013724246794
PointOptimal;ValeurOptimale
[-5.00000000e-05  1.69756732e-04];0.0005013724246794027
Temps;Nb iteration
0.08703398704528809;1000