Point;Valeur
-1.8099554424081896 0.463890769291857;6.624082316040
-1.8203672714915056 0.39860531713377173;6.523091225863
-1.8507498768385484 0.21494983989472558;5.851717796074
-2.0093237644180557 -0.0947098127991203;5.1778544783469
-1.8887778189610147 -0.12348516527927089;5.319980408415
-1.9336453382600138 0.06367094430999959;5.002161488043
-1.9247169441818144 -0.10091158976195538;5.155098914571
-1.9438289010800553 0.059563118727206404;4.981137498347
-1.9360721179943519 -0.12132949246487221;5.242166350150
-1.9291376626547447 0.01417898782711513;4.909993272458
-1.9820842707221917 -0.1254832570785046;5.277713582737
-1.8800743639823887 0.0648291056094813;5.111128189612
-1.9057110200184397 -0.02271086905309158;4.959872807939
-1.9900897583069797 0.11055070230374578;5.212339253919
-1.8553477044232938 -0.08604222024696834;5.2507438711782
-1.8277030625581052 -0.03594449995942181;5.216307893517
-1.9880294515210553 0.0007314586004719334;4.9055499462706
-1.768230488132622 -0.038692805723332356;5.424013396092
-1.6135492009700805 0.007151607205487735;5.66973930739
-1.395783716719357 -0.0015594671911599994;5.192006251655
-0.8602432830769615 0.005711806466661914;2.741102895992
-0.3377976504542466 -0.0028687367691749115;2.3827407327972
-0.18135772984423848 0.05637527471787128;1.278403068935
0.17167465416544692 -0.22823739699434237;2.1541466079448
0.2967279542437489 -0.30653360749913383;3.162112995580
0.23676550328090143 -0.21159286131840316;2.4218332586671
-0.15272930196597215 0.13646716308159396;1.441291057767
-0.297115331204595 0.2459604951559148;2.904708856702
-0.24582600494053014 0.1642480527488823;2.2277380503050
0.16684732466168978 -0.11906735329427129;1.4382259092347
0.3273769428753642 -0.1709849611595577;2.7315699149018
0.2789951708668856 -0.04245441692792368;2.021228899293
-0.14599590501348542 -0.05436712802500168;0.983326662390
-0.2586320204815439 0.015648577201088268;1.8371143311705
-0.04207851081920916 -0.03643118612027225;0.2382409517904
-0.23606410260724298 0.16382331102172756;2.1629331592791
-0.20207884603544854 0.13202235290740041;1.7638588578515
0.19721698943155982 -0.1450482259644759;1.8002604414020
0.3605337749778649 -0.20166631522445239;3.0099779563194
0.3427220592189475 -0.0835868125420092;2.520975869814
0.0172209513572249 0.00047405056047764016;0.05661024189955
0.1951024316209021 -0.08088041162931867;1.4739552506297
0.037242630447427205 0.04918141119714106;0.2732817141738
0.14090173153667762 -0.24295674728030378;2.0940554104768
0.05005551418798644 -0.2933721359084518;2.136377988315
0.00931695214901783 -0.014320016057224494;0.056077693055652
0.03352880886373886 -0.24465694321640868;1.7464958960390
-0.01804846458849483 -0.1808904925104623;1.1977152841589
0.11355110051457701 0.2561838544566446;2.0640041186488
0.05198967833165172 0.48407287331051535;3.072638843939
-0.0035437125213941614 0.6639821890540084;3.236283951382
0.04022664038585653 0.9429654855902825;2.6255298236743
-0.0833670530583959 0.758087192227987;3.181674196661
-0.012391273639861033 0.6062054493308731;3.2502444248664
-0.00855899891810262 0.36815024012042197;2.5581987763070
0.009111530020922631 -0.22310685940817487;1.548099190614
-0.008020212372403565 -0.6501403329867328;3.246736257269
0.03450985156891982 -0.955433371566505;2.612751516304
-0.06700175019752667 -0.7725529080428346;3.1018336235670
0.01051178676435631 -0.6439392066187251;3.2503242030047
-0.011868709647194844 -0.47534052488933;3.0143351822998
0.015132692309599637 -0.07592638177229738;0.3711723147473
-0.05136699830728135 -0.21438295833927384;1.5369382565310
0.05551112044712646 -0.0012604543741619179;0.2370928624036
-0.17819556874656833 -0.19403494279652153;1.9723957129438
-0.16787641272246454 -0.1547104905882011;1.657303260140
0.19298563734248883 0.16624320978560844;1.8940797302082
0.3260514862424222 0.2634792036889472;3.107824455718
0.2779722473883529 0.18115505338220503;2.5051017964890
-0.10552832372387405 -0.09799435245745111;0.8909590929427
-0.20183026115088337 -0.11920732766946376;1.6964140606444
0.056732417229220566 0.08017688945883666;0.5186361276429
-0.03986462289372886 -0.04771830165710583;0.2762147881551
0.17831441678610038 0.2152259579674547;2.1079156632297
0.1757113240508009 0.24992105602126694;2.311351598600
-0.06117671388281637 -0.020955540907242026;0.2907781796059
0.06058450706931087 0.06601910147105366;0.45629809443393
-0.19751830515195454 -0.1795014669100858;2.0023595178017
-0.22592139875459494 -0.1968633532945313;2.2778971277649
0.037808728641343214 0.05328803950161659;0.29525539030414
-0.05185547371440688 -0.04945977500398438;0.33489589155522
0.1966441231368862 0.20577624452016532;2.15525143029
0.224318290909076 0.23956617964759444;2.505609659396
-0.0011561698157072642 0.011479079329049235;0.03617254227889
0.1743627478774798 0.16765995579937695;1.781152885090
0.08062053823205469 0.06333265723413148;0.551124475163
-0.1430255835694348 0.09347942515635484;1.125790844487
0.013070149625661664 -0.06303185785130035;0.28884387626547
-0.15461702126501317 0.19042427593824868;1.8083861806582
-0.08983110229171012 0.18449110978525604;1.4267723777584
0.07489579198077498 -0.23781117021567352;1.7887945471107
0.038845926637237405 -0.43528322762256866;2.8906302669851
-0.003652337986124757 -0.5171358778944647;3.1260238941556
0.00827018417054885 -0.5183011186041472;3.129363429168
-0.004036103947371417 -0.4065688343340136;2.7487123737425
0.00868733226610664 -0.013263334661307913;0.05152758231059
-0.01902916297069715 -0.12100494181820415;0.7015583536412
0.059844696886032306 0.22255120054666916;1.6248369545105
-0.009732777384047625 0.30311819080048275;2.1596179248156
0.028509205473581024 0.08631948010448301;0.4638487412064
-0.17021552181296337 0.2003775616266576;1.965862376970
-0.09988700688605306 0.07398353075637565;0.7232525637956
0.21400814431499954 0.06221468343462666;1.5627660653307
0.23804980546793075 -0.015471432960594528;1.6740554788210
-0.1195144636190198 0.06947583384428227;0.8380775404970
-0.12917647500370483 -0.02910372422137933;0.7826204919093
0.2232622326115335 0.17235349044429432;2.1259929958481
0.3470490134250477 0.16827271340945102;2.819873353775
0.2583789839811519 0.007788098046477454;1.8312708847668
-0.1844837873993036 0.12811735162608334;1.6161744042598
-0.3710651117757071 0.056627864741481904;2.6202851230069
-0.3719217899880849 -0.0016827898878910494;2.577358521940
-0.11022731504431199 0.020061424975257057;0.6197643517524
-0.23061291142369694 -0.11369974828098417;1.8820795482266
-0.06811999075441452 0.008027153404242676;0.31459899070750
-0.12491396912340126 -0.24482784602971583;2.033047853166
-0.004377375861554775 -0.23714150010151397;1.6617204174572
-0.08893201765790948 0.15342031771094228;1.1814856985909
0.0037081357888024136 0.24221744117868332;1.7025697579059
-0.04864112411856647 -0.024532379145073002;0.23145052342830
0.10482926311205323 0.1796972638113903;1.4592551142097
0.0011823904656856066 0.08404732308744572;0.41535878526336
0.2404861730846599 -0.05878718797290872;1.7640087943898
0.21058547907945613 0.0031236798954826644;1.4416709609067
-0.22740398213649204 -0.07430296955526823;1.7062269598387
-0.4364103313032255 0.0004271175711543923;2.8751531590068
-0.5345213368581235 -0.012202426245005914;3.164472519931
-0.5781165773673871 0.006247198938630981;3.2280763974225
-0.5894089487191136 -0.006019447563346445;3.2383848915389
-0.5658726876340577 0.0042376028440366306;3.2135478192288
-0.467550185486628 -0.0028819898821713192;2.9876366010425
-0.16194677626463017 0.0032574104678657744;1.027325202870
-0.22080399341830728 -0.032522449476491855;1.552211866093
0.11167850306508184 0.0570163443981727;0.7298623411163
0.07639558698653953 -0.04118685083148328;0.43573355065143
-0.12585317469839408 0.25217615267332577;2.0880274627728
-0.1102316282739779 0.32055326485393265;2.4687377451463
0.03364332393444963 0.11562325879079363;0.6866133021627
-0.26920610688307495 0.06286046802162984;1.991320837946
-0.3313892755855534 -0.006618249672568272;2.343845014430
-0.11749855772505163 0.02430002228486649;0.6821506126759
-0.1324388034031152 -0.18673430561837545;1.6561391532374
0.039985663628945706 -0.067637782113807;0.37975343735723
-0.2621789944360222 -0.03134976199961602;1.8797258024295
-0.3159923164770657 0.0015443399961597368;2.244480584775
-0.06833713375604078 -0.01407660236811089;0.3220626595278
-0.2648778996746666 0.06681361763993557;1.96951580356
-0.1896392923418648 -0.019998181954975797;1.2742338376859
0.23746158072809062 0.15323497419134594;2.117887509190
0.441793217475144 0.127224027732774;3.088888973788
0.5338842678017226 -0.010027415527191497;3.1626329499049
0.5604638739707288 0.012225510048397933;3.2078984368152
0.5279664780736295 -0.007295357821668597;3.1501411090352
0.37878371047641063 0.00498430790099637;2.6136849035368
-0.09849587895108552 -0.013684037965737776;0.5246049110640
-0.2337531138524942 0.008645447680146164;1.6354384627239
-0.01499034450842332 -0.0166363456402161;0.07664824708610
-0.26621455377405634 0.07460993933231523;2.0004818131650
-0.2677368637303357 -0.004926993521833151;1.9023520110456
0.09782301738289728 0.05683125819166009;0.6321646841753
0.08714667521668679 -0.03861769379717831;0.49615374947234
-0.17743039108689707 0.22750269862684117;2.180652061795
-0.22060547673136946 0.27770709184767506;2.691456932275
-0.03805704063464274 0.08941599360293304;0.5096274443863
-0.24398962553387335 0.11952412373499277;2.0034599333337
-0.1678562002647526 -0.01863443412800897;1.0873741442544
0.20188083775001733 0.20329516553956917;2.1713162015945
0.34125921740251697 0.22426418101781126;3.014218419335
0.2849897527994337 0.07392985137689811;2.1318249800756
-0.1498498417043031 0.03685907320501687;0.9665348965292
-0.2770677875152121 -0.0032901109881585677;1.9720718235377
-0.09556834175570755 0.016024941619145996;0.5061674571454
-0.15411616636558342 -0.14399516010859567;1.4979402503025
0.05841259402741708 0.033617704263526255;0.30780055374412
-0.12813909755588326 -0.12191719814373564;1.1847568752686
0.0034816319163492315 0.019675346040010533;0.06711180252842
-0.18488098307288095 -0.22159814745304968;2.1847980648588
-0.1545162862865577 -0.23326902301062782;2.0966225065757
0.09992935265374711 0.1028556219122361;0.8857734651270
0.0851934537231161 0.14202175454509347;1.0772384103754
-0.12256660571811587 -0.22994866565101774;1.9172643708293
-0.11605149973000956 -0.370755228414608;2.7581837678832
0.009832813199942003 -0.314022547005673;2.233142176267
-0.07423881760310054 0.06999941153457723;0.5476704731563
0.040854899746630605 0.07164192291796023;0.4060099846167
-0.24157844888961055 -0.15444784481189033;2.1511022110075
-0.30261451386699256 -0.1617833127054462;2.559542718615
-0.09924142838748412 0.023112358754875745;0.543241900556
-0.08562924718041096 -0.25776045208725473;1.9726590080648
0.015449779396450106 -0.28132922461448917;2.0079208386484
-0.05871482287882426 0.03075511777222356;0.30086878836750
0.09239574871132175 -0.10573763268618055;0.8597139305207
-0.09994261376124608 0.09962132383536507;0.8659482415470
0.0261501206672016 -0.021459016198097203;0.1259190966849
-0.21019640840013235 0.1975527048979941;2.18726151442
-0.22221338140143918 0.19546336961725416;2.247803575315
0.06991709892135603 -0.07938920430716737;0.5762413901953
0.04552462608999522 -0.04343186336530627;0.2806683432665
-0.16525635791447688 0.105710263647955;1.3546988840569
-0.06645487942131637 -0.0065255332943157385;0.30336871181995
-0.009015277088686421 0.2574473317616399;1.8244694023520
-0.009518002800692302 0.2532469303509586;1.7918532209882
0.011420422527592695 -0.14453449066664675;0.8845324632720
-0.009123076440405161 -0.21391917542708422;1.4715018917849
0.02499902541513081 0.12003873278046295;0.7030791604954
-0.026007224246484096 0.07295260729994499;0.3717443906857
0.20887692022262103 -0.13683447050800643;1.8375241090106
0.19714253293852324 -0.10648771996965337;1.5997775869150
-0.20628586934489096 0.11973022710233358;1.7318161295134
-0.3695711347430353 0.1277942282097956;2.788270185177
-0.34363966998397505 -0.0008128232793513657;2.417812918184
-0.026192181924738323 0.04824740572977615;0.233837714050
-0.20010242482949434 -0.11264538166994026;1.651413984695
-0.08978812173108815 -0.014005447903887483;0.46290722807378
0.050573143298312515 -0.22235805916299695;1.5999007932779
-0.02243937245068199 -0.13361911725683676;0.8069774273628
0.198359202629022 0.19275971901889163;2.087029972532
0.2095192666347166 0.28589084052167324;2.6819898838247
0.020599926443627542 0.1337755694933903;0.8056486938600
0.2666613732839995 -0.06975426747600716;1.9903306158666
0.27893828414318345 -0.04700383002826744;2.0286277266774
-0.06929373737801686 0.027683687874942076;0.35333141583219
0.0023544490352792047 -0.05009911637580944;0.2074705111634
-0.1315084905740919 0.24839667808649596;2.087297439985
-0.0637323894323401 0.31208150815178326;2.288828940287
0.009071337702684382 0.07413617671766995;0.3532495620261
-0.1557878110928238 0.2327839308663504;2.099941022160
-0.07880400546210489 0.14728538421615955;1.0878079094359
0.07445054253326908 -0.2527684147444156;1.9009039792571
0.03187749638810339 -0.43412110875325066;2.879582439918
-0.0005842774558762476 -0.4917315485305595;3.0611799336358
0.005409804767614282 -0.43266567629435826;2.8606785229914
-0.0043433814034841145 -0.14659819039937044;0.8982022401739
0.04614482792854069 -0.22138338567884763;1.5820831846876
-0.06781004584093182 0.07932866648767495;0.5652641671377
0.06331738834754665 -0.011396560178710907;0.2885891309020
-0.23783207674902718 0.13229831606217532;2.0181898373891
-0.2995470429649071 0.06988367176938931;2.2205605533100
-0.04538102812038508 -0.016113919727110487;0.19688598572483
-0.2409111838051123 0.1506339189133701;2.1277324950199
-0.19787766231157927 0.08791956412320669;1.5238164641045
0.24860089371034688 -0.07988649242510669;1.886436518991
0.48284175947153163 -0.04441617036975111;3.060072812207
0.6704233777618133 0.0076666736649418366;3.2309662051109
0.9583808792315844 -0.04458061990042118;2.6349874991004
0.7722484697352594 0.08213056741329114;3.1422701379094
0.6305880045804114 0.00982934696325058;3.2535270419140
0.4310351218828962 0.00875515651831394;2.854751237832
-0.064650304398576 -0.0072677993417963604;0.2929068430719
-0.19035622496629645 0.006970672009779464;1.2709580014596
0.08976200114888983 -0.01652323144988628;0.4658046425691
-0.07179067010746365 0.0295913836318926;0.3732114396040
0.22467939318453534 -0.09725299907741053;1.7686506252106
0.2611993491719297 -0.022420382692834556;1.8623012383206
-0.07099023602390753 -0.02714207966655867;0.36229973079147
0.03602059736410579 0.024305834829019365;0.17254372966740
-0.2466233961141152 -0.14189035179127535;2.1234269071509
-0.29850467081327103 -0.09685693244427351;2.2893161932903
-0.03661494050049896 0.03727716580916299;0.21919550539756
-0.19345632286521733 -0.17938565393098918;1.9758943821877
-0.11521423427690504 -0.14233279171409832;1.2405560584632
0.13770000715306835 0.24893636137276628;2.119333756741
0.1760246058676169 0.4235196367616605;3.1712240965749
0.04987377968410714 0.45586408631159037;2.979421321479
0.009301659754509528 0.3259687909662041;2.3104552560483
0.024313178335187504 -0.1707253360625871;1.1187096400285
-0.007846668719141702 -0.40622173842449677;2.7477623352377
0.007514050567102328 -0.5118465183445087;3.11416419907
-0.005107270992506236 -0.5421024524691961;3.177057283144
0.003492265888749858 -0.4958635533294975;3.0727331791909
-0.002770155358403595 -0.2947822414579585;2.100060371668
0.014587283496138671 0.2673700076420533;1.9034245975683
-0.011560830756060795 0.700501820921624;3.191925417654
0.052635620957687465 0.8703850519061964;2.7770254992091
-0.13866904926128548 0.892809252201673;3.0776938548555
-0.016905531604192225 0.9110132544482747;2.624413113353
-0.10162478610651964 0.9776899569168676;2.86270330997
0.1424710401819712 0.8523572407218274;3.1739804614783
0.14118142458836724 0.7828791025179732;3.326832699847
-0.042154240153472355 0.8136656613160377;2.926428241165
0.08056859644928652 0.9338402785082899;2.754574906933
-0.14020039430034062 0.8597750831780703;3.1468297719653
-0.09521882269973247 0.8427924003799645;2.9883429145436
0.06952518041486516 0.9829415574833661;2.733751591747
-0.10742984177110287 0.8170377282787439;3.10576969510
-0.049517572560871595 0.7159574814622948;3.2010094009751
0.0034678987391438335 0.6666942901986901;3.2338647034507
-0.013646219390899425 0.6374313334985935;3.25351816451
0.008157092160139233 0.6064985877595039;3.249229897721
-0.006409051283840634 0.5398552649154837;3.1731834072958
0.004096948645568274 0.3546190054782856;2.4821298891725
-0.015771687802873996 -0.18839396834697442;1.2595849873199
0.007300119344216191 -0.5072601588881587;3.1029205099759
-0.016344079292247102 -0.8440348219960517;2.7964601644045
0.05219418960578057 -0.7673527061779581;3.0844312114653
-0.04131075692845619 -0.7916761634313488;2.9940157437284
0.08269344839951162 -0.9433261401846553;2.758923891527
-0.1316082936679582 -0.8308068163158908;3.1723758384784
-0.09726637559460394 -0.7767797392499272;3.1767365085266
0.04468336464674566 -0.8490392369012161;2.8202960405841
-0.12757925686526303 -0.965746821057627;2.984513395366
0.03433219022661632 -0.8544955032966538;2.7851962402541
-0.0602360710597169 -0.8792830726461542;2.7742886321545
0.1278090151916626 -0.9742622473801914;2.994990266259
-0.016478511709044186 -0.8602727410195474;2.7467000135419
0.06952103074513005 -0.9006498531272775;2.7565889269976
-0.14033944889324795 -0.9563582252836623;3.049826529502
-0.029432920319726635 -0.8847757023059918;2.694258890058
-0.05653758927113807 -0.990308226045842;2.703670495905
0.11032964928778428 -0.7905468265473918;3.1868947071882
0.0604011092390592 -0.6314362023235225;3.3006256852116
-0.005973469432780834 -0.40816224801627016;2.756225095655
0.05649281787596052 0.13266794977849033;0.8854190489840
-0.009215039314649932 0.39349616477426796;2.688212493818
0.012012720321567243 0.5211170014824655;3.1366089153846
-0.008330769235873947 0.5931713985472277;3.2416544915254
0.008613789416945301 0.6631212295670852;3.237907615447
-0.012701965131968512 0.8072000390941063;2.9135583168526
0.04356191170496426 0.9969555508184855;2.6827603524129
-0.09591962848291186 0.7610476841071991;3.2113711088147
-0.03766413076626855 0.5425732763292154;3.195077284747
-0.0015059432092726435 0.1427273643980747;0.8654498051176
-0.053164534751117334 0.27002753556752357;1.9755136424722
0.03599491971663944 0.09396174707613594;0.5347786804553
-0.2589653922477257 0.08131881959316133;1.9676670814934
-0.302691221448553 -0.014333283430449692;2.158710185103
-0.0385730001066425 0.04308921150243605;0.2506887141499
-0.23446113356664125 -0.14891647426728175;2.0761384598585
-0.19431279010543825 -0.10536579440549998;1.573006691527
0.23212927390591662 0.12455008232980352;1.9419870060044
0.43342098577097066 0.1403097628723662;3.095891845408
0.5095055703854275 0.00879008224455291;3.108757290928
0.49252856430486974 0.012058479908226283;3.065225768949
0.3295082873466119 -0.00382302230805924;2.331587133252
-0.2027268656890075 0.0214540423093965;1.3867463359478
-0.520757086391471 -0.009592122361397799;3.1351629961936
-0.8677371492274637 0.02314283175719543;2.7313622956111
-0.7513483691068974 -0.06529728611670234;3.153184548455
-0.6965973640639577 0.022021693610778895;3.203730536895
-0.6850325830771985 -0.025089041583320794;3.2225738236907
-0.7288614655145329 0.024504053818730234;3.144184977898
-0.8903920676050099 -0.04452437391532195;2.708542198873
-0.8726854815551631 0.13492007961122182;3.0939353863589
-0.9019448844002904 0.016059482836233374;2.6404915892001
-0.9792838302515655 0.09977369007880103;2.856034940140
-0.8427838725949632 -0.14216012454480298;3.193659451089
-0.7594848748720402 -0.14391090352624208;3.385941368557
-0.7506987719963916 0.02574921262859059;3.09228592822
-0.8296211594032231 -0.04521106419346743;2.8814644968185
-0.9896644007055074 0.1124500982488448;2.9369739660064
-0.8312273121274926 -0.05253184083511345;2.891779870454
-0.7758665134776839 0.020107204416930827;3.0167698187640
-0.8462481495650265 -0.04345882722146746;2.8263413866264
-0.9896461931017695 0.11172544995007574;2.933184473508
-0.8308270952105646 -0.06156328945688497;2.914846255236
-0.7680174378261794 0.008232737435235615;3.0335033444518
-0.8248855530884219 -0.0342348912448606;2.877754290984
-1.0000563877410409 0.08062161435086965;2.8110691381397
-0.7993362549971967 -0.1044410876276842;3.1422369029321
-0.643540231990962 -0.06604587164803127;3.307911952146
-0.43702699442240334 0.008487131936371684;2.8785280286518
0.05195912711392359 -0.04853007622875394;0.3313012810134
0.16503856544452972 0.026113526413720167;1.0732092231159
-0.13377402565764868 -0.08087348558048547;0.9950270802501
-0.08992963973154464 0.030243912636243195;0.49235888928171
0.14159252700694736 -0.2458847772052673;2.117061252916
0.1504362854773565 -0.30052011499036957;2.5000896604387
-0.03207953486661394 -0.08215416195823236;0.4449974777595
0.2383173628690072 -0.12404842482442316;1.9835115000301
0.24471634644644114 0.0007962290602405164;1.722306147211
-0.12003215239039616 -0.08416778111816428;0.9117610255174
-0.14525030932892197 0.021828763134278978;0.9013687229525
0.2182274127801488 -0.14855671743392304;1.96428505351
0.3438140570542092 -0.11331966202177235;2.6106209139618
0.2384645169984243 0.018571792597849246;1.6797803693435
-0.20513467352664572 -0.157064614856328;1.9218621749136
-0.41046741068349313 -0.13271254790526493;2.985224316961
-0.4743465575172219 0.005651048758417709;3.009829175014
-0.40744197603157584 -0.008562358566970144;2.7534848422532
-0.08227935941128828 0.010060082524010278;0.40756407959475
-0.26815254270168404 -0.049316053942792794;1.95390184926
-0.17291480497496983 0.025284635343497154;1.1386386003638
0.2297136923355689 -0.17395388955475294;2.1758175267222
0.4070968317458601 -0.17340123180079556;3.1009896734651
0.4310514432938977 -0.025111375913776213;2.862217677658
0.26839263304370964 -0.01641171414665886;1.9123229432848
-0.2668141086822311 0.020983429709117388;1.9038569679673
-0.6572848324582552 -0.01643200142688963;3.24520714057
-0.9755012017651781 0.06895314689043075;2.721284816908
-0.8334839904795679 -0.07213740582627515;2.9363259912634
-0.7986155921699778 0.02444674408160867;2.950170040526
-0.9028816563468862 -0.06376868726211816;2.733999245393
-0.9091222119680223 0.14999283278863373;3.118420769086
-0.9030882591175238 0.06485592316837976;2.7370221119338
-1.0042134456571954 -0.008257341793756506;2.650261242179
-0.7764070480600551 0.08974350069528425;3.1538452628550
-0.5866833303578273 0.00694281974863846;3.236290439328
-0.2770284555381589 0.013028000335618732;1.9749325912612
0.22583509395037638 -0.06636192773818911;1.6694152593091
0.5196025047477031 0.005344938716754469;3.1318013162312
0.8283705876463182 -0.033895867388752866;2.866077677989
0.8108047052726158 0.097498472806095;3.0857965654624
0.8855023058726623 -0.0434984449912216;2.717696820609
0.9453143512029422 0.14215791372045705;3.056571274440
0.8885258630315229 0.001052464576411144;2.663533207294
0.9813431960661825 0.0987210307404697;2.8540884065262
0.8326328593410072 -0.1341401753020714;3.1795132739286
0.7368760266520403 -0.12832730746840032;3.3693115698172
0.6976041179298548 0.022994557916441533;3.202823726053
0.6967624189307688 -0.02157214925608318;3.2031670812417
0.7698605443571322 0.02635947326105928;3.039950423871
0.9754495369286555 -0.0634744044035245;2.7022987381166
0.7803562287042186 0.11631253393405339;3.234482522672
0.6161599155978039 0.07924937629880957;3.331506094012
0.37116655185869785 -0.010895817547525527;2.5750854687577
-0.20191462238217062 0.10246724259238213;1.617599660237
-0.5584649998470675 0.02643239505644271;3.211894820218
-0.9695213996555843 0.028914522614143977;2.610401244518
-0.8890936992984028 -0.020258697108274513;2.672489412637
-0.9871493812190603 0.0621087854518089;2.7152976800101
-0.8106295067514453 -0.14134585898151378;3.264429653274
-0.6766502112148522 -0.12147146855580293;3.422144461233
-0.5294690996509362 0.01005563023916245;3.153825756093
-0.23004754319451015 -0.018588414258351532;1.6114179931025
0.09747534967729798 0.18663428103166851;1.4775042224291
0.147487863910218 0.15093799996803517;1.4992168805555
-0.1802300183396755 -0.14697040632631655;1.6937670449072
-0.27047342615298653 -0.21039644984670902;2.6036171752332
-0.1237162162072108 -0.05367068398120958;0.80683064033
0.0815137200892555 -0.21796164979190694;1.6569179149608
0.01989288098629627 -0.10786557648147464;0.6016952302941
0.12290467570997743 0.16177034000846807;1.4232450581743
-6.098742965889026e-05 0.12251573064051133;0.7009574139667
0.19503152019624193 -0.2128178649196598;2.1885164033202
0.1873703388014938 -0.3182332223012209;2.7520101481444
0.006845042198120932 -0.18933724429111498;1.2622110238839
0.21896919756215769 0.18703219486778044;2.1805794151581
0.23390020040974982 0.3287797989165503;2.998148899505
0.0770977089806941 0.2691385125054485;2.028733884495
0.04295947596747221 -0.1804510795732126;1.2354064157189
-0.0047639028811865755 -0.3595044118488338;2.5098501783748
0.009000613504391346 -0.3387770405489935;2.389892657410
-0.013288245311912215 -0.005250361336990916;0.04583996717309
0.03778477591762019 -0.17943831199318744;1.2155928237610
-0.05206256746362763 0.028686744549244164;0.2599055523116
0.1503663672180514 -0.19555592115389808;1.818814568916
0.10932179197099864 -0.16921071284222877;1.4030696652752
-0.14252450293949367 0.23538805351325914;2.0506018647397
-0.18080415829687796 0.41773723784785277;3.165930785991
-0.05432886489327826 0.4552160509251121;2.9829671444291
-0.008469811036031047 0.33170395834554967;2.3462743275477
-0.02832666869951015 -0.1521949468190017;0.9690701610190
0.009514130443848225 -0.35161562340658875;2.4660500309196
-0.008512388428007615 -0.35143799247254925;2.4647368238100
0.012236629269871433 -0.06291692272303417;0.28716140824647
-0.058867502261879714 -0.26883444081523;1.9791883631769
0.02041380273071608 -0.2060546527791027;1.4137010519094
-0.12897416626370437 0.23377576212628995;1.9742509538644
-0.08069460125147894 0.4493357188099586;3.005803251556
0.012307704958990362 0.5708967198596546;3.2214672418437
-0.024242833376645234 0.6819988508819699;3.225817276430
0.03872311030843961 0.8934227705660402;2.689842740397
-0.12233977443226557 0.8183083793977617;3.162978574238
-0.026084813696694714 0.8169334510867773;2.8928961476179
-0.04518301139994446 0.975239115685415;2.649107680650
0.08614144683467792 0.7668536149547674;3.167721972855
0.020269554449566865 0.5902631422391108;3.243865783477
0.006941086845778127 0.3013561505378105;2.146643820830
0.006663490398743676 -0.266943558658589;1.8967373017553
-0.0030176951393919033 -0.709659225506368;3.1737755020334
0.017391648719322285 -0.8444533634336342;2.7959485270833
-0.05327358040774611 -0.9678921051826644;2.663196422732
0.1346977479786108 -0.8075940510127494;3.2424166358005
0.09558393454302822 -0.6949648382031111;3.3320857673416
-0.01694371749716339 -0.6007456258836195;3.249284129806
0.009681526626558912 -0.4372273671442856;2.879600497606
-0.020083351433612177 -0.002905605455204685;0.06832420120529
0.03248007210013451 -0.03859795318604897;0.20930903880513
-0.19893005021438495 0.18305072283101953;2.03244365724
-0.197901750060564 0.17394879938431376;1.9718000413234
0.13058507206857098 -0.12648410422063874;1.2298770664512
0.19709822588558937 -0.1720044262293674;1.9550949840542
-0.04460485479143814 0.05994336321284477;0.35454439829848
0.06639252278891378 -0.06362991672453835;0.4731955773865
-0.1765757993471269 0.18099237865443438;1.879518435638
-0.1826710238307823 0.18859316330033363;1.96522839184
0.11638281793985464 -0.11657482906897135;1.0746152596407
0.14602910936334118 -0.15049144092058186;1.4868663731658
-0.1473850430095051 0.1497967640594653;1.4910558426220
-0.19356444795737054 0.20132658322766625;2.1099722677097
0.04130275392706745 -0.03597256146084804;0.23323108524156
-0.09166965914086525 0.09223935696702693;0.7717341766336
0.12846385033910387 -0.1281380982234255;1.226672170798
0.06288495385643625 -0.06271731233679426;0.4506991792146
-0.1282327671933376 0.12724570026638693;1.2194038788591
-0.021069638144070785 0.01984342053311139;0.10404597735591
-0.17789554396075327 0.1820266092970759;1.894304794485
-0.07698076628818261 0.08391583915756975;0.6395458813221
0.06370974552241647 -0.15595463825862552;1.095244508844
-0.036778719240230545 -0.05825541713846133;0.3171961722170
0.2699354971937874 -0.027750325615071222;1.9340724634029
0.33809047067643 0.001597228472088378;2.384429496328
0.13604333362393156 -0.010131474976928533;0.8135829432098
0.04998700764007369 0.16535157874451845;1.1277155730588
0.009334515658193612 -0.07022248880092885;0.32868907801049
0.024275559342543548 0.17003104952922057;1.1127727982996
-0.021676171678338883 0.03743006959568601;0.17150885738266
0.1771432277184545 0.18236243810841332;1.891748689196
0.11199730864214735 0.08231867952529343;0.8465428680320
-0.23691342148065325 -0.04460745349435208;1.704009430994
-0.338998147983579 0.0009663842979003995;2.3899159950936
-0.18808110746915807 -0.012276970311444;1.254280996712
0.24958570780844558 0.06742694852382175;1.856834736469
0.4777953106278525 -0.003233249315768405;3.0203070696837
0.6478742635411998 0.017150584210465017;3.2511346486992
0.9094098500905649 -0.026953622904346858;2.638621995906
0.7622833800088425 0.08375948658291373;3.1724189174404
0.6657939401606955 -0.0017610623882535342;3.234553585217
0.5649865114603492 0.014313103153508804;3.2147441398983
0.3571163726068502 -0.0062800406378465574;2.496675347534
-0.2074412687236778 0.03028956263478277;1.437857280490
-0.5757222413152077 -0.014156781235045175;3.227581129941
-0.9905197496828072 0.05308397861731831;2.6939549988088
-0.9543974561325048 -0.0346953846657255;2.612936678221
-0.9663112559803207 0.1280001657749786;2.9873563855715
-0.8974910577905952 -0.05101628092027746;2.7085513667962
-0.9401501789148416 0.08423858787720961;2.766190700380
-0.908754153764804 -0.1306255010069046;3.0133453697087
-0.9044752804149865 -0.03964786149125926;2.669159931158
-1.0016271914400736 -0.03776146042687838;2.681153554511
-0.7777955615110527 0.05881344052285517;3.0684881031838
-0.6009809974478779 -0.010076819285124883;3.2470012772812
-0.3238714112919027 0.01239012368293893;2.298229919099
0.26937906672891926 -0.06516631235721754;1.998261971051
0.7296144916590662 0.0292083669808446;3.146755514465
0.8079956505417443 -0.13062289056979653;3.223939674584
0.9118815965904016 0.01349179777427928;2.620235082232
0.8986005909830329 -0.14777436446755138;3.1184464150240
0.9130462078437317 -0.0035158411562099534;2.6138532170771
0.9706418627638483 -0.1274097538246784;2.9884743393681
0.8713925105558986 0.09296664636778773;2.9057706344566
0.857857994482686 0.024654628802805084;2.761829904712
1.0034707739873714 0.030150681055166037;2.6716902758675
0.7508345714769782 -0.05034338545219902;3.1248384952904
0.5121629546895536 0.009379984619985016;3.115313781665
0.05397938339623809 -0.02894294374918023;0.27051706753749
0.10266464584936891 0.053683702236480085;0.6531433003771
-0.21178043882067843 -0.18147608615615643;2.1041326388759
-0.2991660198883911 -0.20289266000821848;2.7211550762021
-0.1494092864174857 -0.025413153476934347;0.9411200858149
0.11751185574673922 -0.25036052101277506;2.039638808475
0.1436806142766524 -0.2548823235747788;2.1866673296618
-0.0795100227829014 0.05557636945667105;0.5096520800297
0.003935248954038628 0.02050237902588345;0.07061300301452
-0.2346751999669077 0.015373071812607476;1.6466423202326
-0.16896364224680344 -0.004920133925461291;1.0874619470070
0.2719377460406256 0.046380044782700296;1.976374342185
0.5285763493939415 -0.01350102566935095;3.1530025656977
0.7944496143207265 0.029888098043103564;2.969296988403
0.9072073660353879 -0.09925340588446803;2.86196702427
0.8924973222124257 0.122347269066591;2.9944605494097
0.9043396833806348 0.03523837668272904;2.6610288294106
0.9939576923203034 0.04123929453253947;2.6707478948266
0.7934065245849025 -0.07411927255157376;3.0611856229765
0.655701778098882 0.0038881735427368364;3.2426560931037
0.48642130145509144 -0.011639807072614958;3.047720040255
0.09796655101298124 0.011554173255093548;0.5186903865991
0.24914325893122213 -0.050231028416691983;1.8115418224174
0.08695383436737641 0.03776619579347121;0.4923375461241
0.07377982135878891 -0.2608967052702724;1.9592509169842
-0.013519285453497579 -0.3109322123341088;2.2141147288066
0.03719391703598028 -0.06232542869487273;0.3405353994979
-0.1619749785631645 -0.23749830302669905;2.162663535665
-0.12438045959301805 -0.18392325466012227;1.5917944484542
0.1634340244835831 0.22262790543999034;2.0733527397175
0.2383103391251614 0.40583188824531946;3.3210726657891
0.14664365829917564 0.43844268104815454;3.132538262308
-0.014810691568353518 0.29511436959032766;2.1063602159319
0.136922104050194 -0.16740726617716034;1.5452219986401
0.0879658341258133 -0.36920053879770753;2.674626374082
-0.01071495716794868 -0.3900432451836711;2.67179078244
0.023417813416146183 -0.18287026834052394;1.2206704379936
-0.18331504639452145 0.14594914244630214;1.7090218022052
-0.1650645663456124 0.21631105207749285;2.040807410187
0.07810267990311254 -0.050362341165047175;0.47971849714773
-0.013058154015862217 0.01941811210036462;0.08071289890158
0.20628273903046182 -0.18474050245277118;2.088515303435
0.19290326883061748 -0.15925996117019944;1.8522923765922
-0.16595033812935933 0.14675558562623428;1.59491656052
-0.2820423270750345 0.2192544903111866;2.70759655788
-0.17644456734300357 0.08544084758802223;1.3446182980157
0.2680819465395145 0.023068475779050884;1.915317982325
0.5293947146169313 0.00544622042089795;3.1527862974159
0.8088221055562368 0.004246566542495219;2.90527104301
0.8692735925465723 -0.006283364286252077;2.7150261900940
0.9956427740097876 0.02197272751117409;2.6408329092760
0.765027190961687 -0.06473447947752144;3.116881011319
0.5672545279625998 0.007294542405375817;3.2157592066040
0.22755584783561922 -0.01678350989809403;1.5895028754474
0.05927995832933919 0.18899268496372756;1.3499864549121
0.0349338393688402 0.03152667338654766;0.19120182421
-0.058135944304603365 0.24796265823147554;1.8203622948390
0.02081182353654043 0.18401289946585667;1.2272514221984
-0.1456918732235145 -0.24104234530387517;2.104304009550
-0.11280034304352635 -0.44472917168265336;3.0613733054
0.013487752358663174 -0.540716593542709;3.1765034443046
-0.014493780692031569 -0.5798717092173944;3.232038122201
0.0099513964366919 -0.5858760316082069;3.23624487506
-0.007496283723483321 -0.5504960200924769;3.1916855580814
0.004606602793199653 -0.4197716447604178;2.807143628979
-0.009155980674357283 -0.0130552659447708;0.0518609925859
0.018869784440250913 -0.10219546633833398;0.5580663148812
-0.07202798465048049 0.25302738294755067;1.8957649794511
-0.001767962421625302 0.3769374161277596;2.6037789160694
-0.011808559101004715 0.2970412869227017;2.1183697541294
0.023056776322147303 -0.16020283602288354;1.0280215081596
-0.010888570334642703 -0.33061448050167447;2.3402669329979
0.009839153391502976 -0.2686540869845542;1.9107859854417
-0.0329145678021938 0.1858391678150626;1.2602753900470
0.011531985242840381 0.37810248982912137;2.611767364779
-0.009234141521143262 0.39438035270341343;2.692491599126
0.009284117767059487 0.17765629267719682;1.1634593478117
-0.12893757644799544 -0.1488727044676912;1.3684134405165
-0.04076209562616043 -0.18153413182794625;1.2395342823990
-0.03230559996615208 0.21710650797551134;1.521363564511
0.006294691328501606 0.3615928211010661;2.521758654229
-0.008989612357925926 0.29443127896727317;2.098960191559
0.023155906349599853 -0.148833363338166;0.9329530397763
-0.011757627102027449 -0.2883728772589755;2.056979480515
0.015760712214929418 -0.13792596566780213;0.833752137726
-0.15940799207602502 0.14735133452148091;1.5545626275914
-0.09403896031502101 0.15703630185173575;1.2337288892388
0.08835154209093474 -0.24932971090405168;1.919952171941
0.06262253797184142 -0.43615731192394647;2.925050547293
-0.010199902182592133 -0.5028687948780294;3.0924293221647
0.011421154781103122 -0.4672062287554137;2.9880666331593
-0.008243348845318233 -0.25231761985321144;1.7840647047463
0.06041750722777718 0.2640371930024378;1.9473937246633
-0.01630925462914111 0.614645282932061;3.254620979211
0.08489709569962932 0.9969845787545486;2.8216290247362
-0.023007364123408314 0.9506594239381246;2.5944762427871
0.1263902983194093 0.974039273834133;2.9868444408734
-0.06927917938466421 0.8875712261013156;2.7824112476398
0.04234693219434263 0.9061773554230501;2.6716423199304
-0.1359018926755029 0.9660903608246296;3.0316074600698
0.019322806528665748 0.8771384094798209;2.7016179082048
-0.08664866777286845 0.9390975298203518;2.776598920033
0.14423287469841992 0.8980772859195607;3.09984869345
0.09046711038769609 0.8882200581696241;2.858298320180
-0.07325743429950016 1.0035506551145785;2.7909573184648
0.10309922840722074 0.8172172896394289;3.0886738652650
0.04901963716377192 0.6936640487496284;3.23740241611
-0.0035321806481944176 0.5863409038078912;3.235538776021
0.008767931779050345 0.39082787576388706;2.6750945374151
-0.019868224154017497 -0.1373844387825371;0.8340580070560
0.00874605662240455 -0.383867706451191;2.640437800859
-0.006947230891144924 -0.4820983182350924;3.0338620015798
0.004323425444500605 -0.4707110343586017;2.9980671736195
-0.0035383742469598245 -0.2933672250489368;2.0901639067875
0.016947327858637968 0.25714396739370143;1.8264670303860
-0.01175959578783203 0.6611870172105316;3.240408639214
0.05378147193529201 0.9609915367607375;2.6601775496959
-0.08565867127916041 0.7890205671675856;3.1072619689222
-0.011853643730945176 0.6761585208368526;3.2260658218110
-0.010803358168977074 0.5643453131180827;3.212790532382
0.0025431420985475277 0.34016847926967997;2.3970878219759
-0.02087277922523007 -0.24403625731941336;1.7264828706424
0.014598088809926801 -0.6827519704004892;3.219237446658
-0.06866721200211107 -0.8932044323114516;2.768379222393
0.14634515513734436 -0.8283651583663865;3.246370381972
0.10860304271066673 -0.8126971284736504;3.122011047103
-0.07126970400663185 -0.9459204935111272;2.714550489547
0.10915167187580535 -0.8464065324144887;3.034693736432
0.021161170222241177 -0.8320798774682822;2.838753162914
0.045445850783866336 -0.9815016183580217;2.6580904813689
-0.09096201768437365 -0.7679278627703068;3.179325593618
-0.027679791719269736 -0.5838418264290165;3.2429103636036
-0.0049635729807180895 -0.2774462986276561;1.9751489461296
-0.04166843344406346 0.2327535947865687;1.6650869284612
0.014100562142463316 0.5487284088625839;3.190581941367
-0.04366966169436308 0.9099962713649905;2.667894623363
0.08256361084903509 0.7755854241468186;3.134662766273
-0.0023457081172995747 0.70410453420949;3.183748987127
0.021417920531298193 0.6804720231784123;3.2257619638489
-0.01613024949571845 0.7046274333342368;3.1868879436592
0.026332988924885517 0.8232485194425991;2.872704265419
-0.08312493548335245 0.9933859248308542;2.8062053957842
0.11072411076363092 0.7979125599041723;3.169313866960
0.08016905295244794 0.6441465897037892;3.334444746322
-0.01108652883288029 0.4409961342198107;2.8945794997658
0.05374063778086728 -0.03392407454681029;0.2843565525837
-0.03427127146347454 -0.11221601739243842;0.6623262189376
0.14494361116668514 0.2160016451683976;1.9299311689248
0.11132136002730636 0.303250169311296;2.3673149738651
-0.03433771605281541 0.1038652323224685;0.6007286588744
0.2657717358671112 0.07856518325954276;2.008770505745
0.32237412555745215 -0.01279722494376892;2.288803416210
0.09593259243743946 0.0331208172439927;0.5409797188547
0.18536965613678288 -0.1927221571643915;2.007542032168
0.053795325505044705 -0.14773151820165967;0.9954076847728
0.09366538348424408 0.262783842477443;2.0358834635386
-0.003559027365203471 0.46686597319096057;2.985436599066
0.016353461000656322 0.5879687706708371;3.240180650564
-0.014034067551380123 0.7243734478927792;3.147252933195
0.039678978285781 0.9805772827223486;2.643382640015
-0.07987168224420944 0.7706106789324596;3.140259372379
-0.009048029969044136 0.5982056323142719;3.2451440949372
-0.009858015412469966 0.323684399545611;2.2960665372834
0.024179050543263705 -0.2739128458699518;1.9600614011407
-0.024033536080627887 -0.7637143151243404;3.055337761179
0.08009377304940263 -0.7554612594455052;3.179188389796
-0.0436605853754041 -0.8341638671345817;2.8641912983119
0.12466552841169617 -0.9739975248599426;2.9772938916582
-0.035777329669971464 -0.8438217743846679;2.820127969872
0.04749894781597934 -0.8414128542895988;2.8493352474544
-0.09758107425851019 -0.9722908149361003;2.836703872309
0.09945467652319297 -0.8308719839735339;3.0372170045947
0.04465209040811606 -0.764288517733255;3.079664191605
-0.004122518281382333 -0.8189672186012316;2.872040551745
0.050323188153278985 -1.004678123067015;2.719225542021
-0.0974573014471328 -0.7642060780334173;3.208621842199
-0.04436176406833897 -0.5414073476279153;3.19967744328
0.00324377714080569 -0.13387162050604484;0.792799570323
-0.07379814210585245 -0.2610999192021674;1.9607979226993
0.03726123206622725 -0.09043604762906876;0.5141967475912
-0.2670133328545867 -0.07331936472513577;2.0026441789945
-0.3305054970399579 0.012477355629406689;2.340210491129
-0.1212573380771853 -0.029042412087273844;0.7200847892247
-0.09624537948854067 0.21680544446739378;1.7046788004850
0.02663324685689844 0.15151176821093776;0.9605517910472
-0.20973746969965612 -0.19885516695157068;2.192079271765
-0.24279589376159036 -0.3213900567382585;3.002222448919
-0.09586255180656247 -0.24258336079779566;1.8971700037657
-0.01229932318055725 0.23987634825883278;1.6868107870946
-0.01095407857936117 0.5251356182659485;3.1450249347049
0.006711858489917236 0.8339394582959573;2.82375850000
-0.03292762719211326 0.7991566336704558;2.9583067560963
0.04961329565572202 0.9151979167783633;2.673809243190
-0.1449102288921052 0.8827095856317939;3.1270497372680
-0.05040279701278291 0.8926527713581403;2.7172110727995
-0.02493012263502148 1.0031791872248623;2.6629544475464
0.011396589893691585 0.764660095086226;3.0443378730466
-0.010163606196419029 0.5653792993570763;3.213981511010
0.008593519296111619 0.21869411698518681;1.5111974144823
-0.12984632066975973 0.14475862862784397;1.3458832585817
0.15312076772435426 -0.10020227172484805;1.235430127169
0.15895965095743053 -0.08277025668087726;1.1958571532426
-0.23692962714914045 0.1213338955740135;1.9614516220784
-0.4067921602155011 0.11397337392671364;2.916904814508
-0.4203261181742637 -0.00704503907826054;2.809901391392
-0.23494442415509748 0.018783676582301664;1.651483944049
0.2587667412480628 -0.09657015177922222;2.0174300831193
0.56147996738654 -0.022662921170756425;3.21387235520
0.9205762876193488 -0.026086119796648204;2.620212214185
0.7656429543097022 0.032147947655276635;3.058318075972
0.6848023705415694 -0.02392490744113368;3.222014295507
0.6264724546368298 0.017819774720587406;3.256750600174
0.5403895288650544 -0.01149247585846543;3.1752900806683
0.3287475150475311 0.007913644660421413;2.3276179889738
-0.24509770603280512 -0.03788879559046833;1.7567370295891
-0.6651975669279664 0.021658471172038417;3.241846747566
-0.9378998548744972 -0.10160121578595155;2.8437315183511
-0.8161563526501684 0.07968668766535458;3.0107719933284
-0.7764807575733108 0.009245961418617249;3.008800007834
-0.8754593896162248 0.029928538530461672;2.7188388414857
-0.9594629015974953 -0.07352181682887438;2.7247202190947
-0.8571851772385874 0.14905314154726756;3.1967586782614
-0.8128686704953809 0.12036273461505118;3.168640279188
-0.9109667655483258 -0.06895683448485834;2.7372166538804
-0.8976186893086016 0.10891613223493388;2.921128490006
-0.9246304056725434 -0.03891330417593572;2.6370165818232
-0.9406209121447403 0.14373567958985117;3.0654195469674
-0.9041584061710171 0.0037930318270627816;2.6298357236039
-0.9904210404125813 0.10958127674337183;2.9236890022180
-0.8340223320706032 -0.11989256188942186;3.112389493473
-0.7362268315267692 -0.10568266305774927;3.295290759364
-0.7013881737269813 0.027298966532415744;3.2000585768392
-0.7128863612726402 -0.02635925946913785;3.17876185533
-0.8172285006856324 0.0361535711892972;2.9052193422842
-0.9939547454158852 -0.10375641496140169;2.9017514489112
-0.8214642583909489 0.07130385614827482;2.9698851922896
-0.7300202666503102 0.009608528767086372;3.13298157269
-0.7092491561251869 0.014544933571010096;3.1778006390127
-0.7712088714364236 -0.009972410919663999;3.0247677708321
-0.9764595953356665 0.030134110980758175;2.619627104882
-0.7525690348579487 -0.07712030533706901;3.178416751984
-0.5483837409029662 -0.006827965715061682;3.1881152693468
-0.17810268253398281 -0.0158524342251833;1.1718817140176
-0.24867620528650286 0.06968912280135285;1.856254418431
0.007823338508948896 -0.06300265873607123;0.2834435231699
-0.14955168606432365 0.13993315967254344;1.4416303353505
-0.03164589935342123 0.048751986712019524;0.2522928587645
-0.2144930210849037 0.06410268724887926;1.5721999742956
-0.05551610772509774 -0.03837248013625237;0.3084766010121
-0.1341533151328076 0.2492805710217274;2.1053454070472
-0.02915055121328189 0.2936138526832517;2.1075818796100
-0.029797214971588895 0.010280247824910937;0.11541118302587
0.05002360630878021 0.2346309114485278;1.6971657701766
-0.02636390020356323 0.16396395172729425;1.0645248974718
0.17006802483266115 -0.2329383999617016;2.175595371434
0.16606414908574782 -0.40539157999070874;3.0698367103251
0.0181824899588989 -0.4217307469398203;2.819694702991
0.018419882211873295 -0.24046973980674424;1.6957961543909
-0.04799570366283128 0.27017309899325903;1.9663392585276
0.01873912133266764 0.6215354470925334;3.2569710121786
-0.0832529100663471 1.0000171651193934;2.8218700289865
0.023495680122994092 0.9506587840274896;2.5950954120926
-0.1256864844269986 0.9756012642189885;2.9849720404701
0.0706763037894329 0.8856890453709207;2.791164367533
-0.03773353369351323 0.9011163638279829;2.671868566891
0.13136154942090209 0.9729099283648512;3.0131939641626
-0.03666599385330768 0.8672982109013869;2.751907508681
0.066250462976347 0.8989915495869646;2.7490637034756
-0.13734868512175097 0.9585174019343154;3.033960812329
-0.015534908201816133 0.8822297459699153;2.6851205495848
-0.07388342894708375 0.9790801791958648;2.7441372624383
0.14203806421976678 0.8184291616176202;3.24932426144
0.12941288077028373 0.703755607745806;3.421287788875
-0.012613827365834829 0.6070958776673797;3.250695532509
0.006152447343307166 0.4459377353441949;2.912150276371
-0.012927462211469686 0.023904927010488075;0.09643077179503
0.02620472298247217 0.10140155609351414;0.5646428689370
-0.10155876497681521 -0.2511019713860142;1.9808427470636
-0.037725045554561645 -0.37444414432731643;2.611847667362
-0.0020903476524039705 -0.2896200539517058;2.063355555768
-0.030064985011949527 0.1781187519769814;1.1901091740653
0.010227682544684397 0.38085731627564634;2.625535622514
-0.008472708061508332 0.4144564230850911;2.7847936669432
0.006838741318836158 0.2436656617381971;1.7149207763395
-0.04270978971474709 -0.2725492705759985;1.9744693613695
0.020147769383521127 -0.6372087670865697;3.256589558568
-0.08921893945848622 -0.9979638675355619;2.842666787508
0.023733692911389992 -0.9319594805999177;2.6043965870683
-0.1170853376029164 -0.986402750770677;2.955212227957
0.08917777450045355 -0.8612805027168348;2.916195334990
0.02027838015618963 -0.8287857418872878;2.8486003388785
0.029739196823804118 -0.9665068631058199;2.6093422654520
-0.05977061300885303 -0.7851009197870469;3.0494915163946
0.020103096498039527 -0.6746968425724178;3.231593606617
-0.015179882252903835 -0.5617447366409225;3.210698197169
0.009404609822383277 -0.3339467363826633;2.3604574606108
-0.04821556914224062 0.24953711281876761;1.81041799950
0.025212776556574307 0.6846477984562812;3.223169524072
-0.11963432333565524 0.8931616409386356;2.9799557999235
0.07872946029540848 0.8519492681071106;2.9039486142022
-0.026618038403028177 0.8961759101650748;2.663991941698
0.13017491106848594 0.966569445890243;2.999703080189
-0.05392792205776209 0.8704869394129572;2.7799662071114
0.05214501047656217 0.8948864853597717;2.716804430571
-0.13413347631899014 0.9681376851593654;3.0235419483665
0.011269829279670823 0.8713821159248567;2.7112410793648
-0.08108247433465615 0.934130275329528;2.756422657752
0.149516351279248 0.9042912002437159;3.1210197014023
0.09497811483492521 0.8928313609622539;2.8677645449983
-0.07875218731802613 1.0019749762051287;2.80828978187
0.09230336259160371 0.8247669256021367;3.027924685620
0.027868064072020346 0.7229145944431246;3.1599997115430
0.007014308706815076 0.680033249530235;3.220154861560
0.003047955505979744 0.6770862666412821;3.223050956999
-0.00020473099836244976 0.7304466340247571;3.1304387437399
0.0021071600464714437 0.9131683398075447;2.6134448982536
-0.006680003874188456 0.8114574308881681;2.8972270467502
0.009485111446073334 0.8630709461606249;2.734114994088
-0.03252296653625282 1.0029781209500181;2.6745037101080
0.08636020010989677 0.7588692385216621;3.18816718544
0.01933244064863117 0.5316195121873039;3.161547270093
0.013600773003727931 0.10805294543984334;0.5953844253891
-0.01630672994803204 0.23797763327852284;1.674071244317
0.02455060424352789 0.018036686477475694;0.1107233090428
-0.11206677737480053 0.2567992088622804;2.0623301273735
-0.03882168026486851 0.25275749436950856;1.8181622778714
-0.01474643152366082 -0.14500902842157753;0.8912236098409
-0.0008308544252411502 -0.21409629676855602;1.470957062507
-0.009752371806008478 0.12173605043204105;0.6980742225487
0.008924792624933148 0.07503477797390473;0.3589116433882
-0.10066739528039653 -0.19212470802948822;1.5344291182299
0.001210934243772166 -0.16508223547556514;1.0537205789497
-0.13589871948273502 0.24243828536407516;2.0668302519193
-0.07864368004331579 0.4266560459987311;2.9161125044163
0.008704619360262233 0.48025552414496536;3.028655967711
-0.011618583505134165 0.4045083254019174;2.740935222617
0.014851105208435744 0.06369403069613089;0.29511289071172
-0.059485844713622435 0.2466549142680113;1.8136017519977
0.030818942618305575 0.13234032779063282;0.8112772805470
-0.24069527725982326 -0.13854821597832984;2.067478570079
-0.293744596726797 -0.1796504885648122;2.5875342375669
-0.09530788332432222 -0.0017932845106903017;0.4943944770165
-0.10177430316752206 -0.26164456413988446;2.0567623103691
0.01465372191222343 -0.2645039717880902;1.8816488137064
-0.07792806064419851 0.08514491694470161;0.6518635272156
0.042220947359612696 0.05938890262389454;0.34251986160954
-0.2634689044382721 -0.09477905945720594;2.044611596878
-0.34133072533039993 -0.0455375886113038;2.437421372393
-0.1563696582398342 0.004663299379421566;0.9804013361885
0.12099687432050985 -0.18043613040096987;1.5480901713502
0.1226984847720203 -0.11763786577096783;1.1220772421252
-0.24161693525945058 0.15358195877133826;2.14703623708
-0.38883363858135456 0.2098427988659621;3.157231593794
-0.37053513898013113 0.09462124893424659;2.697944844860
-0.07596803389126089 -0.007855796734901596;0.364164357984
-0.2381369632794225 0.15676013526468535;2.140171535271
-0.15952171312090924 0.08323352707671125;1.2022907084425
0.2612331212019986 -0.08431359683310813;1.993641856022
0.4733805793788262 -0.04854060456910102;3.0359037999177
0.6174795182259796 0.007750931120479365;3.2525054728349
0.816257521556962 -0.028367858659868794;2.8977252822598
0.9442811886168099 0.0878821575486967;2.780332954765
0.8443481990535759 -0.13571578685631608;3.159239909264
0.8034560194595863 -0.10467713853618205;3.132038547731
0.9076072478052959 0.060852320842141205;2.716840670113
0.8987616856653616 -0.13360057957192162;3.042140363777
0.910143065725886 -0.017658580547709024;2.6265839801932
0.9834922493591454 -0.09480647738813812;2.839156802278
0.8391534614548604 0.1455634519149489;3.218254986842
0.7458187683725985 0.15023172848034033;3.4350723165952
0.7085311612632508 -0.013594011388531752;3.178691996501
0.7210472217260212 0.02570438870377495;3.161984445878
0.8372547798886015 -0.033754222092841596;2.837571576472
0.9802194973518649 0.10765858308297976;2.896161029116
0.8267910200898065 -0.08396064039770434;2.9933740360769
0.7521989181993093 -0.02692652842064483;3.089453619158
0.7824877333625231 -0.007557975754367598;2.989958265606
0.9657785624330519 -0.00658147040002182;2.585621529732
0.7542062247767617 0.009147992534382164;3.072543008591
0.5836708472492091 -0.0062142187539025815;3.2334983685428
0.29638023942874464 0.0046907139352820575;2.111555879774
-0.2632257359929459 -0.03610193984233856;1.8942569453464
-0.6830409800551027 0.022222682714389548;3.223099142899
-0.912592100711509 -0.10277203227699552;2.870485673860
-0.8227329956721553 0.10540999322126546;3.0824732958229
-0.8007946085572657 0.05042918041516112;2.9823781585788
-0.9405247326700915 -0.011676264991326221;2.5867882670961
-0.8188990992538149 0.09002785279087692;3.0366855336786
-0.802760497671165 -0.03099151589512067;2.9443581327308
-0.9172339065805627 0.075042792502735;2.7496883503802
-0.8818288501662442 -0.14954410720318162;3.1531560035
-0.8807971000970719 -0.09642357913742416;2.898392683932
-1.0021643763775712 0.08004266393318596;2.8139834704253
-0.8236842546091087 -0.08463647435138183;3.004644597458
-0.7241354509242004 -0.016196919989775252;3.148858579288
-0.6849471837618731 -0.012877505319585598;3.2156726940753
-0.6928620369902307 0.004467891941340445;3.202250531521
-0.7790581171581407 -0.009467927208589978;3.00108381255
-0.9989454552775412 0.024144287790846423;2.6512524444399
-0.7565577026107426 -0.05690697697612996;3.122439929907
-0.5363938126212437 0.008881604443010373;3.167197239879
-0.13209041251326464 -0.023041959339245043;0.7955293850686
-0.2573567214363946 0.0897356422209368;1.9834231907505
-0.09973020689729217 -0.02212240659861328;0.5450859708108
-0.030444689454051585 0.2666938805483372;1.912847810832
-0.005006354284121085 0.3065278133976017;2.181617919764
-0.008586728945903583 0.026572326940793145;0.09962572282066
0.02071825591222192 0.25642230447062475;1.823862683284
-0.014195563140541531 0.20328692269104176;1.3848907379721
0.07148125231597295 -0.2520521116428788;1.8868699842441
-0.0009964693986994483 -0.5051363989347044;3.0969365675579
0.02352095666325247 -0.7417029792944575;3.1132186031207
-0.06289745175789699 -0.9957767480288225;2.735261575408
0.08685529390777488 -0.8040339232581626;3.068697138386
0.018815856732274372 -0.6754317410806084;3.230047187159
0.007630066605015473 -0.5405308158782138;3.174628276521
4.896724433382099e-07 -0.2593101445683727;1.83721276604
0.020235050538149744 0.23391707531648637;1.644433831509
-0.008786815687817952 0.5289081239459732;3.1523806931599
0.02052294603150791 0.8529714953954871;2.772223487109
-0.06438897919064755 0.7683052467736917;3.107295250902
0.03666254229152692 0.7740350498602374;3.0400104926380
-0.06825942198369453 0.9021064160282022;2.7497462100370
0.15113647698805355 0.8883359710320414;3.1513548791910
0.0851353205829384 0.8930103590930275;2.827588390450
-0.05846543209397301 1.0020664598410067;2.7360803143355
0.1275221105217338 0.8071302835508112;3.2129421830064
0.0916050069356256 0.6571179423488809;3.3547161382866
-0.01187624241225839 0.47176736534301356;3.003021912606
0.04089656852535348 0.056998297407073406;0.3251970855905
-0.08617914267829241 0.15149420488983972;1.1537573427774
0.10420488797449115 -0.10151517223420214;0.903801625744
0.0018286503927159026 -0.029903913892436185;0.10846436469089
0.23689949748470782 -0.07050179516411399;1.7683253914347
0.18134808887241732 0.02428933873987263;1.2088692067916
-0.229314691919071 -0.16015619933742256;2.099793674755
-0.4127889145697707 -0.14399086078990794;3.0285321116524
-0.44929587625410783 -0.0011961900404187376;2.9240903752246
-0.3229504272714279 -0.011870860772987074;2.2921124205019
0.17166017469462375 0.024661816896559913;1.1271203398785
0.40538419306362583 -0.010227611399402911;2.744532517233
0.507581540530475 0.00835240699747574;3.103924612005
0.5284049986143131 -0.005741030972503457;3.150795801428
0.4547356368702742 0.0037198426313764174;2.943875087613
0.17142438413255684 -0.004305573548068223;1.10830053240
0.1769149432701508 0.0644722543955024;1.2676833472224
-0.19281172705196772 -0.14436447214722253;1.765779231640
-0.3162254956509646 -0.13678048727849215;2.5370274252980
-0.1920868371273234 0.01745369314423484;1.2925206884999
0.18688020297461952 -0.2158033341151265;2.1601251346632
0.33294723428771156 -0.24914440410928226;3.078832701106
0.287347214341626 -0.11117395686792245;2.265449126729
-0.13472392082648166 0.016196977355805803;0.8080404546951
-0.23899368646106522 -0.017271271297688934;1.6829988122886
0.01694306134677337 0.030022092021323075;0.12888574087617
-0.2117527794952865 -0.09262265996491292;1.6510838848501
PointOptimal;ValeurOptimale
[-0.21175278 -0.09262266];1.6510838848501486
Temps;Nb iteration
0.08781266212463379;1000