Point;Valeur
2.264750870309679 3.6817134653561787;11.089860369154
1.9647357321085956 3.98172845316697;9.367862257110
2.110365311362241 3.812948877003929;10.138688247439
1.7606328879942845 4.2521465589496055;11.259290309964
2.0071929277565426 3.774027118766315;10.014955069058
1.9091232936557412 4.222012839933982;10.670217058434
2.1202907376407834 3.62132660726898;10.667768557680
1.8500378459766174 3.7132584977892074;10.398386049117
2.0705571791434316 3.9580124906583403;9.53907714968
1.714150783301067 4.041418075277961;10.518403769497
2.050537557497231 3.76399939252068;10.129392118813
1.831511744036973 4.169213323802699;10.58536385378
2.1699069540312816 3.6028918423970047;10.830942969205
1.887571874554272 3.633029575015759;10.462961550413
2.0173414101927913 3.7437455812343345;10.145759902555
1.8979887948914553 4.124228487752988;10.064270336045
2.1985440735543555 3.5383439591212364;10.900747650436
1.9310992416821484 3.455005181955759;10.317221396649
1.976972473248947 3.2194416552225533;9.192233348891
1.9721519393385256 2.561579688595392;9.027302691222
1.922982971389387 2.5412042539784823;9.014303257939
1.9522168249489271 2.47260421490789;8.923473347678
1.9328893750081655 2.27247870341968;8.131545361441
1.9966667172057915 1.6955736003125188;7.515749165022
1.8678630006615982 1.98486036475824;6.81037326254
2.219318106338538 1.9115701661034508;7.818346002899
1.687862122237131 2.0716196254596957;7.715481339324
1.912042652208226 1.742150841292132;7.352450777527
2.0024484432563434 2.080218648052046;6.868974893517
1.8749697825256413 1.568122172896094;7.659850824843
1.9172244094807729 1.5573890210421424;7.648316583968
1.9136648979710529 1.5384825391312926;7.641300979396
1.9112664573725715 1.4832794606403943;7.583697683407
1.9074608181151564 1.32697625486998;7.116215944652
1.9436979709702975 0.8814270193831895;5.6204594873416
1.9979241003512787 1.2841136306735226;6.941738333324
1.8519222976893603 0.7354440832876334;6.341752993784
1.964458064748152 1.0597566621648495;5.539350216285
1.963210325946047 0.665569751764453;6.536951669072
1.865838547875443 0.9413150233001931;5.612443848923
2.155505986799856 1.099720343157672;6.531111070606
1.6031011547610314 0.6489575766999791;6.558731618647
1.5064858601737996 0.6926366449719911;6.390088930640
1.3357350337951572 0.7494435840526352;5.840898738198
0.9919490463129159 0.8820524348356208;3.758696204254
0.8722159793267369 1.2304090220169575;5.055002698292
1.0522187276894868 0.6004354204818777;4.7952944478332
0.7820206996131173 0.681716068024354;4.549959200136
0.86238785033984 0.7783603842254756;4.236891764258
1.0211681925879887 1.0839665788409958;3.988006309855
0.7949337771366312 0.5330700037265496;4.545486682652
0.8014511851170854 0.440780420158492;4.409319572771
0.802670449928048 0.23683095165977405;3.7245890992363
0.909964246869719 -0.21048216108809722;3.468396380039
0.9525640317112513 0.353299370382846;4.202856855710
0.8482657429160245 -0.02568975505344212;2.792233938495
1.1133635725371804 0.09230660729409067;3.42302948428
0.5579898050508563 -0.3043958507733593;3.9075811987033
0.4143444908398029 -0.025149838870039742;2.792010152019
0.048994940404125775 0.0437355537406669;0.297394706599
-0.3316522281038642 -0.3597142851791299;3.4861094169506
-0.04908589118462803 -0.030451011876139134;0.2502083069020
0.3562243389803924 0.2720913011884425;3.2620022439953
0.03729447496151167 -0.09788388403376819;0.56573052899
-0.19823444041375826 0.57638015835603;3.6170843822437
0.06250366214869124 0.4407156961062019;2.942247835971
-0.07157749099771804 0.06911009095946785;0.528569491424
0.3715431814882389 -0.4386269977589835;3.8345648804356
0.14345545941874255 -0.18892993450519813;1.7335816095232
-0.3249707303335085 0.4797025247015041;3.806399081006
-0.08694291665485746 0.24674703618382318;1.8959696270706
0.20142129779586462 -0.46305322211430355;3.3823451288728
-0.06718628244922883 -0.1738894912383821;1.252498207954
0.2305940814337977 0.5949408121166131;3.741277759542
-0.03256320013837968 0.4794391352982231;3.0385516555719
0.036511099503616126 0.18084884240695415;1.2248981973543
-0.13150963992131492 -0.6150571326163659;3.455915261584
0.10216503825326836 -0.5631409900372794;3.3321913349932
-0.08714343645393074 -0.42284658871394165;2.9182428811329
0.09460835449024335 -0.02787047828472472;0.519457600339
-0.4735586615668517 0.18240905445307823;3.352903901098
-0.23426540560981787 -0.12077127550154645;1.9399362162485
0.34208145749140173 0.3182991498282641;3.3792943867078
0.044826788362901215 -0.030575496813982694;0.2303211329293
-0.338298635589923 0.27903438074808107;3.219137138391
-0.011653844519160628 -0.0978087285261024;0.5176338401993
0.06381242323145794 0.5950072696499609;3.293292403947
-0.06771893002753107 0.5229693838232504;3.194171001953
0.06545747438707764 0.31025678147553437;2.280779230161
-0.12016940024454775 -0.31216242292909047;2.4525765187138
0.17423502033598037 0.2635102847039724;2.3868137267645
-0.22706882489801183 -0.31714673215169786;2.916139617762
0.12807712128355714 0.13762743767160002;1.2866947661396
-0.38625235191446244 -0.5043786561616467;4.020949881229
-0.18296496667991138 -0.30692587336140786;2.6740208254766
0.17580345343391304 0.20943570206633733;2.0567178052084
-0.29445585834306953 -0.4056915674847682;3.5116024764032
-0.020664354675295538 -0.09917169249424068;0.538670240135
0.11075096268126519 0.5932403894303739;3.386736647237
-0.0921491257689862 0.5079661099347738;3.204128809539
0.07983720944756606 0.26960359393765443;2.0401053129159
-0.16846120859210664 -0.41393958212797966;3.1109081043075
0.10480647846921301 -0.04403923261011322;0.6349470901112
-0.4765245544876704 0.26146238051576415;3.6097678272995
-0.2622690530824823 -0.04079004476477405;1.894350456446
0.34866115353231153 0.1213821397039122;2.6621044901476
-0.08477883171466505 -0.19152131575074283;1.4609514804015
0.24987246369051552 0.560443967805471;3.751915137260
-0.0019340877862374928 0.40080045293243355;2.7218599568131
0.002529342363300693 -0.0526122046259645;0.22119632626849
-0.020210574891002208 0.47759244728595784;3.024716530787
0.022292834793704547 0.17782236749352204;1.1763308379576
-0.08134733788891972 -0.627532637482616;3.3380927339812
0.0861473502383598 -0.6176534027870766;3.3458224554430
-0.08680454510682066 -0.58638425821942;3.327231347397
0.08058114855673627 -0.4935201807446246;3.1442125134168
-0.07424060904191358 -0.2288581969619879;1.7173814587622
0.19140939755480124 0.5126275722982203;3.4803718871457
-0.0616485889229178 0.29183584478613106;2.149193620100
0.12278295267350445 -0.3660123297668855;2.7552106896975
-0.13450981392827485 0.11071603819650538;1.159544598530
0.426981781750162 -0.4534411830806451;4.0088486605991
0.23361723430449433 -0.2353532401296469;2.532355352941
-0.20429533410208867 0.2809448298482402;2.6310083932618
0.18510065794887337 -0.23891907919565913;2.292647036877
-0.24931771656508928 0.3462804289910313;3.135357259490
0.07478055770051423 -0.05101391158332047;0.46252064131550
-0.40527823866631113 0.34112060955366474;3.6577014846961
-0.16525303824116078 0.048176849589090076;1.1218968866455
0.4976058605491529 -0.21583547139565623;3.5203189546173
0.2959849877897575 0.08602477193132063;2.2399300202279
-0.24034216323796348 -0.19618909698527853;2.360090486362
0.24165883626269324 0.3156904127979616;2.971757195000
-0.10859635318703525 -0.12258762753357344;1.0656747217090
0.38123079141244076 0.5168681677869356;4.033453063964
0.18015805261891177 0.32860620707485266;2.7749324804508
-0.15419626373236844 -0.15793684696024596;1.5884113030582
0.3684955375214852 0.46905376963694173;3.8998948810269
0.15256175524605814 0.24501583376639524;2.1643025475487
-0.25025511366583114 -0.3824579434751758;3.2797719266713
0.04794340928293178 -0.026575349089499323;0.23338100492594
-0.3549606954348583 0.238480590273549;3.1287350362915
-0.017448528921037876 -0.13623302414985344;0.8217218766985
0.07640746260420403 0.6385172270589148;3.328067987414
-0.08453885561626578 0.6529049480011534;3.34070412402
0.09478115283161792 0.693793029777641;3.3314297894318
-0.11916954276444339 0.8116195624903655;3.166947631504
0.21705298706520934 1.0611892609496518;3.7971281907164
-0.2639583985672773 0.6316515482516456;3.8814924530798
-0.006253961690325549 0.5548881906460874;3.198353312870
0.006608169885529468 0.4073565640718205;2.7526823047228
-0.008818775151197984 -0.030527603994693786;0.11655195744156
0.09406700809665894 0.3855847263841197;2.7702617547062
-0.1086808154537661 -0.07170255627981476;0.7714530484200
0.44983031954614106 0.380003774621466;3.8845780165464
0.2510435960808686 0.1274058531724142;2.0870711644
-0.30427210749692296 -0.2982259425431141;3.1589952110569
0.029009695823095816 0.09267046637121779;0.5084090154448
-0.15673759548023747 -0.5708394491752949;3.48480002496
0.08107002974180808 -0.437599766078847;2.9634792186556
-0.08225634160655582 -0.07232037610306569;0.6052295739657
0.39376921646924606 0.4250918713256694;3.859415481872
0.17849733877234122 0.1803342456951214;1.8873705107388
-0.3304996160087794 -0.42345655786115327;3.6775146362001
-0.08370580124447582 -0.15257502767993875;1.1506087067928
0.29008370823201246 0.5792226498806468;3.9001465803307
0.052394198811021975 0.43835226017110973;2.9185287938469
-0.058485853222349546 0.06820660455454208;0.4579930598087
0.3222025790171509 -0.45052113431801977;3.726113587205
0.08096370747242551 -0.19828155641449619;1.4995496731335
-0.23244635616730944 0.5557367067018928;3.6909495140394
0.019803699624916987 0.39273219853013414;2.6889214184403
-0.027251431856728445 -0.07351993064620654;0.3781216051097
0.16557411404534306 0.5201544434222634;3.419900000706
-0.07479527720302928 0.3089819371926783;2.2944890964793
0.13030075115906548 -0.30668975803303;2.4568870267576
-0.17907235178361253 0.26437573362622424;2.415544745542
0.21966436725490163 -0.3051309170613403;2.82620720308
-0.14307229498296636 0.1674978310346073;1.5828973524587
0.3510899705076933 -0.4867014165919074;3.8940192889077
0.1318889587186555 -0.27153354701069293;2.2435355213398
-0.21394093632838454 0.3511233816975428;3.0164892585118
0.10882946577688848 -0.07038102962798537;0.7663275188375
-0.45164174127084167 0.37364534352284673;3.8722680223450
-0.2526040568206221 0.11882608059285266;2.0608366690845
0.3101047186745632 -0.2866953027504899;3.135994628315
-0.027595314186072806 0.10596455258185217;0.6008854214269
0.1381593431212509 -0.5983825097338349;3.4628675685023
-0.09105432564350455 -0.5157572583346808;3.2203623416619
0.07616388674821017 -0.2935881903643307;2.1965057567119
-0.1419517657173879 0.34959523403377135;2.736193207823
0.14574545276950593 -0.138334236498378;1.4060375958432
-0.393562216823079 0.4716859616366948;3.9695197135679
-0.19071868770044148 0.25727166397964285;2.431405465073
0.2205832440664161 -0.30274879339921623;2.8185530902122
-0.1438979217252116 0.17112770597120824;1.61281721504
0.34590112881760987 -0.48426630105429286;3.874657451940
0.12428157855606123 -0.26627000900542297;2.176939210751
-0.21511178151635615 0.3725429869940108;3.111603667789
0.09181543604657541 -0.019881990004057992;0.4850014088571
-0.47467975599780565 0.131225811998298;3.206762047723
-0.23082216173511833 -0.1273287972417668;1.9456855212079
0.3410776085426603 0.3245679070536981;3.397988015259
0.05227448907687077 -0.015375413410055716;0.2313809762323
-0.3851416333623603 0.13793194091296263;2.8928906805052
-0.018677902393739787 -0.16800352110253186;1.0886718850311
0.06983496530052122 0.6353470773075867;3.3161817466722
-0.07756673057117064 0.6452118990055793;3.3289044426171
0.0862084221973122 0.6728341796130946;3.3319630646352
-0.10251439319316819 0.7531402824995845;3.250276950378
0.1585421870990507 0.9668128127822221;3.165676740709
-0.3319766022273594 0.8663681677480243;4.08609239999
-0.01503313534567119 0.8891475958973067;2.667722602945
0.04709999034990742 1.117731878306642;3.3108828562099
-0.1371198817685141 0.41892742991554255;3.031940715403
0.1056940640891382 0.044444070225221066;0.6426082507504
-0.47585020160149893 -0.25958120251663913;3.6021868705658
-0.2640119966824362 0.039955400890514026;1.9061703015371
0.34420187157780296 -0.11653141630793715;2.622804843872
-0.09537508412384865 0.18819259825295273;1.4800670046205
0.26981326451636706 -0.5471850304865735;3.7889420200793
0.02699018406176351 -0.37428395030146144;2.600720828117
-0.03915560277435633 0.12776609480159817;0.794099690068
0.17150738535093452 -0.615784964235772;3.574735416924
-0.08300615462653099 -0.5513629453651191;3.2746159602189
0.0722478878763198 -0.3943102774377534;2.7633933008282
-0.0869527923328372 0.05389885205185618;0.5488604487193
0.4292940332833756 -0.3335519896601825;3.70275560397
0.2049862931260679 -0.04926975679860962;1.45470165836
-0.45639701218334805 0.18292597297633206;3.3035497890188
-0.20321463200086787 -0.12056820524089884;1.7133823354500
0.3887109005632259 0.3564922883543133;3.655631675615
0.14770721074107637 0.0672353973125176;1.0429092059633
-0.48433656529350255 -0.30632369412319976;3.7639707731715
-0.29094195530853384 -0.02715560658001681;2.086644140743
0.27995379746451377 0.07114909355409052;2.0893320548948
-0.2878277692063643 -0.18030206550400776;2.557319156853
0.16958068861168524 0.25650897118753613;2.321318741968
-0.23077558220032734 -0.33222840824305155;3.000654095162
0.1042603346576308 0.0954081565864559;0.8676728029309
-0.4090121991497993 -0.4634261968189422;3.9887240689839
-0.21265404653625017 -0.248441730862984;2.4933925010040
0.21005794641877887 0.28628604493592286;2.686588528628
-0.16972377305638367 -0.21697831692335395;2.070982614200
0.2810739269971806 0.4001882275169493;3.4493243922217
0.005007140988017855 0.08536765512209227;0.4253667335499
-0.029238935723304958 -0.566634544874834;3.2250169508177
0.03034531920214003 -0.4427662999302634;2.911783752215
-0.03452398402348334 -0.07970237456962564;0.4358240610313
0.1954716586835446 0.5271648576685017;3.5242520970066
-0.05333717215543979 0.32856783560672254;2.3727230069181
0.08890351734881632 -0.25872139087048707;1.9904955131874
-0.18539838923717153 0.42813616083012274;3.218421010130
0.08347643237162936 0.09268703236742554;0.7274871012029
-0.36600802761393914 -0.48973289489448685;3.939723713804
-0.15571599071949038 -0.28130033585214265;2.4083335325350
0.2050165463669854 0.29624929953402046;2.715566527345
-0.16389203474175906 -0.20152240225444595;1.9366446051386
0.3032549614501486 0.4281643216056661;3.6074658350727
0.04828949842808872 0.15105092807825715;1.0055644942728
-0.18602539848342142 -0.618490088385402;3.622212803423
0.07333276879444856 -0.5529643723568631;3.259778563741
-0.06637111612674007 -0.39992001899988805;2.7784422050788
0.07905969774206306 0.03871905307283202;0.44425130646312
-0.42889366756378994 -0.2627494257987254;3.4794453611622
-0.177688855008529 0.05326804621042863;1.2390447847185
0.4847078366393342 -0.22088872070101595;3.5037292015708
0.27348528894019986 0.08097884159062074;2.0711072827107
-0.2957944059347146 -0.20452568688473194;2.7109670838325
0.12755632244528886 0.22993710277621893;1.9404919622980
-0.2562422300060113 -0.4420296475247153;3.497849452155
0.00860822422932006 -0.15739300995663696;0.990634076135
-0.03411456922230516 0.6398163591389406;3.266249909799
0.04175593811005858 0.6673376823130797;3.2582733162746
-0.05573114540325144 0.7521347971161739;3.131440085326
0.10125928731419168 0.9944489401979231;2.8906106143380
-0.2923509743913939 0.7854725199817391;3.974477480432
0.020596236856006034 0.8476151834457761;2.7888319391913
-0.05715191900723822 1.1464961945897223;3.5536791760508
0.14724148879761034 0.4087685910800941;3.0225674485494
-0.10785246114754715 0.024591594934466554;0.6092189108756
0.4924766629256177 -0.14759685650718657;3.3016629807543
0.2771288872013262 0.12232032855433145;2.2409290671466
-0.25103438431541447 -0.2575862169903425;2.7368769922577
0.14905553158661966 0.21778739924320956;1.9639217654516
-0.28040978627915536 -0.4296225653276521;3.5392110919860
-0.017879413570234814 -0.14373567689389838;0.8838949298657
0.07425659052939527 0.6363546330515082;3.324218845577
-0.08022850640422156 0.646875727141177;3.3337986407571
0.08748895354666146 0.676776224579024;3.33150997140
-0.10371196697467559 0.7639154057521635;3.2295423199211
0.16518730198161663 0.98960974880969;3.240665982560
-0.3311155076590356 0.7988349182820871;4.109226904850
-0.0496570928762472 0.8389175591755273;2.8616214065816
0.12735022153622183 1.1341277849806757;3.7233598052032
-0.25573729304859255 0.46885799339465184;3.5718102514605
0.00034461409448699465 0.2129762219636745;1.461539838035
-0.0012486608111253329 -0.577430980448051;3.2268848304791
0.0012425291659573982 -0.4765444294787439;3.016322262806
-0.0014397804313966073 -0.17890189023753478;1.1717588487964
0.0048981136132977745 0.6252760871322526;3.2527903281830
-0.006018663564763318 0.6242554882695013;3.252931603407
0.007125977549218884 0.6210326834210556;3.2528996181571
-0.008593687430810109 0.61092031851314;3.2509983307234
0.009838098352391259 0.5793786376177411;3.2301021139503
-0.010720299015924986 0.48260515949160354;3.0362189641044
0.011282552917976706 0.19711082734057422;1.330591424411
-0.03701738739584902 -0.60132449875773;3.2635704448746
0.04029043436020062 -0.5475108426916022;3.2061190870385
-0.040170253923427726 -0.3864190651325179;2.6754780749356
0.053586217165563374 0.0848453912957326;0.5342421148664
-0.27537850524493784 -0.5118861162224833;3.7355487751449
-0.03313840254490186 -0.30476997855706134;2.1890215216461
0.06371410470465866 0.33545207424569956;2.433912418513
-0.10002251410575991 -0.22992475770778664;1.8192626969845
0.22757313487820147 0.4753508014761423;3.500158967156
-0.030410361662877528 0.21866622608938813;1.5314170120747
0.08800642049258986 -0.5582132698856069;3.2950392733759
-0.07440820791705594 -0.4144390747597983;2.857453642333
0.08143304971407903 -0.008538354053654662;0.40069257344021
-0.4563420421992439 0.06007474993760126;2.9950503126855
-0.17460680815589036 -0.08213888261524196;1.3161303015777
0.4561996397982768 0.31598748582159464;3.722595446904
0.24612878025550722 0.034972603438397476;1.7602663613117
-0.3820342524231911 -0.11006189312918349;2.7953207370705
0.0001732896405184925 0.15517112352991183;0.9696176272896
-0.0009359198672314441 -0.6369722184943367;3.251083637320
0.0010542646032659594 -0.6608014955149619;3.23873559820
-0.0015432932732080584 -0.7360207218537979;3.117452022170
0.002671143637839562 -0.9642417257578578;2.583651535181
-0.009652728186565686 -0.9080925831640451;2.624510167533
0.031173391955569653 -1.0810920165884212;3.0281417835416
-0.10057518044309735 -0.48549723271930567;3.1627514586283
0.08030113746497036 -0.2140566980432182;1.621922431839
-0.21132921646658126 0.5255231432209635;3.569413014021
0.03833340485647738 0.32716387485148896;2.3413174799271
-0.06601366952225661 -0.2647490281719737;1.9665026113479
0.14274515488666317 0.4285246048131465;3.0851126250683
-0.09911071798780172 0.07569909512643286;0.726771310766
0.4215913008571114 -0.4043852564634381;3.8780431536677
0.21732205120632772 -0.16007855058118278;2.020106864207
-0.3146676460787242 0.3570559559265236;3.4190915532376
-0.03221396282406863 0.02732003411136069;0.16641813779701
0.2778373557406062 -0.28310461689891303;2.98258406604
-0.08036960408191945 0.14002552690950681;1.039502619671
0.2922577440163381 -0.5708864225026871;3.8939081705264
0.0591623578213456 -0.42340291348270837;2.8687463388327
-0.06594539489625803 -0.03095129306120986;0.3420422031204
0.4001049397040304 0.2315896022442832;3.277215469303
0.10861509101229305 -0.10491551026999651;0.9522929993624
-0.3990269797907873 0.47510426426985014;3.9904123319904
-0.20188897248340337 0.2667077260329749;2.541102160613
0.19593762926793407 -0.2629725251412889;2.4905099718867
-0.2052074300904248 0.2784161647482142;2.621662557574
0.17992954204203016 -0.23512799177676647;2.2418179754666
-0.24971725400696954 0.351999858165829;3.1602187198837
0.06372734763353821 -0.03219110483855331;0.33282897082060
-0.3923136546509162 0.2433935324250685;3.2910426865508
-0.09969579209907486 -0.09623356993735677;0.8440026986853
0.39481502252386896 0.46810915126954056;3.9646313769530
0.1943969467958649 0.2543243047074816;2.432845032216
-0.21652617510209854 -0.29688466277545833;2.7710253591964
0.1495309343442353 0.18279095278288782;1.7264815492970
-0.3257223397534168 -0.46255603464701345;3.7670032181023
-0.09295105725022812 -0.22478506925156902;1.7524311906518
0.2216211651028684 0.4917144089843677;3.523841211595
-0.03194314891213712 0.2536600582112134;1.814893727690
0.07777908048030523 -0.47673579826928536;3.0907074392044
-0.07052155026895306 -0.18704717388810038;1.3709824995092
0.21566978587786506 0.5724506180967515;3.6654821831345
-0.035218222067363136 0.4345679978028971;2.8842967259980
0.03991735386087977 0.059871988203492765;0.33664097286787
-0.24932471722185953 -0.44354283987858384;3.479832558015
0.014863080366738418 -0.15991448910185813;1.0163563362339
-0.05745495582277725 0.6320945460511559;3.2960759460083
0.0642517169735796 0.6384859357724191;3.306054343027
-0.0719573468114305 0.6562571730556774;3.31339100268
0.08322226879642629 0.7080052621373627;3.2826820543176
-0.11352463827694155 0.8573368765640588;3.026331582409
0.24396771970388764 1.0870403932756019;4.071601835252
-0.19303515757250472 0.6217036711820016;3.64674861367
0.06699935185637013 0.5591031663107275;3.258737436780
-0.061702384206538424 0.4196189382713187;2.856996376567
0.06871088459208771 0.021577616642905195;0.33644217436406
-0.4181673568953237 -0.16332600931414656;3.1102313701528
-0.11329651941129348 0.14274216257831732;1.232236102670
0.3529067756976599 -0.5211121344447749;3.970723496184
0.14354254880332365 -0.3348153760399354;2.6649158478815
-0.1530605021236923 0.16965085249648704;1.658862343793
0.3440089955458202 -0.46098558683477275;3.814742668360
0.11902136160638804 -0.2282058364083558;1.8884595881030
-0.2490463694852713 0.45099943367068784;3.500828142643
0.012372357188511762 0.17572216594685047;1.148817762400
-0.0444945407732339 -0.6221656304418326;3.278558324708
0.04991032711304982 -0.6104962856549124;3.2822111158151
-0.05363965857699344 -0.5739284934511887;3.2588256373816
0.052517572981789655 -0.4640280857946137;3.0106162700149
-0.05331139762741335 -0.1481131961167283;0.9969367908946
0.20313575714927726 0.60529692309149;3.6657555362105
-0.05318527751530186 0.515310053598575;3.1561825680622
0.05028727005321608 0.2947256767786481;2.1461580037530
-0.09786931452487875 -0.3537592001918925;2.619207006432
0.12328619885452986 0.15296495116491332;1.3629063531300
-0.35051180522296893 -0.5090026794553029;3.9402249989140
-0.13843776782895872 -0.31361859170802736;2.52834484790
0.1699497514757033 0.2294140192393644;2.1524153944197
-0.26027075336366423 -0.37428262465243883;3.2860290811262
0.03476893390699687 -0.02362424943569169;0.16538244257704
-0.30009287196565726 0.24389983663888348;2.909516943095
0.07756572663669692 -0.17557101691114974;1.3051356979984
-0.24401280442908474 0.5716370042076289;3.7516108803831
0.003489731834221743 0.42956852513549004;2.8479351618678
-0.00425096894897724 0.0437840727193351;0.17514203953942
0.03554038707217013 -0.4359858656784623;2.89016628584
-0.040217043778252866 -0.06496080444819141;0.36542146465330
0.24170960182614742 0.4615145882668601;3.507208331261
-0.01734470469308247 0.19543752979382095;1.3209045354095
0.05619693177850282 -0.5977354007050311;3.2839248137624
-0.0573792968452929 -0.5345279410410226;3.202692560545
0.05344552020667115 -0.34975044455784465;2.498586294390
-0.08017291926659792 0.1880740280405847;1.4152264226144
0.23604791746477372 -0.557779340710851;3.7053967764118
-0.011723287693110873 -0.3999629513922409;2.719823744616
0.015174836603973896 0.04454896112657725;0.19110421407074
-0.12337862254140511 -0.42502865269206985;3.0163122159392
0.09962354608794374 -0.05970903496874974;0.6561815228376
-0.4409008056620274 0.3355440350122073;3.7397562734993
-0.22744011460466423 0.060954796727177074;1.6668694881689
0.4015382781082342 -0.19652910075969837;3.15892486533
0.09388058242264591 0.13462454467712853;1.0663973654196
-0.32908246740318026 -0.5435888019152415;3.950293968979
-0.11194510104864508 -0.3727937534684165;2.756207326612
0.12004132777552759 0.08928430182233882;0.9385171994174
-0.4332238594585044 -0.41354775636174035;3.9296714836501
-0.23834375712397196 -0.17961331926170107;2.2600791011030
0.25620735668497485 0.3185609427088316;3.0458770331944
-0.07970262833538011 -0.0930153769289287;0.7089374150196
0.34966338521757756 0.489225708937736;3.8958186049636
0.13433826628996418 0.27951063428567957;2.3051802222708
-0.2005180026494289 -0.3190515449232545;2.811840511161
0.14173245028256623 0.14961108358620517;1.4534792497922
-0.36763852520870544 -0.4762748194410448;3.914156780271
-0.15757409199091874 -0.2618227604195045;2.2964844310040
0.22218728152397652 0.33011314643004486;2.9556399460347
-0.11148703828325893 -0.10233559772223672;0.9550254874006
0.4043646973328461 0.4615634793004832;3.973311686784
0.207750888767195 0.24746916531400057;2.4623453564826
-0.2109881464480617 -0.28767437335221524;2.698210490899
0.1627428813086989 0.20626969877347123;1.9615321142272
-0.29143819840699936 -0.4169642550843823;3.536661338916
-0.03015843286547265 -0.12790548134527774;0.7745926755039
0.13175580060293005 0.6136326053404124;3.455828088624
-0.09177764036269889 0.5611879939947572;3.307062708933
0.07472242255962441 0.4237997097279289;2.8970377919970
-0.07796193811119209 0.03888534367237162;0.437905223901
0.4194285438258414 -0.26134779897109334;3.4451447923730
0.16230130699188045 0.05566404715168377;1.1195285153329
-0.48371195434757847 -0.241330910256486;3.565366791959
-0.27821762408003026 0.055175210451302414;2.039335274261
0.29350001394734493 -0.14350132341631547;2.4298360034879
-0.18798812250780844 0.24617706018133087;2.351698803684
0.22850847638719513 -0.31782202178290897;2.9254503732669
-0.1145849454888303 0.1223932401246603;1.100991288701
0.3807246166821795 -0.4950551736109226;3.988228543354
0.18078242736647274 -0.29645753289178534;2.607619251316
-0.17638471650624413 0.22322144019414591;2.147866426586
0.2641000035263037 -0.3726641114976418;3.2940231218448
-0.02929484466605886 -0.023939450754312974;0.14475676101050
0.2696314079908808 0.26372788964694405;2.8564219426296
-0.10940096242544756 -0.17938067050816658;1.4796908942346
0.29642732693906276 0.5242960430375514;3.822928179847
0.06527400875530845 0.3338754352745078;2.4276642780421
-0.10093671709513352 -0.22899996267343437;1.816057362274
0.22647763996394005 0.47049926031335554;3.4834977992369
-0.03010734910203622 0.2102554366530079;1.461101596885
0.08934212250503135 -0.5680539210343982;3.311572114822
-0.07419388911065378 -0.443400698580121;2.9720915478365
0.07259802749916996 -0.09468986697445525;0.6827523227920
-0.32604757331405443 0.5042668178079615;3.8645805943957
-0.1039101418516957 0.3014497239623467;2.3309796366213
0.16196075389790496 -0.2935341233158404;2.508261906842
-0.1865649055433762 0.25191683025514156;2.3786948954417
0.22227005134101638 -0.3088884795238106;2.8560210123010
-0.12949001546728553 0.14766122097916246;1.3634867486756
0.3616502587213902 -0.4948300555621048;3.9394580819985
0.15329494742722063 -0.29222438176110466;2.4632902267736
-0.18914083884640628 0.26518151228970066;2.469605085353
0.20493303797849807 -0.27955595518875254;2.6265264173763
-0.17633585586089592 0.2297719680649979;2.1890223125090
0.25542636431982213 -0.36225943945658956;3.2225866568442
-0.04712479500937816 0.003521084394828844;0.19204656653446
0.37211616038311807 -0.03437465137170466;2.596058677881
-0.0500825283627519 0.06237343919830704;0.3895669617207
0.289648699446094 -0.43179607745623727;3.575160587197
0.03429701093022208 -0.15600346410957677;1.0119951284886
-0.13050132911442552 0.6194874770016482;3.4552584736506
0.09299785202463584 0.5779502871733049;3.3312034992377
-0.07688505348775546 0.4711727778995488;3.0718657842389
0.06951136726129653 0.17364791537753776;1.2589205975784
-0.22472662908136043 -0.5799796156097351;3.7041034580775
0.02504239219821988 -0.4512528860187197;2.9393465193615
-0.0273849544463751 -0.10997056508837466;0.6303499272029
0.13100597464568337 0.592435283400992;3.4379390821579
-0.0858980842942837 0.503474447921033;3.1804544770829
0.07106248044016372 0.2642971393440653;1.9765945766788
-0.15005730598817102 -0.420378848857657;3.076710631093
0.09883874302231463 -0.06127361696995354;0.657499662312
-0.43616394083673327 0.3422047858033901;3.746467391555
-0.22294512277675466 0.07040425190217015;1.65880888036
0.4016592984337441 -0.22489497818482307;3.2591903356934
0.11068830526004214 0.10816137088100286;0.9854601531953
-0.3940702920567668 -0.47458813260707866;3.977184459613
-0.19634855832432785 -0.26645865049990886;2.512398217910
0.19764399999424126 0.2666931665646826;2.520103986340
-0.19635555173969177 -0.26440076403398555;2.5007337508274
0.1999895302823136 0.2707375758840586;2.5542968167309
-0.18984848132678483 -0.2532445499923312;2.403325540909
0.2179135205520315 0.301056599736751;2.7982279018847
-0.14106418452729003 -0.16839124912222675;1.5768852753315
0.3393779574635526 0.47757587681738595;3.8415529882975
0.1181215816163074 0.2574755265673056;2.091654483540
-0.2133499414096456 -0.3883866568331264;3.168173742308
0.07730694360430743 -0.02244439927496933;0.3918463204589
-0.43452871809377824 0.15752763254086075;3.151712876508
-0.1504461444549619 -0.13416001132495728;1.4114037991302
0.3906679501160137 0.4484527653641578;3.9087834830105
0.18547553698406713 0.22318136686575782;2.197923955294
-0.2583267633423535 -0.35732661545456423;3.2143689431080
0.04613372555865658 0.010808555127500119;0.19275122306669
-0.36366265691638333 -0.10398350256817981;2.687979510323
0.04596959642125309 0.15895931822034462;1.063968676675
-0.1683479229251326 -0.6087807563101945;3.5599479692076
0.07786242877575031 -0.5356323102898588;3.237198416945
-0.06609996790582132 -0.35339731943937625;2.542057459782
0.09276159578568466 0.16915152575230052;1.3204852485473
-0.28129835769702277 -0.5515384257314543;3.830412870793
-0.04679166393175821 -0.38663091139053474;2.6847276576007
0.06008813540760717 0.07680654316993951;0.5136359521564
-0.3075798455458358 -0.46862063303629997;3.7294288192144
-0.0711167805599755 -0.23244380478579357;1.7355692481172
0.17395141852858764 0.49397877158360265;3.382441657351
-0.06741214289053526 0.25156913239760115;1.8718275590971
0.15218783227387683 -0.45400765297829204;3.201633163407
-0.08583513390100356 -0.14781159645515785;1.1240594576496
0.29241466545423683 0.5609824380666363;3.87856311628
0.06198336377280747 0.4055389965771271;2.796377841035
-0.07140092734397008 -0.016028576841635778;0.3436789338214
0.42551058694817034 0.11850713125777354;3.0049357875069
0.11520909930937262 -0.13456894835238373;1.1866501512410
-0.36356824399406795 0.5064906732254635;3.968789637370
-0.15854840362367695 0.3131618180622416;2.605194444812
0.16747263210415447 -0.2061253034432335;1.9875336604857
-0.28884919277525906 0.40685469552882586;3.4967890411494
-0.02333449092903561 0.10868838613701515;0.6132971423666
0.11274316274907373 -0.5921371498121762;3.390618553104
-0.08451058986450943 -0.507200305081839;3.187072600434
0.06979651381117874 -0.27484851935997945;2.04957420609
-0.14015364628435836 0.3925655018540385;2.932662360065
0.11286428388628347 -0.015386070508989602;0.6339055344409
-0.4936061800556505 0.08863970190023378;3.160013965280
-0.275759568043086 -0.10079431958946432;2.151188180485
0.2658887487207381 0.22862171642031465;2.6686413993047
-0.15073288707045118 -0.2336630136997377;2.079962140283
0.2539208903707844 0.3916542748744701;3.3261195294582
-0.030231545624364697 0.057735680103503106;0.29407373412758
0.19804154920827036 -0.4481445100186939;3.3261607894214
-0.062099897370119256 -0.15131010557107172;1.0522821972678
0.22526203746672693 0.5915691523473977;3.7206149814428
-0.025531707286264554 0.4780789136174971;3.0292784846482
0.026050708563497407 0.1888767929684832;1.275185569078
-0.08579380826903467 -0.5984106226308668;3.3351877296464
0.07627848899285598 -0.5313527915841018;3.225973691987
-0.06498114455205008 -0.3418541730571119;2.4741520999590
0.09615462155128 0.20292644355175443;1.5976103033968
-0.2471390244943638 -0.5158549851585974;3.6589093576526
-0.0019911930912313025 -0.3120743389537788;2.2185560443310
0.0035704561193944757 0.3107333131634157;2.2097519861846
-0.0068430845237497226 -0.31453939134711106;2.2356807508384
0.012464434838902468 0.30306117869957194;2.160333760142
-0.024308832686530304 -0.3368565260733869;2.386606526259
0.03984239071424568 0.2325114105177083;1.6597882180989
-0.10482317798259107 -0.5159430977794208;3.250355249706
0.07666770537675648 -0.3002002268013294;2.24195821965
-0.1331770894242788 0.3169215392912399;2.5275691830798
0.16337160888312635 -0.2215400581908149;2.065874757102
-0.2683775273062457 0.39192061182332993;3.3779145530656
0.011429060092851995 0.06801361529926309;0.31698685006900
-0.07337997351169401 -0.506532239576706;3.1652465784858
0.06362205477279359 -0.27277762442133024;2.019139142996
-0.1310998390499022 0.40186435973975176;2.944750645512
0.10793242291326932 0.004700574206713215;0.5884760264973
-0.48927752550986736 -0.02835565320333134;3.0642987089655
-0.26098307636456 0.03805866866674248;1.8801754204190
0.33913853118765025 -0.10929344718698225;2.572446737482
-0.1032505290376507 0.179733344211415;1.451802725852
0.2848030903938133 -0.5293375624437657;3.799354890864
0.05123463929253175 -0.3435743127748391;2.4593279195435
-0.07801492240449659 0.2034242088030157;1.5294687805258
0.21293882438223222 -0.5365010042964385;3.596350854094
-0.03305380395378257 -0.3546721919206176;2.4992822007661
0.04944316541316221 0.1755228660372976;1.2104925029588
-0.16602523830524088 -0.5955945194080307;3.541315255392
0.07494466836465319 -0.5027766007970252;3.158488609653
-0.06472637970796302 -0.2626404047126965;1.947643372216
0.1390354868875754 0.42686390683145764;3.0679417048261
-0.09689546434808866 0.07469292211481626;0.7073706121958
0.4121377917826466 -0.39782420600082946;3.8368518668212
0.20385116524808672 -0.14996270178468063;1.8734415493688
-0.3380014608221021 0.3692861705968208;3.5382352760326
-0.0784807468271157 0.06839171213561573;0.563289173447
0.3771486940462744 -0.40340477441066924;3.757356016869
0.15267374391843855 -0.14556564062575045;1.498331255476
-0.37228115457864386 0.4512009780857889;3.86759508997
-0.1600955123962729 0.22316572155885903;2.0589326414620
0.2658057980054677 -0.39358321295417154;3.374664740652
-0.013245111858375236 -0.07004148034678787;0.33155439437785
0.08240535089094177 0.5100194500631787;3.1899449604053
-0.06823935465663185 0.28339400414203786;2.1060715684965
0.1311716346187634 -0.36876707761035465;2.795109713515
-0.1251912644838421 0.08367675383034773;0.945962554015
0.4408666870089183 -0.3845468080297586;3.8746363020394
0.2442517101296057 -0.13896114873006432;2.0935949554689
-0.29048785859663473 0.3036375286671152;3.1248043081937
0.037831321515970795 -0.0848796422229125;0.47887062497048
-0.20136220251724124 0.5252701436034006;3.5383091712599
0.04344771932029301 0.32902069980177906;2.35982211021
-0.07165478136164935 -0.2495803439087373;1.8687406377897
0.16022846727832377 0.4528939083079503;3.22212127346
-0.08230026278221439 0.1492478473034084;1.1186153882387
0.2805941460014355 -0.5641393887994721;3.849490311757
0.04684046174253703 -0.4126554504666375;2.8058142002035
-0.05438545685532124 -0.002349341169546104;0.2309796430083
0.38858273977023233 0.020093273801759078;2.6687727341845
-0.004382538935354452 -0.03476906262716367;0.13149631581228
0.041967196596840346 0.3978767441355327;2.732836129409
-0.05192602309426816 -0.04219005130240416;0.30494330669391
0.32932930594414306 0.32409284849336506;3.3542941206662
0.0399230294156081 -0.016042054677068374;0.17031323939761
-0.3336575130713043 0.16141512874222141;2.72628254716
0.07725701815191005 -0.2018575449986968;1.5142284230373
-0.2126096252430678 0.5382895491879494;3.5987714541947
0.03282724969924769 0.3590695844791439;2.5237503828712
-0.048266805157184706 -0.16115130510506476;1.0882714143958
0.17258682345876716 0.6025728310490086;3.56777733248
-0.07252840968925675 0.5189578268360409;3.193171057577
0.06221282824635713 0.30805463796015775;2.25939456794
-0.10817483773293637 -0.3021241864742724;2.3495119621746
0.16270464277649363 0.2836147317650032;2.453353070037
-0.1938666810839321 -0.26998269763547245;2.5202433445349
0.1930758419990464 0.2597447627734909;2.4576501494073
-0.20533980154776463 -0.2809102221657822;2.635768536538
0.17157842741582072 0.22272328368848127;2.1182907651186
-0.2630879174662186 -0.3759823983953424;3.3025245961375
0.02633635254162814 -0.03303692277053627;0.16646957757163
-0.22458837676826687 0.3347843232403741;2.9867093407240
0.10178447099180038 -0.08574613676390341;0.7970449720114
-0.40606022264628333 0.426611847917184;3.89482587031
-0.2034711270559443 0.19419615046330063;2.1268011802538
0.27863748533453436 -0.3585467036832324;3.29506106314
-0.015767404623017567 -0.009543278971111235;0.061153368823777
0.2438843009702718 0.1748879693608849;2.2697960190848
-0.24802609383420676 -0.30757726194194196;2.9621815849024
0.09660637515059467 0.11927153870765744;0.9733829703975
-0.3505586486066265 -0.5141434951151835;3.950804393432
-0.14216187632493374 -0.32486957671502764;2.605843629329
0.15673986722756886 0.19067124916639683;1.8225018253143
-0.3086217460477684 -0.4365858326473287;3.6479162815608
-0.06432520756462029 -0.17523157354739832;1.2534629118732
0.2071081363439703 0.5797309152108094;3.6490582069150
-0.040783966161526075 0.454827053572596;2.9653808077209
0.04211922420936322 0.12453983220389742;0.7768835836323
-0.1809200263360981 -0.5940989229775889;3.5851427331864
0.06485151167529812 -0.4952090993298537;3.1220643440044
-0.05836051898664042 -0.24136572712955906;1.7698021233432
0.14041239003612388 0.481445577033196;3.251419395587
-0.08072295438462082 0.2155746325849659;1.6353695733076
0.20554163382479165 -0.5122758129361047;3.5228956164948
-0.040451046617066944 -0.30018785938721043;2.1675309305690
0.07629318039976363 0.33551844002741243;2.461697823131
-0.11143015605674167 -0.2129163083045043;1.7414238898569
0.2541236268035644 0.4786649490385942;3.592435606792
0.005180272491708965 0.23799229976998557;1.6687879471227
-0.013796541993922214 -0.5116843352568529;3.115439805752
0.013576489862949077 -0.2865153102762188;2.0445091091096
-0.028388923761173773 0.3828153956306374;2.6457903715029
0.03781409337141667 -0.0890747854278478;0.5066235963926
-0.19626269862178242 0.5348225318288218;3.5420516009441
0.0470114558680651 0.3514013298825843;2.498027585634
-0.06944264357749844 -0.1792736170115069;1.3041859891040
0.2162046452595021 0.5706568411164643;3.664519261457
-0.03068065480251589 0.43263056491605806;2.8726712531813
0.03423928496528052 0.05947346898110112;0.31545231858153
-0.21666600818656756 -0.44497502875106115;3.377077378372
0.04548620988079738 -0.15366258820315137;1.0191194708958
-0.16947037640608745 0.6049881374092945;3.5603260848314
0.07461146379075087 0.5262930416357081;3.2126700029227
-0.06336562481948041 0.3290365152691319;2.3945214923573
0.09912748576422756 -0.2387840420038908;1.8815835300964
-0.21126012491759047 0.4468478537852424;3.3651768046487
0.04986392975972839 0.15580090936911467;1.048864095039
-0.18215129881243888 -0.6007847694294062;3.595634068913
0.06547777673943853 -0.5116923559049615;3.1649834158778
-0.05796870779418116 -0.2879690447847736;2.1143870902185
0.11169520932196851 0.3608958770065235;2.6959157287151
-0.12387781163753027 -0.11684215470817133;1.1248112466141
0.3935191152410465 0.4644851602099636;3.9532504644772
0.19484914989593663 0.2519637422619927;2.421392778527
-0.21212851892187448 -0.29173869428582644;2.7246338042897
0.15310310576133976 0.19075708602282326;1.8018074374412
-0.30723541339726435 -0.44116066238886265;3.6563398731111
-0.0641882923539038 -0.18375346704181544;1.3225494155330
0.19864571739983414 0.571738329143749;3.611872353768
-0.04699472283756398 0.437765093797601;2.9093722546800
0.04999779206563654 0.0770953552829945;0.472206553460
-0.2646808866553955 -0.48207473002695966;3.6337735069712
-0.019128925241228473 -0.24800582278971822;1.7564921915287
0.04738404167282742 0.4845986864425939;3.068589612786
-0.045625547766228 0.21092539891514317;1.495282468195
0.13011033452611998 -0.5507385054540572;3.3808593679887
-0.07817512500048987 -0.39339975293492413;2.771040018093
0.08781600435861286 0.04237126745751524;0.5123517497525
-0.4311455629891297 -0.2630175155647314;3.4872264896352
-0.18772715529052147 0.043795251137342284;1.2982497344461
0.463323322047626 -0.17146744524683835;3.2890888498515
0.22175186854805537 0.11572719688216818;1.8264393898044
-0.35195982045561225 -0.31151267246085246;3.390201858620
-0.07123886985507388 0.019592883575362707;0.3483118509799
0.41714362476840033 -0.1435001434128494;3.0441439564272
0.10787788509991508 0.14103333226840276;1.189033170320
-0.3394740928424066 -0.5190573422530705;3.9314800285367
-0.12770143928033642 -0.3323432191255539;2.5949718921936
0.14753305104664424 0.18248773823048886;1.71261305204
-0.3167907763469444 -0.4554180921377445;3.7229394256034
-0.08264296038711547 -0.21347379506791497;1.6258648549553
0.2100603811257252 0.511986403724152;3.5361723330598
-0.03553168640023191 0.30077545611272216;2.164795949443
0.06700239347002368 -0.3339217438508659;2.4315396435972
-0.10103735769617875 0.22166488231172066;1.7614044744038
0.23036504282858852 -0.4761412902047516;3.5111177953816
-0.021511017913823177 -0.22663328450119047;1.5861565307972
0.05865616073894869 0.5319848349501618;3.199446581521
-0.052611048738678265 0.3454930306502547;2.4727343384283
0.07806871793537094 -0.19363483981068286;1.4515442468715
-0.22098550114375226 0.5450842533379602;3.637138592620
0.023408926590666235 0.3751150579102802;2.6023876776557
-0.032381541949575224 -0.11189548391365733;0.6554705562779
0.14992319257492775 0.58442052445119;3.482229855699
-0.07785135952901928 0.47873048822764036;3.096867424015
0.06744439354260712 0.19818739733840013;1.450801717444
-0.19325817928320238 -0.5505948832480316;3.5619870151212
0.048875203564023195 -0.38867202871902845;2.6975515340198
-0.06116441143472412 0.06566632778474851;0.4572633659915
0.3233784977151817 -0.41945378543484935;3.644621900667
0.08014983190237324 -0.1516433817240015;1.127420513772
-0.2709383182826898 0.563860770662076;3.8206325920827
-0.035166825077120406 0.41347455269010497;2.796446774760
0.041153776031415 0.005030054975741272;0.16240238382039
-0.34954272087914434 -0.052285072107802665;2.4955112813915
0.100701858346251 0.09837966121962549;0.8630789426678
-0.3840784833233726 -0.4620154280162724;3.923839161468
-0.18126959737729903 -0.2458184803172343;2.314685062086
0.22720004992289322 0.32080307095004457;2.9337464120176
-0.1088031872856774 -0.11130064933841927;0.9933335655905
0.3801772388315067 0.4774355418194875;3.9488775457702
0.17917235986181904 0.2701710577004907;2.450304200034
-0.2000567883361091 -0.2759026597207164;2.583274048970
0.17939807104070402 0.23713494911886918;2.2514494546035
-0.2388361395291991 -0.338560200078256;3.0612024826124
0.08072646550749787 0.062380960813519515;0.547298018120
-0.3883363953503973 -0.37133885694941515;3.698463300872
-0.15972042451845986 -0.09953744471288839;1.2814633025111
0.4288587612057812 0.37166405194394087;3.8099813666105
0.22334313762218183 0.11650401831163015;1.8416345951527
-0.3477296660995568 -0.3095666172801581;3.3682274386638
-0.06364222790343782 0.025165944520386674;0.3140215978180
0.3913559513067455 -0.19158415714275656;3.101743468211
0.0747459700404815 0.13964908092975875;1.0113993556790
-0.2706125683443049 -0.5655903699060632;3.822432268163
-0.035176266027337394 -0.4169636985859351;2.811620726859
0.040483185958897244 -0.0152984372309522;0.17158217617936
-0.3342969181116273 0.15233931846143328;2.694905144476
0.08009699811558418 -0.19972125451932937;1.5077087096630
-0.2183692806501183 0.5338379296546456;3.607842969000
0.02553375795864879 0.3503341334545338;2.467547019118
-0.03893225589915293 -0.18625360959618253;1.2752831004642
0.12513591810547664 0.5878755158209571;3.417939282725
-0.0822244668966815 0.49368364902355044;3.147732778839
0.0678501424067518 0.2401845353005464;1.785994391132
-0.15901078440082114 -0.47276074281633274;3.279667869097
0.07568571084675746 -0.19956218541716214;1.4902068887846
-0.2094830530248452 0.5386639043444428;3.5898907525537
0.034008780381347914 0.36110678019410136;2.5362552418857
-0.04888490889795577 -0.15134821858184;1.0096995683556
0.1808450033677318 0.5984787145583407;3.5893641954599
-0.06441591102567959 0.5068249050829093;3.1515121334959
0.056525627235449974 0.27538038558227085;2.0217241945631
-0.11532350204393367 -0.39355975581071045;2.86299256566
0.10669796367973093 0.022836742517977182;0.5975561383849
-0.47530576673167235 -0.13374725520506117;3.215408226634
-0.24092044833701798 0.1188169732622971;1.9786540515771
0.31393894724914484 -0.28819573343982563;3.157789113032
-0.0082202358050118 0.08700200281496168;0.4383606821955
0.04495977383412743 -0.5517089187890776;3.217850251426
-0.042135212615923845 -0.402423407802765;2.75417806603
0.050270652337734964 0.02569036870691971;0.24263533890685
-0.34952455899533164 -0.2179656774783164;3.025365132326
-0.0046035714683278495 0.14987889560452083;0.9257297575182
0.017908455691486008 -0.621671302511139;3.2565778277783
-0.020288287964593112 -0.6124133221575729;3.2559235665034
0.02211298417526932 -0.5839672021055966;3.2395103981150
-0.022703187768020962 -0.49818347465024554;3.0852617222601
0.02210460720617424 -0.24920283918897917;1.7686129545668
-0.054163307255396864 0.47724312092991744;3.05498049023
0.05089069315499711 0.19187984748343578;1.350246788496
-0.15584697332737613 -0.5710844640086995;3.4825676807645
0.07255594244547225 -0.4434219517551592;2.9692184422231
-0.06936179701400874 -0.09974206577724426;0.6999454393484
0.302323314747641 0.5129056655094104;3.8163517575815
0.07572345504072536 0.3163177035499849;2.3434826868173
-0.11981757000537091 -0.2652942867972833;2.152042564641
0.20147538632758855 0.36003068397119564;3.00704851879
-0.1018292590095457 -0.046348098858088216;0.621213434848
0.44833748903647014 0.2632417724386998;3.5388024185498
0.22130342182706103 -0.034797173309815965;1.5599346897869
-0.4149003639429147 0.11798222472697262;2.961423715158
-0.09391009953998963 -0.135828728342122;1.075274441091
0.3186925190307794 0.5332416479388911;3.9029498181541
0.10101135028221078 0.35612582240770885;2.640466332962
-0.11906071149011499 -0.13461238051466673;1.2103131327795
0.3602750747273611 0.4925531001853021;3.9310019096767
0.15451650393495506 0.29131731513379894;2.4631378746906
-0.18384163547334623 -0.257294208688757;2.396973541916
0.2102801553104026 0.2939513238954105;2.727603723870
-0.14974820891040683 -0.18552139433498882;1.7464524175597
0.3102825730200156 0.44683260525033264;3.680968493144
0.0723782227368068 0.19674145159017975;1.4558219537504
-0.20413606609582755 -0.5441677574318157;3.583764584377
0.03810305940431047 -0.37390018350877335;2.6094298618725
-0.051232921710983356 0.11086281999954473;0.7026851904365
0.2259355939518648 -0.5601233312683357;3.6782147876291
-0.017384881126428997 -0.40873929156710476;2.7625457905300
0.020880208094772867 0.009903582086695839;0.07953060668431
-0.2684242462123915 -0.1526580990056247;2.3151228170771
0.2227687197920642 0.2718746399881078;2.6713608697120
-0.1591084889457649 -0.21435411131589172;1.9950369483848
0.27204058390965724 0.40180189976024067;3.423948866703
0.0024143591722585733 0.09342655727631294;0.48100552089896
-0.013078295811191316 -0.565123065536522;3.214498334076
0.012909004334578235 -0.442905232304047;2.9024342217779
-0.01415785874147523 -0.09030242157085416;0.4666716133026
0.07537623854826112 0.5546224419295283;3.265919030581
-0.06328819383691861 0.4094027916375283;2.8157047341636
0.06930181272114866 0.001163415866485662;0.3190331783458
-0.41854843055979335 -0.009202964536309725;2.802762209438
-0.07936973594952629 0.014168497867986641;0.39239805828995
0.434685437686993 -0.09848813365644152;2.9899255722834
0.13647874786941178 0.11732540377304315;1.2125035958198
-0.39847011574874397 -0.4411129455437425;3.9110178671979
-0.1984330287579399 -0.21698536667457025;2.2331590135982
0.24827722407781277 0.33758581688319234;3.095016224579
-0.06782791320848497 -0.05421631221971379;0.4366132642569
0.3603557837874704 0.3534717007748005;3.5594822085400
0.10947738891845266 0.057109038094143416;0.7144026025624
-0.44726491552067155 -0.30349092730941646;3.661604766270
-0.23319729555383922 -0.020749393693293705;1.6390652127522
0.3964758312148758 0.06753992766043271;2.7646456637260
0.031156623756736224 -0.10206260735463313;0.5799957392589
-0.15112793988644943 0.5649230798900484;3.4603733269242
0.07247547158321527 0.42878086348643907;2.9129225452261
-0.07173889389336072 0.05928727304319953;0.48109550528860
0.3644362694486911 -0.3708811636379443;3.6263374767261
0.12401961996191552 -0.08843529227301761;0.9619356716776
-0.42642843787395585 0.3951722443175823;3.8664398076520
-0.22789407643757306 0.15334443574307502;2.0547603396773
0.2937885778205389 -0.3279808028259925;3.2357649807554
-0.00997914418751017 0.03357577251530941;0.1314334841377
0.09471760580039632 -0.3808814094442098;2.749323917481
-0.10216977727354523 0.06774059915606961;0.708636319027
0.42309101968487806 -0.35810507767331323;3.757055014070
0.21159067745710858 -0.09417058656990523;1.6561438989474
-0.3860490412818487 0.2866531708725;3.4212898963381
-0.11957931298767366 -0.033712605579909904;0.7170951959642
0.4784550815560854 0.1806996087682586;3.3614089196904
0.25937747519786647 -0.10512629027095724;2.053340339743
-0.2880362429272304 0.24765314324441087;2.869401192962
0.08563273825048007 -0.17513419624245105;1.33512712465
-0.25304396844870247 0.5470460149917444;3.738510705421
-0.01527786611529025 0.37987535334039363;2.622403026869
0.020291188423359537 -0.09575071693983561;0.5134774429122
-0.1038238374407221 0.5609849105312197;3.3328033658120
0.07428246959286583 0.4244724625936115;2.8989453997961
-0.07372408373648215 0.04781434851900007;0.44363174642770
0.3856186281017167 -0.31128352765823464;3.503153300801
0.13153393086911475 -0.003393377848715795;0.7738001425293
-0.49651162145204736 0.017407953967288795;3.078126063537
-0.2835349354931349 -0.02318471584768375;2.029774172521
0.2791315308108573 0.06003901307162507;2.056459289994
-0.27580799379945076 -0.1498139598792095;2.3484460364320
0.20889574778402298 0.26137894014624896;2.5462802017256
-0.18360139946429554 -0.250982245277825;2.3579664297
0.2158244089601169 0.30475518445327543;2.807330718041
-0.13190384644513786 -0.15525020038656506;1.4305297005210
0.34202228358968684 0.48168557012588026;3.858277458757
0.12767962759593815 0.26879820971521723;2.207903213583
-0.20012972762563724 -0.3403656969061884;2.9128792537724
0.11536726613493531 0.09207731072854064;0.9216042853917
-0.4112965781300788 -0.4187226932867535;3.8884212774543
-0.2124255263291908 -0.18556874367896783;2.131648380703
0.27302109396158947 0.3446696142149195;3.2209661424913
-0.02806606487686225 -0.01835822071994825;0.12457602794071
0.2728466460752473 0.21484497363004126;2.6380581868725
-0.14500720154343305 -0.23421434040300396;2.054914561817
0.24435008484927995 0.38959693001038087;3.284616234247
-0.037100280675703146 0.052012612213731046;0.2864414935432
0.23930618745438997 -0.40331871108385525;3.3157697360125
-0.035653556235547834 -0.07769859646144883;0.42640215766029
0.19465114447599663 0.5003494925238636;3.461375906037
-0.04706223256311634 0.2736668953600059;1.9903340161837
0.09710276724340824 -0.40006034232607746;2.8442459527640
-0.09488083007100953 0.012172050315267857;0.4970069940720
0.4608591319036849 -0.07688590194178488;3.038385910629
0.19820673626831647 0.09371803066597922;1.5506081085238
-0.40357736622814205 -0.30263350883891216;3.5317313954326
-0.1588077453392489 -0.00036098887827923365;1.0003805810470
0.4950658061460147 0.0013792512976080662;3.0704291197613
0.2803024631746197 -0.001957400028256514;1.995797379029
-0.2891981789768917 0.0050234382816619775;2.060734536679
0.2665387664556992 -0.013016081436877307;1.896223907990
-0.3224091926628132 0.036508969548037784;2.3089957557019
0.17343892475222317 -0.07879625712496299;1.2930894444383
-0.4420923567116654 0.2973133693754547;3.628476810087
-0.22375579979521945 0.010365274371341604;1.5540548200918
0.4157445898571882 -0.035700528489300803;2.8068546149036
0.07678788648643464 0.05421466189308938;0.4876210773522
-0.3842866932221282 -0.3378123309228313;3.5847611816227
-0.14262405824094948 -0.04491422492665276;0.92777516126
0.4805243785954312 0.21168406314749105;3.4637590026242
0.27147422815586797 -0.08094160296591085;2.0567364117635
-0.27994414749340724 0.19663234052523704;2.589256217147
0.15034369402223108 -0.24135931194675014;2.1292660491043
-0.23562434464513898 0.36799604419054915;3.170443689232
0.05940038797939545 0.00021265997206171283;0.25928377646369
-0.39360456734683935 -0.002210001272104926;2.6875864713352
-0.015256166925497028 0.0035777446669475023;0.05084752850103
0.26349442716594557 -0.07527476550479616;1.9825860322795
-0.30231704493771133 0.1928357154145341;2.692779648572
0.10982205176104531 -0.21719622022602575;1.7660011992133
-0.24122595552963172 0.46499786440814245;3.5153584080402
0.008594334303587192 0.2083653545589002;1.4245631515477
-0.025457074108447303 -0.5605360081662312;3.21422784007
0.02421764413356911 -0.4294519296753184;2.8551581138019
-0.026672272380969524 -0.053174235039926854;0.260135894172
0.1794399893329376 0.4276312179890186;3.1970897013738
-0.07662274562062782 0.10017141413174868;0.738358417907
0.31972436961161804 -0.4993278548480755;3.8363098529225
0.10041961512034239 -0.29523904916620847;2.2796608769338
-0.15683629484148662 0.3009647630010073;2.529300128455
0.17108226710283672 -0.22861022497931727;2.1533427237261
-0.24801160153615368 0.35955988071599;3.1839284009875
0.05014534418280783 -0.007495219348851945;0.2104535130017
-0.36771991577810115 0.06704490679883013;2.6213647801803
0.04205283449108482 -0.1121969942578073;0.682955733137
-0.187138653904097 0.567953145430336;3.571153729122
0.05126525139617516 0.4316410140455727;2.890805903201
-0.0530784214642136 0.06385479203759659;0.4102892072795
0.29051838394010343 -0.4222319048849957;3.549636531179
0.03872889138101765 -0.14373808974132574;0.9208332790817
-0.14942875839085595 0.5985892133066362;3.4950802424546
0.07737715526934949 0.5165764098729833;3.1961620611214
-0.062239322930284474 0.30431462780368235;2.234807606393
0.10633832581183406 -0.30385639924115737;2.3542051087146
-0.15478989738745835 0.2721606351988186;2.348155245661
0.20030284071935023 -0.2975158170732005;2.7008700976157
-0.15201254148457793 0.18671773762964067;1.7679256802979
0.3054452229441885 -0.43808218256024706;3.6423530480558
0.06517515763939427 -0.18007896734303708;1.2958598405199
-0.1999787549282244 0.5636439645647041;3.603911999068
0.04043943994281504 0.42004912954313545;2.830156117694
-0.04461194299586778 0.028865578509771728;0.22403248903589
0.3185209753950458 -0.2514686776399161;3.0258830132360
-0.025349624594596276 0.1359115640778792;0.8300888299037
0.10329547765723912 -0.6044637526006976;3.377434467929
-0.08026112061772306 -0.5454614052535467;3.2595614634852
0.06376347505098057 -0.38409903914680843;2.6986293841994
-0.07564409173507133 0.06975832551807376;0.5542039394453
0.35816017115703136 -0.4059036757349193;3.7100356764364
0.13005610438396048 -0.14580312671153434;1.354292623065
-0.35196471508471916 0.4782880262611979;3.87736891785
-0.1419476442220152 0.2663972979568563;2.2538479461874
0.205732996277365 -0.32580036766564546;2.8668199568991
-0.12130643425549256 0.1178439194819389;1.114319979606
0.38178689398317067 -0.46290098113832184;3.920039477143
0.181407118733122 -0.24862804213377876;2.3325016429198
-0.21828741580809827 0.3094990531289985;2.8415461886801
0.12354753836431345 -0.14029925870125803;1.2765631606380
-0.35367617248761374 0.48524584173876795;3.897647840129
-0.14588377822781742 0.27875078201885256;2.3495019395320
0.19324721105169154 -0.29280918154612295;2.643818092284
-0.16201871515637753 0.204560507098006;1.9460648131821
0.2809106763154712 -0.40502071114519445;3.4644891224755
0.01843871000790176 -0.10653707161650255;0.5896857398333
PointOptimal;ValeurOptimale
[ 0.01843871 -0.10653707];0.5896857398333353
Temps;Nb iteration
0.09169411659240723;1000