Point;Valeur
-95.30047267239905 34.37362042239886;11444.990780277
-94.98567114762943 34.05881889763359;11342.374347824
-94.67036291266115 33.73874283854091;11239.06053575
-94.35606188852734 33.42350667865685;11137.460855534
-94.04340805785615 33.11644850178178;11037.255648183
-93.72930024239928 32.79975901918061;10937.306360331
-93.41979006225917 32.496390897839206;10838.80250953
-93.10600153818288 32.191626243807725;10741.699440941
-92.79956885381237 31.884207352108877;10644.839148090
-92.48656939402028 31.59164894652571;10549.7540141
-92.18271835256442 31.287320135352438;10455.741346029
-91.87132334781754 30.99591204498451;10361.448416198
-91.56917574955422 30.70396497926821;10270.79734396
-91.26043571446016 30.409983407981333;10177.65020586
-90.95889395989833 30.12983238816275;10089.428749192
-90.65383925469119 29.83735330500417;9998.483642824
-90.35193874133866 29.562247316850776;9911.422549
-90.05121943472915 29.277054025208557;9823.512161456
-89.74861056613088 29.00261105061222;9737.05103642
-89.45213996007512 28.72772832977182;9652.388419984
-89.1494617945519 28.45340373048842;9566.63398376
-88.85621075390387 28.18816534027423;9484.83534273
-88.55505980873282 27.91532832312271;9400.245041821
-88.26318807261165 27.65759388442665;9320.623666747
-87.9655485863164 27.387834585333753;9237.795416369
-87.67308682787471 27.13586174552296;9159.617689649
-87.38038654110899 26.87025840897148;9079.099218845
-87.0864079102452 26.623154172997133;9001.826521679
-86.79863241436905 26.362161118752248;8923.878270857
-86.50416231127618 26.119668387383665;8847.413739175
-86.21951738184725 25.86330805924379;8771.810905143
-85.92721651538335 25.625460745225897;8696.584494210
-85.64277320356591 25.373629582643385;8622.624005552
-85.35532542989468 25.140420618487408;8549.37341791
-85.06889312858529 24.89321797250911;8476.236588909
-84.7871034694069 24.664270143785867;8405.511377942
-84.49929694237275 24.422294418911815;8332.873316408
-84.221183164029 24.196545966172295;8264.519985632
-83.93537116939527 23.961022790979005;8192.914633588
-83.65712993985042 23.736640259858625;8125.946423816
-83.37674263579476 23.509128802749462;8056.486086017
-83.09585413502693 23.28416186305677;7989.665636898
-82.8213358059249 23.06566872784961;7923.200011237
-82.53950773905855 22.83974878484494;7856.089462231
-82.26748788586673 22.629430778772974;7792.381482424
-81.98936382667718 22.4054200418769;7725.858533665
-81.71530223947285 22.199376286721495;7663.509494219
-81.44371746976637 21.982717910773967;7599.133689300
-81.16698717253878 21.774758198013565;7536.6256471300
-80.8997856275102 21.569509874805807;7475.258867797
-80.62507300787729 21.35732345840806;7412.457371523
-80.35678750883181 21.161534818236028;7353.251192912
-80.08862298215597 20.952108884364232;7291.737161067
-79.81688692639162 20.756741563714925;7232.74539026
-79.55406714702991 20.55923513206982;7174.154294818
-79.28347056240874 20.357270293927247;7114.500002802
-79.01992113554117 20.170909905877437;7058.326601825
-78.75599692894582 19.97127504904392;6999.748940934
-78.48861092231148 19.78338802738282;6943.514782648
-78.23019382136766 19.597733495744876;6888.18054644
-77.96415961053383 19.40263110254159;6830.956043628
-77.70438743193509 19.224996556521017;6777.720344194
-77.44554414521565 19.03866474402883;6722.358924583
-77.1818817236545 18.852770911271932;6667.931137878
-76.92775330015893 18.680515853525375;6616.2155466412
-76.66691646744792 18.495524876477074;6561.405405003
-76.40986431044492 18.319111188538592;6510.0531974728
-76.15674574683372 18.15026305216124;6458.773415143
-75.89674443690059 17.968752666920146;6405.640464235
-75.64609924726564 17.80004318677998;6356.5362229763
-75.39152190928615 17.634654461290616;6305.621532829
-75.13625535851794 17.457662730287343;6254.840360049
-74.88874021069739 17.2948359951546;6206.932470862
-74.63351790316132 17.13378588777593;6157.040605626
-74.38462234641065 16.96152263359103;6108.476267576
-74.13728071850463 16.803048136949194;6061.159273104
-73.884095615149 16.647367398088857;6013.068822792
-73.64038970350008 16.47998764796207;5966.106635973
-73.39219072519737 16.32427905315382;5919.289443260
-73.14350038248617 16.174692683070788;5873.4417007714
-72.90265865769406 16.01304131553713;5827.538736431
-72.65433361106292 15.85832513129267;5781.385412260
-72.41108871232692 15.71462505336286;5737.74042250
-72.17123306950916 15.560523317808434;5692.756715507
-71.92436878168661 15.405710680408413;5647.454313387
-71.6860585491584 15.265880682721285;5605.554662820
-71.44632270041072 15.121294620851865;5561.725718870
-71.20243897430072 14.968070672482044;5517.516594513
-70.96787790463014 14.827916353764785;5476.61642724
-70.7282738212513 14.692783395366718;5434.20434018
-70.4882947330042 14.546478961053172;5391.599240677
-70.25633657725345 14.40245369697921;5350.943895957
-70.01737815721772 14.272298884827322;5309.8033685802
-69.78156069716424 14.137822766101117;5269.407845117
-69.55142785062691 13.994045475754708;5228.9282989548
-69.31376944053099 13.860518160821535;5188.382321459
-69.08190908874495 13.735886781434555;5150.149903027
-68.85322638283918 13.602724480472538;5110.813568527
-68.61742497399776 13.464252803280472;5070.40272763
-68.38911492515969 13.338787139111272;5033.30007801
-68.16181339086668 13.218417387532934;4995.730439810
-67.9282277130115 13.088423499180989;4956.499623731
-67.70304326783335 12.955390421732858;4919.4317456204
-67.47724200845057 12.835594984252658;4882.752384537
-67.24603005627583 12.719872632633532;4845.675001697
-67.02361441844761 12.594772105322354;4809.610239107
-66.79952776513252 12.466169937618327;4772.638644571
-66.57069369517949 12.350041157488121;4736.605261292
-66.35077174260046 12.239552580995799;4702.611753340
-66.12865231103828 12.121035749250977;4666.71853065
-65.90210740796651 11.99636369561721;4630.45241587
-65.68446025731151 11.88163922760406;4597.067478529
-65.4645708833027 11.77600357415225;4563.12542246
-65.24019268058423 11.665705673269946;4528.40553360
-65.02461618574169 11.546442265037285;4494.899676502
-64.80721685183187 11.43100334110661;4461.056746986
-64.58490458925549 11.327702749125464;4427.785142685
-64.37116590607998 11.225951760282554;4396.239428116
-64.15650024007174 11.115710323916229;4363.113241819
-63.93623023342101 11.000674899457891;4329.343814545
-63.724033683931744 10.895004195482043;4298.342263312
-63.51230072966954 10.79856412738674;4267.294477395
-63.294181929905 10.699724963828993;4235.067842088
-63.083158856389865 10.592047806655128;4203.96770552
-62.8744595085074 10.48266320603313;4172.810124551
-62.65877861375603 10.383832390813001;4141.4403025236
-62.448522976904 10.292495788133314;4112.069881246
-62.242778685739836 10.197957388628764;4082.5796089625
-62.03000894208009 10.094925145535052;4051.1456359763
-61.8201834599775 9.990172691794164;4021.101401514
-61.617040492130855 9.895269598499757;3992.6896284431
-61.40777730784518 9.80838823194489;3963.302884889
-61.19829856440245 9.71983359791018;3934.354080698
-60.99705712432256 9.623376928017496;3906.153918921
-60.79185021561323 9.52254184490187;3876.623492505
-60.58310773505313 9.428723960024694;3847.7279369202
-60.382752383639904 9.344731309938117;3821.096788907
-60.18183852270951 9.26279438758147;3793.7715478887
-59.974818985452075 9.175172723171599;3765.2199814203
-59.774260501582695 9.080241939563516;3737.8730223444
-59.577260362567536 8.985891604191673;3710.8664867599
-59.37339951055695 8.901047133565449;3683.288964312
-59.1720004903485 8.823511397855453;3657.18806240
-58.977716107826566 8.74546737647739;3631.9103504618
-58.778386605267734 8.660970842710741;3604.8973571831
-58.57661322636276 8.570186101212318;3577.7395428085
-58.38314521470912 8.481337885767834;3552.453037237
-58.188913685484465 8.40179732956676;3527.099998002
-57.988588766500236 8.3290198954639;3501.2762370756
-57.794050282711744 8.256049481765107;3476.864695578
-57.60404831451604 8.177359675377987;3452.3852831327
-57.40765864000573 8.092116738716408;3426.2621833233
-57.21151203770781 8.00663529762841;3400.9674442961
-57.02336030232506 7.92898219506661;3377.5181910456
-56.832561062072934 7.859342090222104;3353.531068386
-56.63665539900622 7.79207910605752;3329.097407418
-56.447437131741644 7.7214476102789025;3305.959447761
-56.26168179898195 7.644280095452036;3282.548207964
-56.06944579292525 7.5626276961153795;3257.733751250
-55.87793171158082 7.483963861211621;3233.965930050
-55.694236296601034 7.413709589382414;3211.9331712543
-55.50805463237195 7.349900996023958;3189.295826437
-55.31658014876362 7.287271380786083;3166.086265566
-55.13119304236195 7.221032853754114;3144.095171701
-54.950139257360824 7.148619811791801;3122.0727086652
-54.76309237297164 7.0718381874811636;3098.660218969
-54.575088082901196 6.997230327471456;3075.887849617
-54.39502134707989 6.930248190745379;3054.946585663
-54.214557913436884 6.870102085292066;3033.762976019
-54.02785807501878 6.812475243490932;3011.737418640
-53.84480644861445 6.75294624716142;2990.7151793497
-53.66828487690927 6.688336594010039;2970.252519906
-53.48772715589674 6.618131893077787;2948.4775364704
-53.303013884244685 6.546095000859942;2926.391848813
-53.124939758610594 6.478529331321753;2906.0470011666
-52.95048957246827 6.418478482029572;2886.2705213802
-52.77013339492173 6.363969850674517;2865.5575764539
-52.58859857931536 6.311136677539974;2845.2005521347
-52.41475022109153 6.256317951193562;2826.0841161136
-52.24158867054288 6.196829630546638;2806.3994383077
-52.06213245630011 6.132013930902965;2785.443456019
-51.884262103593265 6.0646399910228475;2765.2052441329
-51.71378755784352 6.000187190830369;2746.3112158086
-51.54171829877719 5.942456463179838;2727.079312950
-51.363831892275705 5.8908890345586356;2707.3051460792
-51.18956664927324 5.842509847654803;2688.688499320
-51.02183887299535 5.794071883856394;2670.902393216
-50.8510178956859 5.742791007261228;2652.113940715
-50.67514481352795 5.686797743196699;2632.5468312065
-50.504144018569264 5.626083162439807;2613.966283672
-50.33881424990239 5.563529387998496;2596.006126146
-50.16955484218751 5.503965568580174;2577.300019730
-49.99589571797611 5.450597140127303;2558.480078069
-49.82772600849087 5.403076632731034;2541.107847241
-49.66465567345436 5.359029637201162;2524.3721831962
-49.49731685409631 5.315759800399085;2506.6811103003
-49.32590460025604 5.270842078511664;2488.5796033295
-49.16012337247721 5.2223306251687465;2471.544937463
-48.99928419985948 5.169220002844896;2454.8192232345
-48.83422837455388 5.112321655634314;2437.0116356653
-48.66503156445644 5.054802636361049;2418.871206479
-48.50120291202163 5.000801995626312;2402.099338250
-48.34257752183078 4.952600600722736;2386.1283876575
-48.18016187386688 4.909689257516792;2369.4579214261
-48.01318994460215 4.870112779404729;2352.421905960
-47.85088262786053 4.831694077224625;2336.4930751001
-47.6943698366817 4.7924415822676005;2321.218851365
-47.53493258507042 4.7506334797441285;2305.083838784
-47.3703339518411 4.704998358649374;2288.1770235555
-47.209147663247265 4.655206857926844;2272.0323473045
-47.05447379498672 4.6025725754589475;2256.674303888
-46.898280863375284 4.550172122046606;2240.803092547
-46.73641602680898 4.501404841231247;2224.3004375616
-46.57607657549968 4.4579365213600575;2208.638380250
-46.422731542934194 4.4192988441760335;2194.1821324629
-46.26986187402219 4.383949301357439;2179.5546227061
-46.11130664916579 4.3501654646780334;2164.036929953
-45.951847930911434 4.316353576131723;2148.752685092
-45.79910049379327 4.281082502506462;2134.5669726132
-45.64927650682995 4.243109558819382;2120.4393336748
-45.494690678992264 4.201552298099857;2105.287649794
-45.336671098676895 4.156291546153543;2089.7706999711
-45.18375952139676 4.108491619057972;2075.225740727
-45.036180545519976 4.060684008483544;2061.3161380474
-44.88600297325042 4.015763449937557;2046.8743295143
-44.730584675466496 3.9754474740052452;2031.9196012823
-44.57716900966411 3.9397503041682826;2017.7642963032
-44.43048591588206 3.9076383493912754;2004.6784902640
-44.284509216166825 3.8777847457084182;1991.4511841309
-44.133163406655555 3.8489167939217;1977.361412772
-43.97992996329348 3.8198831384381484;1963.3014003035
-43.832601003409756 3.789631289862855;1950.2675801795
-43.689609468131394 3.7572024277660367;1937.5869834989
-43.543374357523994 3.721810421995948;1924.1110617273
-43.39227018502826 3.6830614417456937;1909.9507431880
-43.24352206191756 3.64131505370221;1896.3787620070
-43.101316449501084 3.5979932772404677;1883.6946899271
-42.95990362647695 3.555389653286177;1870.898876090
-42.81334972649856 3.515742986315154;1857.373104845
-42.664385286738 3.480235023380388;1843.9025051196
-42.520674825772275 3.4488097581174335;1831.5142397731
-42.3819908016168 3.420682481127513;1819.7522319055
-42.24121783717559 3.3948571047167198;1807.4953155192
-42.09520560997484 3.370376335801297;1794.554349490
-41.94959768766025 3.3463806098158027;1781.9970318394
-41.810347332796944 3.322090113682459;1770.4149450206
-41.67402243748976 3.2967733694443426;1758.993864754
-41.533852666289626 3.2697339594069437;1746.8087726939
-41.389328385599185 3.240340450111832;1734.0948723166
-41.24740288943616 3.2081292855566845;1721.9676828736
-41.11177063928073 3.173004254572984;1710.6208269024
-40.977277556792046 3.135499317099958;1699.1299705021
-40.83810788752745 3.0969342240939226;1686.8498369442
-40.69568116220032 3.0591838227738455;1674.3607571964
-40.5571868941047 3.0240037600786045;1662.7532714461
-40.42450397958208 2.9923734712596244;1651.9663036018
-40.29178517241235 2.964369688484275;1641.0278202490
-40.154111939610814 2.93948950140373;1629.3956104187
-40.01400608268182 2.9170187719761005;1617.7002182355
-39.8784530410685 2.8962434776602057;1606.8698444871
-39.74829605085234 2.8765225921167663;1596.6859575858
-39.61755223053754 2.857291170784166;1586.2088967607
-39.48183183101133 2.8380388989084437;1574.9982806315
-39.344015565090906 2.8182849721703613;1563.7216268175
-39.210856411144334 2.797558494325373;1553.254031610
-39.08295565214598 2.775390939765323;1543.3617655736
-38.95448577847085 2.751329773741056;1533.1443736827
-38.821133595070656 2.724987285614107;1522.1633890228
-38.685494082337335 2.6961409642627663;1511.0287956145
-38.55418288845817 2.664888852078684;1500.6162051842
-38.428285579666905 2.631816118273602;1490.7976766733
-38.30237051267422 2.5980501399972593;1480.7656096145
-38.1718129600446 2.565055610414817;1470.069339817
-38.038324467975535 2.534183659036373;1459.2230986822
-37.90834506575396 2.5062543817188323;1449.1312523946
-37.78408323686509 2.4814526516326554;1439.8140359836
-37.66087112029325 2.4595089160410772;1430.4946055648
-37.53357048787439 2.439945575361365;1420.5649448972
-37.40245140552545 2.4222468394232672;1410.2827181923
-37.27340537061253 2.4059372225308584;1400.524274527
-37.15020660687124 2.3906029019455577;1391.5596196503
-37.02956749209163 2.375886913056181;1382.763852171
-36.905948693586616 2.361475337226335;1373.4391980775
-36.77776621720322 2.347081978837038;1363.567876441
-36.649583940296154 2.3324342772094937;1353.919112709
-36.52669993220071 2.3172614071131887;1345.0503069453
-36.408061996108444 2.3012852886937867;1336.5912626947
-36.28829653639034 2.2842159419268855;1327.8036424912
-36.16390683506079 2.2657541357584816;1318.3621696950
-36.03714896897626 2.2456065444122593;1308.759377301
-35.913932361254425 2.2235210892888797;1299.7566761111
-35.79619693284078 2.199350675356575;1291.370045957
-35.6798717278551 2.173146948533989;1282.9553223277
-35.56006626478219 2.145264514462285;1273.9540728877
-35.4360712966851 2.116420008508873;1264.4734706546
-35.31258997035454 2.08762727843828;1255.2743824660
-35.19435433878848 2.0599759576104124;1246.8480105015
-35.080178252370814 2.0343432983595817;1238.8600300317
-34.96505223601317 2.0112069851747973;1230.6514304461
-34.84552241105512 1.9906450050153268;1221.8920877894
-34.72321750219439 1.9724620237435002;1212.9612560849
-34.60362719118525 1.9563332008529646;1204.5780116608
-34.4895065199175 1.9419049472512764;1196.8890302857
-34.3778341702075 1.9288467741799558;1189.3750471798
-34.26374359819972 1.916870140032727;1181.450043768
-34.145209320742396 1.9057301469014205;1172.9932186404
-34.02532083339811 1.8952200581358762;1164.54429520
-33.909362871200024 1.8851636883101097;1156.7198712425
-33.798495803970475 1.8754078331615545;1149.4679332073
-33.688913323748636 1.8658154776228038;1142.2310904481
-33.57619081609008 1.8562598931858578;1134.5147044952
-33.459285368634546 1.8466195005583088;1126.3292267172
-33.341948039705976 1.8367733196451699;1118.26335001
-33.22902175464924 1.82659686087469;1110.8344701440
-33.12081088110454 1.8159583990975994;1103.8983799205
-33.013321628509125 1.8047157184063034;1096.9074210775
-32.90247430051284 1.7927136534972077;1089.4230307427
-32.78763149616274 1.7797831322726503;1081.4993922964
-32.672637541804804 1.765743008874023;1073.7119541473
-32.562077057180375 1.7504068049764214;1066.5310311433
-32.45611364975259 1.733597463149029;1059.8046843792
-32.3508937756325 1.715173916623376;1053.0134834018
-32.24245915028658 1.6950725270855418;1045.735152888
-32.13002025520017 1.6733620895911205;1037.9967983490
-32.017081091314154 1.6503008862158346;1030.3318777135
-31.908228454565915 1.6263694479774837;1023.235407720
-31.804117082457438 1.6022439048773127;1016.6388190978
-31.701310027257264 1.578690945254835;1010.0878382608
-31.595798640086926 1.5564118841683034;1003.1623186467
-31.486177741770977 1.5359062259270269;995.8064560653
-31.375160311279068 1.5174161370267671;988.4554770284
-31.26740122411086 1.5009569741576803;981.6322231815
-31.164593657809426 1.4863926443681303;975.3805685039
-31.064114567912053 1.4735115190259958;969.3039312525
-30.96192008002273 1.462080939451269;962.9479331035
-30.855701266670625 1.4518782644170694;956.1226322058
-30.746865640750563 1.442704825301632;949.1037290615
-30.6397836400114 1.4343898213056894;942.4307651153
-30.537510407980996 1.4267891890953652;936.3375030324
-30.4388468475539 1.419782410654817;930.5690684659
-30.340039103547984 1.4132687923237548;924.6825096228
-30.237878149688004 1.407163915609951;918.3659470867
-30.13204181675885 1.4013965241940236;911.6804129021
-30.02578380092118 1.3959059022995852;905.0808978210
-29.923239944782775 1.3906397090875515;898.9885117296
-29.825329313424447 1.3855522019620081;893.3753677453
-29.729339547111977 1.3806027764600464;887.8752293905
-29.631578048320428 1.375754756155857;882.0969086460
-29.52995548016241 1.3709743752136512;875.8751470384
-29.42565655634971 1.3662299054912483;869.4398088658
-29.322640831939285 1.3614908881771044;863.2734072355
-29.224081575545654 1.3567274365003907;857.6375630562
-29.129448857627263 1.3519095809720603;852.3633062623
-29.035522317883178 1.3470066323507373;847.0702319220
-28.939007642611628 1.3419865402691846;841.432660118
-28.838672650246803 1.336815227391258;835.3875397494
-28.73651521247031 1.3314558810243045;829.2412288059
-28.63654084936789 1.3258681863819832;823.4414348087
-28.541141374245335 1.3200074895506888;818.1466174455
-28.44913129759709 1.3138238852245865;813.1383878468
-28.357245754224774 1.3072612364217417;808.0542498708
-28.26251189444204 1.300256155339092;802.6125204333
-28.164093168686968 1.2927370113450336;796.7917884818
-28.064198491793427 1.2846230933028713;790.9069223772
-27.966688306749184 1.275824150894602;785.3711589767
-27.873677622645527 1.2662406886613127;780.3114823248
-27.78392583201587 1.2557656015650112;775.5143969126
-27.694307468941005 1.2442880241413699;770.6403283045
-27.601965032719164 1.2317005805967876;765.4212046492
-27.505986891807208 1.2179114453313142;759.8203928373
-27.408310415318084 1.2028624648434576;754.1133691893
-27.312622786081775 1.1865535469258113;748.6965001399
-27.221265632687555 1.1690709707866662;743.7303662575
-27.13343243936284 1.1506129950783197;739.0519885079
-27.046277654298486 1.1315014120826044;734.3564907753
-26.956898980544004 1.1121662245644;729.3788554449
-26.86393354101506 1.0930971983381117;724.0367040885
-26.768603834171493 1.0747712414571482;718.5313120254
-26.67425734626527 1.0575797258630006;713.2438766248
-26.58378516187561 1.041781957093852;708.4129353480
-26.49730540514976 1.027496711454098;703.9628601517
-26.41252147804737 1.0147247971603897;699.6256589515
-26.326495264959608 1.0033857649868343;695.1175495143
-26.23722225176633 0.9933538487265458;690.2714220228
-26.144815478987443 0.9844854991170914;685.1537573839
-26.05180905086778 0.9766371473472293;680.0714345674
-25.96153969743869 0.9696749923249037;675.3416622602
-25.87549129266354 0.9634793612054451;671.0305201136
-25.792431491905248 0.9579458181722266;666.9558443392
-25.709671086491248 0.9529845386363794;662.8467042893
-25.624655108142395 0.9485188888805796;658.475692286
-25.53621545527566 0.9444837443661362;653.7682376755
-25.44542843207003 0.9408238241593933;648.8864583288
-25.35528921939421 0.9374921698237774;644.1569041969
-25.26861677020726 0.9344488153657237;639.8132229599
-25.18593802776892 0.9316596530641752;635.8303252713
-25.105491039211472 0.9290954804417404;631.9996468268
-25.02462208680424 0.9267312061327908;628.0718620330
-24.94112939134557 0.9245451911321162;623.8612154436
-24.85431833801012 0.9225187032576221;619.3407314293
-24.76564373772358 0.9206354654065327;614.7016672652
-24.678111420302347 0.9188812809848504;610.252919150
-24.59418266719905 0.9172437227316748;606.1820611792
-24.51405177045546 0.9157118735247121;602.4390957035
-24.43590301118925 0.9142761098099429;598.8229105670
-24.357214950250626 0.9129279200903063;595.1047707953
-24.275936015223376 0.9116597522872364;591.1160052464
-24.191419437611163 0.9104648849217817;586.8313245122
-24.105010985998295 0.9093373180308887;582.4235581632
-24.019546459323585 0.9082716804843759;578.1799151810
-23.93747463843583 0.9072631509456678;574.2891077924
-23.859195261636298 0.9063073902504251;570.7242458283
-23.783152439008006 0.9054004833878417;567.3101089357
-23.706982244825003 0.9045388895047892;563.8344269739
-23.62859507151373 0.9037193987527307;560.1259442733
-23.54703586674162 0.9029390948794345;556.1258748588
-23.463125994787276 0.9021953227248909;551.9501842179
-23.379324726587317 0.901485659898564;547.8544409500
-23.29828081653137 0.9008078920218897;544.0597974872
-23.221052149184096 0.9001599910349316;540.6036530988
-23.146687415017777 0.8995400961482468;537.3586555129
-23.073099539738184 0.8989464970538704;534.1327148848
-22.99810768349296 0.8983776191051628;530.7459959413
-22.92025666928933 0.8978320102053848;527.0903185102
-22.839504519727896 0.8973083291804614;523.193260312
-22.757524885242777 0.8968053354250822;519.2411242393
-22.67697775207939 0.8963218797016568;515.4793928871
-22.599835131762546 0.895856895914131;512.0426869203
-22.52621800698937 0.8954093937498704;508.88960859033
-22.45466026380425 0.8949784520978764;505.86850984291
-22.38305851164617 0.8945632131118935;502.8013053099
-22.30951375452485 0.8941628768992397;499.53915409194
-22.233006522753634 0.8937766967162417;496.0143837508
-22.153958944547558 0.8934039746428906;492.29421363119
-22.0743131553455 0.8930440576600425;488.57803154873
-21.996593791770767 0.8926963341099982;485.0823524029
-21.92235672146155 0.8923602304747376;481.898539987
-21.85139814295156 0.8920352084567498;478.9647407370
-21.782189198812677 0.891720762317274;476.1347682380
-21.712738109337153 0.8914164164596298;473.24704936603
-21.64130336801077 0.8911217232151896;470.1693383939
-21.566978735571997 0.8908362608306271;466.8434447665
-21.490190219559597 0.8905596316167312;463.3323718979
-21.412765152539524 0.8902914602587885;459.818488302
-21.33710119870718 0.8900313922666243;456.5038131964
-21.26476326928277 0.8897790925519826;453.4823645971
-21.195705646680665 0.8895342441181804;450.70853949324
-21.1285975619457 0.8892965468538226;448.05464146358
-21.061588196867454 0.8890657164292095;445.37300292181
-20.99295534565459 0.8888414832666802;442.53513430719
-20.921625545295438 0.8886235916026953;439.4678283626
-20.847647311802874 0.8884117986046877;436.19633120862
-20.77240813214432 0.8882058735714354;432.8615553496
-20.698143540981444 0.8880055971840968;429.65780085115
-20.626734832149936 0.8878107608106438;426.7147206023
-20.558709048733554 0.8876211658623271;424.03438338
-20.493214206004968 0.8874366231953243;421.5225079322
-20.428640260773708 0.8872569525589427;419.0477306530
-20.36325464228266 0.8870819820780517;416.4817702826
-20.295687487082212 0.8869115477656391;413.727713722
-20.225368278610834 0.8867454930832893;410.7546159979
-20.152890511504463 0.8865836685167235;407.63160103307
-20.07998834139811 0.8864259311924164;404.5186554003
-20.008794545409298 0.8862721445051668;401.5843162446
-19.940705857172066 0.8861221777798984;398.908805933
-19.875766533873367 0.8859759059553691;396.46070024740
-19.812908145863474 0.8858332092856791;394.1401250529
-19.750548524070645 0.8856939730582104;391.8265926830
-19.687107303115177 0.8855580873307354;389.4080297791
-19.621404778568706 0.8854254466890635;386.8040194011
-19.55304119279848 0.885295950014273;383.99659327048
-19.48270051414492 0.8851695002636341;381.05828776907
-19.412078796451315 0.8850460042748098;378.1390587503
-19.343175811180096 0.884925372559103;375.39109334007
-19.277282982335993 0.8848075191385174;372.88588129103
-19.21445489090049 0.8846923613636514;370.5960228523
-19.153726547977396 0.8845798197603437;368.43307424113
-19.09364183988824 0.8844698178708437;366.28904495235
-19.03270870298324 0.8843622821223648;364.06118559536
-18.96974507623309 0.8842571416819471;361.67043721025
-18.904207939273505 0.8841543283359649;359.08621610163
-18.836493403633547 0.8840537763696346;356.3537316832
-18.767987215280925 0.8839554224492612;353.59535323691
-18.700585566238388 0.8838592055222849;350.95840621560
-18.635802364760593 0.8837650667077426;348.53703609575
-18.5741013751985 0.8836729492045295;346.3356461290
-18.514891527487528 0.8835827982010306;344.29053790968
-18.45694982529158 0.8834945607874892;342.3086992156
-18.398862083166797 0.8834081858752233;340.2939983477
-18.33934937725629 0.8833236241131023;338.1625407347
-18.277546907551777 0.883240827821824;335.8594860542
-18.21329203561778 0.883159750924084;333.3829167081
-18.147335028228106 0.8830803488678992;330.80269086306
-18.081227986508605 0.8830025785745765;328.2457830870
-18.01672805202501 0.8829263983729905;325.83748484692
-17.95499897328784 0.8828517679420753;323.63984053254
-17.896187548691444 0.8827786482629021;321.6372959280
-17.839567336783865 0.8827070015584326;319.76381461705
-17.78394153210766 0.8826367912483349;317.9345050729
-17.72800294726305 0.8825679819010602;316.06460638570
-17.670596480451533 0.8825005391913968;314.08103641749
-17.610954862609272 0.8824344298566549;311.93657803856
-17.548949625347635 0.8823696216514817;309.63043602099
-17.485276857414622 0.8823060833150005;307.224668623
-17.421367836914925 0.8822437845324717;304.83278493924
-17.358878458777493 0.8821826958969546;302.570568032
-17.298978987455435 0.8821227888791848;300.5015148850
-17.24193452456457 0.8820640357933427;298.6201476178
-17.187183125775388 0.8820064097641925;296.8728655002
-17.133677392329147 0.8819498847024361;295.18592892664
-17.080211272759026 0.8818944352732204;293.4831456348
-17.02565540054488 0.8818400368687535;291.69546071693
-16.969153445860563 0.8817866655822885;289.77082475864
-16.910334308434713 0.8817342981875856;287.68975185275
-16.849515881641576 0.8816829121101583;285.48300610021
-16.78775870284441 0.8816324854053652;283.23515072384
-16.726588162864925 0.8815829967392415;281.05657507157
-16.667406108286567 0.8815344253638524;279.033673456
-16.610941488424437 0.8814867511008626;277.19504851678
-16.557091177239176 0.8814399543209976;275.5147619169
-16.505126454426936 0.8813940159248749;273.935947349
-16.45400480734567 0.8813489173252035;272.39152390603
-16.402618837180302 0.881304640431723;270.8154195590
-16.34997439986589 0.8812611676334029;269.14921546441
-16.2953542748369 0.8812184817833818;267.35079069619
-16.238503613236993 0.8811765661811668;265.408181225
-16.179800734518054 0.8811354045644186;263.354225394
-16.120282553629828 0.8810949810870436;261.2677311327
-16.06137761861739 0.8810552803123478;259.24789239144
-16.00438357768232 0.8810162871966059;257.371780441
-15.94999140674243 0.8809779870808462;255.66616510626
-15.898145091960568 0.8809403656723659;254.11018110095
-15.848215185493551 0.8809034090372003;252.6552139845
-15.799269094997957 0.8808671035905382;251.2428007693
-15.750290226627623 0.8808314360823449;249.8144212152
-15.700331030624685 0.8807963935905163;248.31664831569
-15.648645470758364 0.8807619635092402;246.70701535600
-15.594840218281691 0.8807281335394118;244.96411439660
-15.53903663714671 0.8806948916797339;243.10078602322
-15.481960922766838 0.8806622262178165;241.17158078494
-15.424828615525703 0.880630125723331;239.2613604724
-15.368967759907315 0.8805985790370561;237.45315540241
-15.3153443898473 0.8805675752626626;235.79529963214
-15.264278325078632 0.8805371037639751;234.29074221395
-15.215469813945617 0.8805071541519639;232.90857207261
-15.168210619938321 0.8804777162799531;231.60147157106
-15.121605736395418 0.8804487802367741;230.31779444415
-15.074733671065879 0.8804203363406042;229.00742814997
-15.026760643766298 0.8803923751314363;227.62526666078
-14.977049907749977 0.8803648873649165;226.1362555953
-14.925292929576637 0.8803378640068676;224.52424972059
-14.871647987484705 0.8803112962278128;222.80312849835
-14.816811587367559 0.8802851753974975;221.02260134466
-14.7619115022444 0.8802594930759904;219.25822021343
-14.708179270335684 0.8802342410150522;217.58442798254
-14.656538200695675 0.8802094111471821;216.04669839534
-14.607344916058905 0.8801849955828788;214.65142506100
-14.560393680424033 0.880160986607218;213.37459746176
-14.515089389865592 0.8801373766730061;212.17651928590
-14.470641916953742 0.8801141583966722;211.01265004117
-14.426210222620256 0.88009132455553;209.83898065545
-14.381000458172277 0.8800688680816161;208.61462507685
-14.334350851511969 0.880046782058267;207.30481959249
-14.285831880114948 0.8800250597187499;205.88664612954
-14.235366443196455 0.8800036944394163;204.35782999751
-14.1833331389788 0.8799826797355946;202.74508723876
-14.130570371935015 0.8799620092588517;201.1041348106
-14.078201001199318 0.8799416767969926;199.50482063825
-14.02729889515944 0.8799216762644763;198.00620707618
-13.97856050143654 0.879902001704469;196.63747513949
-13.932158201499476 0.879882647283368;195.3955125981
-13.887802614099225 0.8798636072866932;194.25494672401
-13.84490648487158 0.8798448761177184;193.1799955442
-13.802741741063993 0.8798264482947329;192.1321991698
-13.760549798690288 0.879808318448987;191.07397479569
-13.71761640193704 0.8797904813185312;189.97028896031
-13.673338324447853 0.8797729317495853;188.7908049969
-13.627304497920386 0.8797556646910608;187.51423647903
-13.579396828481087 0.8797386751931927;186.13535254228
-13.529885446347231 0.8797219584061694;184.67240303236
-13.479456301804756 0.8797055095746564;183.16923498564
-13.429099473526374 0.8796893240405343;181.68605170630
-13.379849533870775 0.8796733972360531;180.27996084828
-13.332485097594693 0.8796577246845163;178.9863846507
-13.287344170849739 0.8796423019948045;177.81247300994
-13.244322194593428 0.8796271248641134;176.74280421976
-13.202991995624298 0.8796121890717926;175.74950075469
-13.162746848827378 0.8795974904807147;174.80020094199
-13.122910908383489 0.8795830250311136;173.86224602701
-13.082811488127327 0.8795687887446927;172.90434489455
-13.04183149773605 0.8795547777170935;171.89756958775
-12.999463591913806 0.8795409881199497;170.81726536615
-12.95538074346398 0.8795274161981492;169.64696788697
-12.90952308404861 0.8795140582670948;168.38438171248
-12.862176110224762 0.8795009107120203;167.04733996815
-12.81398753557486 0.8794879699879901;165.67509542443
-12.765866430139642 0.8794752326151067;164.32039986214
-12.71876125677655 0.8794626951785117;163.0335416594
-12.673404147532237 0.8794503543297537;161.84699237501
-12.63014742153394 0.8794382067806277;160.76943374846
-12.58895060620979 0.8794262493038593;159.78983214753
-12.549474849324982 0.8794144787324203;158.88566140162
-12.511204766186463 0.8794028919602133;158.02983767328
-12.473546866539492 0.8793914859345405;157.19460826576
-12.435894339021324 0.8793802576615815;156.35310939468
-12.39767009468423 0.8793692042009154;155.4799568822
-12.358365245840407 0.8793583226662061;154.55209610981
-12.317587371112207 0.8793476102252019;153.55087583882
-12.275125407702433 0.8793370640949436;152.46589548889
-12.231024210561309 0.879326681543818;151.30018002521
-12.185640975795915 0.8793164598881349;150.0744235929
-12.13963718299407 0.8793063964948656;148.82640525007
-12.093867334453932 0.8792964887768507;147.60278010314
-12.049177886371966 0.8792867341948537;146.44555290874
-12.006198014327571 0.8792771302520843;145.38051680629
-11.965218656088544 0.8792676744989906;144.41364653946
-11.92619393507178 0.8792583645277822;143.53501636815
-11.888824211309988 0.8792491979758532;142.7255137758
-11.852657862002035 0.8792401725189364;141.96237536569
-11.817173017436888 0.8792312858758949;141.2223080764
-11.781831151494384 0.8792225358059845;140.48272720527
-11.746111227226491 0.8792139201061147;139.72210574066
-11.709537523580854 0.8792054366135871;138.9203262110
-11.671712899940955 0.8791970832033572;138.05975687395
-11.632365190437051 0.879188857785296;137.1275931762
-11.591406882391064 0.8791807583082973;136.11957161455
-11.548995282543586 0.8791727827554859;135.04416597743
-11.505563866426863 0.8791649291449019;133.924938120
-11.461786952100733 0.8791571955295004;132.7980498544
-11.418457983146393 0.8791495799950986;131.7038760527
-11.37631051547164 0.8791420806596901;130.6759301013
-11.335856045874028 0.8791346956768687;129.7329309817
-11.29730624480952 0.8791274232269283;128.87747060710
-11.260591092995888 0.8791202615257624;128.09990993160
-11.225433662366981 0.8791132088159649;127.3837810264
-11.19143376109222 0.8791062633733332;126.71001034170
-11.158133397826743 0.8790994235010494;126.0592559786
-11.125059214693088 0.8790926875310495;125.41280665132
-11.091748690870485 0.8790860538243656;124.75276080001
-11.057769968771996 0.8790795207690718;124.06211115594
-11.022744352349402 0.879073086780285;123.3252405916
-10.986378261949955 0.8790667503001639;122.52925215225
-10.94850745410211 0.8790605097965407;121.66638888814
-10.909149013200537 0.8790543637639473;120.73732824288
-10.868545312518103 0.8790483107205348;119.7542329723
-10.827172828752346 0.8790423492108121;118.74147650757
-10.785688589914107 0.8790364778022226;117.73206144536
-10.744809945284638 0.8790306950865135;116.75990378415
-10.70516332031691 0.8790249996793938;115.85126570382
-10.667162963430261 0.8790193902184799;115.01958259835
-10.630963716434117 0.8790138653646649;114.26542757441
-10.596486670562772 0.8790084238004077;113.58000912839
-10.563483784603784 0.8790030642304171;112.94942658792
-10.531605975018643 0.8789977853809671;112.35788993230
-10.500455677801018 0.8789925859981855;111.78949462408
-10.469620759495426 0.8789874648490812;111.22889891181
-10.43869483376366 0.8789824207218858;110.66141498862
-10.407291221546485 0.8789774524236579;110.07294847646
-10.375057332212009 0.87897255878131;109.45012997404
-10.341694986112685 0.8789677386409237;108.78093762705
-10.306990282318633 0.8789629908667231;108.05606335424
-10.270853065508309 0.8789583143424436;107.27110808744
-10.233359682084588 0.8789537079689361;106.42925973584
-10.194783876146916 0.8789491706655361;105.5434041191
-10.155593705485849 0.8789447013690367;104.63604574696
-10.116396033527726 0.8789402990323195;103.7358036962
-10.077830942736934 0.8789359626270931;102.87104715920
-10.040448106684327 0.8789316911404695;102.06334761253
-10.004611987684052 0.8789274835756499;101.32375785830
-9.970466668607441 0.8789233389519232;100.65296561667
-9.937957488868149 0.878919256305352;100.04405530787
-9.906883423993982 0.8789152346863752;99.48585361248
-9.876953083469244 0.8789112731611783;98.96552851101
-9.847829046193635 0.8789073708103237;98.47009208443
-9.819157109511274 0.878903526729435;97.98702296468
-9.790583560934978 0.8788997400285129;97.50436819555
-9.76176561548098 0.878896009831935;97.0106357360
-9.732380043604673 0.8788923352777713;96.49471431569
-9.702134296723512 0.878888715517784;95.94601790511
-9.670783575485856 0.8788851497174276;95.35504258328
-9.63815594009294 0.8788816370548219;94.71449781070
-9.604184921194049 0.8788781767217791;94.02105096566
-9.568944387265406 0.8788747679224345;93.27741479261
-9.532674036668105 0.8788714098735886;92.49401813132
-9.495778873720617 0.8788681018047074;91.689098012
-9.458788339863974 0.8788648429572378;90.88627484830
-9.422275006025403 0.8788616325842649;90.10985143383
-9.386754289126102 0.878858469951197;89.37959691257
-9.352600080644853 0.8788553543340538;88.7072740365
-9.320003562901656 0.8788522850211783;88.09604412336
-9.288979199130353 0.8788492613115249;87.54218054606
-9.259401615758074 0.8788462825153439;87.03765980972
-9.231051778654265 0.87884334795384;86.5724540269
-9.203657410049466 0.8788404569581443;86.13604005968
-9.176921849887997 0.8788376088706843;85.71815728628
-9.150541900898773 0.8788348030431297;85.30904685727
-9.124217889512925 0.878832038838104;84.89941038847
-9.09765963953279 0.8788293156278156;84.48026996561
-9.070591679799636 0.8788266327943995;84.042864252
-9.042760514120166 0.878823989729233;83.57869667130
-9.013946317929808 0.8788213858336206;83.07985380028
-8.983980747595737 0.8788188205181088;82.53971076961
-8.952771148864029 0.8788162932021442;81.95409211328
-8.920328757174987 0.8788138033133888;81.32280433853
-8.88679434866307 0.8788113502904584;80.65116950050
-8.852450395928479 0.8788089335791573;79.95085160933
-8.817707280659286 0.8788065526338475;79.23915294767
-8.783056572099678 0.8788042069171064;78.53640217417
-8.748997646169434 0.8788018959014381;77.86204661433
-8.715958512849902 0.8787996190655085;77.23094113695
-8.684236587772645 0.8787973758968833;76.65128219970
-8.653975253268921 0.8787951658913438;76.12464458368
-8.625174789604452 0.8787929885515172;75.64750088148
-8.597723982097914 0.8787908433882462;75.21320402645
-8.57143690721848 0.8787887299202466;74.8136786233
-8.546084641071797 0.8787866476723957;74.44053317222
-8.521418020496661 0.8787845961784707;74.08563081493
-8.49718185544134 0.8787825749784106;73.74127999616
-8.473122829802305 0.8787805836190002;73.40020712525
-8.448993660626964 0.8787786216545553;73.0554334260
-8.424555819910463 0.8787766886462378;72.70014178278
-8.399582773686344 0.8787747841613711;72.32760071903
-8.373865432647312 0.8787729077741248;71.93121121814
-8.347221286749445 0.8787710590655144;71.50475034054
-8.319508305728961 0.8787692376227174;71.04288874802
-8.290643797528302 0.8787674430387302;70.5420321440
-8.26062666325194 0.8787656749133954;70.00144554766
-8.22955874211178 0.8787639328523749;69.42444208358
-8.197657814587256 0.8787622164671497;68.81919174076
-8.16525314601637 0.8787605253750201;68.19857574379
-8.132756842997312 0.8787588592004749;67.57869325615
-8.100612143705296 0.8787572175717683;66.97619801825
-8.069230393977072 0.8787556001240004;66.40531852366
-8.038935178351364 0.8787540064974063;65.8756649239
-8.009929357249792 0.8787524363376976;65.39149430757
-7.982290096287063 0.8787508892960632;64.95233774528
-7.955985847068628 0.8787493650288263;64.5543678909
-7.930904002385063 0.8787478631977873;64.19184713762
-7.906879169854686 0.8787463834695388;63.85826175716
-7.883716289070095 0.8787449255156368;63.547034817394
-7.861206850841328 0.878743489012943;63.25187931275
-7.839138903013227 0.8787420736431115;62.966905385037
-7.817302479166856 0.8787406790925888;62.686585289779
-7.7954921860062125 0.8787393050526134;62.4056512691
-7.773508460487913 0.8787379512187031;62.11897684263
-7.751158753647271 0.87873661729151;61.82147807644
-7.7282597258532 0.8787353029756226;61.50806811579
-7.704641446878376 0.8787340079805933;61.17370309311
-7.680154509252333 0.8787327320199106;60.813565941313
-7.654680745056721 0.8787314748120267;60.423438505476
-7.628147682566002 0.878730236078817;60.00029761610
-7.600545768336103 0.8787290155469487;59.54311819881
-7.5719456138766965 0.8787278129468549;59.053761369
-7.542510402530588 0.8787266280132473;58.537681875318
-7.512497097879821 0.8787254604849454;58.004079028
-7.482240821074569 0.8787243101038492;57.4651622444
-7.452120959140759 0.8787231766166514;56.93449305727
-7.422514497135022 0.8787220597736387;56.42481047711
-7.393748267006433 0.8787209593285209;55.94605893604
-7.3660630345019005 0.8787198750392866;55.50425819681
-7.339597337066589 0.878718806666663;55.10142503249
-7.314390965793064 0.878717753975656;54.736296643664
-7.2904018284447485 0.8787167167345235;54.40539650257
-7.267528154079794 0.8787156947154597;54.10404997271
-7.245629749311327 0.8787146876932267;53.82714661716
-7.224544992110486 0.8787136954465224;53.56961244806
-7.204102730260792 0.8787127177572972;53.3266439632
-7.18412967326968 0.8787117544107531;53.09377959920
-7.164454402915322 0.8787108051950018;52.86687477748
-7.144909158654263 0.8787098699015781;52.642027873738
-7.125330387571464 0.8787089483252687;52.41548787626
-7.10555886015355 0.8787080402637699;52.18356390001
-7.0854400175536965 0.8787071455178588;51.94255216367
-7.064825148774708 0.8787062638908797;51.68869654630
-7.0435739798976025 0.8787053951896001;51.41820317631
-7.021559249821244 0.878704539223526;51.12733589114
-6.99867377726946 0.8787036958049017;50.81262451625
-6.974840287340155 0.8787028647488813;50.47121557140
-6.950023732837562 0.8787020458731859;50.10137561203
-6.924244910210124 0.8787012389984465;49.70311036207
-6.89759286544294 0.8787004439482037;49.278785138981
-6.870232253065841 0.8786996605480517;48.83354351111
-6.842401207145238 0.8786988886264947;48.37527519994
-6.814396379042614 0.8786981280146038;47.9139521504
-6.786545097903563 0.8786973785458465;47.46036295855
-6.759169280098077 0.8786966400560865;47.024551564296
-6.732549451465874 0.8786959123839256;46.614434211955
-6.7068976461049905 0.8786951953703622;46.23499747497
-6.682344518575013 0.8786944888581061;45.88821058572
-6.658940777188937 0.8786937926931188;45.57350053216
-6.636668906200792 0.8786931067230734;45.28849760857
-6.615459679922893 0.8786924307978684;45.02978471294
-6.595208835685847 0.8786917647697979;44.793495041773
-6.575791145682387 0.8786911084937237;44.57571255836
-6.557070877325933 0.8786904618258765;44.372696762721
-6.538908767362205 0.8786898246252258;44.18097832336
-6.521166163266726 0.8786891967524525;43.99737165985
-6.503707110927792 0.8786885780706335;43.81894001835
-6.486399095125173 0.8786879684447286;43.64293695660
-6.469113005649085 0.8786873677415802;43.466739106849
-6.451722778005911 0.8786867758302557;43.28777937426
-6.43410507150311 0.878686192581534;43.10348700260
-6.416139304227923 0.8786856178679057;42.91124064600
-6.397708357937371 0.8786850515645996;42.70834227354
-6.378700282878349 0.8786844935477006;42.49202300160
-6.359011351324251 0.8786839436956895;42.25949617371
-6.338550794380035 0.8786834018885874;42.0080768531
-6.31724745700895 0.8786828680084695;41.735387693996
-6.295058352092791 0.878682341938609;41.43966445258
-6.271978616363608 0.8786818235648463;41.12015444652
-6.248051645049753 0.8786813127738776;40.777563818920
-6.223377307159737 0.8786808094544531;40.41445784860
-6.198115424294164 0.8786803134970346;40.035471149564
-6.1724816435107 0.8786798247936237;39.64717618100
-6.146733964628325 0.8786793432377631;39.25752427012
-6.121150590248758 0.8786788687245354;38.87491512384
-6.096002735030363 0.8786784011507349;38.507110853374
-6.0715281457873544 0.8786779404145253;38.1602935321
-6.047911077462197 0.8786774864157816;37.838510330816
-6.025272219642378 0.8786770390555769;37.54358829489
-6.003668780467837 0.8786765982368672;37.27543145910
-5.983102248904575 0.8786761638634639;37.03252224337
-5.963530228862436 0.878675735840548;36.812453779137
-5.944879075882751 0.8786753140753542;36.61238065313
-5.927055164741315 0.8786748984763151;36.429343635898
-5.909953778003617 0.8786744889527194;36.260471460858
-5.893465456180383 0.8786740854157382;36.1030850668
-5.8774801193882995 0.8786736877775697;35.95473420023
-5.861889446037251 0.8786732959519524;35.81319188067
-5.846587997616561 0.8786729098534807;35.676425243667
-5.831473506250839 0.878672529398118;35.542554834064
-5.816446651767789 0.8786721545037106;35.40980962180
-5.80141057628222 0.878671785088447;35.276481895890
-5.786270327479389 0.8786714210720562;35.14088447852
-5.770932388494056 0.878671062375465;35.00131207089
-5.75530444039295 0.8786707089209698;34.85600877443
-5.739295509065262 0.87867036063138;34.70314480664
-5.722816666906919 0.8786700174312172;34.54080708719
-5.705782483774594 0.8786696792462004;34.367010614568
-5.688113439513615 0.8786693460027336;34.17974010552
-5.669739502948344 0.8786690176284188;33.977033543496
-5.650605021127397 0.8786686940518847;33.75711970668
-5.630674910948317 0.8786683752031298;33.518618183480
-5.609941866037376 0.8786680610126654;33.26079995133
-5.588433869273236 0.8786677514123724;32.98388696255
-5.566220777920227 0.8786674463351586;32.689341138558
-5.543418265509052 0.8786671457147874;32.380064097
-5.520187215787138 0.8786668494860495;32.06041448101
-5.496727066669341 0.8786665575849331;31.735969224996
-5.473262760356607 0.8786662699475124;31.41301833589
-5.450026680418286 0.8786659865116586;31.09787419974
-5.427238629134695 0.8786657072160987;30.796154089267
-5.405087718547462 0.8786654320000732;30.512212587877
-5.38371953466996 0.8786651608038493;30.248844892423
-5.363230294958974 0.8786648935687214;30.00728326062
-5.343667739906449 0.8786646302366682;29.787420102328
-5.325037019014286 0.8786643707506101;29.58814917318
-5.307309260784977 0.8786641150542376;29.407723443813
-5.290430749085839 0.8786638630921824;29.244063014791
-5.274331280758386 0.8786636148097607;29.09498471611
-5.258930981070853 0.878663370153145;28.95835276900
-5.244145393459636 0.878663129069363;28.832164199706
-5.229888984058407 0.8786628915062128;28.714586790686
-5.216077345992902 0.8786626574120917;28.603965789347
-5.202628416846561 0.8786624267364237;28.49881188405
-5.189462991240845 0.8786621994290608;28.39777910033
-5.176504757021803 0.8786619754407962;28.299638109154
-5.163680029209154 0.8786617547231078;28.20324816140
-5.150917310242468 0.8786615372280727;28.107529366869
-5.138146771158733 0.8786613229087092;28.01143614483
-5.125299726031877 0.8786611117186347;27.913932221783
-5.112308160030522 0.8786609036118943;27.81396742456
-5.09910436833646 0.8786606985436457;27.71045664778
-5.085620767616362 0.8786604964693034;27.602261739073
-5.071789952518751 0.8786602973452233;27.48817765229
-5.057545085271089 0.8786601011281034;27.366925086231
-5.042820724439428 0.8786599077754976;27.23715295877
-5.027554215022579 0.8786597172456444;27.09745540573
-5.011687768988747 0.8786595294972958;26.946409341696
-4.995171351689957 0.8786593444898027;26.782639541348
-4.977966439192526 0.8786591621830295;26.604917906393
-4.960050605155461 0.8786589825374399;26.412300906592
-4.941422716468937 0.8786588055142674;26.204302756089
-4.922108261140994 0.8786586310750882;25.98109076265
-4.902164027790469 0.8786584591822484;25.74367411552
-4.881681080445415 0.8786582897984364;25.494041833885
-4.860784854726479 0.8786581228871965;25.235197030742
-4.839631393118844 0.8786579584121585;24.971042225534
-4.818399333502289 0.8786577963378082;24.706099839933
-4.797278206580888 0.8786576366291443;24.445098675054
-4.776454616748612 0.8786574792514229;24.19250383747
-4.756098576027233 0.8786573241707555;23.952091412429
-4.736352300691543 0.8786571713535103;23.72665618707
-4.717323114499696 0.8786570207667403;23.517896469564
-4.699081010959127 0.878656872377584;23.326466475950
-4.681660355112431 0.8786567261542069;23.15214738451
-4.665064511209961 0.8786565820649453;22.99407440957
-4.649271983537348 0.8786564400784783;22.850965769759
-4.6342428494907635 0.8786563001642549;22.72131897348
-4.619924646637123 0.8786561622918952;22.60355972366
-4.606257271823511 0.8786560264317042;22.496143114996
-4.593176760217399 0.8786558925540721;22.39761453231
-4.580618007729747 0.8786557606302452;22.30664022502
-4.568516597066678 0.8786556306315553;22.222017044960
-4.556809916358837 0.8786555025299332;22.14266901836
-4.545437749174717 0.8786553762976519;22.067636343494
-4.53434248707893 0.878655251907498;21.996060577423
-4.523469083843906 0.8786551293324293;21.92716836749
-4.512764840758322 0.8786550085460024;21.860255085787
-4.502179087988725 0.8786548895220309;21.794669062878
-4.4916628082294565 0.8786547722349272;21.729796702988
-4.481168235478393 0.8786546566592751;21.665048522013
-4.4706484529243475 0.8786545427701717;21.599846027391
-4.460057008841162 0.8786544305427142;21.53360931821
-4.449347567422271 0.8786543199528554;21.465745304513
-4.4384736122245485 0.8786542109767193;21.395636518092
-4.42738822304124 0.8786541035906011;21.322630615946
-4.41604395244209 0.8786539977713953;21.246030870420
-4.4043928357571 0.8786538934961671;21.16508821484
-4.392386577675165 0.8786537907423242;21.078995787191
-4.379976969279489 0.8786536894877879;20.98688740247
-4.36711659999533 0.8786535897104792;20.887841986669
-4.353759937299288 0.8786534913890041;20.78089668324
-4.339864849306952 0.8786533945021393;20.66507199596
-4.32539463576727 0.8786532990287474;20.539412747550
-4.310320603759084 0.8786532049482901;20.403048458688
-4.294625166467986 0.8786531122404;20.255275476768
-4.278305348874718 0.8786530208851376;20.095660216776
-4.261376450763725 0.8786529308627348;19.9241577652
-4.24387545557839 0.87865284215368;19.741232944715
-4.225863613874129 0.8786527547388896;19.54796293925
-4.207427526681893 0.8786526685993655;19.34609442813
-4.1886780772805965 0.8786525837165375;19.138027705258
-4.16974677131149 0.8786525000720923;18.926709020680
-4.150779458732553 0.8786524176477162;18.715431072888
-4.13192795732156 0.8786523364259516;18.507565979993
-4.113340621000469 0.8786522563890843;18.30627633539
-4.095153207429693 0.8786521775198276;18.114258576948
-4.077481364695141 0.8786520998011518;17.93356422830
-4.060415676236838 0.8786520232161981;17.765522100269
-4.044019616290017 0.8786519477483646;17.61075797290
-4.028330182478524 0.878651873381563;17.469287799230
-4.013360560531029 0.8786518000996193;17.34065155316
-3.9991040099988724 0.8786517278867872;17.224056895592
-3.9855382091978067 0.8786516567273207;17.11851044150
-3.972629476128887 0.8786515866059014;17.022924632653
-3.9603364996582964 0.8786515175073822;16.936196719690
-3.948613409025538 0.8786514494167873;16.857261854058
-3.9374121512154803 0.8786513823194829;16.78512496303
-3.9266842319597517 0.8786513162008355;16.71887674691
-3.916381917670743 0.8786512510468104;16.65769866837
-3.906459006775243 0.8786511868432019;16.60086085982
-3.8968712724937915 0.8786511235760609;16.547715857587
-3.887576664434604 0.8786510612317807;16.49769017892
-3.878535339314005 0.8786509997969257;16.450275055708
-3.8697095749028927 0.8786509392581461;16.40501712578
-3.8610636073806535 0.8786508796025195;16.36150952814
-3.8525634210692576 0.8786508208170385;16.31938361399
-3.844176510886283 0.8786507628890375;16.27830133800
-3.835871631454138 0.8786507058059368;16.237948305373
-3.8276185422100024 0.878650649555499;16.198027401342
-3.819387754710198 0.8786505941256576;16.15825290480
-3.8111502862973428 0.8786505395043464;16.118344979738
-3.802877423159903 0.8786504856796701;16.07802443968
-3.794540495398805 0.8786504326399903;16.037007689237
-3.786110666928764 0.8786503803740109;15.995001761612
-3.777558743820079 0.8786503288704357;15.951699392748
-3.7688550060451096 0.8786502781180113;15.906774102292
-3.759969069551331 0.8786502281058696;15.85987529390
-3.750869788197906 0.8786501788232277;15.810623445879
-3.7415252084257267 0.8786501302593459;15.758605544685
-3.731902593617336 0.8786500824037837;15.703371026442
-3.7219685399214137 0.8786500352462719;15.644428642163
-3.7116892107058397 0.8786499887765842;15.581244859932
-3.7010307223969106 0.8786499429846651;15.513244663877
-3.6899597195220917 0.8786498978606306;15.439815900515
-3.6784441800718533 0.878649853394725;15.360318634734
-3.666454491900977 0.8786498095773635;15.274101258308
-3.6539648340924233 0.87864976639909;15.180525249012
-3.640954880523414 0.8786497238506193;15.079000359405
-3.627411812451286 0.8786496819226665;14.969031418241
-3.6133325794923103 0.8786496406062458;14.850276624195
-3.598726282917454 0.8786495998923719;14.72261501731
-3.5836164755445483 0.8786495597723585;14.58621772464
-3.5680430900171287 0.8786495202374769;14.441613947606
-3.55206364251302 0.878649481279212;14.289739355606
-3.535753340292122 0.8786494428891348;14.131952939889
-3.5192037784087065 0.8786494050589869;13.970009995915
-3.5025200614744305 0.8786493677805959;13.805984734166
-3.4858164226596555 0.8786493310458745;13.642145660269
-3.469210691103455 0.8786492948468643;13.480798035176
-3.4528182077814016 0.8786492591758205;13.324116750782
-3.436745929633296 0.8786492240249985;13.173996293299
-3.421087440699437 0.8786491893868673;13.031940543774
-3.4059194086457487 0.8786491552538963;12.899005342637
-3.391299741670038 0.8786491216187687;12.775794667020
-3.377267400557442 0.8786490884741249;12.66250100322
-3.3638435828164783 0.8786490558129048;12.558974690245
-3.3510338645605033 0.8786490236279626;12.464806122002
-3.3388308632603017 0.8786489919124523;12.3794074485
-3.3272170425575474 0.8786489606595276;12.302084863883
PointOptimal;ValeurOptimale
[-3.32721704  0.87864896];12.302084863883328
Temps;Nb iteration
0.0738532543182373;1000