Point;Valeur
-0.21042571109306074 2.163454694513325;-0.36234228896462
0.4996378283070736 1.45339072983567;-0.6030469189952
1.119461019086955 1.77362632666557;-0.4760990962358
0.835836798683134 1.6869815834031034;-0.046475756449404
1.4612080648670216 2.102935537266189;-0.33592108229808
1.9283035594253595 2.3745442586944874;-0.23159213971624
2.3890817767272363 2.651956048272996;-0.1683208576897
2.777543611321104 2.8893293826323108;-0.04337280422501
3.083129066729878 3.076353805284324;-0.05087698139444
2.7804306404261787 2.8870246547779277;-0.04370386907017
3.0715806734925204 3.0864377720684564;-0.051874376402944
2.7809342754657744 2.8840537714220202;-0.04197558784230
3.0586158036735673 3.091430971010124;-0.05741259918067
2.7695422678752677 2.8723221603471396;-0.027409286968882
3.004064381452536 3.0587880315699763;-0.12326976352917
2.709832231183081 2.820998211023101;-0.001744569522866
2.6418826821973354 2.7647769767855808;-0.07200454839763
2.2944868296257206 2.464519411611727;-0.012057236127901
2.1062433596446564 2.2962748963043955;-0.2849232418048
2.225600418182775 2.4048146646240003;-0.1289507589374
1.7949968138445758 2.0025484612318767;-0.29485074013838
1.4013508231323408 1.6187201288608657;-0.43042992478873
1.0520406249825114 1.2668730033340647;-0.48055620744876
0.5690479044919681 0.7713367040932767;-0.6039502548460
1.041769306411116 1.280843025098088;-0.46727037988916
0.6787175265005976 0.9238020536244986;-0.5163894071157
0.26402700127685713 0.4859531308426415;-0.9002659386248
0.09354055522473037 0.24942059023642343;-0.0007433138828734
0.1137835675130414 0.29027846072443714;-0.08520412118140
0.33132721083877203 0.6635480689109718;-0.0591407106669
0.11197652667623192 0.379112091459135;-0.4962368509799
0.40255369843839944 0.8769664386999271;-0.6291365834147
0.6853624997145678 1.1835818495265573;-0.0810751552207
0.9206687481633646 1.3888795111070888;-0.416695546744
0.5953697820166962 1.12931297907615;-0.026442712630750
0.4585587572510398 0.9921614254943921;-0.7133037596483
0.24788480646483124 0.7542375762656324;-0.002260598516815
0.28067451432594853 0.8063944238245397;-0.13481330477246
0.5217803860664854 1.1439759153411027;-0.06664316290379
0.3073242070666887 0.9164436781075882;-0.6354028016332
0.5530697448699514 1.2501144039147207;-0.07925583095212
0.7727298393233425 1.4756940657887794;-0.41858126984454
0.4531917137008519 1.1912895599009299;-0.029898065517929
0.32306108890241514 1.0333304469825637;-0.7388973717522
0.17525749249284464 0.8201157583740357;-0.0838549988335
0.3223626255205725 1.1097785815910495;-0.47460176358189
0.032555181898083374 0.723894192000426;-0.11241226159075
-0.006796578921742569 0.4185351055425084;-0.6254619391495
-0.029435587825414163 0.8225704712075873;-0.04301162147326
-0.05183279490209539 0.9977054434234529;-0.7353544320908
-0.08824957270472311 1.1864529954853194;-0.3179245890120
0.01915475997831291 0.8422183587331974;-0.09564807248144
0.044079555370665116 1.0870356783032544;-0.726487851914
0.007131071126564387 0.8908163070793893;-0.29175993783
0.021954816371454064 1.2368238989010107;-0.12672206840
-0.0032667123747495384 0.9871335693099451;-0.7041358897446
-0.007555832527334451 1.207468174883318;-0.23984245759010
0.005232606261786376 0.89742907966549;-0.32283756812984
0.01979763591008585 1.2277158993614694;-0.15888929583876
-0.013375049293144935 0.9720428563588182;-0.6556139342471
-0.04247898024125315 1.2200896758528454;-0.18555880908852
0.04374692448312124 0.9501124020708871;-0.5732545046063
0.17526912505733802 1.2389367073410387;-0.0828180143558
-0.08673569137759576 1.0450107297574502;-0.7843239202345
-0.06287634352780239 1.0146478955080056;-0.7681874339936
-0.1293465826685219 1.125984009490411;-0.5719028226345
0.21217346636877338 0.8101262624353847;-0.0803239063393
0.6614207474761997 1.033435792523107;-0.16221186186576
0.040107451969493835 0.7885267070491561;-0.0005357572789291
0.044493753029119835 0.8104966896568842;-0.02123258114911
0.07577514126047541 0.951566251770885;-0.5877895543668
0.2004120331243467 1.2953996287837746;-8.285786169428156e
0.2060975062635774 1.3036632759621825;-0.002951850819464
0.24286754151933135 1.3549221893523162;-0.10540651413599
0.46894468338832446 1.6251799224691135;-0.3271288721428
0.07284149381160682 1.308149592601195;-3.502014353737966e
0.07423841537819093 1.3141704308873505;-0.0013263367070152
0.0835398611194069 1.3523653503310582;-0.050783946253874
0.14708868195880534 1.5782794596155547;-0.609669468823
0.10254275837334781 1.4740922917103998;-0.46503093669977
0.22655377536297458 1.8183642385174879;-5.818481977470784e
0.22608187318181747 1.8178235824278697;-1.152377635247865e
0.22376744149810915 1.8144330265316826;-0.0003824702490491
0.20946884653588677 1.792257250408477;-0.015565209428371
0.11753295500109011 1.642680267330927;-0.48013228072977
-0.04639641217407177 1.2634768306542394;-0.050103561586517
0.018489068155240762 0.9920783356973703;-0.7183711212979
0.061130215038525525 1.306593725768603;-2.3919337378713243e
0.05902326849983543 1.3006906366111448;-0.0012268338693744
0.04326346556353389 1.2532439585474215;-0.07539004769106
-0.053517771247805046 0.9121757656340874;-0.4009833558685
-0.3424406681515791 1.3946964335225713;-0.3149584187209
-0.9212225795450197 1.7421387264821728;-0.27562405084246
-1.4847174904446814 1.9846958949076958;-0.17708371810238
-1.9459288806069102 2.163350858697821;-0.01026399964551
-2.1054737453650056 2.2160668722739034;-0.22862668486055
-2.436404865088986 2.331197819498274;-0.009109387406839
-2.288617629841906 2.2835935552368802;-0.2014732076244
-1.9265592734045482 2.1445966999247132;-0.00011054182961903
-1.9431760847775363 2.1518775314141236;-0.004440601500169
-2.0544890371988624 2.199950107498186;-0.15204260508156
-2.4519633639699703 2.392100457635341;-0.0044597482682196
-2.5516408178671695 2.43649356874074;-0.11254900695821
-2.8880228396428236 2.5981278091923903;-0.013199487196885
-2.7295185136924713 2.525021062151264;-0.20234099740758
-2.5012594214192267 2.411867125487521;-0.04281932155607
-2.7780063801076245 2.563521154299269;-0.13024503348250
-2.4519931749102786 2.3778727177777377;-0.0013748113872677
-2.508578060849312 2.411994446191382;-0.048912264037974
-2.7988457387126435 2.5948087432294167;-0.08145452300738
-2.4845725572536486 2.391098175574889;-0.01780149969033
-2.6745202186352772 2.5216920684991573;-0.22747928398755
-2.6023839528919908 2.472827309133366;-0.191709895986
-2.875343802766774 2.666094728282463;-0.0002507289111011
-2.850491511440264 2.6491130951783295;-0.009377362646587
-2.6940665841905003 2.5394803999159676;-0.21489058375987
-2.488886535229022 2.3900314862950136;-0.019660553630624
-2.732761400261882 2.5759551190753127;-0.16222396289071
-2.3789944259422255 2.2956712259591705;-0.08151714250408
-1.9933311069913988 1.9659793557583263;-0.07216826860041
-1.608359327915494 1.6173310363069173;-0.08280460116071
-1.197412165793757 1.2281667598630008;-0.24133577951900
-0.6859724711416373 0.7252054876361479;-0.7334473525736
-1.008947992108674 1.0513332588755508;-0.3937532894859
-1.4373761354931904 1.478797577638505;-0.4668760268191
-1.5453766333141663 1.584968160373101;-0.2559694796419
-1.2126246817015984 1.2567270254261254;-0.1387792152851
-0.8774124589465438 0.9225092625323996;-0.032440154865866
-0.6724113406625662 0.7156019123523031;-0.688449967512
-1.0085565293814451 1.0575876619989222;-0.40912792578135
-1.3670501538717894 1.4169099471053586;-0.27029487476579
-1.6537375172545492 1.7014009923289795;-0.004051089340009
-1.7053251952850874 1.7524376042997687;-0.10392499826296
-1.9274891657194968 1.971477436493603;-0.155310502047
-1.6936061097457455 1.7416145368423195;-0.07287573909853
-1.8988942929207053 1.9448137816173163;-0.2390396072386
-1.6622143407398688 1.7112099556191442;-0.012734943291879
-1.7645685242719487 1.8129725890385375;-0.28685801937547
-1.9936715456981404 2.039903571668536;-0.008852273616662
-1.9094139878394165 1.9569334069113178;-0.20500697789326
-1.6313552738780168 1.681486100456027;-0.002716571810965
-1.5753693741265495 1.6260049014280005;-0.12099792772789
-1.2574739241235335 1.3088418576637946;-0.006073754371454
-1.1608174800880977 1.2119412874060969;-0.375108195137
-0.734725685176832 0.7831870038255282;-0.7565008095430
-0.5197718825457983 0.5625270836920797;-0.011884251046650
-0.36669130336187505 0.40414731569268914;-0.9144265457501
-0.1514053113127008 0.17717333567183438;-0.029059239144458
0.09644639988668796 -0.09495749637962206;-0.4711704786245
-0.45403549166144624 0.4379442811569956;-0.5822023176289
-0.025469904282191203 0.023625072998036456;-0.9568899075838
0.1772146428873198 -0.16649960942712544;-0.012272894743561
0.06268074671785293 -0.05759308510883093;-0.7596802797580
-0.3390543837375788 0.32304311681273096;-0.8474677577985
-0.594050469538201 0.5742047392174354;-0.05018203933342
-0.7828231862573611 0.763314420423674;-0.7123069615929
-0.5638871779816531 0.542366387774956;-0.0002829867814818
-0.547403300341146 0.5263562047762317;-0.02108089814227
-0.40028477944643026 0.3804459843387379;-0.9019921757090
-0.20183841426579974 0.18474284700756463;-0.004930630452304
-0.28649126453494095 0.26551076123809725;-0.46953447667799
-0.7532201145686129 0.7214337820187419;-0.7856899642137
-0.7461635498469117 0.7139595247629156;-0.7835527623267
-0.7927265318350595 0.7605399982263398;-0.6975393610057
-0.521085721316656 0.4860870632885609;-0.15876156153222
-0.1642893660936725 0.1344823889105758;-0.08464846527974
0.13228893751094717 -0.12775501382285304;-0.20127276866822
-0.23335810022469666 0.24960819372185317;-0.20672712437519
-0.5594647006601476 0.6110183952842773;-0.055719502129564
-0.7368904872337808 0.8101939760540233;-0.7072920515841
-0.5333923260222014 0.5828641757490662;-0.000684546209129
-0.5559523704326975 0.6082596524843998;-0.04516515315887
-0.7396626624026572 0.8109652392754415;-0.7003103874765
-0.5020567644438582 0.5515934152759063;-0.048471562702117
-0.29928926110848925 0.33208687844619555;-0.7652486587066
-0.6417300054491455 0.698536015324206;-0.5622997462803
-0.9670892985625374 1.036546826778034;-0.24494928569893
-1.2469079401623344 1.3218961583371278;-0.004665422231841
-1.1979121087207496 1.2727126267882733;-0.13454335223540
-0.9571865818410138 1.029848767649575;-0.20218278597195
-1.242099976372414 1.3201330618968852;-0.007855122636259
-1.174942992191165 1.2528031397799568;-0.2333232940574
-0.8830693586580269 0.9587162797186122;-0.0007807710345008
-0.8580739951767694 0.9333922203098431;-0.0425468975758
-0.6709706416682019 0.7416929495499609;-0.737894467275
-0.8819326824415064 0.9605417834928469;-0.0006276904284352
-0.8564966420150066 0.9348701994113771;-0.04250109396568
-0.6464612168287207 0.7201990792973996;-0.6398069291035
-0.9977082307844947 1.0829766597420645;-0.4478897044953
-1.3103922147141185 1.3973084503662507;-0.11906158357867
-1.5519537670182522 1.6363996600705828;-0.1425656137820
-1.3092289169023577 1.398439891614518;-0.11913920812519
-1.5542451201888414 1.6421599476610849;-0.12816277229818
-1.31573852106078 1.4072602557564668;-0.14806578051254
-1.5785414319866238 1.6695601741479855;-0.05102672361449
-1.407822918198321 1.5011613446071566;-0.4629356440382
-1.514235640762438 1.6068687347801756;-0.2719841719663
-1.2242405715761098 1.3190558256471567;-0.0213363732799
-1.0839780977233844 1.1780519427127358;-0.5898521162626
-0.9065116236440043 0.9976082861014572;-0.03689426236838
-1.1171436663319567 1.2138766627260718;-0.4713996142361
-0.7775622164334814 0.8710003984721039;-0.4198442843110
-0.3532093340542545 0.43584948005198926;-0.881150356588
-0.12086689177923965 0.17682552069446544;-0.07851331794937
0.13325631069320076 -0.14338415617642275;-0.14760512274930
-0.23710328104422768 0.2070098661855519;-0.09524570892369
-0.5568053263428279 0.46353207261530166;-0.11287703574019
-0.23427095166652823 0.2059845825338154;-0.08575535129902
-0.5198013477489336 0.4531240066702641;-0.264278972687
-0.13163027707785452 0.10653559974713128;-0.27547092662993
0.2557951385225109 -0.23080462244548045;-0.2202832292876
0.5761524428524083 -0.5434361668435204;-0.0013583486528499
0.6048071447253323 -0.5723768754168816;-0.0668540696731
0.799874730066145 -0.7715612104348282;-0.6563386847221
0.5525515904941067 -0.5153196034558896;-0.027754101840949
0.41192163451316494 -0.37404983484373755;-0.8926505467004
0.2230979110131658 -0.18979294070563776;-0.03370917584334
0.40503121836120437 -0.35694848923356204;-0.9232246762792
0.2880698313905554 -0.24561990128687966;-0.4012406134101
0.719616727150278 -0.6555881779119133;-0.6603139319252
0.978972552921183 -0.9185523362908234;-0.027375664446619
1.1031347032874108 -1.0476876522988752;-0.5793530850624
1.2519573622229347 -1.2045077657251893;-0.16686648288227
0.9956535215483239 -0.9336156331983662;-0.07393229905014
1.204808591171187 -1.1482107428686044;-0.42353507288587
0.9271517823444733 -0.8604190488309821;-0.04888187544006
0.7403700206538891 -0.671704244020122;-0.7367796403682
0.9441520462232403 -0.8731977510409189;-0.01333877281753
0.8360282967726334 -0.7640746401718013;-0.5752219195703
0.4773603747172062 -0.407049757501019;-0.6009246827641
0.06123271484628107 -0.011081901102926617;-0.8661187552047
-0.3144417716108058 0.07720879706927482;-0.12867447622283
-0.6506516468388917 0.1979366105467943;-0.3126801986278
-0.2578848287877658 -0.002953182678433086;-0.0005378570466913
-0.23432718839476266 -0.002512620874757561;-0.02653435711328
-0.06559074186952615 0.0005531839006907829;-0.852028752281
0.2844319905499896 -0.005857600637994578;-0.018059168541269
0.42095499937849623 -0.01149910370210935;-0.6388702400514
0.8236550688990206 -0.03845774722204852;-0.04631061009225
1.0058923309899641 -0.060057790492501414;-0.753544480301
1.1611162430955173 -0.08422965103164895;-0.43560016832296
0.8073790955604148 -0.007593373389822716;-0.014917799143059
0.9170748899015525 -0.010686564820795783;-0.4172865296893
1.2784722147862668 -0.025413100452230938;-0.023161359139755
1.1573821634924684 -0.016834625540774632;-0.4661600203756
0.8159419317516619 0.003288980882270486;-0.02848414387459
0.9603790474927457 0.005738860076588698;-0.6114243754538
1.263197971220826 0.014118913425525917;-0.05245506579724
1.0843284400194897 0.004596006269952685;-0.7350818919320
0.8951816444337137 0.0006133733525243296;-0.31212504878156
1.2534696853016773 0.00212603013579684;-0.07678408729807
1.0439285457702174 -4.498432767542247e-05;-0.7855852329102
1.0322398030211482 -4.531249930658042e-05;-0.7833094043394
1.0789958773630624 -4.403652796835206e-05;-0.7467044125880
0.8902053980260928 -5.0498178756087044e-05;-0.2887789366120
1.2770049787344566 -5.209837139586277e-05;-0.02585461436347
1.1367822461204118 -5.035789876295595e-05;-0.5576876381790
0.790780017346048 -4.9417291763043085e-05;-0.0009014312176710
0.8203853765043907 -4.9230435742411366e-05;-0.03717008856816
1.0092588234371482 -4.76437093984111e-05;-0.7564433849793
1.1788660366389498 -4.398146821456147e-05;-0.3676531169294
0.7884578688405446 -6.601908435686659e-05;-0.0002916588679407
0.8060304523693237 -6.990417711120676e-05;-0.013116388225168
0.9272174756611874 -0.00010341474702591766;-0.46531815538197
1.3279897478588472 -0.00041737146727702934;-0.008973720346841
1.4129493318463777 -0.0007384317098259696;-0.22754911895074
1.732574096884752 -0.003126472090857881;-0.1821961245032
1.4520913623077654 0.005189837369315011;-0.37518443781490
1.7585238133200205 0.02564651979977821;-0.10375321879265
1.5338293039253474 -0.03815211199033984;-0.5998152374847
1.6503603790974983 -0.09505465946130248;-0.46064645836943
1.369939851240322 0.21504044421135554;-0.13650652701748
1.6436731731267766 0.7712413703456757;-0.005667878069574
1.587660764898245 0.4632578610870966;-0.45817180484963
1.3053543926456654 -0.12499579728209337;-0.000136480562906
1.3170289691367896 -0.1327948393404707;-0.005402808081217
1.3932215802273635 -0.18760167573568517;-0.20150095763377
1.7410569145924368 -0.5257948072784417;-0.003785640674568
1.6865712183096995 -0.40771117765664544;-0.17379922925230
1.3706089594142858 0.05478416342984316;-0.09181295687320
1.6436847685159885 0.12602787074884064;-0.4751066634316
1.3442827765545764 -0.03487660806531659;-0.031182509892832
1.5160216466522662 -0.06693985621070123;-0.5719208849217
1.7220989412932326 -0.13525220700819157;-0.19942854143951
1.392018679351472 0.07466066898368232;-0.16047145713998
1.7089483496104547 0.22505275373974598;-0.21200830002187
1.3996658747992468 -0.12367643539382184;-0.19907786520286
1.7122453875566868 -0.37038692725996436;-0.1227491730400
1.4658604248529448 0.04284160819324262;-0.42717575852361
1.7658997168475539 0.1175158558882547;-0.075905983636
1.5604560336689801 -0.0023222477079769266;-0.6192090996404
1.5754682794668624 -0.0025163990094165963;-0.6165981583708
1.5239917718482445 -0.0018118155386999493;-0.5840620240022
1.706069944946785 -0.0037263497468343217;-0.27420950391279
1.3543197733285375 0.004200947186261688;-0.049477215801066
1.5651163375957924 0.011439674769551036;-0.6194724895030
1.5596113559202684 0.011016238577650132;-0.6190643318225
1.5820516050706648 0.012780672475088859;-0.612269321869
1.484376009266334 0.004042137930849919;-0.48645166549229
1.836781076756858 0.01642343716625979;-0.00035410679968648
1.8572853097350297 0.018740176561392492;-0.011785783229540
1.9785265929520974 0.034571047009408155;-0.29888765261548
2.321465814314699 0.1225203755026407;-0.015011476299712
2.200258092399327 0.028053767313716838;-0.2926717155214
1.867651315271941 -0.04246330619186919;-0.023915832246072
2.0340852712224726 -0.1066572619817512;-0.43469241739616
2.2482295387799858 -0.29950191135131404;-0.1112661785371
1.9548412403244446 0.21183607326153592;-0.2627608972807
2.299044681754051 0.6505459667934106;-0.01605511599749
2.413886295372128 0.9902526807231922;-0.3690642151477
2.4209798098776547 1.021062508631738;-0.365657534207
2.3641943537897876 0.7846031341845856;-0.20513414006956
2.6633790542586198 1.378377199534658;-0.13224680348434
2.887384145006974 1.887544564767235;-0.018855485519130
2.9872538222796066 2.1556565913126375;-0.2248211080756
2.9349643541993995 2.0038949217457884;-0.1481883908879
3.1207541091091553 2.4280438886202207;-0.005322555897655
3.175778385413011 2.5687234994814254;-0.1271507096843
3.3293940747287953 2.929166104738614;-0.001568412165810
3.2999498837833805 2.85435497641753;-0.04357157322607
3.1528583008447697 2.522420807684986;-0.07488729593327
3.343616225454638 2.879641022129015;-0.008647579368804
3.263899953384362 2.721936929274896;-0.15797697105206
3.1156853465576044 2.4532565302403273;-0.01068724009615
3.2255487003369345 2.637076281913752;-0.18390100377630
3.274238533015499 2.7213156950597925;-0.15176798955021
3.0857426471520966 2.4119447393148064;-0.0008121910074589
3.0482488512353836 2.3541317927427614;-0.04071155543479
2.7993248614800077 2.002574475892876;-0.013222095981596
2.9740563877614967 2.2263208905262264;-0.20519216743319
2.7527780804180004 1.9406201203377327;-0.011544517629141
2.573082746959484 1.7253039666305872;-0.27447822132222
2.7907675414582584 1.9699861202136542;-0.001463905575835
2.8606927320066013 2.0524655023976064;-0.10234693445462
3.241747337221164 2.483247868642062;-0.12605895418886
3.518977653750565 2.806802562232687;-0.014775408282637
3.670674965913443 2.9891468790656743;-0.14897858889578
3.5891483808520372 2.8894411598361343;-0.10378680487976
3.83935367783347 3.183706480803838;-0.0009013227067531
3.8802158682510655 3.2331440695085107;-0.02659782088519
4.080220461735799 3.4718984237176347;-0.06806862189005
3.843662422147576 3.1909858207415382;-0.002269775340605
3.915044084768418 3.2735216212892446;-0.06512956348684
4.177046576727773 3.571568104622466;-1.6624865106547822e
4.171160163218949 3.5647012150666493;-0.0005030871777336
4.1358771147122 3.5236754586350414;-0.01694334922084
3.935863649116022 3.295010425422657;-0.08759603479631
4.217520840169977 3.6050833085116025;-0.010260294302722
4.376458955591336 3.7825487055047917;-0.10439910383810
4.280993935634929 3.675044232221513;-0.06473438642869
4.554946292677909 3.975936724168484;-0.002156910564006
4.633121112298934 4.063094489701437;-0.053388073207556
4.88339133129694 4.339141813684604;-0.00046767805218606
4.846843792336788 4.298297606962034;-0.013235031502748
4.657623899128065 4.089103915309821;-0.07170546430173
4.892444638153075 4.343371036271354;-2.319988299889305e
4.883399659885162 4.33345249769521;-0.0007975414593251
4.826079789705093 4.270745492169602;-0.028296384079723
4.540500754775154 3.963934754920847;-0.0001268760381166
4.5668154076136735 3.9918001415574844;-0.00671065140859
4.754690725295447 4.19025940424114;-0.08124798664898
4.526880817875999 3.9492863233643654;-0.0006954982906430
4.458124023851613 3.8772931260993144;-0.0404848672409
4.074291670646811 3.4818683799671386;-0.0665964416972
3.6614267603493533 3.0656697042406353;-0.12890090612012
3.3181337044893433 2.725654143459046;-0.11608249433070
2.860778325018148 2.2759912000345466;-0.22961387603815
2.8886111107865107 2.3025557024939314;-0.21996427804089
2.6304881425203215 2.0548430275002105;-0.03868832776446
2.1846272668742945 1.6255490581340746;-0.22867543038012
1.6262166032820955 1.0862612054302734;-0.23155947333426
2.1747630339805357 1.601561479876271;-0.27360118903795
1.8459546215095743 1.2636639064125825;-0.1908843399376
1.4282435233991555 0.8584316445170296;-0.41652332900242
0.9769136951728599 0.45075764187233164;-0.7528011765682
0.7148873073632115 0.2623716795866411;-0.01781437445891
0.4972892610753533 0.13356043993768452;-0.9352916424689
0.5547461507325756 0.15865844154763653;-0.8316298523379
0.09263685986110465 -0.10267791920168362;-0.4535431074999
-0.35857179609161166 0.5182973573479719;-0.5853610113186
-0.029851048433449157 0.032492387482213725;-0.9310827169327
0.19464117119580385 -0.21501026211474913;-0.02782277983009
0.3442889230936363 -0.38062427711674607;-0.9345927630269
0.382972600907184 -0.4239960952238109;-0.8507089966080
0.11872923153330273 -0.1352450320051587;-0.22053318416674
-0.24823192974630315 0.26392035472780606;-0.31149221292999
-0.6234146284936766 0.6432948984940372;-0.3150899614099
-0.9444443655901084 0.9594810320992806;-0.033938192725988
-1.072307501830403 1.0837701812287406;-0.5851088084063
-1.2033533898610016 1.2102211622271843;-0.2720922752750
-0.9305269760370938 0.9463840152206705;-0.008270265012846
-1.00276591888564 1.017319148385473;-0.2857742910565
-1.3007178164604816 1.3093108483826177;-0.0032708291855988
-1.342848693124448 1.350497468314038;-0.09168487158179
-1.5459911509305262 1.5484263230385273;-0.3258720970207
-1.3147375921795952 1.3234055742743356;-0.020523457983261
-1.4283779436662383 1.4347813929515774;-0.412150452239
-1.6205170324753284 1.622489059879376;-0.05892151832963
-1.4396825444719337 1.4461100370391884;-0.4406087380493
-1.6012784069361763 1.6043492768757028;-0.11448793103928
-1.35310617976335 1.3610845904747566;-0.12844622614448
-1.625671910703327 1.6301682613539683;-0.04353826625053
-1.4548863307300937 1.462193404571547;-0.4672507604877
-1.552135751031626 1.557931755798856;-0.296182284184
-1.2480839823978305 1.257336648743232;-0.07173112608289
-0.9939024829100395 1.0051349455239476;-0.2297849322224
-1.3681086259038935 1.3786006019314372;-0.19237285745442
-1.6558699172147053 1.6650042026970946;-0.0009614013489714
-1.6299681120477707 1.6395110886850943;-0.029553659163732
-1.4823092711075598 1.4930022315459663;-0.47316976823412
-1.4155285876358812 1.4262702043850695;-0.3792319226311
-1.6933611241250106 1.7028745360240638;-0.02953712791263
-1.8486796527701634 1.8575426996096962;-0.3679530480806
-1.8157631527187117 1.82459012030807;-0.3509490844838
-1.9505864028563553 1.9583652539686314;-0.14073972315925
-1.6634828080798254 1.672964298687856;-0.00013904755148575
-1.6767534379429785 1.686491816501227;-0.007169122860274
-1.7771491669052113 1.7868055071333133;-0.2677747459361
-2.080997984440408 2.089482029521509;-0.051243943867702
-2.293370437987999 2.301072788106504;-0.17601159938886
-2.0360179011194495 2.044826038995753;-0.0003936194422857
-2.058356528378325 2.067357320249855;-0.015943028143137
-2.2025817377430017 2.211337708939017;-0.28672079460877
-2.2576696609653357 2.2659482872410326;-0.24935237451813
-2.0337852445666305 2.0427039389990966;-8.69767796354195e
-2.0466003089220384 2.055815103729822;-0.005116981206748
-2.1503737569067294 2.1596212148981406;-0.2150669757761
-2.4682534698294787 2.476581799327329;-0.06930038541159
-2.736088837303556 2.743736632895236;-0.01994425254704
-2.5749846967695107 2.58334971648603;-0.22856181959237
-2.6202745824265588 2.6282474477624227;-0.2082855315545
-2.4306611668317744 2.4389495310579816;-0.01421685347414
-2.602133029197302 2.6102793171084464;-0.22403193596718
-2.490078286622506 2.498237567668587;-0.11141425299202
-2.8362515578781817 2.843742937557419;-0.0518671045181
-3.0894483407154993 3.096461413759458;-0.03393246939147
-2.877904344084494 2.8855660789541835;-0.11727836557708
-3.151217148407982 3.15835966837013;-0.0007222521022106
-3.1863160092957523 3.1936102374038704;-0.02084279081351
-3.36655245762385 3.37365609770176;-0.1347353148768
-3.1964763727068415 3.2037657193586475;-0.030964407538731
-3.419690546724423 3.426722438869539;-0.07476771316094
-3.1551327530055726 3.162628443709861;-0.0016797879660688
-3.2175452695848823 3.2252096106614996;-0.056204616043988
-3.4968913382529987 3.5042732496839646;-0.0027980033076367
-3.4187840216192287 3.4265092605031975;-0.07548057681794
-3.1278432279020425 3.1358894432888906;-0.002791998391320
-3.038431908423198 3.046832240939197;-0.10656768517315
-2.6900090856226666 2.6985155047302096;-0.0897183676823
-2.3083322040881353 2.3168978896059627;-0.13928023422652
-1.8847658216602579 1.893181226353528;-0.32352067274385
-1.5450452776669268 1.5529094685795484;-0.3192526183308
-1.0578734774752916 1.0653294876858688;-0.5347952284601
-1.4714140854662772 1.479305840061639;-0.4777678976587
-1.4774199532981476 1.4848947431429353;-0.47688840601864
-1.4320483461363158 1.4390808471702157;-0.4229848751223
-1.7562566428169213 1.7629687860574368;-0.19946856986967
-2.121028580725544 2.1274414207037884;-0.14146438477932
-2.4030308740522637 2.409079715487482;-4.703433349653304e
-2.4006666655313125 2.406942760562046;-0.00014047178174660
-2.3873287706562842 2.3938674254552885;-0.004726127779851
-2.3055686899291468 2.312483722843825;-0.14789239975160
-1.987889686141324 1.9951208634647943;-0.04617875154745
-1.7251080184716099 1.7326355573440622;-0.10344247057132
-2.0806763581176746 2.0884579787944406;-0.049944056355240
-2.318320657604076 2.326190630680231;-0.11637195138473
-2.0329609309549435 2.041044753931333;-1.1003919466540879e
-2.0369948756417795 2.0453838496585264;-0.0005540525014288
-2.068549977348067 2.0772662240568454;-0.029647409811961
-2.289097128508063 2.2980842514857125;-0.18447951830709
-1.9723408148650985 1.9813197115961092;-0.07916970230548
-1.6479112651478878 1.6569322690599884;-0.005649077232486
-1.5333711548428866 1.5426449204780506;-0.35889463678324
-1.118202624491761 1.1267973129745352;-0.6073753662382
-0.9375177824580158 0.9451428857004771;-0.012283831330162
-1.1352921826842308 1.1440018968266918;-0.5704608407103
-0.794829342183184 0.8026859167667673;-0.5873294040506
-0.28191549628255674 0.2888215445948884;-0.5431110935858
-0.7996245830599235 0.8103244160839245;-0.5506858515006
-0.43532966593554756 0.4468937211666873;-0.6193408196193
-0.03734390927266945 0.04603442361984117;-0.8779787379556
0.2290229701064656 -0.2665861956556102;-0.2546452606368
0.5651563716556538 -0.6291622879777192;-0.10636474207023
0.794823999172288 -0.8652253069824724;-0.3860375730717
0.48377114549981215 -0.5526578500399771;-0.07970770488924
0.2782658845243332 -0.336721373346772;-0.7182744735823
0.5806608047454114 -0.6660306313669981;-0.2584146072646
0.8703600853302096 -0.9632709577434417;-0.002928659039285
0.8325129956004051 -0.925542178077112;-0.10153370934360
0.6157524910087147 -0.7096215832863341;-0.5223209450809
0.9206851466672415 -1.0224274283451935;-0.10353756202672
1.1244508813207332 -1.223842753684849;-0.4314416085130
0.8817879068014437 -0.9878167563294032;-0.0057194397784714
0.9388834538356085 -1.0447356632693214;-0.19731490977765
1.2087297093638851 -1.3132972557729978;-0.044402739929518
1.0616570916567416 -1.1699704901331485;-0.6139506953620
1.0019209948000454 -1.111257566557426;-0.5211909043222
1.2381167861100089 -1.3462710198557655;-0.0002481433507961
1.2252396505181158 -1.3334678191084173;-0.009261372352380
1.1407488703651076 -1.250750672175604;-0.3222256634182
0.8022483191375249 -0.9167000142405348;-0.19600243473117
0.46228297259110174 -0.5692171704982879;-0.08339600566215
0.20606205067678268 -0.2906901228060369;-0.27970236796400
0.5687834427548674 -0.7126184681401899;-0.39152370684136
0.9084073026304513 -1.0609504899037008;-0.16963259813427
1.161024735471193 -1.3037126888343495;-0.14065051739056
0.9306940797103768 -1.0890505774493058;-0.30139375402360
1.211226313495036 -1.3625834045030416;-0.0017700636409512
1.1811793881563915 -1.3342034505806892;-0.04994476244010
1.018456195660768 -1.1803807263922643;-0.6189316623919
1.0383692881906552 -1.1999426343038602;-0.6080066171008
0.9434923522260577 -1.108517782145642;-0.38836813367343
1.2708411801932742 -1.4314319941119247;-0.11535075261538
1.506080772177666 -1.6550495652705661;-0.18900843776342
1.2499547788831733 -1.4151697281165716;-0.056593551980238
1.4349241458061837 -1.593865127348761;-0.4241637209300
1.2549355929765313 -1.4227090151705764;-0.07497395883254
1.4745437377738417 -1.6364842833752762;-0.2861579747941
1.1961796501958328 -1.3691731263936857;-0.004132467364927
1.1357528746014496 -1.3090233740954922;-0.18063030622751
0.8066089268420757 -0.9804375757781043;-0.03909728337123
0.6094865504749015 -0.773519992779971;-0.6971806871953
0.8980179494101814 -1.0844581145585244;-0.2094794000222
1.2357421903434709 -1.4284227814593868;-0.05780605199379
1.4284029527871807 -1.6164644968997781;-0.39975707182766
1.2141514530104802 -1.4108754112323092;-0.015824069776822
1.3294150193879983 -1.5243184994409056;-0.40816878477256
1.5530769732913954 -1.7427698479327212;-0.007215556826081
1.4752043301899445 -1.6681228707245173;-0.21907615044068
1.1603869256753887 -1.3627830552918587;-0.03568005873035
0.9717194093197782 -1.1725724925232666;-0.5821014290315
1.1777284326805018 -1.3853252111739827;-0.004024978776111
1.107396365884901 -1.314291693319755;-0.2295722040216
0.7174598226289273 -0.9204941220001186;-0.42219324889935
0.29383528926859326 -0.4731213499250754;-0.8913870507091
0.09895936502262534 -0.22229121951229724;-0.012060093474658
0.012316128313218572 -0.06850001591590621;-0.8345111810996
-0.12466665667203325 0.3937143646990959;-0.5951152795611
-0.40500030683787774 0.8463083810796828;-0.516398902877
-0.7246614061447685 1.182921219653541;-0.13818843333428
-0.9948384983302877 1.410719973511885;-0.20342747546857
-0.6892492106563808 1.1768039461913988;-0.07116513858833
-0.8899856451629167 1.3631675456698151;-0.5334196198537
-0.6624077637919181 1.17060419748235;-0.03168203532824
-0.807421629241893 1.3124346778577558;-0.6075511122229
-0.9057287606110145 1.4006300882015172;-0.41102341281461
-0.5797175802310912 1.1132916380459719;-0.07222445607514
-0.3644258958661529 0.8800473376933093;-0.579170958759
-0.6462617450208588 1.2406673398200085;-0.17713965239443
-0.9230554332475127 1.5216615476479438;-0.05426539753415
-0.7364249798099367 1.357847311159032;-0.611121840127
-0.8149242331531318 1.434758414545174;-0.47032986720672
-0.5255960393860637 1.1603169560726934;-0.031244788969676
-0.38269418245612796 0.9921202309491531;-0.77229369428
-0.2909309084172373 0.8656626229231073;-0.39857098020323
-0.5999525500079848 1.2961616002254575;-0.285109419171
-0.9104724979093775 1.6095574474829741;-0.0053495477997365
-0.9757117189212455 1.6637179282254495;-0.15407569965765
-1.2611903242596474 1.8984725778333231;-0.08640027786198
-1.019039668408715 1.717808274503808;-0.349190806664
-1.2885296283750998 1.9480795346519848;-0.006387363706543
-1.2136284035191776 1.8907135390384235;-0.16487598214738
-0.9111457196538211 1.6427063321279056;-0.039254648041002
-1.0867959544047152 1.8101297166386723;-0.4680786213998
-0.9899482949369606 1.7245452946395112;-0.3257075064958
-1.2961376085225869 2.010718165498117;-0.018976583853462
-1.428536157314416 2.1217299943534007;-0.3320753776476
-1.6137798093624507 2.2718557578590888;-0.09551342609809
-1.34682535606709 2.0604531723570676;-0.13890679299686
-1.636831071692032 2.3157551007516224;-0.02258031180796
-1.4892377384815312 2.194911266836734;-0.3471996691985
-1.3351376142604616 2.062234186428674;-0.1282191252389
-1.6374278340507795 2.3394055739187807;-0.006932109340715
-1.548158564209845 2.2637585173108494;-0.18686073778605
-1.2287895888732872 1.978882339920871;-0.01090938175570
-1.1104311432407334 1.862834491026961;-0.3741676751529
-0.7937602266041155 1.539992169963845;-0.18237779899051
-0.42690607725794744 1.1286045834510572;-0.24342574304774
-0.08301019836527018 0.6700023590974402;-0.338884852996
0.07354704002135476 0.1889971416335855;-0.11893072793485
-0.24804079551250297 -0.12663402424475678;-0.009813000007928
-0.4881515582292748 -0.17636042691038312;-0.9361978784392
-0.5075868559779799 -0.1791366903857428;-0.925252066514
-0.2289353004977393 -0.1358128348464751;-0.0006813914865445
-0.2978943674088812 -0.15395778779519104;-0.17733759922861
-0.8965171294223396 -0.3932622067041566;-0.678936918137
-1.2960998238781518 -0.5530033890022463;-0.2136063214278
-1.693353787329472 -0.7333413257127688;-0.0031463857307802
-1.750420843675059 -0.7597543529560331;-0.10051264648793
-2.028833780455884 -0.8972432536883924;-0.24276445896789
-1.7190420331951772 -0.7289802178591557;-0.02273184791695
-1.8685841771246952 -0.8082082958439599;-0.4330207637688
-2.0705991082650703 -0.920516719369371;-0.11621318393816
-1.7911270393666798 -0.7517339922537914;-0.19310199956653
-2.117826315685023 -0.9529718893237022;-0.01731227145909
-1.9975045114374896 -0.8729193844900432;-0.34690979566931
-1.7054449426101275 -0.6740019577273415;-2.8346814950702607e
-1.7111609986586986 -0.677607648227846;-0.0011989702247469
-1.7521362057038208 -0.7030088082786639;-0.05613883637925
-2.0116373510446848 -0.8725192345581769;-0.3136102764885
-1.675039402052623 -0.6202613789048683;-0.04202061104297
-1.442151472649563 -0.4663874648834637;-0.5682463641824
-1.713404192606504 -0.6311293223607828;-0.0008677919337884
-1.6769513736930477 -0.6059917683696198;-0.04773766995578
-1.4144672223950683 -0.4207763670953904;-0.4586893778567
-1.8239882289677287 -0.6902592997424053;-0.21566727344563
-2.158285481697452 -0.9799487491832535;-0.0029870565350309
-2.2080653318808534 -1.0317826730157256;-0.08788227637172
-2.4419158475876857 -1.2800529238265232;-0.15548424290062
-2.191138037358507 -0.9889332328677913;-0.03270081843286
-2.3569896595483866 -1.154781259519114;-0.3667558609777
-2.3101164894643516 -1.1038559101311702;-0.33533683591488
-2.489166057331305 -1.2924730795791533;-0.06389660435259
-2.2645538699445975 -1.0392150443971313;-0.20655758631054
-2.5734125399518066 -1.3472428507286582;-0.007151811106910
-2.6540653167631585 -1.4389084989401708;-0.1677277709597
-2.902406022599606 -1.7243459323555472;-0.006957734735004
-2.8270692407352427 -1.629822208559125;-0.15168269285638
-2.572803742421757 -1.3292474238002687;-0.003005453147046
-2.6335601128682264 -1.393666354506021;-0.09867223467789
-2.9070012570647767 -1.686458114829286;-0.016731426223953
-2.7773475977342925 -1.535283586808959;-0.27402001640464
-2.642233762130539 -1.3856779508281283;-0.10539605571359
-2.9423021010339756 -1.6979132722838883;-0.0003707594828362
-2.9206106369667437 -1.6731535217501676;-0.012970285303285
-2.787426254215968 -1.52263629334622;-0.2718680392859
-2.621974017979247 -1.3449658688131565;-0.04829841240154
-2.8968029966586966 -1.6217036954477573;-0.061489311687883
-2.623147480755059 -1.3256004449948977;-0.038373133185660
-2.8729017999578046 -1.5703370787469444;-0.13330453270711
-2.5486668996710025 -1.231096276738742;-0.028375481459745
-2.322393279528688 -1.020404804975548;-0.29910021551260
-2.6604375610561792 -1.316397965145502;-0.080087130125
-2.9540347872192716 -1.6066869749291057;-0.015267984386881
-2.813420321983508 -1.4544896603137438;-0.27843149967337
-2.683951084076339 -1.3212778532160703;-0.11927901725614
-3.020773763967029 -1.6526268215965476;-0.01418281429802
-3.157607175370217 -1.8017396149750526;-0.2250286197213
-3.239587599112034 -1.8946260056981676;-0.1653361320236
-2.985390161346335 -1.6056008848571857;-0.0017223226852255
-2.9277727691642466 -1.5454697516433509;-0.07460544478751
-2.6066120080229624 -1.2177964391496534;-8.783711759399289e
-2.590966038838217 -1.2037882071977166;-0.006135208036366
-2.4551068612377427 -1.0814537873963712;-0.30598226797742
-2.0745734385333305 -0.7428058868638888;-0.28412059458705
-1.575025852970283 -0.32945533382731057;-0.5755245921333
-1.2381248557269413 -0.15032206940053494;-0.0944820380441
-0.7923621362381665 0.020932424307508635;-0.001630036578230
-0.8645529499785602 0.027061644334156778;-0.17789584281226
-1.364573962822556 0.09705660387431692;-0.08193010243716
-1.6751563585602565 0.20551403789127853;-0.34080328998391
-1.2899219327000548 -0.05171399626007961;-0.008236838744761
-1.1858847170898976 -0.028866882772474716;-0.333813226553
-0.7479127596188397 0.045054702960241666;-0.04056729926239
-0.5300969097248366 -0.049822474916881326;-0.9311978382362
-0.44478508005854633 0.008553589022872066;-0.7555780730083
-0.8540969747654819 0.0785302717844116;-0.14923163553588
-1.1838402863408892 0.35726652229683875;-0.1282156806740
-0.9065749649999901 -0.18344041265246458;-0.4545802902571
-1.2731892944644003 -0.6230802975633881;-0.24435503724563
-1.536670881527705 -1.160762372869613;-0.14606385693493
-1.7141867498034724 -1.6087918080507841;-0.0004264152935222
-1.7038622052109242 -1.576460991242936;-0.01841777717061
-1.6318874525002633 -1.3633405232842548;-0.4522459037592
-1.534327071634692 -1.116383498684817;-0.07583802370850
-1.715673316077136 -1.4737070603681892;-0.12654609842919
-1.518633353233079 -1.0777507306140608;-0.01672424389760
-1.6203965921806773 -1.2438008239086793;-0.44388002123204
-1.7599830691716547 -1.4805468004267053;-0.047277899821300
-1.6044176099450753 -1.2070302397309711;-0.37516490526043
-1.84356386723569 -1.5551143011319113;-0.04379910918221
-1.9933185155048982 -1.7909845903577182;-0.3108715812016
-1.8304548625008927 -1.5299402785550757;-0.012750313817954
-1.9254702062086362 -1.670106762901114;-0.31918139540916
-2.1008453281158226 -1.9281573499917901;-0.009377747652440
-2.021955374007694 -1.8063986678684663;-0.2529233091230
-1.776583565555612 -1.4626292358841002;-0.045171810973128
-1.569695632397234 -1.2028069209670929;-0.29524898072026
-1.9208243272140777 -1.5960256642058326;-0.21940595497530
-2.185251918827868 -1.907062005709932;-0.004892504210902
-2.243851365397808 -1.9793451790058618;-0.12024667923954
-2.4654687025378763 -2.2484403629321226;-0.04003263516015
-2.3144926682652405 -2.061344164243704;-0.27550912825706
-2.417041043078963 -2.184846576269413;-0.16024986564154
-2.1792255886317946 -1.9018661098563225;-0.0018543069214672
-2.2238201734540164 -1.9530843759231786;-0.06672677518388
-2.4571234346426802 -2.2179012307163966;-0.07544945130465
-2.2278244424524183 -1.955312431543039;-0.07359730189748
-2.474022477320341 -2.225598841985848;-0.050977578717318
-2.268918625806707 -1.9973411260467153;-0.17429057248337
-2.545582522095048 -2.294477817850126;-0.005081415234951
-2.6172932621418292 -2.3732654231757793;-0.1195671143251
-2.856606923276152 -2.63447116747244;-0.012441130745216
-2.749118216364292 -2.515470975368511;-0.1949136745863
-2.5665533672934555 -2.3162748616563156;-0.025252281285254
-2.7410318806658567 -2.503155276674781;-0.2076900279701
-2.577811179025388 -2.327065125392048;-0.04075470249409
-2.803196554915323 -2.565779913330077;-0.10317332414306
-2.529535550162567 -2.275195253984367;-1.2819572489633064e
-2.5245838848271887 -2.2700443405450277;-0.0006389479013975
-2.488042759470868 -2.2319487036077263;-0.033709623915532
-2.2341890987366066 -1.9691952059418627;-0.09623620376675
-2.6020323871590545 -2.3415932820714067;-0.07453447355794
-2.8848686428619046 -2.632373033452221;-0.0034793906429241
-2.81198805800637 -2.556446226037904;-0.10289842356741
-2.5153320723538393 -2.250549104242312;-0.00737340006757
-2.3926174249143606 -2.126086376398894;-0.24687645079575
-2.1116738798385417 -1.843372769014528;-0.0665824306038
-1.754694764074515 -1.4894825305062822;-0.044484259058477
-1.422323860996349 -1.1665808754580973;-0.0009405347549307
-1.4830139630934935 -1.2236374985076914;-0.1375527894287
-1.9617950198859562 -1.6874641990546864;-0.3617433983959
-2.077644784758582 -1.804404786984014;-0.16676676350469
-1.7117559788442622 -1.4333426888545178;-0.20306872004309
-1.2966920365101937 -1.024420888245683;-0.46246048961044
-0.8739588937970284 -0.6216391326986253;-0.7589107046132
-0.6364346949657695 -0.41474641835436893;-0.02069699750394
-0.4038209127746594 -0.22555286555171125;-0.82743665145
-0.8569042892384111 -0.5808044761214404;-0.7846162579504
-0.9027069259012047 -0.6243184408644932;-0.7004594374988
-0.5585271563266803 -0.28768747285600293;-0.5960020511179
-0.04806989602853895 0.1395038972134942;-0.39857119646321
0.1618735314632295 -0.4464009032902442;-0.8679164032839
0.2783095991417082 -0.7328655238967161;-6.715327008867624e
0.27430841104469483 -0.7230592041427985;-0.004543197657770
0.23866505552331216 -0.6393757379344451;-0.30034454856533
-0.004377456436146149 -0.17489190802920296;-0.24597107709887
0.014045581176715213 0.25058594961146863;-0.004143525577832
0.007396597043426776 0.18365034226791868;-0.20178976167931
-0.02490945302677517 -0.19849981182534734;-0.12977522173869
0.06332031905940375 0.10879935308404873;-0.5279847464409
-0.38194569637268005 -0.2577531357979187;-0.820965719054
-0.7841733502059478 -0.41183153618539664;-0.2681365366599
-1.2274402550745058 -0.5764204295090203;-0.053165552778500
-1.4467030679569428 -0.6525482598710595;-0.6077861811686
-1.33810357891285 -0.6159270495607924;-0.4497552743629
-1.6788150582816839 -0.7471025032641094;-0.0004785935831813
-1.6996505035607288 -0.7549019999433848;-0.014115323628963
-1.8174396268362876 -0.7992515839775938;-0.31732058000767
-2.1255030468926526 -0.9245928345039354;-0.02214312477970
-1.9903027048505297 -0.8693635726872889;-0.3666131667148
-1.7127438944240714 -0.7474067960767086;-0.02468926900624
-1.8743909903264924 -0.8199300507555338;-0.4484124148754
-2.049648629235074 -0.900641235075306;-0.1861198398034
-1.7229746845262444 -0.7350470539053197;-0.031019964692081
-1.9078677736241314 -0.8285321394641918;-0.47682641142989
-1.9423838330481467 -0.846241168122888;-0.4612322401520
-1.796384586404701 -0.7695756409143201;-0.22757797585460
-2.17187902845363 -0.9868860545084418;-0.012700497535468
-2.2855736157579027 -1.0572962623930948;-0.2640815644572
-2.5551505256141054 -1.2349992834835413;-0.02047071342465
-2.420866736700569 -1.1416638682408426;-0.31583907831368
-2.2019816045263716 -0.9891426331353407;-0.04694436552865
-2.4260999072456073 -1.1422319383629205;-0.30794944493231
-2.1879866004354445 -0.9669011883694263;-0.018810273171263
-2.345831338659714 -1.0774717387295731;-0.3573495143866
-2.4729152783284234 -1.1705723276824986;-0.2010219183849
-2.1422174669988774 -0.908187163379344;-0.013098958792663
-1.9966371931252276 -0.8037366072865417;-0.409580649343
-1.6818932493138652 -0.5768031832646943;-0.057716351228876
-1.361329528093199 -0.3662324816957463;-0.21574757691188
-1.82761149787467 -0.6570444252146519;-0.19208279558251
-2.167031054774969 -0.9503512259110007;-0.001518294983154
-2.2036551911852618 -0.9890478994569839;-0.04925466321430
-2.4006235540655676 -1.2002397726952356;-0.3039794773309
-2.1899765734734693 -0.9532581543763674;-0.015247115459331
-2.3163022534099964 -1.0821881985457518;-0.33046653109713
-2.5073825486907886 -1.289797862484662;-0.04169864831564
-2.3168666366569166 -1.0653313941187974;-0.3210021873003
-2.5389557703791015 -1.2979860574186164;-0.00941001023551
-2.437191344297543 -1.1799398358961142;-0.2600422807453
-2.1375793521612665 -0.856480649134084;-0.04266937207779
-1.8927948904323952 -0.6352217517475626;-0.3471609019751
-2.270110078856376 -0.9398865601091961;-0.12883117351542
-2.5692570408173947 -1.2381654905881092;-0.009056193539334
-2.4762198830357454 -1.130603085627237;-0.23064175944573
-2.1803154212380664 -0.8117372930700821;-0.01333020878112
-2.0436260073382404 -0.6912442835458532;-0.39930307385106
-1.7318599350894293 -0.43216546746678264;-0.04423425341349
-1.456616595052855 -0.2550853395906404;-0.46870413475410
-1.8818033927725204 -0.48225513005133686;-0.1934848141701
-2.2306023481740422 -0.7688485072301956;-0.00015355476090633
-2.242543264517214 -0.7821731464534771;-0.005279851016826
-2.3170318959461675 -0.8654818387246731;-0.16533010229100
-2.6112069021451534 -1.20497439666247;-0.00018484227104776
-2.598444529664571 -1.1868930406939837;-0.006284749911236
-2.519740486325091 -1.0766272154381213;-0.19206693800955
-2.2134454402953785 -0.6993057061614754;-0.018419241977069
-2.0524848916456233 -0.5521764630165187;-0.4534862503734
-1.852604511094083 -0.39384858746271534;-0.06839452874473
-2.175711786233939 -0.6100941003301666;-0.13167566484379
-1.8239229861423811 -0.2909384105226784;-0.004010946518116
-1.9094631719692694 -0.3354517330908496;-0.18222017037254
-2.3041826756925143 -0.5889742627067096;-0.0072223202487180
-2.3972134833828913 -0.676138780324434;-0.20458284755755
-2.7078660937289953 -0.9948040424437006;-0.00029494358289778
-2.72463651990592 -1.017340829339157;-0.009347847620708
-2.8229957083118817 -1.149945509473763;-0.21597247168344
-3.0570745680064606 -1.4740376775982522;-0.0008368362225816
-3.0287627507656976 -1.4278041027770434;-0.02756756443803
-2.8647028926577707 -1.1756168980445247;-0.27337939754516
-3.0061046507900975 -1.3618862657348554;-0.09045009908826
-2.731759695670967 -0.9923320827179867;-0.0081280599700
-2.8468671311680542 -1.116528154458009;-0.23032306565331
-3.1131624328208876 -1.418904835450796;-0.0029185744942443
-3.1768701658465885 -1.5028561512706322;-0.09341047581897
-3.4462237686989114 -1.849803483383155;-0.0018327790644248
-3.398728498345468 -1.7806556722932623;-0.0565359011646
-3.160867077918211 -1.4601686813235142;-0.05101631653445
-3.411154489506852 -1.7502750373383846;-0.059979132850245
-3.164928000392763 -1.4451905081956244;-0.0480227327281
-3.41318241744396 -1.7154699022348736;-0.07708798840430
-3.1467922396662447 -1.4056870394459395;-0.016469058596604
-3.3121527905690007 -1.5763790808694091;-0.22908418393678
-3.277944725604845 -1.538684912927495;-0.2177771959491
-3.4312833790699497 -1.7041190784711508;-0.06334496864940
-3.142034139998098 -1.3818297472555934;-0.007635597875418
-3.275990309250177 -1.5141857500820615;-0.20923924531296
-3.4851073152291643 -1.7303572839819394;-0.009579501627763
-3.3403823238930865 -1.5704478267310447;-0.22150326031314
-3.1926968239304543 -1.4160534513195502;-0.06429117198890
-3.541109375424888 -1.7606616205643806;-0.005564515247156
-3.653503766698638 -1.8850017660023182;-0.1527378648549
-3.8983151570350976 -2.1606438410470754;-0.00025125644675246
-3.921445666389507 -2.188704861559475;-0.009493504310097
-4.065317789844234 -2.3622954759674952;-0.1526005526758
-4.085879416029212 -2.3880237463713385;-0.14932455105253
-3.989932128939917 -2.267450036077623;-0.08719305307278
-4.30571599413426 -2.6355728104240046;-0.025108566644838
-4.519998619983175 -2.8978769843846566;-0.059248669901878
-4.265145238716982 -2.583926795700963;-0.0007914657413603
-4.311184823254993 -2.637550743680112;-0.028751334291480
-4.554234761397795 -2.9169339283575826;-0.03148313345701
-4.315345526012758 -2.6365347821719483;-0.030751325086491
-4.567367113287907 -2.9143638181310876;-0.02546714798935
-4.341567877947641 -2.658627714934715;-0.05554306495635
-4.6308119133540835 -2.9684283998376206;-3.194975262622048e
-4.639865658555067 -2.9786352618391514;-0.0010535547008231
-4.695670511477135 -3.0413000992196166;-0.03408383771721
-4.9546323113494966 -3.3290972099579923;-0.009578514769433
-4.798017225846354 -3.150009791077122;-0.10673078673438
-4.855065000459061 -3.2136550551332954;-0.09128942789171
-4.634388157190826 -2.968322714921311;-0.00013692707208533
-4.659040203498578 -2.9949058027760787;-0.006780747221995
-4.833130311813586 -3.1819446940929663;-0.10394794225711
-4.700525612855969 -3.036550688413905;-0.03500441478168
-5.032241673025471 -3.387355268997588;-0.006890796493204
-5.197598150494643 -3.5685554143483986;-0.08991012803503
-5.100529777714742 -3.4602898559297177;-0.05403483752011
-5.412206552961882 -3.7967636562125664;-0.01253676245294
-5.616535918633507 -4.022605280680401;-0.05194727221389
-5.359665282606512 -3.7378180262849545;-0.0003504597805836
-5.318939196199032 -3.693916247582534;-0.014158101976184
-5.07604991494069 -3.4352468756304178;-0.03496059761269
-5.402339508283993 -3.7711924684486604;-0.005599917631698
-5.55762882369138 -3.9356435837771198;-0.07937191694717
-5.531289426722083 -3.907309250345599;-0.07680951041300
-5.652856098736551 -4.037210668479873;-0.03423331612310
-5.339890732857474 -3.704368633303058;-0.006424895267882
-5.1477905312673125 -3.506452475053154;-0.08378272506434
-5.3752653542384765 -3.736299906532152;-4.935627077762711e
-5.381015872319693 -3.742291127227762;-0.00027117215346154
-5.42777565105805 -3.7905986013743336;-0.01597681938569
-5.735286900720843 -4.107052879342517;-0.000554606205586
-5.670826650034952 -4.039126521687942;-0.02704428539486
-5.322684983542973 -3.6782786537719927;-0.016501476268787
-5.0075700960864795 -3.361760024970156;-0.00035369267083240
-5.0653719146787015 -3.4182547992868675;-0.025300106919427
-5.440176614042776 -3.7879405768449814;-0.019476412014120
-5.7402250191159165 -4.092335810423107;-0.0009584061000271
-5.663358103504557 -4.012584426205318;-0.03690795991391
-5.326039582999177 -3.667066936061858;-0.018022379074789
-5.023824158302508 -3.366019681559794;-0.0023504520167381
-5.15809217129858 -3.4963932212471054;-0.08467004688749
-5.386456890568914 -3.7209810757150117;-9.314749774239874e
-5.394886596874079 -3.729495116941068;-0.0005583401156996
-5.465541148514691 -3.8004410002382327;-0.03208841957960
-5.8384217134929495 -4.175766838104353;-0.026851809547788
-6.147129617987543 -4.49323207105099;-0.0011217988365628
-6.227195398884442 -4.577360769673226;-0.0334329516504
-6.513456944629784 -4.876895384996741;-0.0009103544365239
-6.583930527226355 -4.951994326446204;-0.02505015227836
-6.851376998766912 -5.235259269208548;-0.0005154738097800
-6.797797816313588 -5.177664809526471;-0.014928004179559
-6.547844376266406 -4.91215200561725;-0.009312916958051
-6.771008711099331 -5.144586722123072;-0.027702511506674
-6.489567315489227 -4.850321926250452;-0.0003998945136752
-6.435115574018734 -4.794367632136057;-0.01577792625884
-6.143176949527333 -4.496401680141047;-0.0009925159069175
-6.23719420066355 -4.590721845996151;-0.039208429987392
-6.568677568159006 -4.924344542673652;-0.015939610341124
-6.844650486124919 -5.206190229653843;-0.002863648564058
-6.707590366636737 -5.064401043228615;-0.05217839948316
-6.590320242638461 -4.9440045674521365;-0.02515148937999
-6.910903313753954 -5.269605814483152;-0.0046306755310643
-7.0867352677410045 -5.450782431250508;-0.04505115394271
-6.93877269105117 -5.297254916716706;-0.013264374640773
-7.2138108928436875 -5.579199616865063;-0.003043293549072
-7.062638561574843 -5.422521194809321;-0.04801241528578
-7.038412687077503 -5.397553339617988;-0.046685470039623
-7.159350775589638 -5.52171710073206;-0.020740511815962
-6.826167738933299 -5.180090109147728;-0.00864831384928
-6.552116684875471 -4.90399894539594;-0.008949742800685
-6.836271070221774 -5.1866845020767745;-0.006035442886181
-6.602176716101416 -4.9508833960419;-0.029598849488186
-6.957035173030782 -5.304599342339257;-0.01846324938759
-7.256476436350012 -5.607366882111209;-9.36726144349069e
-7.284114656098758 -5.635719902651538;-0.0034558181828232
-7.451715504076801 -5.807441095480758;-0.04210409738966
-7.355341894157827 -5.70802186324865;-0.026385339176400
-7.66135750713929 -6.020680765115614;-0.0046076511541701
-7.8511191790488715 -6.216547820420104;-0.03266726610423
-7.63662983000936 -5.994311916404391;-0.0006838141525575
-7.721055886519761 -6.081020053246468;-0.022433194037496
-8.024702405881467 -6.392069800349039;-0.0030965134401039
-8.189827170851153 -6.562831700090148;-0.03438161838912
-8.098340453258208 -6.467703432090369;-0.022845215539672
-8.385779520203581 -6.763711496570516;-0.0018604010322595
-8.521474604360863 -6.904655825413167;-0.03128916515064
-8.612961155609913 -7.000004186503919;-0.020853722873237
-8.330796218011361 -6.7070978598984015;-0.0017777594772795
-8.182358282236134 -6.554678243776017;-0.03493072861338
-8.118241749529608 -6.48913632164592;-0.028276341467847
-8.407451183041893 -6.783000990534537;-0.005325168444555
-8.656230974286444 -7.037370136394988;-0.010179018114664
-8.360824454379426 -6.734643379213055;-5.276807801607249e
-8.369719953999962 -6.743709000759713;-0.00025983484050996
-8.437047502649323 -6.812115979608981;-0.012377623993557
-8.777880404011352 -7.157550974078665;-0.004863759134564
-9.01799814067212 -7.402668337290422;-0.01135852267876
-8.719507106098025 -7.0974518119239765;-0.00022958142373451
-8.659381312124443 -7.036523235245894;-0.00984232193925
-8.341481760307234 -6.715561231076654;-0.0007492745450700
-8.22625167369708 -6.600326371945318;-0.028168753303796
-7.914183350289472 -6.289010689716638;-0.012320482892591
-7.547045009529515 -5.9251400437870805;-0.01134250120320
-7.18894016787276 -5.572643166316101;-0.007077521839652
-6.878437176246442 -5.269267417474174;-0.001164016047619
-7.025948559602395 -5.411969561503713;-0.04657723385617
-7.196058792359975 -5.577596435682832;-0.005429419683533
-6.900647694874559 -5.287124866394883;-0.005071636479114
-7.1924820386328925 -5.5721787432279895;-0.0065797115651874
-6.888158744474782 -5.270994923070463;-0.002090095559579
-7.0824731342103355 -5.461328503579862;-0.044610283046599
-6.840706126089553 -5.22235399118852;-0.001993157017328
-6.639937370558934 -5.025629678626051;-0.04974154642896
-6.927850776537862 -5.306648379835265;-0.012494728321834
-7.309840670865104 -5.685375495325347;-0.013599493430854
-7.6492501473712995 -6.026532767485849;-0.003742826845958
-7.849045642109866 -6.2296853318234096;-0.03151802241740
-7.5906836326100855 -5.9659114745945665;-0.0014996944941722
-7.4510353196662935 -5.824832340235216;-0.04116436983351
-7.283348371436765 -5.656303046810226;-0.005360736764319
-7.554134379503617 -5.926697967885007;-0.009905679737310
-7.234591892775817 -5.604970362372679;-0.00020560579070119
-7.175697491345527 -5.546455092413801;-0.013149523874286
-6.804430960594218 -5.177356902667109;-0.013498229461514
-6.432757176077373 -4.8115018812266515;-0.01322002385678
-6.064642767559608 -4.4522165188635965;-0.010606548701431
-5.720213340481863 -4.119036991640999;-0.0010320282500673
-5.589512156144123 -3.994867118673767;-0.06730142164631
-5.204876564034518 -3.6259439907286963;-0.07913637075476
-4.816430885190777 -3.2557338926153303;-0.09509965426585
-4.433227112226948 -2.8936331346388906;-0.11035748484379
-4.013214839937807 -2.4986562788384266;-0.15056429129649
-3.827494210255234 -2.3308433722002815;-0.005595610539826
-4.125780308444952 -2.599647862896866;-0.0440567497559
-3.619969268563836 -2.1117228162302077;-0.18546879204756
-3.5523561722182966 -2.0511344488777534;-0.14452047237694
-4.045451733423275 -2.512203289384981;-0.13703420411142
-3.764417120478384 -2.2297365244959395;-0.033000515641074
-3.3801484151754533 -1.8570148438784622;-0.035541580618196
-2.977166615631688 -1.4828160126081513;-0.053264872957506
-2.521222899210441 -1.0736298906079123;-0.1916608462104
-1.9796727611648588 -0.5971708759367857;-0.4711211602479
-2.162236980882159 -0.7131286426203973;-0.09158202193208
-1.6932066938169712 -0.3425463882256065;-0.19906837673397
-1.1608080574369832 -0.0007311994194095783;-0.45104733007727
-0.6319064818237633 0.0007456672250058458;-0.576359064249
-0.14441220348355022 -0.003271633243103772;-0.4168857122026
0.3005649242514114 0.079509211561032;-0.08233141266036
0.5389446927656387 0.5183832242869381;-0.043930635713645
0.40577062529483754 -0.04088417815205081;-0.5666952339033
0.8002859142145686 -0.2409427479831418;-0.07542382932421
1.002615300821288 -0.5325218602216566;-0.5640948984308
0.7327791451324617 -0.01943579412477625;-0.08418720901862
0.5013748372037259 0.0037647615682266967;-0.9242593538324
0.600667016711901 0.006661235703414654;-0.7345480795924
0.26072938273562923 -0.009870681825492944;-2.761321004902019e
0.2560562694392037 -0.009056504652744499;-0.0011035877130332
0.22279682109458337 -0.003909155001051122;-0.05301986738192
-0.007642126785692899 0.014502611308193615;-0.9902904247489
0.04279050775652442 -0.3634590776633957;-0.33126541340
0.10566913321774675 -1.035903578298444;-0.7857498198182
0.10580685332310764 -1.0380179436416253;-0.785650260797
0.1045709840356217 -1.0231847520984143;-0.780954821886
0.11369024557841065 -1.134683154443104;-0.5424004112878
0.05783571124263086 -0.6377558697657135;-0.5300113840914
-0.01143295919969435 -0.14514244892859046;-0.41012852251991
0.05703246800453571 0.29755972711887124;-0.058465126303691
0.13958711308528476 0.5076205899945935;-0.934923128182
PointOptimal;ValeurOptimale
[0.13958711 0.50762059];-0.934923128182998
Temps;Nb iteration
0.08647799491882324;1000