Point;Valeur
92.53067639932735 -33.70247205521366;10833.785315305
66.089672576835 -13.86788217087371;4752.307057378
46.6168340652882 -6.332665854827719;2253.209044406
33.283314872359114 -3.09927224432442;1126.6337910778
23.817156506107693 -0.818063469708358;568.8246371358
17.315418004279735 -0.7284873450117804;300.8591853252
12.362637304265121 -0.16943464242728534;153.3291964082
8.889438939686698 0.3616810739743015;79.48174117462
5.957600889507518 0.6549956177266891;36.177742665873
4.389206795782783 -0.19919005245689358;19.82868461911
3.3225411223546146 0.22063886650017234;11.09934958424
2.400426189741676 -0.09106247208929286;5.904800413956
1.9467531524875774 0.4260890542620077;3.7222774224709
1.5792262573234943 0.5873498936827926;3.260091574578
0.8204677972321032 -0.20763703802272893;0.9643591719824
0.17552669241444963 0.17199316030231387;0.27090012668634
-0.28392368234118265 -0.3514032690597137;0.677452465810
-0.01733699794128274 -0.6354530906681035;0.548572128900
0.05417720262229443 0.23892188325184127;0.13265944942896
-0.16207661162068793 0.029839785988318296;-0.2454687834296
0.2944969647126769 -0.1746542802474384;0.5914582046323
0.06252532275768466 0.3408584612336784;0.10335552478968
-0.1836349335346466 0.6072192208407121;0.7568806801058
0.27438179665628337 -0.24257954570911322;0.7266330154444
-0.02128514895143102 -0.05408744353891745;-0.5054559192795
0.06637793594817194 0.29768586852102685;0.16967006580903
-0.19311820358529558 0.4130204448129427;0.32373782774618
0.26022272415610137 0.6263542756575237;1.088674998970
-0.07577324402965252 -0.24707538128682316;0.18094913730711
0.2145646080247956 -0.08473394422572969;0.0555621683724
-0.2164977204596692 0.41048997727767333;0.3988707862441
0.2119483330053234 0.632530034174495;0.995745825483
-0.22265711998978932 -0.24224819127734942;0.5966807795077
0.19620420987392856 -0.051833638639564;-0.09636224363783
-0.25485028451882397 0.28726110103261737;0.7014530822868
0.09553228249367879 0.35116443200558156;0.15198244641562
-0.25354765610951163 0.6350334083441509;1.1251361647480
0.10015261445909052 -0.23941924429572803;0.22621600886728
-0.26104473981013937 -0.03263071985757596;0.046511247346421
0.07300043126435918 0.18936366311227748;0.047865444119384
-0.20867070451802067 -0.2724793256638736;0.5766216782322
0.23017310637076316 -0.25637489767777694;0.6325674656429
-0.1751909848140602 -0.14821455804241107;0.1792317435046
0.2842708000502605 0.4264517898964349;0.5443421028627
0.019099396279068814 0.5861042583354216;0.2607751621340
-0.06004520471944648 -0.20447012075872295;0.06939919527593
0.17701486468779465 0.19060123053915778;0.3387579202127
-0.2823446054109967 -0.26617345601152115;0.7616731810356
-0.010785970558953972 -0.21448825276694866;0.04625516852244
0.033739964509760974 0.13036955447158416;-0.23094985627603
-0.10442610651093462 -0.4542856724223743;0.02253955340108
0.26717600770590566 -0.4683297384185195;0.4954805108999
-0.04954661337896943 -0.39475257404561565;-0.022557033910820
0.14919829266888193 -0.6604617629316316;0.9661980717042
-0.29854949933785446 0.18308474384321893;0.6269004861596
-0.0797932890278262 -0.30313266060326843;0.19092757671401
0.22325750107979123 -0.44298989631461216;0.38368479890181
-0.19443761858769712 -0.5213618217422848;0.38909736858830
0.2579997339448339 -0.08399208761663152;0.17019340732072
-0.08392629922633271 0.4084743235438406;0.015463678878461
0.23177563138695534 0.6371167987563771;1.0807785445289
-0.170523481518902 -0.23668298063156346;0.4281068676520
0.2886278088274027 -0.01413839659770652;0.08187599340041
0.037413479769233426 0.08388662879938784;-0.40437891350706
-0.11521884922517031 -0.40855934853044007;0.09267277774184
0.28080925905141707 -0.6372497618687885;1.1979468094056
0.004767650236502774 0.2365369068811768;0.08822733808924
-0.01523823223420279 0.013727825091944229;-0.5721463448492
0.04765270854601085 -0.08215634738211468;-0.3980502888629
-0.14435498242983752 0.4033211815488269;0.18599330983153
0.29839990481527123 0.6474774812989373;1.289424621086
0.07947669532507515 -0.21797593868981147;0.13927454946211
-0.22289923635984774 0.10853470850232944;0.16737631126417
0.1955606865107852 -0.45382264784557685;0.2966775891121
-0.25598436843608174 -0.47062162420582904;0.4711156880303
0.0914758122382377 -0.3820929373339514;0.08018935253551
-0.24646251845896822 -0.6687057772671903;1.3061884895996
0.12452946327174907 0.15444232354155585;0.04842733537651
-0.28974389509088333 -0.4107187125149112;0.5748677694291
-0.04182601939451483 -0.6323270206326823;0.5501775369939
0.1275710345548069 0.242456544754173;0.30453173294725
-0.2919688768462943 0.0538309685559166;0.1501888287782
-0.05132146928659778 -0.2970703064398894;0.14597943364388
0.15403724688842424 -0.40902159505685626;0.2066059096742
-0.29774791865207 -0.6362246671400382;1.2208667090094
-0.07629611975579279 0.23792920338153867;0.17010186528637
0.21571741979629153 0.023125161530941657;-0.08685636745956
-0.21371236744892955 -0.13680780307744195;0.2532028501366
0.21866564067293473 0.44714745050436916;0.36842402865820
-0.20639262284315243 0.5020052332709622;0.3764218831984
0.23509362657628477 0.19763795682384716;0.5352688131857
-0.16061748997281203 -0.22876989046431562;0.3834694597818
0.2952477417369974 0.03870044429891012;0.12351080206470
0.06577130792352268 -0.22251260149733076;0.12262675489658
-0.1916455784381856 0.07956354816548589;-0.03196149367939
0.26263127906813033 -0.39605120016132705;0.5453034688367
-0.0668106353877444 -0.6589010089260418;0.7460072056345
0.19382252062560135 0.18795874821551317;0.3832979851959
-0.25897488540903996 -0.2795346450849118;0.7135786276577
0.08063042036086787 -0.3021727305134176;0.19359874164866
-0.22532679094809394 -0.4377287013371415;0.3929635490008
0.18900703511889322 -0.543826079320505;0.4513182191908
-0.2667027465170614 0.03828254889780647;0.0686067706460
0.05164898226337472 -0.22031701403005033;0.09533967838281
-0.15529491386677427 0.09366027406832406;-0.09787331865880
0.29733082264278843 -0.4319525196314287;0.5607484036889
0.074814799673345 -0.5666741109238537;0.23203772663677
-0.2127578335859915 0.1409337422635869;0.26694046619502
0.22090908002163065 -0.44077440382735;0.37817138946172
-0.20063540755438378 -0.5310064744231443;0.4395894209159
0.2467415206458101 -0.029548647114867155;0.007228133633190
-0.12335854094632234 0.1723834242883653;0.1126143906906
0.2886219266110691 -0.34983978561915896;0.6888948453148
0.037388558485149714 -0.6317674525555081;0.5418749849155
-0.1151461852058577 0.24300660966639775;0.2702689961204
0.2807297797995246 0.05757411808744592;0.13946005320122
0.004440968131905809 -0.31384211781662485;0.09189890195575
-0.01420910797009867 -0.49841472414286914;-0.08022199508379
0.04444488370114108 -0.219846681540585;0.08471568541867
-0.1353896636823956 0.09666193900987197;-0.14775680442979
0.29609668399698874 -0.43772830502110116;0.5540425295465
0.06945037928657924 -0.543827713580386;0.11972847354621
-0.20045485031575325 0.03829079438403005;-0.11116443703746
0.2470884002692609 -0.22036039837808186;0.6252033949321
-0.12219199765443275 0.09338306568740945;-0.19807040803185
0.28763637366912076 -0.4313851398808826;0.5453183533598
0.03322036957506608 -0.5688110587291101;0.1810981073875
-0.10288674948593587 0.14907142558037167;-0.031226013820677
0.26493838237019585 -0.42435393600464477;0.5074102395330
-0.05810312357560227 -0.5936210348463303;0.34444584294672
0.1720211944774632 0.22156824429522082;0.40522745384297
-0.28732554427617507 -0.0851008646468579;0.23469643917099
-0.03158719242182678 0.4114725971697481;-0.07107259405390
0.0976303510305406 0.6301867539319087;0.6403279000104
-0.25702881477071715 -0.24444086113451147;0.6905926939319
0.08771234301562086 -0.0667620910752029;-0.3736980484065
-0.23948184854971788 0.35127421729759334;0.5764846403031
0.14724153883015473 0.6352863197165057;0.8103331039514
-0.29863444014612983 -0.23910555329947825;0.7650058248931
-0.08016431730976256 -0.03050625663352155;-0.46976111654349
0.22403980349455085 0.17769021230489374;0.43991213103111
-0.1923345193936847 -0.32758618575081594;0.48061877009785
0.2615140254143652 -0.5597176101484324;0.7240261240853
-0.07098456622739041 0.11258533958757111;-0.24844543633484
0.20370831756873065 -0.4567914380864506;0.3217030941296
-0.24056250650161687 -0.4557658312663214;0.4279205615650
0.14381349405066657 -0.46094062263810565;0.1345543227501
-0.29845302490256337 -0.4343931523075849;0.5602929714787
-0.07937198370100021 -0.5572600836435592;0.19688682941146
0.22236504156708384 0.10192301945802718;0.140507407414
-0.1968134246696938 -0.4462046545886147;0.3026077156100
0.25384261661852836 -0.5069072285282036;0.519073841737
-0.09885615270589382 -0.1690207112360294;0.035077685287212
0.2587442885638363 0.363253689204799;0.6009102499826
-0.08120848063790942 0.6572311657459398;0.7644956594002
0.22622291053817906 -0.1927808084696191;0.49587614906360
-0.18636481126344817 0.2552893940955738;0.49983470106636
0.2706350154817793 0.14139929419279068;0.4196544876284
-0.03611140192254514 -0.4399748250664742;-0.0983830143259
0.11101874336478237 -0.5344218567042127;0.17910146525425
-0.27616052288922954 -0.010906538496311513;0.05661940890763
0.014454005148381521 0.06477900353722633;-0.4808584172186
-0.04562053321612864 -0.3439863525393612;0.07242271920094
0.13831343414112404 -0.6163175513501526;0.6691197247895
-0.2972897899841288 0.24824348953453457;0.7744188335651
-0.07430082967472837 0.09329316283154951;-0.3151075017134
0.21128340094746786 -0.4311999033888806;0.35726186206644
-0.22418649148588107 -0.5695044625762689;0.6738953302564
0.19210840108092317 0.15165215683481537;0.24618430049948
-0.2618198069076595 -0.4180759536737244;0.5082520445607
0.07011791713633081 -0.6130407570760776;0.4777910698870
-0.2020214364920504 0.24688977105887255;0.5406316321024
0.24404124912567043 0.08404951009590719;0.1357632769693
-0.13232960543683736 -0.4090052772397892;0.1406397130067
0.29466617724213656 -0.6362611211859783;1.2162738592011
0.06325627759999333 0.2378811276345415;0.145688996490
-0.1854577921052426 0.02280026592853132;-0.18029791598156
0.2719095587593714 -0.1349477532465725;0.39638611187262
-0.031099138070701915 0.4495462624589388;-0.10763746558411
0.09617247913685364 0.49075555575958546;0.0278442023943
-0.25462329482130885 0.26490555486385503;0.701456533998
0.09634041305227731 0.20655235189692855;0.14930247276524
-0.254903508280928 -0.1779242173108166;0.5227864268212
0.09534261157374674 0.32690071047834385;0.19512544426284
-0.25322672780461064 0.5572518506050383;0.6930596757994
0.10128446229614857 -0.10242699250242027;-0.22050763408
-0.26278604265597155 0.44666772081257433;0.4847390629236
0.06650531991755348 0.5042211081189271;-0.009678333236822
-0.1934264401187687 0.18437367838962954;0.37032380832318
0.2597088911605704 -0.29702752584744574;0.7070407593418
-0.07766804874148064 -0.40877581013349085;0.0017699409657812
0.21871092825772448 -0.6367716822090383;1.0413811581821
-0.20627799647317135 0.23719666176565768;0.5408737447456
0.23533657637120747 0.018177754551399777;-0.03579623141337
-0.15987947986259177 -0.10823861231264498;-0.028725824311525
0.29559799794388075 0.45336268397439283;0.5464049451122
0.06728811287426437 0.472296833852773;-0.0542154642626
-0.19531296229379477 0.372081550384479;0.4053181081880
0.25649112183993594 0.6661084488723714;1.3161889812948
-0.08939269262800403 -0.16372509283784076;-0.007132578621090
0.2423601018095261 0.38232344934532336;0.5216701733306
-0.13781517324026726 0.6685529131479464;0.9780527869548
0.29699892226539176 -0.15474117721304126;0.5209066839032
0.07337029331498537 0.41007195602436064;-0.008833368592142
-0.20951010498153746 0.6335056526154164;0.994296084875
0.22831599832586638 -0.2412053697564328;0.6114459247849
-0.18050331461236926 -0.04474640213714873;-0.16129140257427
0.2783499317725787 0.25290802347759755;0.7458293877088
-0.005289548672146427 0.1251527627416242;-0.26773536608496
0.01646704724632703 -0.4576577968643072;-0.11851171357994
-0.051886490471308847 -0.4513603510450983;-0.08399870681089
0.1555666125949569 -0.48264828005415755;0.18540221636842
-0.29731872273505977 -0.313421772130149;0.7634315318131
-0.07442676551477609 -0.4963586410615649;-0.010594836091314
0.21156604355955252 -0.23215753240885578;0.5487406845845
-0.2235381949438285 0.01621460608104383;-0.07050175319439
0.19385355197471552 -0.09677154768594108;0.035085200326940
-0.25892242759696915 0.4376457064888536;0.4809562707399
0.08082249459779328 0.5436559479971511;0.14165177968383
-0.22572770103505269 -0.03802860274620723;-0.036286394119311
0.18790705596599416 0.21835230947859735;0.4484675450737
-0.26835244024461236 -0.10562164839505217;0.27228841039751
0.045292322672185914 0.4506745109943946;-0.09272500440774
-0.13777336213019173 0.48536886005594826;0.13417871847010
0.296985113391274 0.2967876776719388;0.7799160136588
0.07331022300418619 0.4078717759513458;-0.005503187521270
-0.20937399149808092 0.6384301010709938;1.023572267616
0.228618744057456 -0.23478044438962942;0.602785599481
-0.17964442665458616 -0.001338811758225672;-0.21108234105667
0.27937642522869477 0.007671289699405089;0.06150697992543
-0.0011047939385831484 -0.04623288236892024;-0.5297666812380
0.0032767001905189006 0.26030191715719453;0.11332493108035
-0.010540140078080074 0.17547996668078425;-0.07088032573744
0.0329693755442494 -0.3370772275158811;0.07113678542803
-0.10214206300166159 -0.5948040670840001;0.4429010712908
0.2638303214733936 0.2239375423401312;0.6729245543219
-0.06229992145118918 -0.06979457561397301;-0.4151659362378
0.18271995864641585 0.3627231148540476;0.38476543601302
-0.2755484731098433 0.65649893080079;1.3024676039008
0.016914302841031403 -0.19492106040139479;-0.004355076798327
-0.053275645316536016 0.243950973448324;0.1380833506603
0.15930338201266703 0.0640053017607218;-0.18144105329394
-0.29591344801697106 -0.34089040782033564;0.7178890294421
-0.06832190463679763 -0.6071092156618529;0.43948502556234
0.19744607412132706 0.24226849702427233;0.5208637905807
-0.2526207780958577 0.052551835470765;0.06551558672706
0.10341450350262477 -0.2911747401855699;0.25517278847826
-0.26595952270734846 -0.3744048433093857;0.5947110277971
0.05449383622621057 -0.667456880629915;0.7750723783177
-0.16291802686727572 0.15908866081013973;0.18287287069737
0.2940288134971244 -0.397173843647585;0.6045830891862
0.06050497616371961 -0.6574460326832947;0.726628071079
-0.1785406351672762 0.19234145792350132;0.3490318281819
0.28065645577639875 -0.2571650238183946;0.7536826877215
0.004139682713397319 -0.15359407049397794;-0.15411274831177
-0.013259843102275518 0.4131850814040349;-0.08530112396098
0.041481425813422346 0.6259365223656118;0.5112450550188
-0.12697149596536103 -0.24729106966133663;0.30862973697245
0.29138485357390354 -0.08620647740322715;0.24547053734524
0.04914986743575786 0.4143758609806585;-0.05551665694642
-0.14848416602520326 0.6228574807118061;0.73925414812
0.2985015254892589 -0.24844709546309118;0.7764810579915
0.07992053340026858 -0.09410078180704592;-0.3007571500872
-0.2238370463076371 0.4325416308011456;0.3929469545778
0.1930507057584326 0.5639523562276907;0.5528421500471
-0.2602687008636 -0.13067727333805002;0.35348942041056
0.07587274774489022 0.4540060691556693;-0.04303131237383
-0.21510523540766702 0.46911986123137567;0.3594845485631
0.21533823145026015 0.38975471268050893;0.4314091694413
-0.2146333300805685 0.6650587438698696;1.196795800668
0.21647268667847347 -0.16745498470745257;0.38104624474884
-0.2118640431052864 0.36909563228546494;0.4620682198540
0.2229824641126617 0.6638057451755826;1.2140486593020
-0.19517245888394363 -0.17180541366055346;0.33211465719967
0.25673508629698044 0.35244952198767954;0.6178034945921
-0.08851239440514624 0.637935609896922;0.6655439706908
0.2407094456134769 -0.23551289421199273;0.6370150500245
-0.14312556695843237 -0.006260263296681806;-0.3245868526576
0.298252129633156 0.03711711408600996;0.12537028691622
0.07883148975544332 -0.21415968599241056;0.12908276529880
-0.22152723527358162 0.13240534175640947;0.25845041847116
0.19918290786170176 -0.4523759729226382;0.3081300563070
-0.2494124486730572 -0.477720939735917;0.4604971785437
0.11453745233552401 -0.3419587975114122;0.2184035243288
-0.28026857390630733 -0.6103669146656214;1.0357049451907
-0.0022373743726391004 0.24515131234665388;0.09975044172502
0.006848270695605898 0.0721873933980329;-0.4613881662150
-0.021788026956181983 -0.37180901270615285;-0.005513717583335
0.06792428019375697 -0.6659603209211762;0.7888641131207
-0.19683637927857817 0.16451374553170373;0.3104213506801
0.25380148672917446 -0.3793608934218168;0.5565026524077
-0.09900175628501923 -0.6688067538281179;0.8722649607596
0.25897639134841177 0.15406195622817254;0.44383634341504
-0.08035857287715659 -0.41175627339551;0.002768459677164
0.2244480162627142 -0.6298409870461518;1.0162159054323
-0.19122951269737587 0.2447080318644015;0.5045450117220
0.2632978719973437 0.06916487122033096;0.13514538809227
-0.06430692171550256 -0.3608637831235957;0.06749252698938
0.18771214126598335 -0.6537008752674771;1.0478120322655
-0.2686402627158912 0.20289940728780953;0.6328163830305
0.04417739817544908 -0.199195547410758;0.03178896324947
-0.13463505335730422 0.22060828184853853;0.28738250130451
0.2957741146250582 -0.09125823938221961;0.27034026621061
0.06805138431166266 0.4265253390876353;-0.04079587216880
-0.19713969935084144 0.5858506579970069;0.6780264179730
0.2532562707449213 -0.20381180767813267;0.5999040092046
-0.10092790015378134 0.19441524934430515;0.12600107611426
0.26198820655784916 -0.2462191802077855;0.7042661002318
-0.0692165342021947 -0.0788900264884155;-0.3744738912539
0.19956766524406455 0.3935782179850297;0.3763998219183
-0.24868752604501193 0.6615534357053585;1.2707840900976
0.11701404034932672 -0.17934397961786896;0.11939364093177
-0.28292195728853997 0.320628027691115;0.7291919150537
-0.013176388590385668 0.5305030795236737;0.005670359809233
0.04122069464641837 0.03167474604231052;-0.5320488971743
-0.12622488868613554 -0.18477718741942048;0.16372109235871
0.2908499673087984 0.2954755893074642;0.7709882801975
0.04686439292126429 0.4002858471132905;-0.03603656812409
-0.1421664749617329 0.6526452681290238;0.8987716692845
0.2980995620619682 -0.20552476949077503;0.6943510755447
0.07816563050216116 0.1844516523508452;0.04220869030223
-0.2201005572458614 -0.29665503057441345;0.6024684596564
0.20288626037029975 -0.4066322725863184;0.3639007925026
-0.24222252052795154 -0.641353579277523;1.1345046710004
0.13848414973980935 0.23012692676208957;0.31765814481474
-0.2973419497342006 -0.029156926357140345;0.11160295638392
-0.07452787323320162 0.17020486372371388;-0.01485306422270
0.21179269390430586 -0.358436764536067;0.4834482033587
-0.22301641152909776 -0.6496891884772522;1.1313528681600
0.1952485837838248 0.21303530183688524;0.4590609982871
-0.2565291599978148 -0.13882790587930577;0.37753976627104
0.0895160414526947 0.4442299600973327;-0.010730843995766
-0.24287556335128024 0.5153014961100895;0.5126409646734
0.13636672164590308 0.11858400217658777;-0.060341958347412
-0.29662271056013073 -0.45878668266161643;0.5478968323541
-0.07140006387424538 -0.445573911918035;-0.049454773293713
0.2046712102687865 -0.5097851813881092;0.38893865608453
-0.23858870017826048 -0.15187922874011534;0.38398356482142
0.15004993862522695 0.4176537001442823;0.18159651057066
-0.29846959110281235 0.6138652629920427;1.0876445977197
-0.07944432076493199 -0.24745852934082613;0.18887695541276
0.22251858763976542 -0.08734983698789509;0.0879117262554
-0.19640645526246694 0.4172867523097129;0.3279372815570
0.2545687616105533 0.614909234759618;1.0066887544561
-0.09627864331236274 -0.24790587460728108;0.22734950516046
0.25453359463157027 -0.0904045110065064;0.18420414646468
-0.09640377103307396 0.4246021523833782;0.021963465801856
0.2547424366822607 0.5923669205409957;0.8764584112235
-0.09566024356069541 -0.2192565650704834;0.1785486084410
0.2534948801705545 0.10041871451307555;0.21830810847532
-0.10008584840585644 -0.44399724607192864;0.01466750828913
0.2606849752720936 -0.5168901109839756;0.5609743034443
-0.07406343053716624 -0.10995997202846758;-0.2527700016369
0.21074958587418707 0.45483699944693895;0.34315124073774
-0.2254036559854844 0.4649899069978644;0.3876231432596
0.1887965258254854 0.4122655296799724;0.31130619634970
-0.26702179447919694 0.6282449613453392;1.1153925391044
0.05042412083917375 -0.24592344498924645;0.13637654803209
-0.15196985414156897 -0.07687214251933003;-0.16571360792465
0.29811133904200104 0.38719869159178744;0.6295834835966
0.0782170196259647 0.6667572574305487;0.8134138104335
-0.22021105164660157 -0.16138107420973935;0.36922631449734
0.2026017541325393 0.3901308666384702;0.3922054230245
-0.2427916381944034 0.6647650484776542;1.2741810247897
0.13663949727177613 -0.16848467266220746;0.13717620516942
-0.2967241770807413 0.36527275113038804;0.6713538439642
-0.0718409341409528 0.6598123141863503;0.7606653022305
0.20568861995287221 -0.18492087931899792;0.41003096883431
-0.2364687918720034 0.29478629701004383;0.6499590051837
0.15662483506241762 0.3962704486565353;0.23628778119928
-0.2969721661838245 0.658397212024031;1.3518134543773
-0.07291897620647766 -0.18929070294548844;0.04747481592148
0.20815773479006136 0.273253874204883;0.5751413091137
-0.23117808397091064 0.26201927292503047;0.6389333284458
0.1724645950563279 0.1871024409327139;0.31314208189916
-0.2869199243226386 -0.28378024834398324;0.7702868322847
-0.029878528499450885 -0.3290536925684306;0.08209380951648
0.0925155132461415 -0.5655467804161071;0.26497604192370
-0.24832245391845637 0.13653024439507488;0.34812512846985
0.11825607073811539 -0.44748835662043485;0.06107997107433
-0.28417772716298745 -0.5009881734196894;0.5711342370086
-0.01839478195508326 -0.2044292659947407;0.023747854471165
0.057455901365316545 0.19083848094017242;0.025179731235110
-0.17070112639581125 -0.2649549687081242;0.45601563905754
0.2884764846980749 -0.20631247448203316;0.6807896803523
0.036772526214157275 0.17982751855945683;-0.03812392957829
-0.11334752243343091 -0.3181132288618842;0.25429209688304
0.27870838531875597 -0.5187175921895286;0.6046372968434
-0.0038303654570178147 -0.09930162798721537;-0.368926646686
0.011869993288517292 0.4419841191114035;-0.11611013489302
-0.03754824005511154 0.5252367931162683;0.005709904822441
0.11522018816591137 0.06116395276223313;-0.3203566321695
-0.28101981866815307 -0.3292250978362111;0.7123458922444
-0.0053222629431344814 -0.5662181851566307;0.1530854494634
0.016570071364714726 0.1391619420477871;-0.2077750787990
-0.052206579758658125 -0.44366079770262756;-0.0807262960684
0.1564305935232561 -0.5183895608489296;0.260472214289
-0.2970388192691894 -0.10121036048705162;0.3088734704520
-0.07320885484664993 0.44493380036343816;-0.04568160702191
0.20881709994553674 0.512133501418699;0.4074820261082
-0.22973042741234315 0.13725985840005167;0.3014175734726
0.17665412092230257 -0.4464823939188874;0.23906607271763
-0.28273475924702607 -0.5056335830493601;0.5785002976874
-0.01240071819406513 -0.17662647514190705;-0.06623071213815
0.03879585007858661 0.3325224989948666;0.08494270016897
-0.11923709301925453 0.5790128217482495;0.40209430644779
0.284937931442396 -0.1843658468305519;0.608542733127
0.0218842509144766 0.2974420636875043;0.11547809533169
-0.06862716085394978 0.41162649342480057;-0.020194457989734
0.19817195667796178 0.6298134259508958;0.9373040289670
-0.25129267865530147 -0.24474945243161084;0.6770440200103
0.10805071631243018 -0.06886552153078881;-0.3178066416939
-0.27239158031902844 0.35927519577937994;0.6391858241139
0.029490474773533226 0.6511955569685652;0.6510099059106
-0.09175028204187737 -0.20922374616291706;0.14535108194329
0.24667672443989425 0.16251393310604884;0.44621684371864
-0.12357609479970011 -0.3861736425558671;0.1558307619418
0.28880070190887724 -0.6674401765222697;1.3906711248699
0.03814620843674166 0.15915007471573228;-0.11220162659287
-0.11735178000151905 -0.3969841301612115;0.11812307509810
0.2830662168610153 -0.6576987730571557;1.3240630067590
0.014089376408930987 0.19159135294393426;-0.01584279322377
-0.04448332824946572 -0.2610680532453047;0.14156902539521
0.13511610176984448 -0.18009208527031445;0.1739526440527
-0.2961242476415936 0.31727198479605234;0.7565220010260
-0.06923610654788734 0.5151721433764909;0.02230788235714
0.19961388361454965 0.11934373751966404;0.1401124793142
-0.24860010040240174 -0.45883365423441574;0.4488109661886
0.11731179251313081 -0.4453320337625178;0.05934737255775
-0.2832275844944414 -0.5108834574008795;0.5920023563431
-0.014444034721064314 -0.14535791002762172;-0.18390580315946
0.04517762592497216 0.4325919520320602;-0.08231120539678
-0.13745137014827255 0.5637597809672086;0.37814773152898
0.2968767161335375 -0.12990068228345863;0.4215815770256
0.07283876250654428 0.4546597884882748;-0.04907452100238
-0.20830280297076245 0.46587321737731735;0.3375465429045
0.2309796009215647 0.4074978654932294;0.4451746859947
-0.1728515986471625 0.6392316085776629;0.9143979582923
0.28655356399990717 -0.2335519999072211;0.736558080411
0.02865787300980066 0.006896606736507299;-0.5671564737564
-0.08924474263594236 -0.04161262596681257;-0.4311446222409
0.24208414679639123 0.23701311616754048;0.6429652201202
-0.1387082075970199 0.016939197957628382;-0.3320055689457
0.2972792112983307 -0.10101174056256097;0.30849567037052
0.07459008744302872 0.44463989781356034;-0.04283369132975
-0.2122558226462428 0.5134594708610842;0.4212998748487
0.22207688340916423 0.12942621550871408;0.2480303921618
-0.19757517403323757 -0.4550576780599476;0.30283141188090
0.2524678893784994 -0.46448760486882973;0.4596670724497
-0.10369998167287225 -0.41560116062276126;0.051694984284125
0.26612941438065874 -0.6199553750235552;1.0635852681769
-0.053562140663984625 0.24873915032914273;0.14399635910475
0.16006986596479597 0.09667862874284108;-0.07188484608367
-0.2955625444010096 -0.4377585259340665;0.5531816868611
-0.06680133840493982 -0.543703068174538;0.11438189622737
0.19380007688941944 0.03766158648092344;-0.13294346768415
-0.25901280491168877 -0.21704250989688656;0.6469950892650
0.0804915378685504 0.11441778915932116;-0.22219987136163
-0.22503632927588219 -0.45770613091407214;0.3850921356005
0.18980086429540588 -0.4511136600916053;0.27911906984647
-0.2654854292895497 -0.4838379414597375;0.5051628245465
0.05630230385270951 -0.3064637096698756;0.14468900244839
-0.16768911483545082 -0.4608860674586366;0.20898983902027
0.2908868358010326 -0.4346785543545132;0.5479714973022
0.04702179585818486 -0.556136015326654;0.13659259253048
-0.14260423270414652 0.09693861064105358;-0.12502585177794
0.29817324727037114 -0.43822657018111066;0.556881669822
0.07848718462769447 -0.5417660180453255;0.12927260671970
-0.2207908826715468 0.027800545864804738;-0.06631053061069
0.2011024013650082 -0.1632879344906122;0.3190138343401
-0.24574491013415742 0.3838094008187868;0.527533094566
0.1269253671745769 0.6682070267816158;0.9440216037052
-0.2915227179987573 -0.15603751722015746;0.5171490112610
-0.049411807914975764 0.406435038859128;-0.042985042975588
0.14882863029054566 0.6414533551142397;0.8523570796248
-0.2985760719471847 -0.22988086831170618;0.7499840127410
-0.07990935122575701 0.031351274911843696;-0.46906434343697
0.22350258337142112 -0.1830001782589171;0.45653945852351
-0.193780812578731 0.3038987435675893;0.5162845649730
0.25911400855670463 0.44759733892688214;0.4759228028203
-0.07985405259756656 0.4999168173503392;0.007237607125704
0.2233858540364898 0.21014880702355393;0.5366841897983
-0.19409387496329694 -0.15643691507441349;0.2710639820593
0.25858479123965783 0.40528923845066944;0.5199472869880
-0.08179178902382728 0.6437544716445991;0.6857179942330
0.22743052360575955 -0.22566837428220488;0.5831576197414
-0.18299937328085097 0.05907382734816763;-0.1198624655155
0.2752156984462622 -0.32035424303032334;0.7146240991950
-0.017948149899327914 -0.5289299659105954;0.002438029216787
0.056072356165373 -0.041059406789444586;-0.49610646337024
-0.16708577920897316 0.234165363431583;0.4132445246811
0.29132994209252133 -0.0022171890684893614;0.0817897655272
0.04891505493708695 0.012932550689529783;-0.5422640034005
-0.14783893776667067 -0.0774635491421835;-0.17658707289211
0.2985258639697668 0.3890965728242499;0.6265704729601
0.08002685204235796 0.6655456556618209;0.8102380242758
-0.22406096479580875 -0.1657344842070022;0.3967687334202
0.19244733198674693 0.3753188094238894;0.38982062442300
-0.2612655136510079 0.6677940339838189;1.3369968223550
0.07218076081962005 -0.1575745566790373;-0.06690588269432
-0.20679920499193022 0.40196060331910377;0.38363752826481
0.2342282878537696 0.6498805155918492;1.1640535166956
-0.16323216388652512 -0.21244057252830573;0.35658442847652
0.2938474271849214 0.14299435285417222;0.4694822923813
0.059722961915354617 -0.4371058822047697;-0.06503419756593
-0.1765471009462553 -0.5463833072541161;0.4223660158386
0.2828565262540058 0.05104475259624741;0.12756159473607
0.0132196918983703 -0.28412483058711163;0.11860144146430
-0.041768387892284604 -0.3312101579422208;0.0905103762271
0.12740628333017331 -0.5738484469513048;0.3985055783202
-0.2918563778315668 0.167135876948297;0.559844962024
-0.05083968674603964 -0.3699996298893691;0.027751018383098
0.15272891768622138 -0.6645963259776582;1.0010524818587
-0.29804795231193826 0.1693214647235194;0.5777455667116
-0.07760422488965676 -0.3618313196767602;0.09071864295630
0.21857267688859613 -0.6551700864285126;1.1508774309456
-0.20662771491000084 0.1988825558479469;0.4563299483519
0.23459395720560403 -0.2218927196420128;0.5954288958303
-0.16212993790211058 0.0835572683665976;-0.11189071483424
0.2944680593279383 -0.40765196281914184;0.587477808477
0.062400496121043564 -0.6392162855139413;0.6212472092640
-0.18332255542602632 0.23363189050845934;0.46377293153491
0.274793475480243 -0.005792151030242915;0.05180638360179
-0.01963940410231385 0.03432097917364638;-0.5464935618536
0.06130471543070799 -0.19918872064989562;0.05664309726201
-0.18056690999961805 0.22064627905779;0.43032958845830
0.2782728666799108 -0.0910150214518986;0.23853090464905
-0.005602961223784952 0.425982883033267;-0.1039927041769
0.017453968462913975 0.5877128818913154;0.2687179018182
-0.05495027462729603 -0.20853899850598479;0.07218560355085
0.16376307003233215 0.1666171332133869;0.21398121524283
-0.2935722837947609 -0.3718898045139295;0.6529103859193
-0.05820698188174003 -0.666015080927439;0.7725715262722
0.17229007271181362 0.16431799759529364;0.23236028406222
-0.28708042945110107 -0.38004031191787324;0.6254977102153
-0.030554349729320474 -0.6688376881959726;0.7545369671900
0.09454218278842288 0.15394528978060473;-0.03262930336354
-0.25186110289276487 -0.4120723341586199;0.4930865979792
0.1060718860041881 -0.6290682378154502;0.6548477277803
-0.2697267123717435 0.2453066672050196;0.720305409657
0.03995334623927366 0.07324691576758288;-0.43618483815355
-0.1225825496781636 -0.37550936233040644;0.1741592528318
0.28797138163817126 -0.6679290452348361;1.3920131089054
0.03463557527254241 0.15734471211778212;-0.12274361026567
-0.10707219973104595 -0.4024453648080756;0.08094453207336
0.27085411940443394 -0.649315179663203;1.250285808712
-0.03525208249688999 0.213917654088412;0.060876984219342
0.10849397720753354 -0.13338419433348314;-0.07956254059395
-0.2729719187496398 0.45134877523883343;0.5054128763132
0.027193103245584826 0.4821211701461747;-0.09754292227949
-0.08482056744844853 0.3158138943022698;0.18710910378907
0.23356112995867895 0.5082982006245066;0.46966213823015
-0.16523306615480443 0.1600315898719165;0.19378766426711
0.29260777175330066 -0.39423065411042607;0.607618163574
0.054390160431394746 -0.6610519544315112;0.7380550125168
-0.16264271828387283 0.18119541633836633;0.26244086209308
0.2941848268537358 -0.3119010375834989;0.760393959662
0.0611779461452607 -0.4888354913654618;-0.04708403130526
-0.18024656379055354 -0.2770016732567586;0.4882755816915
0.27865957811513986 -0.2858802369677709;0.7541688147486
-0.00402918422073556 -0.342133388961972;0.04672710982425
0.012496544082074738 -0.6108912895085288;0.3992277999889
-0.039508273165711316 0.24553698657171963;0.1222557251493
0.12090935810331763 0.07481790471549807;-0.26468595919568
-0.2866910250681377 -0.38086322786052107;0.623171175617
-0.028915416211445832 -0.6688254541385645;0.7530883878332
0.08961935905154479 0.1539914373877812;-0.04397404760875
-0.24306729007002714 -0.4119474382536433;0.4709298160517
0.13574284204685866 -0.6293744610281151;0.7398322351542
-0.29638086955857246 0.2450751876328704;0.7694187680636
-0.07034978291060154 0.07166826429874637;-0.39513425989958
0.20222972446602314 -0.36996990581381084;0.4310193740252
-0.2435316405870925 -0.6645717199854131;1.2750011432595
0.13422767460459115 0.16940698810174448;0.13338322825666
-0.2957370443564823 -0.3615050134820623;0.6774511805447
-0.0675573021501353 -0.6546828932070108;0.7226036186807
0.1956189722907775 0.20023251779981288;0.42630621533555
-0.25588224893239986 -0.21434894885653405;0.6332948782194
0.09184236480267888 0.13123313707891904;-0.1296677089210
-0.24712167475894592 -0.45351622322071394;0.44514966798248
0.12231664045835056 -0.47213316216794965;0.07599715095385
-0.2879296882068975 -0.3736592836755608;0.6398125780392
-0.03413679911351253 -0.6670826027955283;0.7478224611756
0.10520413288780697 0.16046007324856804;0.01901958438527
-0.26852018399451716 -0.39287178762130737;0.5641917891241
0.04464275207190743 -0.6624885103804603;0.7330212449386
-0.13594719292150156 0.17649139483029141;0.16392729562631
0.29632226647188886 -0.3327729705859166;0.7329195201695
0.07042951229549552 -0.5796655585820336;0.28966065113874
-0.2027492850147574 0.1859573148894691;0.404448345807
0.2425967521957849 -0.2893921797647068;0.6695644497305
-0.13704766521788667 -0.36365768404677407;0.24038746412157
0.29673567808212276 -0.6577405944541483;1.347605535835
0.0722255504736212 0.1914667765049226;0.053006992350574
-0.2069018693305271 -0.2617133335918108;0.5678237538352
0.23400889965838986 -0.18445823423915308;0.4909663183272
-0.16389158120325617 0.29700126261597143;0.4279988533801
0.2934549885642411 0.40909939460729144;0.5835564847406
0.058032525537622254 0.6357261973070835;0.5930548034416
-0.1721973338173856 -0.23854779302904405;0.4361980140
0.2871564009646759 -0.02673154552675791;0.09157252308305
0.031195749209681878 0.15661982629355936;-0.12874146384230
-0.09686008130923343 -0.40457043677488996;0.05162858558752
0.2555002211284695 -0.6454387610620804;1.1924288985458
-0.09295337170826995 0.22242688726713322;0.17889338849954
0.24882037512330663 -0.07957138441241429;0.13303267371754
-0.11632003652238865 0.3956705877689752;0.11765504577716
0.2819928740340548 0.6591493917352345;1.3305391958242
0.009645478505261151 -0.18698624147291054;-0.032032967817345
-0.030576940895793887 0.284745557297101;0.12919774245233
0.09460984884456888 0.33560772434169733;0.17879695393400
-0.25197725304648466 0.5900293879040834;0.8566853521252
0.10566652996619424 -0.21407102834706337;0.1916323704276
-0.26916596804479515 0.13295401302343063;0.3825351732449
0.04213654041024628 -0.4518043811450359;-0.09682082804041
-0.1288432452531453 -0.4804998670738797;0.10203292798778
0.2926426532209102 -0.3259235554888962;0.73824005722
0.05453993161792056 -0.5529400335307044;0.1329373989327
-0.1630403702805418 0.08241017662130656;-0.11288962277617
0.293958598011253 -0.40443264836190007;0.5919059135279
0.0602022033097854 -0.6457004232599353;0.656508313063
-0.1777702172620505 0.22188918825457804;0.42412000195786
0.2815237587116065 -0.083036447944488;0.21708241801367
0.007709329726686642 0.4058210013745491;-0.07552289534901
-0.02449582137164625 0.6426987038181038;0.5964450623288
0.07621743994646207 -0.2276527560121061;0.15262107035729
-0.21586428671909863 0.04606384288152471;-0.04937202028299
0.21349821279340342 -0.2600606481774445;0.5867653089494
-0.21903551890317935 -0.1732665425872179;0.4097563840435
0.20560856724156384 0.3465718428772067;0.48806209424615
-0.2366368687479135 0.6236271482858479;1.012793930651
0.15610824662554723 -0.24822971940273297;0.3977325068573
-0.2971464131151456 -0.09261614468616527;0.27734607954186
-0.07367690215742942 0.4294739436106825;-0.03325816275157
0.20987762004256058 0.5754002222301771;0.6616076485938
-0.22737141992171092 -0.17280705076138092;0.43212497689145
0.1833453307607746 0.34843556341818427;0.41513692570702
-0.27473209014543654 0.6284497631223243;1.1329058529395
0.020184951362555104 -0.2457813881154679;0.10624331945548
-0.06339693943274279 -0.07590297704967983;-0.3944802670619
0.18545887480272855 0.38403850318761723;0.35048810482451
-0.2718689768154715 0.6681379592792889;1.3622443239015
0.03155358778994416 -0.15629538640449503;-0.1296807451404
-0.09792848581404565 0.40569661725035655;0.052379464975289
0.257251000317098 0.6429475490450445;1.1816796250934
-0.08664610908622589 -0.22719291439279632;0.17391306858139
0.23714104092673216 0.04908677315365556;0.01758646471834
-0.15434459892296865 -0.27480244395475156;0.40660326299013
0.2975946875130131 -0.27159459813581494;0.7889856932088
0.07596415197198444 -0.25054622630098405;0.18496882778495
-0.21530679487030394 -0.10843984743049054;0.1447869695441
0.21485146472941 0.45354710754073013;0.3555422265106
-0.21580869495901303 0.4713880426636976;0.3629224095733
0.21363361079882484 0.37716666829420953;0.4510275352317
-0.21871537097427043 0.6683776898389113;1.2278075881059
0.2064197821746219 -0.155398922503042;0.3050734618565
-0.2349235921266011 0.40824233879008776;0.4548722729304
0.16133576019108944 0.6376255938192519;0.8683336481420
-0.29493624484506187 -0.23596218365825627;0.7545678267302
-0.06409130013936257 -0.009283023811235441;-0.5207302267069
0.18717977057714527 0.05513504036460086;-0.11668571151170
-0.2694194798575076 -0.30299578609766886;0.7235675401461
0.04115032494747567 -0.4422425042935423;-0.09429988819050
-0.12602322296332266 -0.5246448838185255;0.1875802088919
0.29070225565966146 -0.06519327488929932;0.17794016161250
0.046233959893929616 0.34513389801922495;0.0710422998151
-0.14040930233886167 0.6197269526902704;0.6958121831947
0.2977354993747242 -0.24883974886468663;0.7757326841237
0.07657784828515898 -0.0967827170714298;-0.2978187068629
-0.21665489963485193 0.4376659256616938;0.36780748187074
0.21156172871797693 0.5435725402720315;0.519819503575
-0.2235481118255803 -0.03760738257182383;-0.043272861703381
0.19382695571113387 0.2161271448090068;0.461963490007
-0.25896739007211067 -0.11963363312635822;0.30610282769625
0.08065786849115913 0.4587381497222526;-0.033222171713702
-0.22538413925399764 0.4452088798195472;0.388683074071
0.18884999339234299 0.5108884338628936;0.3425612186854
-0.26694090855022806 0.14463525272929129;0.4246455851518
0.0507348568379421 -0.4339460792766013;-0.07611306454324
-0.15281578181376956 -0.5590112036286083;0.40281134559416
0.2979506511734512 0.10955396917330773;0.3422444815262
0.07751599642793514 -0.45469201855323393;-0.03976904213583
-0.21869818313302428 -0.4663106573613508;0.3687292766554
0.20646324092090276 -0.4057696094032438;0.37623961317432
-0.2348311778745016 -0.6431014289119731;1.1251922585439
0.16161530994720955 0.226992709232966;0.383272696592
-0.2947900824279326 -0.04984486976161612;0.1454479139864
-0.0634595718464814 0.27785605007308006;0.17353132624675
0.18561450871636165 0.29193994398981876;0.50020498288
-0.27165181109633757 0.37947592016041837;0.5967772022774
0.032409305693617885 0.6687205599445382;0.7555225318905
-0.10047783931646206 -0.15410989570622569;-0.017488731015123
0.26129426068231165 0.41179743697530835;0.5159884566874
-0.07180224452337619 0.6293967404989607;0.579009253948
0.20559951182286995 -0.2450806467056924;0.5494917682703
-0.23665586759144924 -0.07112358649267211;0.07455626213101
0.15604980202527968 0.3675623319661103;0.29071923905573
-0.2971655176370266 0.6623448011444388;1.3750780417764
-0.07376002410081592 -0.1767367141549171;0.0070131869138190
0.2100654282843288 0.3320491313889975;0.5278496580929
-0.22694973807182403 0.5772637339146205;0.7213260357860
0.18452352575585904 -0.17887788647242597;0.32371349914128
-0.27315583123245746 0.32270127008270055;0.7069692828936
0.026463671018001456 0.539623725939872;0.04636975963047
-0.08260993217914477 -0.017340011219424856;-0.4795265751842
0.2291097603785296 0.10266943935561225;0.16256575453559
-0.17824549924380612 -0.4472351477918418;0.24381244144845
0.2809912461881924 -0.5021622026404332;0.567623901475
0.00551607960526429 -0.19739676176352466;-0.0006127135617690
-0.01759527361558894 0.23054194920379645;0.08239556245528
0.05497837702200982 -0.026402216936364187;-0.5209328936396
-0.1642021560462874 0.15476286463943176;0.17019645429789
0.2932646730820128 -0.40983590799129666;0.582101006728
0.05721347736915752 -0.6343807257895412;0.5836495023232
-0.1700702235507372 0.2402225577783963;0.4318484923551
0.28900870612235857 0.03865417436369986;0.11310360831302
0.03902832675948445 -0.22226982606560805;0.0835695368018
-0.11991042713057026 0.08112894375925891;-0.2470831858693
0.2855781799629147 -0.400729058485085;0.5838851260796
0.0245635943940285 -0.6521961163156362;0.653166261535
-0.07682934052636832 0.2068447285789402;0.1065692948496
0.2168862892008021 -0.17619703032784373;0.4138491758609
-0.2108440026815091 0.3343590895137828;0.5262406531155
0.22531633623330594 0.5856513317869707;0.7613756624573
-0.1888617809988276 -0.20329117613437686;0.4137577393566
0.2669743019870612 0.19741803307126676;0.6135049004841
-0.05032233032575789 -0.22997721994152442;0.11260774868249
0.15131964963949793 0.03071271017486238;-0.2778611734063
-0.29830199910115784 -0.17948269889165633;0.6142815516990
-0.07871267187775607 0.320008360419485;0.16829636690392
0.22095959534626966 0.5277246139192848;0.4895295725723
-0.2005039260629126 0.04713756432236477;-0.09359210520696
0.2469942294056425 -0.2653441893083215;0.6826704503860
-0.12250900573950971 -0.20892656504764195;0.22455331941650
0.28790868513424483 0.16429701964794757;0.5425213893908
0.034370591415159135 -0.38011296282732715;-0.012222003360757
-0.10629026815053252 -0.6688387990041718;0.8909086166734
0.26978952533712786 0.15394109923538457;0.4675729604095
-0.039418239202454075 -0.4120836676945695;-0.06416494903344
0.1206491220803578 -0.6290403943419244;0.6940794711085
-0.28645477883852377 0.24532734038287707;0.7531372790682
-0.0279222433484268 0.0733879157694339;-0.44725527279417
0.0866233074082516 -0.3759963869087014;0.0812909012800
-0.23739048946648628 -0.6681060165896007;1.2789332917946
0.15378198945661015 0.15668709024021255;0.1449801011585
-0.29781131299993596 -0.40437488643639674;0.5980470965591
-0.07657242058656913 -0.6458096897016636;0.6871831634044
0.21632395026482856 0.22166307444615063;0.5428326882853
-0.21222950451329595 -0.08449118621458979;0.047764726394287
0.2221378759282984 0.4098346520040183;0.41637601509048
-0.19741415807652365 0.6340538335205151;0.9605336671686
0.2527601632374994 -0.24058596750245442;0.6752719331910
-0.10267411319981706 -0.04054133999654683;-0.4007767509799
0.2646236836969591 0.23148754010768632;0.6889211729184
-0.05929779587680978 -0.02011345853217525;-0.5211350703656
0.1751016482404628 0.11879761722551091;0.06090905629634
-0.2843599396308166 -0.4588045755647107;0.5271591486707
-0.01915412035372427 -0.44548178354233076;-0.11467034649321
0.05980524148462736 -0.510203853065281;-0.007101709196966
-0.17675741272861029 -0.14939177847715995;0.188853828770
0.28263122039923383 0.4237378189288162;0.5444163422164
0.01228606032947116 0.5952169950378957;0.3083618659057
-0.03885000272615786 -0.225032295312249;0.08900579698358
0.11900421968044259 0.06322419243255734;-0.30429899015696
-0.28490982717068847 -0.3377295599216339;0.7049892535322
-0.021448939930963584 -0.5969836257099064;0.3227937927551
0.06688179450208172 0.2280280070709414;0.13551427426979
-0.1943353826141786 -0.043034642057945105;-0.1212267188852
0.25817417573673374 0.24427628873587715;0.6931010298306
-0.08329071694053419 0.06622201787647028;-0.38502547957056
0.23049403270267477 -0.34966654311586887;0.5550792324793
-0.17426241656489344 -0.6313475249695848;0.8713355440924
0.28520068913850705 0.24340289624089484;0.748525175719
0.02298306209649076 0.06027214400777656;-0.488650318651
-0.07199777031149908 -0.3254696624649849;0.14674210734565
0.20604948794528571 -0.5510581070156703;0.5342830316439
-0.2357084194636383 0.07361615775420538;0.07962692792846
0.15895166842135355 -0.3767820442223112;0.28113087571883
-0.29606732110654926 -0.6683512275803927;1.4078297021815
-0.06898917091274462 0.155772317291354;-0.07990129082728
0.19903014718551834 -0.4070054930577808;0.35141080989472
-0.24969884063700373 -0.6405802425765587;1.1490355037085
0.11355528116388966 0.23143683110972346;0.24846123862424
-0.27916160076908836 -0.02045113214488664;0.06970532778531
0.0022902534627545212 0.1207511220791094;-0.2857061334388
-0.00743030919892579 -0.4587980881712953;-0.12151872258719
0.023204135937334225 -0.4455151878168246;-0.11224315872373
-0.07267478553914349 -0.510052099423051;0.01548243511070
0.207600786733932 -0.1502931872553384;0.28866819829298
-0.23238948070615323 0.42158770562992703;0.4289287311495
0.1689106251363527 0.6020924910860835;0.6804123044802
-0.28996996874913855 -0.23644240319766552;0.74713145585
-0.042787591847865875 -0.01251704229860226;-0.5503347789572
0.13031298983421824 0.07431715674473742;-0.23927830565401
-0.2937053764415953 -0.3791740327904047;0.6384472623761
-0.058780082060423317 -0.6687917354616291;0.789314868227
0.1737700788984432 0.15411857307246268;0.1979555603358
-0.28568417355182807 -0.4116025237599208;0.5664067761151
-0.0246887074380277 -0.6302142906898034;0.5213682399644
0.07680594393989255 0.2444016353849422;0.17989815389140
-0.21715364871740495 0.06707630078750174;0.007293739842396
0.21032967901226562 -0.3529709325399416;0.48993973325474
-0.22635442645387965 -0.6389595192739512;1.0766430132564
0.18617755087196775 0.23402862780934675;0.47343574656946
-0.27085891474600104 -0.0031339320997131603;0.043082360935327
0.03552559187512305 0.018421796971044267;-0.553930814924
-0.1096924732694248 -0.10965932870671496;-0.17102116403152
0.2742837639107575 0.45459637302225825;0.5076276176877
-0.021676570062886424 0.4661889815938561;-0.11373144779450
0.06758171160241618 0.4057871629190876;-0.01292661657610
-0.19601712732134313 0.6427665159556304;1.008647407128
0.25525800405025484 -0.22752792795417232;0.6599838230540
-0.09382011903746568 0.04688491579467796;-0.4097581896845
0.25033967209379987 -0.2641055941470608;0.6905962754210
-0.11110480922420751 -0.20060007834079385;0.1705690019543
0.27604347404051915 0.21274352296529936;0.6739104852859
-0.014622632722030238 -0.14062190451068302;-0.20277808832015
0.045734495775318414 0.4413674665135986;-0.08823235361151
-0.13901282694510045 0.5279178103045088;0.23646681271576
0.2973684099439131 0.04605526542733246;0.14119875446999
0.07497847248258446 -0.2600182342858951;0.1904634881534
-0.2131227309935352 -0.17297894051572177;0.3912337471703
0.2200550099726656 0.3477400109355772;0.5289844337706
-0.2028461015653277 0.6266807464075437;0.9328416014958
0.24240323719440685 -0.24689703653781814;0.6568761179243
-0.13767539071769921 -0.0835164662899007;-0.1874918136644
0.296952516436608 0.40716173897723174;0.592171044849
0.07316843146026628 0.6399433026475518;0.6452283826800
-0.20905237344364366 -0.23241852113047667;0.5416143047018
0.22933162451809516 0.014473224353624664;-0.05531109933220
-0.17761100241159958 -0.0865468795412017;-0.052680330454552
0.2817003159627285 0.41525225098038837;0.5537299970322
0.008437583701674745 0.62052711863321;0.4553971515752
-0.026784449267107165 -0.2488144082997581;0.11401160135129
0.0831795397540041 -0.09660962739194442;-0.2846418727380
-0.23057140166172896 0.4373515350566958;0.4080545234218
0.1742279986033201 0.5448668271380351;0.40881361965230
-0.28523604150419557 -0.04411049361185715;0.11687824087790
-0.022812613585874775 0.24971583423288435;0.11214195194800
0.07106902943000588 0.10335034682696623;-0.2840084193648
-0.20423628292884477 -0.4481375730471474;0.3247755366074
0.23958914255615021 -0.49796356499672323;0.46376074117
-0.14668650705455655 -0.22254891421508466;0.32791854543147
0.2985322188762673 0.07932926800912876;0.23369622427987
0.08005461354715795 -0.3953367558281812;0.029625968897205
-0.22411938708909576 -0.6597759310517818;1.1939636457886
0.1922896488683367 0.1852484102750349;0.36966383165549
-0.26152389649484864 -0.29282824993322215;0.7141858218252
0.07122004209781813 -0.38426097662195596;0.032956670081835
-0.20458606814093683 -0.6681993138710891;1.1844269462731
0.23887067613107155 0.15633952862620204;0.40214171960915
-0.14895162166069076 -0.40538170153979936;0.19667708755638
0.29847456237220177 -0.6438692836610226;1.2679498160000
0.07980275757577973 0.2255399124873294;0.1559097482301
-0.2235886688964793 -0.059359750284697754;0.004725720948865
0.19371815292170155 0.3210530795052787;0.49494537705556
-0.25915106780166886 0.5323950573683564;0.6065471339317
0.07998485564923735 0.02127754003354254;-0.48146734469966
-0.2239725495575161 -0.12619849026296917;0.24049794845882
0.19268576404306587 0.4571091134401569;0.2875526943564
-0.26087314500683456 0.453545799830293;0.47855133682511
0.07363674152847127 0.47139449203776296;-0.04286190585459
-0.21011283916674967 0.37713066249068194;0.4405435645978
0.22696793411373528 0.6683689446299736;1.2515698613735
-0.18429383166374674 -0.1554316944976185;0.23637856755974
0.27350194082411006 0.40815033158316905;0.5482324773778
-0.024791566830352385 0.6378262894673313;0.567346604043
0.0771196452157495 -0.2356721986985768;0.16831972802619
-0.21783752986674199 -0.007331709607916653;-0.09211324680397
0.2086272114442304 0.04351174472303163;-0.07629208064167
-0.2301488316941338 -0.24730017284119635;0.6240949976360
0.17544972948862908 -0.08626862894968079;-0.06049008169754
-0.2840031617674293 0.4145364904861083;0.559035652641
-0.01766781862379818 0.6224344242932135;0.47028524657601
0.05520334087195668 -0.2485462584662096;0.14624705271794
-0.1647969162854353 -0.09477807233928046;-0.06396303996977
0.29289041126415116 0.4338866046337537;0.5519707335202
0.05560421053901696 0.5587529608516324;0.16067306628806
-0.16585446200377058 -0.1089711794856193;-0.00705744909311
0.29219312207756376 0.4540187072714529;0.5408290603323
0.052611044881464925 0.46905727243214945;-0.08017046471324
-0.1578886605451329 0.39009990074600753;0.2516817594065
0.29644414497669314 0.6647896491019989;1.3880621451866
0.07095878521912188 -0.16839865736359438;-0.02837983541130
-0.20398060238933366 0.3655948992887348;0.4452843835378
0.24011167186262514 0.6601940147549086;1.240671799055
-0.1450299970312485 -0.183717122116403;0.2161424527011
0.29845816063375363 0.3005230127810913;0.7790833645044
0.07973111838943256 0.42903986396481;-0.02056559777485
-0.22343742011768228 0.5769731218422739;0.709772732929
0.19412364708556037 -0.17794625882020942;0.3506349363450
-0.25846440562938977 0.32680430078722156;0.6681701471431
0.08249678909513086 0.5568601000366672;0.20168087347396
-0.22918291909911215 -0.10069932836322826;0.15533356149640
0.17822216008653163 0.4441714749461326;0.24507376760804
-0.2810045883142307 0.5155635849955321;0.6001618211324
-0.005259624356850068 0.11704545403607997;-0.3001466949447
0.01637280760011656 -0.4585496132953227;-0.11849849388186
-0.05159364148197705 -0.446793344497197;-0.0830265042427
0.15477462409059367 -0.5042030422748798;0.2192334522706
-0.2975515512763025 -0.18517998546466047;0.6323564409976
-0.07544056966068277 0.2935402927069245;0.18983622034151
0.21382774837724192 0.38896029560339807;0.42843090253893
-0.21825528132208702 0.6656421869983069;1.210844988556
0.2075798235487661 -0.1653914094723027;0.346728094798
-0.23243487274105387 0.3765349450398541;0.5064567040813
0.16877660669773617 0.6682090998096817;1.0721311508318
-0.2900759897392511 -0.15602977231423532;0.5146813532277
-0.0432387924689179 0.40645714016147183;-0.05097239011526
0.13159507053836644 0.6414080076213166;0.8000837466991
-0.294428980889909 -0.22995969688693596;0.7436777891747
-0.06190004429685178 0.030828857097445372;-0.5038965861200
0.18171553482748265 -0.18012341299597764;0.3191296707678
-0.2768302137497889 0.31713068745476714;0.722376466401
0.011753979669472392 0.5145115964411114;-0.04393583432546
-0.03718513736084978 0.12322731849724616;-0.2562484268849
0.11416086228602104 -0.4583485981264484;0.048214253555480
-0.2798477854212681 -0.4478255554092938;0.5201510058148
-0.0005137631121157615 -0.49941979789693414;-0.08114850784378
0.0014126799524241675 -0.2138256842221366;0.04303619574035
-0.004663040401269026 0.13447091820498625;-0.23027812723320
0.014493683765874624 -0.45009858096580335;-0.11854636056345
-0.0457442434710395 -0.4887032356767517;-0.06997746554902
0.13866007979718017 -0.27778555065297295;0.3583903895724
-0.29739463104041663 -0.2909413380208197;0.7844451746578
-0.07475722055511755 -0.3730047376540895;0.06230647180146
0.21230592389470812 -0.6667171032524122;1.1993502376688
-0.2218285839978615 0.1617899131427959;0.37548109741156
0.19839240966329083 -0.3885695975959169;0.3821892307955
-0.25088569668019345 -0.6660775656466029;1.3023587554732
0.10946247646711343 0.16409437963867124;0.043907340960219
-0.27421864989072986 -0.38081313907314684;0.5994281437650
0.02223541278675717 -0.6688277544043137;0.7482518180453
-0.06970535440256749 0.1539827614301964;-0.08553732657011
0.20071943192027103 -0.41197093147994224;0.3489100571969
-0.2464868203685855 -0.629316945497048;1.0730106275917
0.12444808529743506 0.24511924007750852;0.2988825380745
-0.2896800806454991 0.07196867452951702;0.19615208169630
-0.041554728150897086 -0.37103624332521656;0.013718802388248
0.1267950901503973 -0.6654099985672404;0.9276716577094
-0.29143098159124803 0.16646926242961368;0.556662252868
-0.049019499649502446 -0.3724251735472919;0.02031296920990
0.1477511594600634 -0.6663646706549168;0.9957934182139
-0.2986255416536132 0.16306338330485204;0.5553290913308
-0.08012544401205243 -0.38433026718731533;0.05063779725160
0.22395800117463596 -0.6681769181524705;1.2418845164402
-0.19255532802859157 0.1564230145038077;0.2662017379905
0.2611523877566677 -0.4051406792733292;0.5261607813114
-0.0723295247527414 -0.6443407149678604;0.6700126687826
0.2068109767289814 0.2246250681833385;0.5203854663486
-0.23408942041174968 -0.06532523042739763;0.05055582169016
0.16385006200303065 0.34565598379604195;0.3587654826192
-0.2935194207841371 0.6211610095353369;1.1234592845875
-0.05797941802348908 -0.24875777274142052;0.15077488222695
0.17170066716808713 -0.09622277901405343;-0.036835819232577
-0.2876143079278994 0.43664071315801023;0.5407698393583
-0.03280513885336689 0.547772328941532;0.08436770082989
0.10125732726148409 -0.058443376234227684;-0.3641841649330
-0.26274474091375577 0.3170975914125204;0.6923864607356
0.0666601715146325 0.5143567028357185;0.015397746263243
-0.19380067413127766 0.12413892734153747;0.14123605055937
0.2590805361076495 -0.45805876416522656;0.4742439523343
-0.0799768072589006 -0.4493109804854188;-0.03366974321505
0.22364487258263227 -0.49244467524815855;0.4097515377862
-0.1933986229581487 -0.25554154703106935;0.5221131143985
0.25975540020533366 -0.1425364375883651;0.4000238854085
-0.07749679493757555 0.43803213214919845;-0.033033626877695
0.2183397450252566 0.5420578585464678;0.533924688563
-0.2072155460737325 -0.029907722058065467;-0.10385071990360
0.23333638039716215 0.17437649192028667;0.45440269645645
-0.16590417806872604 -0.3416974929782236;0.37266984639952
0.292159339674764 -0.609577905694;1.0522965831447
0.05246620037113228 0.24452997431256052;0.13761692807298
-0.15749917560037946 0.06795106851664776;-0.1758213821885
0.29659285647724487 -0.35630904075930436;0.6892357415150
0.07160483309986329 -0.6457902206974491;0.6773016721020
-0.20547500730471277 0.22170343127116598;0.5103065574044
0.23702600104893354 -0.08423164910216036;0.11779131395437
-0.1547002622871839 0.40912944767639065;0.20850391259541
0.29749976052132665 0.6356586159402119;1.2170744836374
0.07555056880606167 -0.2386344900585795;0.16964206411943
-0.21439319415627975 -0.027318045747496827;-0.085766948438
0.21704717052191866 0.15991974161826866;0.3543756042337
-0.2104457336380576 -0.3945831625728962;0.40776747286912
0.22621818302165828 -0.660655668882022;1.205084031979
-0.1863778980396756 0.18246679959019085;0.3418168412872
0.27061641032902395 -0.3060243348043095;0.7230631298396
-0.03618432601786109 -0.458558211867342;-0.10374447706088
0.1112325918526493 -0.4467491546923591;0.04222553076057
-0.27642140485589595 -0.5044066344241105;0.5635590079419
0.013403186933610034 -0.18396207062153053;-0.04075112150611
-0.04234150760326722 0.299362633221938;0.13243636528306
0.12904259025402395 0.42253345311262136;0.11207616229189
-0.29293274333542885 0.5991061336552573;0.9926694701183
-0.055456415636835205 -0.23192921774274455;0.12352163573243
0.16510109186509597 0.01773697562689361;-0.24961241679912
-0.29272872743201883 -0.10566982424278197;0.3189735092659
-0.054580136220301195 0.45072884811139563;-0.07990622867583
0.16278165786009674 0.4851079217692862;0.21106377847285
-0.29414958140692826 0.29832252776517587;0.7742343859937
-0.06069454092422863 0.4166477585087859;-0.04130856160163
PointOptimal;ValeurOptimale
[-0.06069454  0.41664776];-0.04130856160163732
Temps;Nb iteration
0.0678102970123291;1000