Point;Valeur
-0.6950903099643035 1.269027630847197;5.6236962387525
-1.0098917340618851 0.9542261137595882;3.6256457198926
-0.6226323090258201 1.0296745199810617;4.706114777920
-0.8861393644201085 0.7994494546474855;4.125014830068
-1.2229031726312642 1.0770978929666724;5.140782978059
-0.5706165152680931 0.7715448989089296;4.575338774711
-0.5007995859030941 0.7833341846021811;4.509446846858
-0.33472526603860403 0.7814753770833731;4.127971471805
0.05122740869640746 0.8104453304539553;2.9539772773281
-0.20268120881573165 1.0618132002400702;3.7145013227866
0.4117903062032214 0.7197087922395327;4.336613982111
0.15295279864499978 0.6905354544338937;3.5125330305826
-0.23177947692746953 0.7529161539400799;3.758312860918
0.21995174801894496 0.8311259534709696;3.6060970711391
-0.31616166510796023 0.94887318788495;4.042954597553
0.18049773613268433 0.8633126376092912;3.3507819024985
-0.39549607064789344 0.9976475394106566;4.425071281403
-0.057525703029511877 0.8178224441865676;2.9449651963298
0.20785850281275875 1.0642174699560267;3.7563925621936
-0.4204671677210239 0.7165531630497346;4.354455623211
-0.17989159970392538 0.685107169528338;3.6096214489321
0.21002030358877205 0.7222374697338749;3.698236130537
-0.2149486934513889 0.7852773273228957;3.6484395696035
0.2730591554487142 0.8978472341254153;3.8154099773270
-0.27067683360283257 0.9176081956209831;3.801848931153
0.29012679269886854 0.9077287635065798;3.8987375197748
-0.23288479595682765 0.9038655872462644;3.599153042536
0.36621094961240963 0.9398942049217635;4.236934771950
-0.02383514419862104 0.8611089152948858;2.7512654235832
0.10144626743086438 1.0930563671007658;3.3264963589872
-0.3835642117592376 0.6447834745094299;4.224499567365
-0.12220884465785531 0.5714761033482301;3.391472909520
0.1578346665511023 0.4690825342903161;3.265313287150
-0.16779639597383594 0.23901367242386523;2.2024580630163
0.3904749036476369 -0.21221763393816878;3.172164812481
-0.030936147681511816 0.05871521223549214;0.30139202454133
0.28610766063461907 -0.3356049312711385;3.2358515721015
-0.13349891412204345 -0.04542358389473189;0.856371787605
0.689031517120754 0.17272970968913784;3.5823026746251
0.7520638422391513 -0.0922395731566518;3.2212116019402
1.0024642106172112 0.12973897003879553;3.0594846245172
0.7234632379291136 -0.2789103713326009;3.954503976950
0.7499849017403354 -0.016275463916094413;3.087044853188
1.037282122342297 0.028001047585256296;2.787240867799
0.5628009216710113 -0.08839391515959744;3.302499206471
0.40742519892139484 0.06324321394249804;2.806891094518
-0.07261446382884568 -0.06432541343546136;0.5100160225274
0.5187018019566885 0.2965296816447086;3.8118343941782
0.2927268622491809 0.08041960405797499;2.2022647755531
-0.41841964546087784 -0.12886513402628594;3.0059192902959
0.009352884468948386 0.08607286146161552;0.43277767633619
-0.07536340779441522 -0.40392596880994713;2.8134379929969
0.14004041964161903 -0.07472054814663648;1.014277145557
-0.6603146630491129 0.24634368079336927;3.841094424597
-0.6228775306781091 -0.001319490262571471;3.252398969162
-0.615697897445583 0.0012557945942063041;3.2513624104205
-0.5911537173838955 -0.0013641805618643961;3.239297399533
-0.5082384713868643 0.0011903792216282636;3.1046995597616
-0.239430379569394 -0.0011414241232209623;1.6798402181253
0.6010095473691177 0.0025670405512581663;3.245779620798
0.5418037125260002 -0.002579048745586689;3.1762813931538
0.34745783667505414 0.0021720190215018175;2.4404652370610
-0.2761459132044738 -0.0032168922314767525;1.9652230588850
0.5020501456845607 0.00629511561110638;3.089508892661
0.22187829568423123 -0.005653357840703991;1.5366873651020
-0.6406988515914884 0.014568826202266506;3.2529225408288
-0.6761092655335132 -0.015904567081142934;3.2277930648812
-0.7974350569652876 0.01960317785251417;2.949596431640
-1.140001299090942 -0.04054260222432897;3.4666533641328
-0.3260005742310882 0.0982994762274582;2.463909704093
0.29978425813290677 -0.1217686170806732;2.383125023317
-0.35272482945024486 0.15162589392610026;2.7862252230965
0.17328782325750658 -0.1145461934034896;1.460935014547
-0.6019899327206438 0.2722499155439966;3.877645604377
-0.47564074336060674 0.04873929682966355;3.043200101317
-0.14342609495046676 -0.04142381418424558;0.9249730540721
0.7007370943080014 0.14904504090279413;3.49043811516
0.8035009829991016 -0.10705891242308052;3.140773597165
1.0895916348314352 0.16992475326180334;3.663894197558
0.4919791823781069 -0.2445905479523232;3.596135097451
0.2305567016782753 -0.014283225412971862;1.6123070785597
-0.6211388424208084 0.03512371950614052;3.2686367921986
-0.6072307609488986 -0.034339588033882075;3.264037066498
-0.5609999813591249 0.03209101493321432;3.219620675074
-0.4106377255514472 -0.02755993039776433;2.7773798210263
0.06285881679209043 0.02919143893831442;0.3195613560153
-0.5370070656908585 -0.16941777493843344;3.465761202993
-0.33101600625661975 0.04876766182303707;2.380168099448
0.3152951484994032 -0.07016972499520789;2.323760091185
-0.35264967144716597 0.10211539994280568;2.6250543777
0.21380914241737559 -0.10787941207006034;1.731967846677
-0.5701875945626348 0.22121587272731252;3.6793143461708
-0.4113550270758213 -0.007914987517414374;2.7709443241653
0.06183907191403493 0.008432663655431029;0.2770308982417
-0.5598756940539771 -0.05286433934702571;3.2396176824271
-0.40611104416429716 0.042593775381150153;2.7715383629081
0.07381721133461738 -0.04475031167980509;0.4326648853997
-0.5530027170482748 0.2247273817771117;3.662615046619
-0.3697131937512787 -0.0030187625465270818;2.565644020956
0.19818901340495826 0.0037349582405515743;1.336808365043
-0.685912819745615 -0.011015982158528996;3.2137078901136
-0.829451610624765 0.013976367360953302;2.841674742498
-1.1752605044211781 -0.032470207120925146;3.735917260612
-0.3290070303875666 0.06963070004558355;2.4076281525429
0.3092008221514061 -0.09494503880333785;2.351518801200
-0.3503686263249486 0.12877425264656636;2.6951790829412
0.19748077777228112 -0.11665147671806128;1.6515088948175
-0.5790460506421242 0.24629912363467935;3.7693452442366
-0.42930814591709715 0.01964352856448806;2.8518905811237
0.002105174830758838 -0.019783364253545155;0.06677747466380
-0.04272005397579116 0.26428746668869196;1.9128718244537
0.14068841990406486 -0.2691759090303314;2.266183069730
-0.3246884015995959 0.1924070611404305;2.8057133628219
0.20090439671890814 -0.11225110245831632;1.6555189405495
-0.5816912679577475 0.23746826246853325;3.7458623629112
-0.4370771732724966 0.010373198674063472;2.8791970223408
-0.022270194727062098 -0.010159795205150784;0.08512030899961
0.37465319042896456 0.11593320017791314;2.7767993014883
-0.13537825717137947 -0.09959360688926139;1.102513062754
0.6129005537384786 0.29667377248419846;3.9622162947161
0.49586944459107707 0.08318627219804872;3.155446737374
0.2119618429322252 -0.05751089771321069;1.5330051513345
-0.6347308374264211 0.1422809418388642;3.4940025328868
-0.6126518430931337 -0.07628484262594318;3.324603084948
-0.5705205981079293 0.061426231975241;3.2656043483502
-0.4395795199839757 -0.04780612215062992;2.917330710464
-0.03497568791597161 0.04308242224266047;0.23729170847899
0.34327625166564935 -0.27786833330957045;3.2340953556771
-0.0678360273700932 0.002118891695988556;0.3100790898299
0.5806242788494378 -0.012754388114759747;3.232182445925
0.4760747772391458 0.011192453696629258;3.016430721428
0.1458314986979814 -0.00992696882371429;0.8943166662031
-0.7201106856593444 0.03615636544441411;3.1744906241278
-0.9349158386207406 -0.05105678858761538;2.6559223615303
-1.0097884561085637 0.14424866751684962;3.1629451530459
-0.7072188648983502 -0.2803781067878854;3.9619445659662
-0.712579619549745 -0.031556817624079525;3.1841840747596
-0.9125753486617171 0.04316652578399417;2.662582606447
-1.0810217440285 -0.1194959425964466;3.339233092855
-0.46912315641819313 0.2465961756999599;3.5436834506401
-0.18309480879830792 0.014355297078031376;1.213228570313
0.7022099980712 -0.04396581515199486;3.217158111633
0.8754452599027336 0.05602245260948687;2.7724082270308
1.1461288048084397 -0.13745800010144504;3.855945919313
0.40811627774039405 0.2087468491767706;3.226052411332
0.023280301853740748 -0.04599405350005609;0.21523445112428
-0.23999467161433585 0.30799515783871845;2.9292452422406
0.2191587156074427 -0.029939007850347144;1.534808372476
-0.638935792645346 0.07521368027281954;3.3256965194031
-0.6557954208115692 -0.06633406037313146;3.303266284693
-0.7142418458963115 0.06468630399690496;3.231204618905
-0.9039707993514823 -0.08191059327188145;2.795118756306
-1.0821994060135811 0.19797482718132536;3.7863833228074
-0.536125411279459 -0.22254288409509387;3.6251195445157
-0.3312752278254452 0.0025701049196579784;2.3425086258666
0.3221495972089948 -0.003931698910317976;2.284801493394
-0.35192905475957265 0.005956535576896908;2.4669849873151
0.2535698315734973 -0.008123124291409848;1.7938588008526
-0.5623160440186183 0.017430307994503957;3.2124029596633
-0.4171905024892719 -0.014861657347667034;2.7987652234999
0.039033004620188716 0.015079562570032616;0.16437142961175
-0.451835511741501 -0.1183646825801841;3.1002365487544
-0.09272413366754384 0.0708531738993887;0.6616325419143
0.569769751339249 -0.2856721483197948;3.8731741274246
0.40556940923781815 -0.07295131162924881;2.8160791503674
-0.0621912351869614 0.06749202984474595;0.4718555823023
0.4516360980911734 -0.31526932326518275;3.7086001808965
0.17436734489920097 -0.09820573250840173;1.38640545076
-0.6244570131269671 0.2488804481974081;3.828229633957
-0.5364137526385484 0.017375665955541297;3.170003110933
-0.3352807400127317 -0.014442589925312069;2.3706668408786
0.30746118715443355 0.020723225881739367;2.1952174342978
-0.3970649178402827 -0.034160743201043994;2.7206880716438
0.10085389097889735 0.036501962018653036;0.5846354605693
-0.6448625167479054 -0.1607427581874964;3.5524366887423
-0.6324015049601647 0.07165602351634892;3.319669241536
-0.6357536917293816 -0.062392960873207615;3.3034221510256
-0.6495795453961051 0.056940947828424085;3.2908135948146
-0.6968188243442648 -0.05596894633646353;3.2437422528695
-0.8525749390276574 0.06702381630699929;2.865355176583
-1.1538863061461455 -0.14794660775645319;3.9608339892111
-0.42273142418100573 0.2010635733279768;3.2518328604886
-0.055146983350191636 -0.04562150713345872;0.3342910613892
0.4608609252131969 0.25130535984535574;3.536021968645
0.16808150127985627 0.018475889592208555;1.0891174337043
-0.7115587558476117 -0.060216311933512595;3.227378773380
-0.8973162104583536 0.0759131011621601;2.784897195691
-1.0992615425517391 -0.1843468656628014;3.8012884586803
-0.4976253248684106 0.22470231223972142;3.5479808363441
-0.2424896662448915 -0.0029843758777315654;1.7046481404149
0.5907960285547531 0.006643244164273079;3.2395695040992
0.5099938851121655 -0.00604109921817857;3.1094406626025
0.2533454048251779 0.004939383608961229;1.791204787834
-0.5616964084619795 -0.010833293659918882;3.2092137675718
-0.41582125986157026 0.009079985342530123;2.790914182511
0.04252049746208919 -0.00940725344026573;0.17291910419520
-0.4777107793712654 0.07122802042599968;3.082155243222
-0.15819266516098995 -0.05296779541287798;1.0776330867111
0.6883988793904708 0.16905826205422636;3.5697428273908
0.7505603329057872 -0.08690801897378525;3.2093562340785
0.9930643561742705 0.11775291591549336;2.9718034317475
0.7701444125051529 -0.26746157860498254;3.887829999129
0.8505810857673344 0.021825499109835445;2.7808435367619
1.1749963334433342 -0.05264983020072535;3.7695112678307
0.34278665361034943 0.1056723443598137;2.581724235504
-0.23482026953326085 -0.11159331537020746;1.9035441487343
0.5210268151151554 0.19947396390172506;3.523550022314
0.29498264861484913 -0.024076210864316827;2.1121542239160
-0.4340485355214826 0.04160783879154639;2.88867584415
-0.019706936064173786 -0.03830169777381992;0.17058650414502
0.22425175036898293 0.2876811724403182;2.759889901776
-0.262236683696073 -0.0780924026130565;1.981692186710
0.4960020551194416 0.14025000724619335;3.2905017192077
0.2228618696513769 -0.05985739277896421;1.6273602163752
-0.6072861771247006 0.13813877088141788;3.46969205982
-0.5342291756016686 -0.0676646492254728;3.21728495470
-0.3286581080025599 0.048379057917842444;2.3650289730930
0.31674462951465465 -0.06823356811771437;2.3285320436492
-0.3431936883818778 0.09626298033674537;2.5569555366225
0.24073368551576668 -0.1063632617975616;1.9246999504007
-0.5151643779865305 0.18922312126749297;3.4794397287455
-0.2796601345982215 -0.032593949920990406;2.011766395170
0.47813685577010046 0.060088922361565156;3.0659308823732
0.15895459501842624 -0.04656934895898425;1.0655358786539
-0.6942399436348335 0.15020302239174832;3.5002249574
-0.7817817749535109 -0.09872408215709808;3.1686564331849
-1.0546913860028932 0.14517915174191737;3.339348093471
-0.5616013475016417 -0.26719991567105006;3.8058737177843
-0.38985841267664617 -0.04999394533909007;2.70487585873
0.1176460249376638 0.052774871732742076;0.7580483716082
-0.6556816985955527 -0.20316191227947145;3.694168630896
-0.6373685102781743 0.043761957252610506;3.2770137706403
-0.6596401177229803 -0.042444771872434214;3.2652089177056
-0.7340626523173853 0.04475570793255286;3.156029676847
-0.9718071830171914 -0.06500567776202328;2.7033866742908
-0.8641023758636583 0.18213141297341046;3.35831711048
-1.032703239678243 -0.20694851368772577;3.621358232085
-0.656856932946082 0.232037049020621;3.792106066537
-0.6236444816094534 -0.012521445246365392;3.254527799501
-0.6181752633453786 0.012048928786539802;3.253763816435
-0.5999963006896486 -0.011589062870765644;3.246878057000
-0.5400018013380034 0.010401942251922092;3.1742863354054
-0.34776156432666816 -0.00865051063002097;2.44337389305
0.26357808268710226 0.011591087134674778;1.8729037413736
-0.52985986401608 -0.023771651394844315;3.1603644257095
-0.31604192292431754 0.019131180588901515;2.2511835522739
0.3663368480467012 -0.030046555282665484;2.5609873404489
-0.19860494871701895 0.03648309407486467;1.3742279531560
0.6673274557869414 -0.09959050665534228;3.368381818303
0.7355747946349553 0.08520064146652842;3.237464342578
0.9527194130623686 -0.10808950003352161;2.8743058885837
0.9246103381685615 0.2506233682093938;3.6949634603594
0.9084831731331764 -0.14729897739867986;3.1040626599736
1.0197485397928636 0.25177406439028593;3.8457860311299
0.7047255370494203 -0.1583316386507559;3.5192479846416
0.8045873957106582 0.10058682507423605;3.114056136488
1.0918248349453485 -0.16084303493863905;3.625109229443
0.4882594781233268 0.24350560201982585;3.5835975138245
0.22732496817877856 0.017058795749153755;1.5878232429170
-0.6209994340093972 -0.04144657692999137;3.27497876464
-0.6060200531468916 0.03776249655297593;3.266681533943
-0.5575363298356639 -0.033341623888850376;3.215652032902
-0.40264585750483417 0.026759761114207824;2.740485588402
0.08083482131111491 -0.028070358862539765;0.42655339277430
-0.5954412005863339 0.14019882211396917;3.4659677466408
-0.49955885291939056 -0.06354559683091954;3.1316587698241
-0.22455738110497964 0.046388357470787275;1.6083816140059
0.6117354647745967 -0.10923524130554609;3.395845003339
0.5581624787985423 0.06965831664747425;3.2616296348380
0.40239059957449175 -0.04987594372823785;2.763811115183
-0.07611432591760481 0.04965015475587249;0.4649618003373
0.5441239991662491 -0.2362686210745243;3.68223114994
0.3521202434610502 -0.0140876866993761;2.470672641852
-0.24708714004160914 0.018430887954961145;1.7486409421855
0.5719495997228319 -0.040572522113214174;3.24139577189
0.4480669641488798 0.03272300728189076;2.9334777917191
0.06429847625767193 -0.029124256394792034;0.32760686994850
-0.5340409635288424 0.16244795445452753;3.4396576734820
-0.32747366004448897 -0.04808735521668653;2.357223875198
0.3180020269213236 0.06748406243304586;2.334804049644
-0.33700281674800503 -0.09428644037910383;2.5164621997152
0.25878640622395443 0.10741568083171973;2.0579569366538
-0.4683377160979807 -0.1724885610302834;3.307227193696
-0.1590660865912345 0.04987891771515615;1.075659135987
0.6873049374067564 -0.15896456576315693;3.535359373656
0.7549911735730765 0.09026113772425245;3.2086520995508
1.000204552372551 -0.12181754166996037;3.009988772234
0.7440169647227168 0.2687254762655197;3.9096778060978
0.7992942731639789 -0.002660217757091632;2.935939276102
1.1359681926160665 0.0051708573693860505;3.39753585205
0.3275632685260633 -0.012871121660165137;2.3218996957876
-0.32750227890219497 0.01890198734740179;2.3247605950799
0.3269808992943921 -0.02794166963092367;2.328623928376
-0.3263669253728796 0.04068871673102523;2.3394298427576
0.32429344513216163 -0.058475200745024734;2.3556267779062
-0.3221759442417518 0.08108558372392957;2.393320599859
0.31411014196907716 -0.10549784999494036;2.4147717524310
-0.3173706813346322 0.12786121729090683;2.5107188089460
0.2855218825582513 -0.13393852399766443;2.341531565805
-0.36577141984808303 0.16060648548520756;2.880879667482
0.1183029998729076 -0.09766514782698832;0.9728158151040
-0.5821952800756978 0.3099867665783219;3.96090150622
-0.43151406178414775 0.10769813508201168;3.000033596925
-0.034171370886700525 -0.07328112412814855;0.3947709416008
0.26746547203786675 0.361664624151664;3.2653603633138
-0.12078630958964398 0.08832357892552062;0.9386172057686
0.6026059368200058 -0.2903402211036005;3.93195330512
0.47688916430212075 -0.07871806066968798;3.0928946603785
0.1596422696639369 0.055288285775971446;1.0966384713840
-0.6811856650814372 -0.17280560198837477;3.586529549957
-0.7269958935455078 0.07885195359897298;3.2385999610329
-0.9314549407869728 -0.09803756712867714;2.8305001280278
-0.9989850292621937 0.23036483722872894;3.6642501942795
-0.7535486687690287 -0.19938842193184772;3.6234906260292
-0.8858384979202858 0.1020037108097279;2.9116483795954
-1.096945785626907 -0.21341268743520744;3.953192678028
-0.5350974890889878 0.18963996581474266;3.5224725673194
-0.3307749353126027 -0.02980952350787322;2.3541495555704
0.31305050707084037 0.042281176328590284;2.2563102432016
-0.3656037091055342 -0.06432018094258314;2.6050119242846
0.18672261580228022 0.07141056162351271;1.3715187452507
-0.6463064555511625 -0.187460893495978;3.6396179281870
-0.6215343820643091 0.05227945836463202;3.2882613991306
-0.6056990230025945 -0.046080970451964284;3.275459210347
-0.5554694390104606 0.039256067822995955;3.2178434586181
-0.39653009397530503 -0.030916884807573028;2.7151764948803
0.09805019538305759 0.032542191225326866;0.5544989524972
-0.635966562486372 -0.14505753896346488;3.5025428968449
-0.6152413258977646 0.07246262052078528;3.318555978252
-0.580475649089614 -0.05784262041797619;3.271659415775
-0.47328873540871746 0.044573835032814355;3.031045168962
-0.14431418471753932 -0.03597613473700441;0.919162048583
0.6961507202168936 0.12574241210252202;3.4179775220853
0.806104467492526 -0.10189389499485066;3.114644031833
1.0912177258966413 0.1615824923082437;3.6257679397776
0.49266221452365233 -0.2420686176275942;3.589971632599
0.23801887991609955 -0.017159527328950458;1.6750479369426
-0.5928900505927173 0.03897827203670751;3.2599724745552
-0.5152052833184338 -0.032831061569000695;3.134715061251
-0.2721682573456493 0.025685803347812793;1.9485644241881
0.49758491752767897 -0.049181238828217226;3.1070272278700
0.21918545839849707 0.037460306014565146;1.5470739138254
-0.6260639619508241 -0.09156248022028013;3.359443371499
-0.6087461843399493 0.06838862017602601;3.308907443950
-0.5608774553842826 -0.054417741549755705;3.2430606879192
-0.41262759830495915 0.04100011137368288;2.798764719120
0.043967643882950436 -0.0399169215158571;0.2597106058350
-0.4063821732729791 0.24346008296361618;3.3408985179013
-0.04762697691306761 -0.007536827233809967;0.19714812157065
0.49546599394890023 0.05276573295363176;3.105751398361
0.21310373484300266 -0.039994299611811175;1.5016325616018
-0.6357662976421272 0.09987861064057288;3.379337619948
-0.6358707313512528 -0.07361411986368044;3.3230591722375
-0.6462311492300818 0.06256517458320748;3.3011417057818
-0.6834777322696641 -0.05806177034003571;3.2649671476693
-0.806717921138925 0.06370601664884569;2.994155290474
-1.1235355683325157 -0.11830926467627571;3.6069862213153
-0.4074067814316322 0.2150355423188141;3.245385397778
-0.031434867052077486 -0.03697776672740505;0.199024031772
0.3280486304711222 0.2553982528415296;3.0833851890844
-0.1144793158463579 -0.038359451306264336;0.6897324763530
0.6612637085567379 0.15403089068223125;3.530187649603
0.6837508046744106 -0.07885324533221857;3.3049544504297
0.7981692549117754 0.07984048676179387;3.063807874636
1.0986068135407285 -0.13520623822717545;3.526163938580
0.4560636762522484 0.23890545253773207;3.48271658155
0.15633483295823436 0.005678635509573315;0.9804253257411
-0.7101542693226924 -0.019577822472541;3.1788858034889
-0.9039418210845197 0.026111219778841482;2.6474735670697
-1.1042405176332477 -0.07144585220198722;3.282845949481
-0.3951257131941909 0.16947947108493377;3.039981331102
0.03062139571682876 -0.07666041716960051;0.4060358391075
-0.23702266254308907 0.37078719153842443;3.186708180214
0.15219990026518498 0.08828711513393528;1.1691039821300
-0.6320068606515001 -0.25341038915390274;3.848543365598
-0.5538424533386425 -0.02416833461434753;3.203542415914
-0.39254116153767143 0.01933434434105972;2.687730763517
0.11108290352961941 -0.02107867251658331;0.6277665431374
-0.670125257947269 0.08879839742060995;3.340117431905
-0.7493797326478455 -0.08048135365472202;3.1946623238485
-0.9917485895101548 0.10929368230180277;2.9248964111599
-0.7787879400961076 -0.2558396610227408;3.8332623969500
-0.8753813146496561 0.04330729213246953;2.7426579867937
-1.147955945510099 -0.10693968739183929;3.732813447454
-0.3855453761841945 0.18958146672875897;3.071079395050
0.040040404087795134 -0.06894066639240021;0.38743906575635
-0.314096097770442 0.34348803080841106;3.369280781691
0.0588273118892888 0.08520102915008554;0.5585217105631
-0.3943919367552043 -0.3572343539517519;3.674455006086
-0.09266564179837972 -0.1425415885819739;1.1180561640377
0.4343877007612537 0.3795626312336368;3.845387982051
0.1724587645967487 0.18729340391426993;1.8944353771903
-0.45745977853391007 -0.27038016987560276;3.5869858488343
-0.17236075397892625 -0.044132389036915104;1.1705391172183
0.682603043818366 0.1320227775553052;3.449890152672
0.7610416868473565 -0.09366755155807588;3.204463064299
1.0107668101712217 0.12583658737910752;3.0604242028538
0.7061152731339536 -0.2687314230222315;3.9220530987497
0.7178686387503909 -0.018866394158879363;3.1634746104101
0.9282568388155134 0.025836752727459424;2.6107401597298
1.0360526283431057 -0.07367290764139742;2.904289696489
0.5967784792410147 0.19542030213170633;3.632976154866
0.4873622946514548 -0.029890579403243134;3.059927117613
0.18774969719653983 0.023855386859973078;1.262694250755
-0.6807813227214174 -0.06874795301611222;3.2873369576832
-0.7931125280463242 0.07101373547727746;3.053628320708
-1.0961004298275747 -0.1208531636460135;3.4373412992449
-0.44936387811510836 0.23345820194839523;3.44542788170
-0.13960831708393717 -0.0012860496683742562;0.8396086134070
0.7052101003640048 0.004498616849102125;3.1820399425734
0.8894517722117399 -0.00601764608619115;2.6622115021918
1.1359547896307078 0.015819672202848294;3.402707555877
0.33445889309697785 -0.03829483023470753;2.3863438685347
-0.29420957405690484 0.052088268038539304;2.1459376568019
0.41539974890300224 -0.08430690550253414;2.881471260502
-0.020015479128404123 0.06854885573753969;0.33253621359063
0.16711330926150558 -0.3633480979322373;2.8930762530742
-0.21019090729615147 -0.032131667627993854;1.4636603816585
0.642362984845666 0.08171177802717376;3.3380304718877
0.6642464280943631 -0.06775055364296083;3.300416231590
0.7402124171883968 0.06529610585039781;3.1795367695163
0.9764442539061065 -0.0896409688170496;2.8054632821715
0.8418068702778652 0.22692858569095375;3.6264286794996
0.9773259755621972 -0.13287446210796938;3.0275577424616
0.8300670186756065 0.2708557879508718;3.849393676443
0.9241287185011297 -0.05036351031020503;2.6640613504180
1.0422067810774318 0.1358252853943458;3.229968993532
0.5999145546378036 -0.26586169217553757;3.8559235517156
0.47672486519835944 -0.047953046655819065;3.045614086284
0.15727173438279707 0.03723802836590996;1.0287699272714
-0.6913127864451519 -0.12132077262341477;3.4092389595670
-0.7941920672989567 0.09756970115184356;3.13178607734
-1.0752509047505971 -0.14884077835630743;3.464415229751
-0.5175083384073124 0.2525707748384827;3.6790102389338
-0.29575024334121425 0.034010019101319816;2.128191006310
0.4183887446097635 -0.05651072266950828;2.8437862169885
-0.019539173512136354 0.05060398857810179;0.23007705663987
0.19045116638143247 -0.32120481506882015;2.7800827318168
-0.24373304178285796 0.03894814925454343;1.7477344878386
0.5640382846687608 -0.08321287392617198;3.2941003597926
0.42041663941436264 0.054258746581872644;2.849056971902
-0.013700750255063565 -0.04870242802821119;0.2099124891362
0.13911095628145298 0.32265151159724986;2.5821170590207
-0.24710755118391903 -0.07494786480783228;1.8598290304059
0.5268091143912894 0.14321849828726155;3.3707557887736
0.3102695802047617 -0.05374522027617909;2.2570789982770
-0.3630214922073429 0.07934665496440671;2.622340894165
0.18257435000078348 -0.08312822028629924;1.383358905882
-0.6278238446855511 0.2109214118542015;3.70854635635
-0.5615445151730857 -0.022629471231034842;3.213943023947
-0.41748203937943285 0.018040870376778012;2.8014579009700
0.0291535275718679 -0.017663484778694186;0.12710380851580
-0.3792560301445201 0.1542274365820861;2.920128868451
0.08241684898405416 -0.0896086309139357;0.7029757107215
-0.4892883183565821 0.3358296836169862;3.8585937833020
-0.2565976142255185 0.1390020351343672;2.1764974244011
0.4237155921049752 -0.18578511472035875;3.2041122264898
0.05562609718925038 0.052490444025362376;0.3662220134057
-0.43979044841615195 -0.27160478201632465;3.540888786962
-0.13741992060583436 -0.041177997667263294;0.8759209598676
0.6810556432501336 0.1455305721873351;3.4942558841666
0.7465087867977165 -0.08944700004865294;3.22565440077
0.9764645754076694 0.11389614886583588;2.9228195337080
0.8374462891334975 -0.257656741781012;3.781604217784
0.9419759205712157 0.078827927593422;2.7438907301104
0.973797664325784 -0.200991076421223;3.4362947017595
0.8257381834901669 0.2386422051495588;3.704399908447
0.9536069562848348 -0.1023700859865676;2.8465830271943
0.9242111402946994 0.24017273107586234;3.6363608154569
0.9162518051859245 -0.1624821775519495;3.1834171671778
0.9903829950244831 0.24902065637212162;3.7555210992003
0.7765911737289128 -0.16212370021244604;3.4283056564195
0.9737435787308667 0.14484753988225652;3.091971531559
0.8401369061137044 -0.2729808538426631;3.8501414163010
0.928536004780627 0.05229601309268472;2.664541595115
1.0278038986000517 -0.1411818456333074;3.203600749881
0.6507114865258186 0.27062501459704413;3.915498510438
0.590687100896695 0.04381019085827528;3.2633187685339
0.5083873407161571 -0.035364034406510536;3.120508321303
0.2534283327134534 0.02693885347510462;1.8068404272386
-0.5417787019037488 -0.05561804988626065;3.2138948252604
-0.35506212959405675 0.03990634245960005;2.509229677540
0.22448522630339168 -0.04879017640498594;1.6130427078499
-0.5988626460566693 0.11164301608800566;3.393521040033
-0.5192306069461976 -0.06459099569370642;3.1810721342367
-0.28702451109419025 0.04461090118914138;2.0823846378629
0.43757557971813554 -0.07552935523723593;2.9527478044359
0.04556224184660096 0.05829281686979758;0.3498139966197
-0.36856964392372454 -0.3053171602584645;3.4262613826298
-0.014806465090998422 -0.05741710197001976;0.2587944099518
0.13667591436938306 0.3422235732334701;2.679555265634
-0.22530318652788847 -0.032288207304107364;1.588786173839
0.6072772068652074 0.07570071509866956;3.321103437592
0.5550920315731176 -0.056510503765654904;3.237305366546
0.3961331955945353 0.04085092085787072;2.7233166476961
-0.09172973019517422 -0.04149685445857827;0.5356924789472
0.5997694513413381 0.18367617534885888;3.599391194586
0.4994026960062023 -0.0387690943437482;3.100688257712
0.22668033728773668 0.029518935381546083;1.5960707978494
-0.6051235624610032 -0.06931354545500563;3.3086783842170
-0.5496636176566656 0.052818276590239174;3.223830507156
-0.3796145139905164 -0.03862404864918753;2.6395253934691
0.14489160342403673 0.04210411049928539;0.9386123691735
-0.6810426487665864 -0.14330032831301026;3.486989604304
-0.7477061454758602 0.0894556422374464;3.223012261268
-0.9787762106169532 -0.11424203986944456;2.9278415133563
-0.8295778691262499 0.25734895358904053;3.7882087031727
-0.9366492994800665 -0.07321158966170033;2.7249565222193
-0.9940949350413004 0.1880054184542409;3.39178059297
-0.769343039964252 -0.25392773831479276;3.8339104025975
-0.8601059448008883 0.03790030307268122;2.774604080519
-1.1604964207772805 -0.089198000944336;3.7597521848751
-0.3778303583970697 0.16204158331922625;2.9406497326
0.07823986317894333 -0.08679895155060494;0.6633325649572
-0.47572885794884084 0.33454238451588725;3.823852626609
-0.23223232298787133 0.13526095544455952;1.9934543810945
0.476606219920115 -0.20945768727496855;3.4461740442268
0.19552220527158193 0.016760867531454393;1.321102825346
-0.6658817885418535 -0.046458926547387536;3.265413109875
-0.7521599526269349 0.04778443381493701;3.1170948535479
-1.0164147683801907 -0.07219525102083721;2.824953572534
-0.6789841295140724 0.19362460258082279;3.6602956244500
-0.7052607009935853 -0.058535872513809456;3.2350302771620
-0.8744653704040783 0.06911490227246822;2.8128027099205
-1.13249484228149 -0.15693891642662444;3.8591348551686
-0.4515863644668272 0.21002544877830975;3.375745918745
-0.13694436784712588 -0.02253899367551751;0.8341314710561
0.6899830291371125 0.08195300455462;3.304716372562
0.8148995544199373 -0.08243216562040269;3.0230933289394
1.116214440671968 0.1451671125833519;3.6904889209002
0.45013783983174105 -0.2248909763489798;3.419795288544
0.1403264434158727 0.008557078546161945;0.847847150834
-0.6970740225992795 -0.03126962176579813;3.2106168717064
-0.8577855691424108 0.0379815010394184;2.78153517944
-1.1608534387911988 -0.08865045044005791;3.7605809508726
-0.37856386937610076 0.16102263441030934;2.9403625693803
0.07614686547095922 -0.08663059498148709;0.6511396777564
-0.46657991250488134 0.3363507508600575;3.807020633099
-0.21660559791797093 0.13592788566389152;1.8873830262103
0.5012217504772633 -0.22656241997658305;3.5623715481772
0.25721630662884337 -0.004330965131309261;1.8213474950684
-0.53336238480527 0.008710820004068297;3.1613052338780
-0.33105319725525933 -0.006927509185758957;2.34181929089
0.3063757399062514 0.009690323378499741;2.181830410170
-0.38544822882105695 -0.015607615440747848;2.6508422618247
0.12855147665850836 0.01702382048935111;0.7590382693699
-0.6860418463226283 -0.06532001523140268;3.2747934306013
-0.8102741923009237 0.06897413388602269;2.997137082288
-1.1205024059855906 -0.12535452661536103;3.6194822182357
-0.4263565369180706 0.21753918712789702;3.3198894197403
-0.08228878069628837 -0.023845002444680907;0.4270576473865
0.5921314367281441 0.11678377487437477;3.400637581109
0.49861160673113863 -0.06300576911544636;3.1283565371758
0.22708815145079253 0.04425639934085045;1.624443822708
-0.5931905938670375 -0.1008821632818334;3.363509050544
-0.5056720833007843 0.06178035453383475;3.1447039493432
-0.2479271742900916 -0.04344629081819354;1.7886385128722
0.5444190785453247 0.08916017859610079;3.2748117101904
0.3629235910955976 -0.05427378530084731;2.573140611574
-0.19047848300629677 0.06131572038656964;1.3684067658162
0.6401611881829762 -0.16016953889304703;3.5498866227622
0.6199852733418932 0.064890942421369;3.306853606425
0.5982442138460135 -0.052764149447307146;3.2795947456363
0.5316974301317904 0.04186947744521591;3.1786097305939
0.3262984343561721 -0.03123349283022743;2.3276050880247
-0.31615301277431784 0.044155569482336884;2.2793093663116
0.3439197196328537 -0.06441247063614726;2.4849909795144
-0.24569506664054597 0.07735714536751996;1.856589194013
0.5214032898077534 -0.14678144817129934;3.369052462707
0.2979281518141461 0.051656025561702706;2.170647318257
-0.39660127775362986 -0.08117055957438535;2.7921637706129
0.0735981147198086 0.07135863215265317;0.5512896133490
-0.48274092467542384 -0.30311861582481103;3.750854264404
-0.23756487569228596 -0.09422959148821916;1.8537615887933
0.5208040643851541 0.17427642977262062;3.446943940266
0.2980669209240663 -0.03808271570974625;2.149604867264
-0.4028536663800649 0.06128569094480105;2.7831132500283
0.06198974051112788 -0.056916100200364056;0.4180618520852
-0.4582369219168155 0.27533181930162276;3.6045993709835
-0.17965016340068424 0.05245398577855015;1.2529920614837
0.6594650232312111 -0.14752584961000303;3.5098488971565
0.6822912010231169 0.0777168369025168;3.3040667673
0.7924196108774062 -0.0767824767724693;3.0714756331263
1.0868519436707873 0.12574879570398254;3.4054708282459
0.4787703969689212 -0.2388723470835253;3.5449125058165
0.21087380080720314 -0.013946684410928223;1.4486893979321
-0.6389848264555686 0.035563919788096865;3.2678514557411
-0.6660144724256221 -0.033846799953703904;3.2508785493067
-0.7552570397069471 0.035745365565563805;3.091238678728
-1.027997904445055 -0.05608927400432752;2.8124059498390
-0.6308624738737727 0.1560157435579741;3.5344695329075
-0.5957176467889241 -0.06355287787752076;3.2934032225777
-0.5217815865105345 0.04807788389810308;3.1645777325817
-0.2963788320344991 -0.03516909828244105;2.1340317738219
0.40865919675354156 0.057325966150861954;2.802862129964
-0.044580569997111796 -0.052661881480428094;0.3179967414584
0.3710069413362911 0.2866429172857236;3.3692330195455
0.00896468144648116 0.03333806701080366;0.1290843296670
-0.11561333147084958 -0.28467405409252516;2.2643680504807
0.2674433308421798 0.17272066455097596;2.403176134843
-0.3442945657637209 -0.16694416676503987;2.8012916482336
0.1605167398719553 0.1045020607887574;1.3129757968680
-0.5963163239890499 -0.26519160813771386;3.8495554456455
-0.4702261896865716 -0.04925485737062327;3.0267485248709
-0.14144944790479025 0.03795157362674144;0.9003899325134
0.6786805616153342 -0.13182467993905184;3.4520791830317
0.7485265947884877 0.08956824428555643;3.221492668423
0.9792898814953289 -0.11398502739751509;2.927246681960
0.8283423860064648 0.25542809753214385;3.7805825130442
0.9368083448033008 -0.07423693177560425;2.72863840808
0.9923082057415082 0.1889495218507578;3.393851734171
0.7759045178580162 -0.2506915532686002;3.8145264108984
0.8741320905297992 0.046017371718898414;2.7517075790542
1.143817598124444 -0.11051752617296362;3.7172878669773
0.4008047291130057 0.19163449154817763;3.1390319561396
0.006121144836940484 -0.05656632631473238;0.2448867123806
-0.05806397257667455 0.34348255993903776;2.4704462369609
0.12693445295678313 -0.06681934064337486;0.8814213783101
-0.6311269553665799 0.22842954281513322;3.7676306857191
-0.563021246939062 -0.0029465416503069997;3.2096591584220
-0.4241099787529711 0.0022703602833385305;2.8252929426586
0.004110534617841111 -0.002240441530554706;0.013824669256539
-0.2738045353182268 0.10124927379854039;2.139409414883
0.42190273025856484 -0.15027549210363111;3.0831618789718
0.03553771502092107 0.06969384689228025;0.37730485486844
-0.2774712789861527 -0.346611479773304;3.2454884462215
0.11078061441282483 -0.07252111991056559;0.7898434275471
-0.5946241117016906 0.26040642270384196;3.8329588327298
-0.4675272787716136 0.04370931501075709;3.0116084140370
-0.13304553320123375 -0.03443672552875289;0.8246012163767
0.6745139761712469 0.12473414984934282;3.433264473192
0.7408216925367215 -0.08788119188885628;3.233669630930
0.9599170647759437 0.10822933761633248;2.878030539161
0.9004405602043007 -0.2461787880826276;3.6738294942380
0.9415245282622784 0.13681636351990623;3.0261194977819
0.9461779887975804 -0.259585719700321;3.754274131306
0.8687470020636542 0.130803434060847;3.0814708873211
1.0821417024417632 -0.21707936383836207;3.8967585046572
0.5697001235993407 0.18779084448486355;3.5756827313075
0.4217998394396281 -0.029298560547347835;2.8271240922429
-0.008767942680006191 0.027045496142127486;0.10180698192743
0.12744955430136312 -0.2651375100347654;2.182624991882
-0.30375608182243985 0.20313172706505633;2.74594272931
0.21962914745781936 -0.1115308832785688;1.7917527510617
-0.5291425478373204 0.20739200552228249;3.564757605126
-0.32099190119640075 -0.010972838990926048;2.2791446921174
0.3347899019553092 0.016025704537053733;2.3684520292916
-0.2893408730866306 -0.022090783829001658;2.0705589051912
0.4323700128076412 0.037617982445364684;2.877879280418
0.025488736889064334 -0.03311627177594827;0.16415983072678
-0.28734480665599327 0.24790494920486988;2.8672546738598
0.19872564879424087 -0.0755483057059711;1.4830123776947
-0.6094062533136622 0.18013619868394193;3.596923043374
-0.5269188510817346 -0.04209071715128951;3.1690611483713
-0.31252830632247885 0.03080339859785121;2.238258779118
0.35731238814312904 -0.04647599075675882;2.5305302377820
-0.20843552375443508 0.05444919032908602;1.496078245507
0.6165519595127238 -0.1319427574484634;3.4578835529231
0.5654634506776011 0.0660094080640288;3.266086646083
0.42867454393243637 -0.04595999936572001;2.8721877750503
0.015905321532172778 0.03995363928566309;0.17019924170675
-0.17671510552156852 -0.29255016907522385;2.5677161235294
0.2791877907137744 0.10383169173447204;2.185124585859
-0.40304125644712074 -0.14747710854681184;3.0000407979580
0.016315962142187113 0.07764899072033365;0.3839268290870
-0.1271793847512586 -0.37890506584222516;2.83074278859
0.18668365920836413 -0.04827490488122327;1.3003376651414
-0.6517817662120555 0.13132010308558306;3.4619801989134
-0.6690197987170696 -0.07749243404056999;3.3159451408117
-0.7498980525032513 0.07125333684629132;3.1703629395511
-0.9949711022489675 -0.09796588009812887;2.8759644700606
-0.7704769983877486 0.23706196443397773;3.7627368665876
-0.8776758970453489 -0.061933974791520546;2.7831011296863
-1.1310308044752628 0.14336359143269323;3.7800686335004
-0.4428020070847386 -0.21148368820930552;3.353226844076
-0.11993682162795016 0.02235664157872816;0.6979571025728
0.6672577794990178 -0.08831899179739539;3.341103383171
0.7393776151697157 0.07631164022826745;3.2067121624442
0.9635119755486626 -0.09794425493705966;2.8304426491287
0.8910166381524675 0.23361273562997092;3.610423972680
0.9604540802216325 -0.1524199878805329;3.123237592851
0.8822754785090853 0.2660668510004238;3.786357810209
0.9370663326577346 -0.08826224266242189;2.7842916522670
0.9851124719704762 0.21241443417700018;3.525556529544
0.7952530811211538 -0.2209336333165613;3.661745516538
0.9358646102522145 0.10213535501467697;2.847088644596
0.9818793178055889 -0.23136541511981534;3.6350942207786
0.8011994366415673 0.19065312320458067;3.5118693030149
0.9790836732283204 -0.1412890098140001;3.0785732810896
0.8246826726486411 0.2695010313116111;3.8482680715260
0.919491557686368 -0.0456771367590002;2.6582164593994
1.0551565832004421 0.12116717210382022;3.2091478947698
0.5598549929092871 -0.2500069782300741;3.7513570319060
0.39184620200439585 -0.03471755383412464;2.696235051192
-0.10056387308168219 0.035498672648553956;0.579898928716
0.6204018542420302 -0.15110832216943415;3.515177972814
0.5687884332119695 0.06106519359444251;3.262912055721
0.4395137999943194 -0.04340571183468979;2.9119055373797
0.04941161699295976 0.036442028651606895;0.2715209090190
-0.43583095344648537 -0.2144128806818132;3.340609073283
-0.10537907220455311 0.021689239144941114;0.5858577860316
0.6427189454988567 -0.09254026156688927;3.361561072583
0.6606586072878285 0.06998005581663419;3.307032931828
0.7265865534565753 -0.06408391778417685;3.206368658665
0.9344363611863773 0.08073681004993788;2.7548667655945
0.9967418766451683 -0.19918326847773105;3.4674631863683
0.7638820423084324 0.23849633076698112;3.7754186462362
0.8639528503729429 -0.05498355951429523;2.8003857007313
1.1465778866940977 0.1242404708228951;3.7976931103290
0.41970986407611266 -0.195876768820314;3.2236707635437
0.057258439482921364 0.043840824921858534;0.33773033186928
-0.4585661004918084 -0.23336700871999083;3.4720466411290
-0.16581898392591876 -0.0046007862051543336;1.060571288268
0.6866295981909215 0.014376268217534415;3.2140374415091
0.825532906467523 -0.0169266620207762;2.85643480627
1.1573470665203016 0.03567920366148905;3.595803005436
0.35235286604398774 -0.07629828355872294;2.557776002517
-0.20747572600948616 0.08304611919830836;1.5802109428190
0.5833606870080447 -0.18453321893502778;3.5839869322084
0.4580675564362319 0.032913379527827885;2.9693273537466
0.10537074738718744 -0.026962523946334617;0.5952314162574
-0.6377642798573311 0.11341554312602206;3.4133024203567
-0.6360951260194786 -0.07283607188650873;3.3215826224477
-0.6469612277618492 0.05941750793550965;3.295764269672
-0.6859520050704435 -0.05356390358084728;3.254659871586
-0.8135135567689263 0.05790136162298096;2.9592032500991
-1.1285736655010714 -0.10895904309624888;3.6002889332553
-0.4119456331609742 0.19959409728378297;3.208364154841
-0.041193174242215636 -0.04402807392940808;0.2650494549033
0.3672851852835948 0.2596889205681684;3.25773115212
-0.016797817332703358 -0.0028692564503093876;0.055914267762
0.3568229608327333 0.041148918754801984;2.5206664360027
-0.20884561914923844 -0.0488430670697774;1.4854935961905
0.6154217148471608 0.11890119799922116;3.4221545135857
0.5672924357642031 -0.06659511202926119;3.269421170174
0.43478633316710086 0.04592520469511903;2.8964971586441
0.03663313008263874 -0.039048391285755865;0.2263475580570
-0.35122601913202706 0.24821765098481374;3.1512695064746
0.0611856466606418 -0.026690938508828477;0.3036580161159
-0.5086476348579136 0.14960645888692456;3.3478915384842
-0.26640448581545073 -0.04986427062750162;1.9419776604750
0.48204029279778504 0.09089834863094395;3.1320411748865
0.18504361811946068 -0.05587358384295968;1.307359165504
-0.6414608938449393 0.15002354913957647;3.518509060154
-0.628970992304833 -0.06821828110457123;3.3135564470106
-0.6257988388971978 0.05528778011325575;3.292904973010
-0.6190807109985931 -0.04672147071325006;3.280718733016
-0.5993691518203775 0.03949489325876858;3.2648512694727
-0.5376205455319949 -0.03223853885509596;3.181376464975
-0.346353762448562 0.02404408700573269;2.443180764800
0.24638001821328326 -0.030898219527284908;1.7564332325378
-0.5444947869711553 0.06443541076187098;3.2312802548917
-0.36626989497857143 -0.043789311524169136;2.575881529026
0.17720329236953725 0.049237610253126465;1.2239105141630
-0.653910731582342 -0.13973400160307992;3.4867784459487
-0.6704316855901153 0.07607826490273717;3.311867628605
-0.7545235684251986 -0.07068950077137168;3.1577543025669
-1.0057674816051574 0.09889343826486155;2.9069301510196
-0.7295216306286352 -0.23720314968867343;3.798175997842
-0.7934300304691213 0.03465157376406733;2.978609525488
-1.1096303888257548 -0.06340558991686193;3.2950378974650
-0.39991687211385696 0.14790559730798286;2.9884805463658
0.02163987857322547 -0.07829244371571539;0.3967036062542
-0.16492967802378727 0.37414441379468466;2.9343642115655
0.19309792982141583 0.05883090293239279;1.382387718327
-0.6278675887030839 -0.15098885132779497;3.5180931615710
-0.589984715730141 0.06299931127800923;3.2880919661153
-0.5048746295010749 -0.04632506613088966;3.1226615492232
-0.2481158992231267 0.03355598624367108;1.7738106894455
0.5378962757356435 -0.06934067573351109;3.226994568330
0.34691623242518393 0.045680178435549876;2.470345141543
-0.2369933877603993 -0.05620784746629004;1.7302447213683
0.5503929935424492 0.11691235293739893;3.346943591199
0.38050158044414506 -0.0564169921724017;2.6683224788231
-0.12686101955357854 0.057437236012646206;0.8441878049862
0.6352232655549959 -0.20138163483736748;3.6815286700961
0.5862851152340943 0.031046345773201534;3.2476088074051
0.4975631719218898 -0.024976309675225197;3.084948975116
0.22581893359284322 0.019092865753674956;1.577158520217
-0.5957380669583521 -0.04492457697574294;3.2683077148177
-0.5256620668254027 0.03555730986211128;3.160236274007
-0.3107000964844489 -0.02639601060263992;2.2216898512967
0.35801737820325746 0.039976074117737515;2.5258760216534
-0.2030557318478266 -0.04724100589869941;1.43392160862
0.623277143876108 0.11850838208407095;3.424240477860
0.5908807801883692 -0.06844916028239355;3.2975305968294
0.5070980139918938 0.04910668930250919;3.1314434809488
0.25560033963795886 -0.03536767530933321;1.8347831415576
-0.5164748833243538 0.0698927151153121;3.1831724458048
-0.283984360127714 -0.04607074399761217;2.0632447340413
0.4312532829337006 0.0773346382325046;2.9317754407745
0.03557268628793847 -0.05913576471674338;0.3178945004262
-0.29371643196517516 0.31649368329937855;3.190166395108
0.10703131178058412 0.03434958287895851;0.623929423058
-0.6302941549287431 -0.14130356542513983;3.490027187880
-0.6014068782555265 0.06693883612531479;3.3025888893420
-0.5397595330356894 -0.04985814254023993;3.202934016823
-0.3533150438141395 0.035474057271261725;2.4941581775843
0.21902885780184478 -0.043225104059535446;1.5567644180687
-0.5970887165024213 0.1010589910394776;3.3670726066501
-0.5186164945516036 -0.06109168061102491;3.1745031543583
-0.29025772105989506 0.04164451031170342;2.100446086623
0.41435827643470663 -0.0685299012692012;2.8462600062362
-0.01745748688539578 0.0578596809845808;0.2654978601294
0.15549854489994258 -0.335110122272008;2.7111216594147
-0.22830214209632144 0.030027763090320847;1.6100223137202
0.5850576860035064 -0.06875595079569824;3.29287651910
0.4893354432974588 0.04844772375937287;3.083468968584
0.20309926800425848 -0.035613238254454144;1.410287372545
-0.6299610198069191 0.09113961374070795;3.358993332494
-0.621420305502565 -0.0657652024887099;3.308580635436
-0.6026794255897173 0.05221749409346872;3.2815371518876
-0.5465649484851368 -0.0412728276265764;3.205497968578
-0.37441203344200624 0.030209357672707313;2.6041284692069
0.1522620927169428 -0.03366727141457826;0.9796494484480
-0.6726653402983916 0.11036456755660065;3.393268765171
-0.7430460952589637 -0.08460322559683195;3.219939050785
-0.9651463444661568 0.10559061936852743;2.8685088927991
-0.8841655558198529 -0.24122698124679331;3.6564105847451
-0.9574842469769986 0.13243567891546149;3.005555377515
-0.9007017414788715 -0.25943062816669576;3.7444969501870
-0.9304702509078027 0.10855458117610955;2.880795887711
-0.9936082733465845 -0.23396579653584992;3.673715405398
-0.7749038383216122 0.1829797717496739;3.5219746926753
-0.942389600660174 -0.12525570505380546;2.9624545182718
-0.9503195854630673 0.25119976673861544;3.7106128187676
-0.8661635321208365 -0.14463707591251784;3.1561536820051
-1.066448847733681 0.21368097179886242;3.801137059037
-0.6004913889754291 -0.1972615629248345;3.642555299902
-0.4991919162802069 0.02454240918084366;3.089021746326
-0.23149575646376302 -0.0187372561077118;1.6233795177137
0.5797609821527894 0.04231062428156384;3.251786891685
0.47654755680168337 -0.03235242730191804;3.0295101572050
0.1640892833011507 0.025008403593115403;1.0635533566427
-0.6737084661611007 -0.07848864828369159;3.3141156946677
-0.7631817764539935 0.07230024453666267;3.1397667128049
-1.0243425587441786 -0.10394837272222524;2.9901574724117
-0.6617590021404707 0.23950487250610913;3.8186751242102
-0.6327538065130152 0.002452956191837219;3.2520094779122
-0.6483657016839057 -0.002400717340965636;3.2468439747931
-0.6994611713855057 0.002289616224797757;3.1916254547143
-0.8658396580481427 -0.0029370154174170283;2.724097555545
-1.157595561849118 0.006946072062600798;3.570591530373
-0.3537651149939637 -0.015307035930046342;2.480680338913
0.21947313434255977 0.018808733351940256;1.5244264643240
-0.604422322041899 -0.045409209424942205;3.274048477993
-0.5532698155082814 0.036417162327997264;3.211817959913
-0.39541898543873333 -0.027105891123167684;2.7067493836681
0.08488720674631661 0.02735224755805344;0.4516546921021
-0.5820575872293952 -0.1291663103128098;3.422322694803
-0.4684981256313029 0.05760815548425313;3.032169897151
-0.1430129421100908 -0.042394540343381706;0.9241371527957
0.6600501383972872 0.14224273101498697;3.493177907475
0.6867374688916199 -0.07678236471705646;3.297077129497
0.8047373709608433 0.07560643781050971;3.0322412293671
1.1018637305400145 -0.1284641450420513;3.511926483951
0.4664147088685987 0.22593939546397898;3.470446684912
0.18427648999425217 0.000322808274438674;1.2176863244764
-0.6626801362468557 -0.0011239254956041025;3.237219204355
-0.7462680820625139 0.001081295146274099;3.0919954453925
-1.0053530879140196 -0.0017723393216697667;2.651526898435
-0.7295908217921659 0.005076209276047432;3.1328241405579
-0.9579245246107229 -0.007286105217270707;2.5821892687389
-0.930099498306881 0.021066964351199615;2.6029290669703
-1.0280469928316447 -0.05892257336894288;2.8212008909688
-0.6386232577391218 0.1597658004945353;3.548295785965
-0.6161383577516388 -0.061454064936289826;3.300412268003
-0.5871960056272817 0.04838410161944309;3.265674043690
-0.4990210907909427 -0.03689624813706796;3.0979406492914
-0.23230362951441147 0.02726657596109175;1.6389565973986
0.571994974987559 -0.061131023612022925;3.2669614663497
0.45105932860734843 0.04294295750784667;2.9542645386891
0.08964367207758334 -0.034613058081573264;0.5014677450827
-0.5851342536114017 0.15509109031765805;3.497932823798
-0.4710813969661012 -0.04979583002943211;3.0301454929778
-0.15025738041131853 0.03723377746318837;0.9707315875034
0.6646488694455852 -0.12227673204285766;3.4315504780641
0.7119823123889628 0.08139040795473226;3.27185855796
0.8787584218932016 -0.08846706689781189;2.870879054594
1.1079032549242114 0.18470429410654918;3.8537756758783
0.5158157914249503 -0.20410935201554684;3.526405258825
0.2931116820133656 0.01246532969197292;2.091047482976
-0.4095705402444015 -0.02091910039516621;2.7681625830558
0.0401397215130756 0.020052383044443275;0.17975122863626
-0.4213746165171124 -0.143349432423102;3.0600116983155
-0.037602775083675655 0.06932545368616405;0.3816114910098
0.28508813693198665 -0.337022450282989;3.237447005506
-0.0997867864846731 -0.06435075366176946;0.6772945872181
0.5681946486559226 0.2464188703669276;3.7537302043999
0.41322841853096537 0.03184726499010743;2.7923343033111
-0.027025515727036098 -0.0298037556340099;0.15643691669331
0.3049783398878913 0.22624649616055126;2.8545950848263
-0.17958874037934608 -0.08337548271162398;1.3607280723314
0.6045224094020707 0.20808279376376154;3.6806738512619
0.5066332395356362 -0.014789845020595771;3.1034158463742
0.2552711746910531 0.011160581495389624;1.8084289105971
-0.5184334579737822 -0.022658993476585104;3.135176777528
-0.2907697972798446 0.016873949758745944;2.076882720854
0.4157181472496155 -0.02846961421628576;2.8004354042073
-0.019483435089120205 0.026352708329175658;0.12109023536612
0.25178532628434674 -0.23074110078589175;2.6050218630237
-0.27820010159332714 0.12585720215401372;2.262050214650
0.3681803416430555 -0.15627949235926356;2.876770425291
-0.09602495963272734 0.08988105887166234;0.7841502024624
0.5148480148324162 -0.31088337028415747;3.84468518168
0.3061915042722809 -0.11280840186121602;2.3906596428511
-0.3074217485309768 0.12938230908596215;2.457802476726
0.28700886198561726 -0.13338669318782176;2.3486100670328
-0.33639187322558883 0.1502393915664409;2.6980134535621
0.1869412323093591 -0.1115627955270907;1.5473917215214
-0.5575849006309005 0.23760701282595376;3.7098431515018
-0.390277540228424 0.0225210904555829;2.6786055847520
0.0997786240419768 -0.023405807263347407;0.5476463448610
-0.619615355538074 0.10114315581077368;3.3796929932652
-0.5865057791734783 -0.06470757878769023;3.28770567257
-0.4949221931944418 0.04586653155399681;3.0960183073914
-0.2214784661341786 -0.033213593107997014;1.5588340904926
0.5914585993729533 0.07724944195892136;3.3133727915986
0.5080245525017417 -0.052365156780620314;3.1377178078399
0.2608941070931899 0.03646481791665279;1.8770577997967
-0.49472913394291745 -0.06953883927311913;3.1282029623762
-0.22287840905511164 0.045849167108833994;1.5936110078854
0.580628801252222 -0.10387479222040266;3.3581089864790
0.4705750705923837 0.05758718082444919;3.0388065841670
0.1510721670303553 -0.04186889404732487;0.9884722085371
-0.6597444092238158 0.13476989339630518;3.4703746102262
-0.6899317995817071 -0.07768064451189591;3.2952001628955
-0.8132894096156219 0.07681794875406112;3.0104991395723
-1.1104251122236928 -0.1337793877009816;3.594068814399
-0.4629390396433686 0.22048068743918872;3.4431007104065
-0.17589219762703467 -0.005263173809836874;1.1467375685072
0.6674791438579188 0.015517043482855764;3.2364761661995
0.7609436027254509 -0.016560210811512426;3.0575144333759
1.040961835055895 0.026456140843704068;2.8014049380649
0.5849478681390892 -0.07556211875560993;3.3044848739118
0.4887728749244525 0.05065798700502315;3.0845404466816
0.20430504830918622 -0.03642534214752763;1.4218310779351
-0.619928960455683 0.09168602422685834;3.358318222487
-0.590693204184788 -0.06246699085216084;3.2878638523041
-0.5082962150058917 0.0451298480799386;3.1298695021096
-0.2616783431558622 -0.03228929527303512;1.877135840587
0.493424422666948 0.06144946891274178;3.11209484099
0.21904572708364406 -0.04215968708491033;1.5547614824608
-0.5894063185294147 0.09771217678918132;3.353072294287
-0.4975884943875729 -0.058018710103233534;3.1184489794852
-0.2308843055420498 0.03998078623733116;1.6469220811333
0.5659035241757147 -0.08803786434537601;3.306079906926
0.43037512273234146 0.052852052983303185;2.8878989113418
0.031249990863442212 -0.04388791673261369;0.22817852036489
-0.2938731144257945 0.2730174751037663;3.0091665271426
0.14646055311763923 -0.030285059130893688;0.9250928270362
-0.6664076986103313 0.10171187748961746;3.3743725881778
-0.7282498810871761 -0.0789529675256603;3.2363800538274
-0.9261736144970025 0.0929601514516015;2.8118500002324
-1.0133925432066584 -0.21151569093507236;3.5869687382432
-0.7253924255764361 0.213493465184839;3.7092645301943
-0.8036758745979249 -0.05870912892349714;2.9913835216428
-1.10953930102928 0.10403940641395237;3.4462289917257
-0.4386409150377524 -0.20349909873800798;3.3135733986384
-0.11330250952516197 0.027762101311949533;0.6562879070057
0.6379666713233891 -0.11083841116158633;3.4066006837933
0.6380689479877057 0.07059809668000572;3.317207636971
0.6538790714346955 -0.05746629438365572;3.289503339660
0.708066255135287 0.05236165400505244;3.219818382849
0.8806309442567193 -0.06183223962918506;2.7755793500359
1.121970196037434 0.14168350882194586;3.710508961771
0.4611586847663439 -0.21251291437366443;3.4123446098182
0.16977222958031918 0.01294592911428491;1.0984904324524
-0.6681806044160927 -0.03979823074337164;3.2552393529934
-0.7585782746843885 0.040475197713399115;3.0888108997370
-1.0275268009873975 -0.06201741538452674;2.8290230372788
-0.6441370194340406 0.16559604142411802;3.56782361998
-0.6284851868192064 -0.05911615715530877;3.2986793699877
-0.6267617867992687 0.04847444931662798;3.2837445320567
-0.6237341187828026 -0.041111842204550275;3.2749206751693
-0.6154892468419798 0.035060617898759236;3.2675038323
-0.5901685873911331 -0.02968065515241128;3.249790514671
-0.5108819341293311 0.023491926066215862;3.117988728616
-0.26940127712528866 -0.017577129795048503;1.9207437899930
0.474331347667209 0.032564078131055954;3.022770644818
0.16086760540503275 -0.02514281227396166;1.0365915039549
-0.6664622750423469 0.07914990138568279;3.321371932969
-0.7393325958710855 -0.06964057987259886;3.1910985965989
-0.9623235582104165 0.08945652359909459;2.7911270889
-0.8997586765184895 -0.21615415605358937;3.5069526427214
-0.9666296111300181 0.17712652244119845;3.279203162815
-0.857699123748913 -0.2481276029470341;3.715018575912
-0.9552593072115892 0.09984555209088106;2.83507226606
-0.9210937856244454 -0.22870420864566096;3.5708122772287
-0.9292049066739492 0.1693558629172017;3.2173393214765
-0.9565011932724329 -0.2406036357859064;3.65527385144
-0.8593905550121086 0.16176948743809713;3.25804484705
-1.0476198409024478 -0.20093198219255506;3.6421712752270
-0.636903666536127 0.21794717579650505;3.736835772013
-0.5834301518717335 -0.011709604819209407;3.234534726840
-0.49085112505812856 0.009195303977300097;3.0597630646912
-0.20938253060540862 -0.007106354687153094;1.43255368899
0.6168229798629241 0.017674670761993083;3.255732924141
0.5964593547046559 -0.015360388365285499;3.2460449843646
0.5318826014695994 0.012439410088382348;3.1593585957362
0.33300235985042537 -0.009331774566290599;2.3545943594268
PointOptimal;ValeurOptimale
[ 0.33300236 -0.00933177];2.3545943594268053
Temps;Nb iteration
0.0973968505859375;1000