Point;Valeur
1.5275248148982818 -3.9383416848903767;-0.17497558827025
1.4851524544302055 -3.895969315824154;-0.1845442044811
1.5070830384395135 -3.918330296149242;-0.18438946261379
1.484056869688167 -3.89518136867201;-0.18432597132454
1.5073270713043772 -3.918882784728042;-0.18426870693478
1.4836504764211988 -3.895064627277916;-0.1842744870069
1.5071906659781587 -3.9190330285873167;-0.18425002393539
1.4834287789939735 -3.8951203321047436;-0.18426898934343
1.506995957129551 -3.9191149871412287;-0.18424866641525
1.48323184637808 -3.8951948991200935;-0.1842689074437
1.5067981643221269 -3.919189769235917;-0.18424890957209
1.4830383159932865 -3.8952703307223433;-0.1842692413501
1.506601158481724 -3.9192636692850638;-0.18424926161188
1.482845621168814 -3.895345548655826;-0.1842695973327
1.506404621810414 -3.9193373531528084;-0.18424961832064
1.4826532309069076 -3.8954206347256046;-0.1842699523258
1.5062082888597443 -3.9194109508299113;-0.18424997435027
1.4824609667229316 -3.8954956565247985;-0.18427030625647
1.5060120449864636 -3.9194845053770995;-0.18425032989738
1.482268759719622 -3.895570643107146;-0.18427065966400
1.505815844131826 -3.9195580333707163;-0.18425068517948
1.482076582690874 -3.8956456061299214;-0.1842710127967
1.5056196680072156 -3.919631541353763;-0.18425104029053
1.4818844248625174 -3.8957205502216565;-0.18427136575500
1.5054235093678405 -3.919705031919118;-0.18425139526781
1.4816922819699667 -3.89579547721637;-0.18427171857878
1.5052273653463604 -3.9197785060933468;-0.18425175012634
1.4815001523258884 -3.8958703878418826;-0.18427207128395
1.505031234807781 -3.919851964284704;-0.1842521048720
1.4813080352640615 -3.895945282387471;-0.18427242387685
1.5048351173048935 -3.919925406655991;-0.18425245950708
1.4811159305206953 -3.896020160968812;-0.18427277635994
1.504639012661168 -3.919998833273001;-0.184252814032
1.4809238379930587 -3.896095023632947;-0.18427312873423
1.5044429208090133 -3.92007224416271;-0.18425316844868
1.4807317576428296 -3.8961698703994596;-0.18427348100018
1.5042468417220163 -3.9201456393368135;-0.1842535227558
1.4805396894549792 -3.896244701277346;-0.18427383315794
1.5040507753910493 -3.9202190188018045;-0.1842538769539
1.4803476334249923 -3.8963195162716002;-0.18427418520762
1.5038547218146159 -3.920292382560777;-0.18425423104312
1.4801555895531184 -3.8963943153848426;-0.18427453714926
1.5036586809927193 -3.9203657306160684;-0.18425458502345
1.4799635578403372 -3.8964690986194457;-0.1842748889828
1.503462652926691 -3.920439062970432;-0.18425493889488
1.4797715382878882 -3.896543865978071;-0.18427524070857
1.5032666376186237 -3.920512379625431;-0.18425529265749
1.4795795308982829 -3.8966186174618884;-0.1842755923262
1.5030706350699716 -3.920585680583506;-0.1842556463112
1.4793875356733948 -3.896693353073539;-0.18427594383611
1.5028746452837898 -3.9206589658462043;-0.1842559998563
1.479195552615601 -3.8967680728145786;-0.18427629523806
1.5026786682615147 -3.9207322354158927;-0.18425635329254
1.4790035817265546 -3.8968427766868845;-0.18427664653211
1.5024827040053887 -3.9208054892939086;-0.1842567066201
1.478811623008874 -3.896917464692552;-0.18427699771836
1.502286752517654 -3.9208787274830943;-0.1842570598389
1.4786196764650088 -3.8969921368333673;-0.18427734879682
1.5020908138008944 -3.920951949984306;-0.18425741294912
1.4784277420966851 -3.8970667931112506;-0.18427769976750
1.5018948878561111 -3.9210251568004075;-0.18425776595066
1.4782358199059003 -3.89714143352825;-0.18427805063043
1.501698974686687 -3.9210983479326917;-0.1842581188436
1.4780439098953408 -3.8972160580862214;-0.18427840138567
1.501503074293505 -3.9211715233838045;-0.18425847162794
1.4778520120664407 -3.8972906667870153;-0.18427875203319
1.5013071866796672 -3.9212446831552996;-0.18425882430370
1.4776601264219986 -3.897365259632573;-0.18427910257306
1.5011113118475365 -3.9213178272487323;-0.18425917687097
1.4774682529645833 -3.897439836624596;-0.1842794530052
1.500915449798619 -3.921390955666444;-0.18425952932975
1.477276391695856 -3.897514397765332;-0.18427980332995
1.500719600535106 -3.9214640684103825;-0.18425988168006
1.477084542617543 -3.897588943056656;-0.18428015354702
1.50052376405908 -3.9215371654825835;-0.18426023392192
1.4768927057321566 -3.8976634725003567;-0.18428050365652
1.5003279403721053 -3.9216102468850167;-0.18426058605539
1.4767008810415283 -3.897737986098595;-0.18428085365852
1.5001321294776824 -3.9216833126193915;-0.18426093808045
1.4765090685486297 -3.8978124838528747;-0.1842812035530
1.49993633137698 -3.9217563626876126;-0.1842612899972
1.4763172682551786 -3.8978869657654016;-0.18428155334006
1.4997405460724735 -3.921829397092044;-0.18426164180558
1.4761254801630153 -3.897961431838029;-0.1842819030196
1.49954477356676 -3.921902415834154;-0.1842619935056
1.4759337042754443 -3.8980358820723717;-0.18428225259182
1.4993490138615713 -3.9219754189160225;-0.18426234509746
1.475741940593905 -3.8981103164707003;-0.1842826020566
1.4991532669583048 -3.9220484063399703;-0.1842626965810
1.475550189119949 -3.898184735035001;-0.1842829514140
1.4989575328600668 -3.922121378107424;-0.18426304795638
1.4753584498566041 -3.898259137767021;-0.18428330066423
1.4987618115685377 -3.9221943342204857;-0.18426339922357
1.4751667228054246 -3.8983335246686375;-0.1842836498070
1.4985661030859712 -3.9222672746812153;-0.18426375038259
1.4749750079690382 -3.8984078957418373;-0.18428399884260
1.4983704074142736 -3.922340199491562;-0.18426410143349
1.474783305349617 -3.8984822509884984;-0.1842843477709
1.4981747245554082 -3.922413108653629;-0.18426445237628
1.4745916149482683 -3.898556590410958;-0.1842846965920
1.4979790545112353 -3.9224860021694985;-0.18426480321098
1.4743999367676197 -3.8986309140107216;-0.1842850453059
1.4977833972846308 -3.9225588800404876;-0.1842651539376
1.474208270810527 -3.898705221789691;-0.18428539391269
1.4975877528775587 -3.9226317422688317;-0.18426550455637
1.4740166170789393 -3.8987795137498322;-0.1842857424123
1.4973921212924983 -3.9227045888567216;-0.18426585506700
1.4738249755747563 -3.8988537898929567;-0.1842860908048
1.4971965025310234 -3.922777419805606;-0.18426620546974
1.473633346300491 -3.898928050221229;-0.1842864390902
1.4970008965956665 -3.922850235117939;-0.18426655576449
1.4734417292581525 -3.8990022947362872;-0.18428678726866
1.4968053034877693 -3.9229230347953874;-0.1842669059514
1.4732501244492953 -3.899076523440514;-0.18428713534006
1.4966097232101565 -3.9229958188399707;-0.18426725603041
1.4730585318768346 -3.8991507363352196;-0.18428748330442
1.4964141557645656 -3.9230685872537916;-0.18426760600157
1.4728669515426065 -3.899224933422787;-0.1842878311618
1.4962186011537058 -3.923141340038476;-0.18426795586492
1.472675383449188 -3.899299114704811;-0.18428817891233
1.4960230593796588 -3.923214077196062;-0.18426830562047
1.4724838275982521 -3.899373280183369;-0.18428852655590
1.4958275304441133 -3.9232867987285696;-0.1842686552682
1.4722922839922015 -3.8994474298602975;-0.18428887409258
1.4956320143492623 -3.923359504638103;-0.18426900480831
1.472100752633045 -3.899521563737629;-0.1842892215224
1.495436511096504 -3.9234321949264186;-0.1842693542407
1.471909233522505 -3.899595681817464;-0.18428956884542
1.4952410206890046 -3.923504869595863;-0.1842697035653
1.4717177266627712 -3.89966978410155;-0.18428991606162
1.495045543128341 -3.9235775286478867;-0.18427005278239
1.4715262320567526 -3.8997438705917036;-0.18429026317105
1.4948500784169305 -3.923650172084705;-0.1842704018917
1.471334749706177 -3.8998179412900242;-0.1842906101737
1.4946546265568594 -3.923722799907967;-0.18427075089362
1.4711432796133945 -3.899891996198219;-0.18429095706975
1.494459187550096 -3.9237954121201497;-0.1842710997878
1.4709518217802457 -3.899966035318276;-0.184291303859
1.4942637613986687 -3.9238680087227693;-0.18427144857457
1.470760376208911 -3.9000400586523414;-0.18429165054167
1.4940683481050032 -3.923940589717847;-0.18427179725378
1.4705689429019668 -3.9001140662020335;-0.18429199711769
1.4938729476714103 -3.924013155107467;-0.1842721458254
1.4703775218612016 -3.9001880579692996;-0.18429234358708
1.4936775600992938 -3.9240857048933875;-0.18427249428978
1.4701861130887357 -3.9002620339561096;-0.1842926899498
1.4934821853907345 -3.924158239077847;-0.18427284264665
1.4699947165864666 -3.9003359941648497;-0.18429303620618
1.4932868235482177 -3.9242307576626705;-0.18427319089612
1.4698033323564674 -3.90040993859692;-0.1842933823559
1.4930914745738324 -3.924303260649899;-0.1842735390382
1.469611960401428 -3.9004838672543336;-0.18429372839916
1.4928961384701172 -3.9243757480412915;-0.18427388707294
1.469420600723925 -3.900557780138952;-0.18429407433598
1.4927008152385828 -3.924448219838781;-0.18427423500040
1.469229253325121 -3.900631677252658;-0.18429442016630
1.4925055048816616 -3.924520676044476;-0.18427458282055
1.4690379182073723 -3.900705558597751;-0.18429476589025
1.492310207400413 -3.924593116660595;-0.18427493053346
1.468846595372627 -3.9007794241760476;-0.1842951115078
1.4921149227984032 -3.924665541688483;-0.1842752781391
1.4686552848238659 -3.900853273989104;-0.18429545701903
1.4919196510774324 -3.9247379511305094;-0.18427562563762
1.46846398656265 -3.900927108039021;-0.1842958024238
1.491724392239019 -3.924810344988456;-0.18427597302895
1.4682727005911027 -3.9010009263280123;-0.18429614772250
1.4915291462861042 -3.924882723264302;-0.1842763203131
1.4680814269116385 -3.9010747288574796;-0.184296492914
1.491333913219405 -3.9249550859601126;-0.18427666749019
1.4678901655254721 -3.9011485156299637;-0.18429683800085
1.4911386930418657 -3.925027433077954;-0.18427701456017
1.4676989164355827 -3.9012222866470863;-0.1842971829807
1.4909434857561994 -3.9250997646193033;-0.18427736152310
1.4675076796446647 -3.9012960419104474;-0.18429752785435
1.490748291364148 -3.9251720805865755;-0.18427770837895
1.4673164551537718 -3.901369781422325;-0.18429787262183
1.4905531098661484 -3.925244380981902;-0.18427805512785
1.4671252429646822 -3.9014435051850413;-0.18429821728320
1.4903579412663401 -3.9253166658068266;-0.18427840176975
1.4669340430807778 -3.901517213199825;-0.1842985618384
1.4901627855664104 -3.925388935063197;-0.18427874830472
1.4667428555039013 -3.9015909054688245;-0.1842989062876
1.4899676427682753 -3.9254611887531676;-0.18427909473278
1.4665516802358975 -3.9016645819940563;-0.1842992506307
1.4897725128735666 -3.9255334268789595;-0.18427944105392
1.466360517278441 -3.9017382427775145;-0.18429959486786
1.4895773958849459 -3.925605649441919;-0.18427978726827
1.4661693666347924 -3.9018118878208456;-0.18429993899897
1.4893822918046664 -3.9256778564445503;-0.18428013337572
1.465978228306121 -3.9018855171262405;-0.1843002830241
1.4891872006343099 -3.9257500478886374;-0.1842804793763
1.4657871022946685 -3.901959130695564;-0.1843006269433
1.4889921223755063 -3.9258222237762483;-0.18428082527030
1.4655959886025587 -3.902032728530899;-0.18430097075660
1.4887970570313698 -3.9258943841091893;-0.18428117105
1.4654048872321535 -3.9021063106338034;-0.18430131446397
1.4886020046037065 -3.925966528889616;-0.18428151673783
1.4652137981859192 -3.9021798770063603;-0.1843016580655
1.4884069650940293 -3.9260386581190065;-0.18428186231163
1.4650227214654135 -3.9022534276507868;-0.18430200156
1.4882119385049979 -3.9261107717999337;-0.18428220777870
1.4648316570727147 -3.902326962568837;-0.18430234495118
1.4880169248392785 -3.926182869933854;-0.18428255313912
1.4646406050105811 -3.902400481762026;-0.1843026882353
1.4878219240978168 -3.926254952523032;-0.184282898392
1.464449565280794 -3.9024739852327657;-0.18430303141370
1.48762693628367 -3.926327019569167;-0.18428324354021
1.4642585378856021 -3.90254747298266;-0.18430337448636
1.4874319613977294 -3.926399071074546;-0.18428358858094
1.4640675228263378 -3.9026209450142098;-0.18430371745336
1.487236999443402 -3.92647110704124;-0.1842839335150
1.463876520106159 -3.9026944013286657;-0.1843040603146
1.4870420504220336 -3.9265431274707487;-0.18428427834271
1.4636855297263442 -3.9027678419283554;-0.18430440307033
1.4868471143358897 -3.926615132365056;-0.18428462306393
1.4634945516898736 -3.902841266815036;-0.18430474572040
1.4866521911862536 -3.9266871217265824;-0.18428496767872
1.463303585997852 -3.9029146759910334;-0.18430508826490
1.4864572809762469 -3.926759095556721;-0.18428531218712
1.4631126326530974 -3.902988069457777;-0.1843054307038
1.486262383707389 -3.926831053858175;-0.1842856565890
1.4629216916574548 -3.903061447217482;-0.18430577303724
1.4860674993824 -3.9269029966323163;-0.1842860008846
1.4627307630137938 -3.903134809271819;-0.18430611526517
1.485872628002737 -3.92697492388115;-0.18428634507399
1.4625398467226598 -3.9032081556232257;-0.1843064573876
1.485677769571246 -3.9270468356068142;-0.1842866891569
1.4623489427878336 -3.903281486272779;-0.18430679940457
1.4854829240889242 -3.9271187318110283;-0.18428703313371
1.4621580512105306 -3.903354801223378;-0.18430714131619
1.485288091558949 -3.9271906124961284;-0.18428737700415
1.4619671719930052 -3.9034281004761655;-0.18430748312235
1.4850932719825591 -3.9272624776635507;-0.18428772076845
1.4617763051375547 -3.9035013840335586;-0.18430782482318
1.4848984653622417 -3.92733432731574;-0.18428806442654
1.4615854506463117 -3.903574651897293;-0.18430816641869
1.4847036716992865 -3.927406161454789;-0.18428840797845
1.4613946085204426 -3.9036479040696968;-0.1843085079088
1.4845088909970499 -3.927477980082225;-0.1842887514242
1.4612037787632233 -3.9037211405521126;-0.18430884929380
1.484314123257051 -3.927549783200032;-0.18428909476392
1.4610129613763867 -3.9037943613467827;-0.18430919057346
1.4841193684812104 -3.9276215708102398;-0.18428943799755
1.4608221563626282 -3.9038675664553995;-0.1843095317479
1.4839246266714983 -3.927693342915095;-0.18428978112511
1.4606313637226649 -3.9039407558803356;-0.18430987281716
1.4837298978300169 -3.9277650995164968;-0.1842901241466
1.460440583458976 -3.9040139296234604;-0.1843102137812
1.48353518195909 -3.9278368406157753;-0.18429046706227
1.4602498155747696 -3.904087087686294;-0.1843105546401
1.4833404790605154 -3.927908566216075;-0.1842908098718
1.4600590600708743 -3.904160230071185;-0.18431089539400
1.4831457891368514 -3.9279802763181566;-0.18429115257550
1.4598683169506177 -3.9042333567796543;-0.18431123604274
1.4829511121900714 -3.9280519709247512;-0.18429149517321
1.4596775862151146 -3.9043064678139654;-0.1843115765864
1.4827564482213014 -3.9281236500374725;-0.18429183766512
1.459486867866776 -3.9043795631761204;-0.18431191702507
1.4825617972334875 -3.928195313658505;-0.18429218005115
1.4592961619077967 -3.9044526428679895;-0.18431225735875
1.4823671592292988 -3.928266961789508;-0.18429252233134
1.4591054683405447 -3.904525706890982;-0.18431259758740
1.4821725342098009 -3.928338594432882;-0.1842928645057
1.4589147871667523 -3.904598755247758;-0.1843129377111
1.4819779221767415 -3.9284102115903976;-0.18429320657434
1.458724118387929 -3.9046717879400563;-0.18431327772993
1.4817833231331923 -3.928481813263779;-0.18429354853724
1.4585334620071246 -3.904744804969639;-0.1843136176438
1.4815887370802718 -3.9285533994553643;-0.18429389039443
1.4583428180257876 -3.904817806338749;-0.1843139574528
1.4813941640207626 -3.9286249701666165;-0.18429423214599
1.4581521864473013 -3.904890792048908;-0.1843142971571
1.481199603956693 -3.9286965254001363;-0.18429457379183
1.4579615672722146 -3.9049637621023594;-0.1843146367565
1.4810050568903987 -3.9287680651574517;-0.18429491533203
1.457770960503634 -3.9050367165007107;-0.18431497625113
1.4808105228229977 -3.928839589440551;-0.18429525676670
1.4575803661433455 -3.9051096552462736;-0.18431531564102
1.480616001757555 -3.9289110982515774;-0.18429559809574
1.4573897841934917 -3.905182578340634;-0.18431565492614
1.4804214936954818 -3.928982591592671;-0.1842959393192
1.457199214655585 -3.9052554857861903;-0.18431599410657
1.4802269986385905 -3.929054069465384;-0.18429628043724
1.4570086575321 -3.9053283775847283;-0.18431633318235
1.4800325165898909 -3.9291255318718163;-0.18429662144974
1.4568181128258015 -3.905401253737813;-0.18431667215346
1.4798380475505013 -3.9291969788144585;-0.18429696235673
1.456627580537235 -3.9054741142478853;-0.184317011019
1.479643591522641 -3.929268410294338;-0.1842973031583
1.4564370606701817 -3.9055469591165353;-0.184317349781
1.479449148508508 -3.9293398263142105;-0.18429764385459
1.456246553225586 -3.9056197883461836;-0.18431768843922
1.4792547185102052 -3.929411226875717;-0.1842979844454
1.4560560582058155 -3.9056926019382434;-0.184318026992
1.4790603015303467 -3.9294826119809114;-0.1842983249308
1.45586557561341 -3.905765399894674;-0.18431836544031
1.4788658975697664 -3.929553981631609;-0.18429866531106
1.4556751054498733 -3.9058381822178334;-0.1843187037841
1.4786715066312466 -3.9296253358297806;-0.18429900558597
1.4554846477180825 -3.9059109489092005;-0.18431904202352
1.478477128717798 -3.9296966745775683;-0.18429934575554
1.4552942024195041 -3.9059836999708892;-0.1843193801584
1.4782827638298643 -3.929767997876853;-0.18429968581991
1.4551037695562683 -3.9060564354048397;-0.18431971818897
1.4780884119702253 -3.9298393057296486;-0.18430002577906
1.454913349130516 -3.9061291552131903;-0.18432005611515
1.477894073140865 -3.9299105981378153;-0.18430036563305
1.454722941144612 -3.9062018593976617;-0.18432039393700
1.4776997473439355 -3.9299818751031257;-0.18430070538193
1.454532545600412 -3.9062745479602836;-0.18432073165453
1.477505434580847 -3.9300531366282723;-0.18430104502563
1.4543421624997093 -3.9063472209030166;-0.18432106926777
1.477311134855017 -3.9301243827146988;-0.18430138456419
1.4541517918451088 -3.9064198782274944;-0.1843214067767
1.4771168481665378 -3.9301956133645715;-0.18430172399774
1.4539614336378284 -3.906492519936383;-0.18432174418146
1.4769225745189973 -3.930266828579666;-0.18430206332624
1.4537710878809813 -3.906565146030877;-0.1843220814819
1.4767283139134588 -3.9303380283621907;-0.1843024025497
1.4535807545760742 -3.906637756513378;-0.1843224186783
1.4765340663530522 -3.930409212713681;-0.18430274166825
1.4533904337253125 -3.9067103513855;-0.18432275577051
1.4763398318396526 -3.930480381636654;-0.18430308068174
1.4532001253312912 -3.9067829306492494;-0.18432309275857
1.4761456103748956 -3.930551535132467;-0.18430341959038
1.4530098293958607 -3.9068554943066784;-0.18432342964256
1.4759514019606474 -3.9306226732036182;-0.18430375839409
1.452819545920592 -3.9069280423597292;-0.18432376642245
1.4757572065995843 -3.9306937958520347;-0.18430409709288
1.4526292749080856 -3.907000574810212;-0.18432410309830
1.4755630242927713 -3.9307649030794027;-0.18430443568689
1.4524390163599068 -3.9070730916605307;-0.18432443967018
1.4753688550432826 -3.930835994887762;-0.18430477417608
1.4522487702785445 -3.9071455929120362;-0.18432477613803
1.475174698852416 -3.9309070712795204;-0.18430511256042
1.4520585366659076 -3.9072180785670207;-0.18432511250193
1.4749805557230729 -3.930978132255972;-0.18430545084004
1.4518683155244263 -3.907290548627209;-0.18432544876190
1.4747864256560321 -3.931049177819549;-0.1843057890149
1.4516781068555513 -3.9073630030947863;-0.1843257849179
1.4745923086541963 -3.9311202079722465;-0.18430612708510
1.451487910661883 -3.907435441971563;-0.18432612097016
1.4743982047198374 -3.9311912227156203;-0.1843064650506
1.4512977269452254 -3.90750786525944;-0.18432645691849
1.4742041138536797 -3.9312622220522573;-0.18430680291146
1.4511075557073698 -3.90758027296069;-0.18432679276302
1.474010036059486 -3.9313332059838455;-0.18430714066763
1.4509173969511513 -3.9076526650767067;-0.18432712850372
1.4738159713381522 -3.9314041745119197;-0.18430747831930
1.450727250678362 -3.907725041609876;-0.18432746414069
1.4736219196923492 -3.931475127639112;-0.18430781586633
1.4505371168908643 -3.9077974025617896;-0.184327799673
1.473427881124125 -3.93154606536711;-0.18430815330880
1.4503469955913695 -3.907869747934611;-0.18432813510339
1.4732338556349434 -3.9316169876974936;-0.18430849064686
1.4501568867810488 -3.907942077730309;-0.18432847042920
1.4730398432265048 -3.9316878946332894;-0.1843088278803
1.4499667904614768 -3.908014391951024;-0.18432880565132
1.4728458439020078 -3.9317587861758354;-0.18430916500937
1.4497767066365654 -3.9080866905983065;-0.18432914076986
1.4726518576630274 -3.9318296623266247;-0.18430950203403
1.4495866353073146 -3.908158973674235;-0.1843294757847
1.4724578845116685 -3.931900523088508;-0.18430983895421
1.4493965764757573 -3.9082312411807743;-0.18432981069610
1.4722639244491147 -3.93197136846289;-0.18431017577009
1.4492065301439727 -3.908303493120048;-0.18433014550390
1.4720699774781523 -3.932042198452163;-0.1843105124815
1.4490164963139378 -3.9083757294938914;-0.18433048020816
1.4718760436003688 -3.9321130130581055;-0.1843108490887
1.4488264749876238 -3.908447950304251;-0.1843308148089
1.471682122818614 -3.9321838122826924;-0.18431118559165
1.448636466167862 -3.908520155553029;-0.18433114930624
1.4714882151344701 -3.9322545961276143;-0.18431152199030
1.4484464698564496 -3.90859234524215;-0.18433148370013
1.4712943205500373 -3.932325364595177;-0.1843118582847
1.4482564860550207 -3.908664519373451;-0.18433181799056
1.4711004390668463 -3.9323961176875732;-0.1843121944748
1.4480665147657727 -3.9087366779491624;-0.1843321521776
1.4709065706877447 -3.9324668554062328;-0.184312530560
1.4478765559910263 -3.9088088209710796;-0.18433248626133
1.4707127154132822 -3.9325375777535485;-0.18431286654279
1.447686609732061 -3.9088809484414133;-0.18433282024171
1.4705188732471715 -3.932608284731454;-0.1843132024205
1.4474966759918868 -3.908953060361781;-0.184333154118
1.470325044190768 -3.9326789763418155;-0.18431353819414
1.4473067547719625 -3.9090251567341516;-0.1843334878925
1.4701312282454864 -3.932749652586763;-0.184313873863
1.4471168460742012 -3.909097237560891;-0.18433382156311
1.469937425414176 -3.932820313468297;-0.18431420942922
1.4469269499012078 -3.9091693028436616;-0.1843341551304
1.469743635698767 -3.932890958988087;-0.18431454489073
1.4467370662551826 -3.9092413525840155;-0.18433448859457
1.469549859101072 -3.9329615891482423;-0.1843148802482
1.4465471951380398 -3.9093133867844068;-0.18433482195554
1.469356095623654 -3.933032203950675;-0.1843152155018
1.446357336551702 -3.9093854054464985;-0.1843351552133
1.4691623452679299 -3.933102803397429;-0.18431555065149
1.4461674904981416 -3.9094574085726355;-0.18433548836809
1.468968608035829 -3.933173387490702;-0.18431588569722
1.4459776569792187 -3.9095293961643702;-0.1843358214196
1.4687748839296866 -3.9332439562323187;-0.1843162206390
1.445787835997649 -3.9096013682238935;-0.18433615436828
1.468581172951429 -3.9333145096239726;-0.1843165554771
1.4455980275550073 -3.9096733247530238;-0.18433648721382
1.4683874751031625 -3.9333850476683874;-0.18431689021128
1.4454082316531014 -3.909745265753862;-0.18433681995635
1.4681937903869955 -3.933455570366731;-0.18431722484168
1.4452184482948747 -3.9098171912279422;-0.18433715259588
1.4680001188043343 -3.9335260777212677;-0.18431755936836
1.445028677481442 -3.909889101177874;-0.1843374851324
1.467806460358611 -3.933596569733934;-0.1843178937912
1.4448389192160993 -3.909960995604969;-0.1843378175661
1.4676128150504297 -3.933667046406927;-0.1843182281104
1.4446491734998432 -3.9100328745115736;-0.1843381498970
1.4674191828825291 -3.933737507741899;-0.18431856232598
1.4444594403350537 -3.9101047378993963;-0.18433848212491
1.4672255638568426 -3.9338079537410264;-0.18431889643785
1.4442697197234244 -3.910176585770696;-0.1843388142500
1.4670319579749602 -3.9338783844065968;-0.18431923044605
1.4440800116674972 -3.9102484181271797;-0.18433914627227
1.4668383652394423 -3.9339487997400413;-0.18431956435069
1.4438903161687402 -3.9103202349708224;-0.1843394781917
1.466644785651421 -3.934019199743933;-0.18431989815173
1.4437006332295228 -3.9103920363039255;-0.18433981000846
1.466451219213399 -3.9340895844197927;-0.18432023184925
1.4435109628518223 -3.910463822128024;-0.1843401417224
1.466257665928405 -3.9341599537694036;-0.18432056544326
1.4433213050390452 -3.9105355924450698;-0.18434047333376
1.4660641257968081 -3.934230307795098;-0.18432089893382
1.4431316597908779 -3.9106073472572564;-0.18434080484236
1.465870598821127 -3.9343006464992083;-0.1843212323208
1.4429420271101034 -3.9106790865665566;-0.18434113624830
1.4656770850038139 -3.9343709698832106;-0.18432156560449
1.442752406999839 -3.910750810374813;-0.18434146755166
1.4654835843468523 -3.934441277948978;-0.18432189878473
1.4425627994612624 -3.910822518683848;-0.1843417987523
1.4652900968517764 -3.9345115706989087;-0.18432223186159
1.4423732044966338 -3.9108942114959633;-0.1843421298506
1.4650966225212658 -3.934581848134809;-0.18432256483507
1.4421836221083892 -3.9109658888124743;-0.18434246084621
1.4649031613565606 -3.934652110258398;-0.18432289770530
1.4419940522978738 -3.9110375506360393;-0.18434279173935
1.4647097133607487 -3.9347223570721193;-0.1843232304721
1.4418044950675313 -3.911109196968104;-0.18434312252996
1.464516278534268 -3.9347925885776918;-0.18432356313580
1.4416149504189297 -3.9111808278112172;-0.18434345321816
1.464322856879913 -3.9348628047773846;-0.1843238956961
1.4414254183544493 -3.911252443166891;-0.18434378380390
1.464129448400021 -3.9349330056728067;-0.18432422815335
1.4412358988764122 -3.911324043037057;-0.18434411428724
1.4639360530962944 -3.935003191266139;-0.1843245605073
1.4410463919861125 -3.9113956274240005;-0.184344444668
1.4637426709703838 -3.935073361559541;-0.18432489275815
1.4408568976858696 -3.911467196329432;-0.18434477494681
1.4635493020252597 -3.9351435165547763;-0.18432522490580
1.4406674159784083 -3.911538749755152;-0.1843451051230
1.463355946261527 -3.9352136562537186;-0.18432555695043
1.4404779468647273 -3.911610287703622;-0.1843454351970
1.4631626036826209 -3.935283780658595;-0.18432588889191
1.440288490347615 -3.9116818101762014;-0.18434576516878
1.4629692742896123 -3.935353889771059;-0.1843262207304
1.4400990464292134 -3.9117533171753527;-0.18434609503829
1.4627759580843709 -3.935423983593514;-0.1843265524658
1.4399096151107567 -3.911824808702722;-0.1843464248055
1.4625826550697008 -3.9354940621275913;-0.18432688409837
1.4397201963953141 -3.9118962847602865;-0.1843467544706
1.4623893652475912 -3.935564125375584;-0.18432721562783
1.4395307902841246 -3.9119677453500667;-0.18434708403352
1.4621960886196956 -3.935634173339016;-0.18432754705441
1.4393413967798512 -3.9120391904739322;-0.18434741349429
1.462002825187423 -3.935704206020377;-0.18432787837809
1.439152015883668 -3.9121106201341678;-0.18434774285297
1.4618095749536342 -3.9357742234213906;-0.1843282095988
1.438962647598644 -3.912182034332466;-0.1843480721095
1.4616163379204914 -3.93584422554391;-0.18432854071681
1.438773291926247 -3.912253433070541;-0.18434840126411
1.4614231140888954 -3.9359142123902937;-0.1843288717319
1.4385839488681087 -3.912324816350965;-0.18434873031664
1.4612299034609528 -3.935984183962594;-0.18432920264424
1.4383946184266065 -3.912396184175342;-0.1843490592671
1.461036706039462 -3.9360541402624456;-0.18432953345378
1.4382053006035562 -3.9124675365458055;-0.1843493881157
1.4608435218258446 -3.9361240812920553;-0.184329864160
1.4380159954011638 -3.9125388734641366;-0.18434971686230
1.4606503508222648 -3.9361940070532992;-0.18433019476466
1.4378267028216374 -3.9126101949324466;-0.18435004550700
1.460457193030714 -3.9362639175482084;-0.18433052526606
1.437637422866956 -3.9126815009523837;-0.1843503740497
1.460264048453358 -3.936333812778791;-0.18433085566478
1.4374481555388172 -3.9127527915263687;-0.1843507024907
1.4600709170919064 -3.936403692746838;-0.18433118596091
1.437258900840055 -3.9128240666560075;-0.1843510308298
1.459877798949269 -3.936473557454446;-0.18433151615439
1.4370696587723697 -3.9128953263431914;-0.18435135906715
1.4596846940267527 -3.93654340690369;-0.18433184624527
1.4368804293376263 -3.912966570589922;-0.1843516872026
1.4594916023258304 -3.9366132410963166;-0.18433217623368
1.4366912125378 -3.913037799398467;-0.18435201523641
1.4592985238493599 -3.936683060034819;-0.18433250611947
1.4365020083747648 -3.9131090127705854;-0.18435234316843
1.459105458597838 -3.936752863720658;-0.18433283590288
1.4363128168502068 -3.9131802107085023;-0.1843526709987
1.4589124065752206 -3.936822652156109;-0.1843331655837
1.436123637967319 -3.9132513932137356;-0.18435299872743
1.4587193677815937 -3.936892425343203;-0.18433349516222
1.435934471726698 -3.9133225602885515;-0.1843533263544
1.4585263422202823 -3.936962183284127;-0.18433382463821
1.4357453181314774 -3.9133937119349973;-0.1843536538798
1.45833332989409 -3.9370319259800133;-0.18433415401182
1.4355561771841594 -3.9134648481543075;-0.18435398130362
1.4581403308025245 -3.937101653433685;-0.18433448328312
1.4353670488849368 -3.9135359689494975;-0.1843543086258
1.4579473449485647 -3.9371713656466727;-0.18433481245214
1.4351779332367691 -3.913607074322133;-0.18435463584658
1.4577543723354178 -3.9372410626213825;-0.18433514151875
1.4349888302421052 -3.9136781642736653;-0.18435496296574
1.4575614129639258 -3.9373107443594506;-0.18433547048312
1.4347997399029182 -3.9137492388065613;-0.18435528998345
1.4573684668365403 -3.937380410862803;-0.1843357993452
1.4346106622208497 -3.913820297922717;-0.1843556168997
1.457175533954798 -3.9374500621338253;-0.18433612810515
1.4344215971976528 -3.9138913416240477;-0.18435594371451
1.4569826143202906 -3.937519698174134;-0.18433645676292
1.4342325448357625 -3.91396236991278;-0.1843562704279
1.456789707936048 -3.9375893189861824;-0.18433678531843
1.4340435051370535 -3.914033382790345;-0.18435659703998
1.4565968148038981 -3.937658924571234;-0.18433711377186
1.4338544781040807 -3.914104380258903;-0.1843569235506
1.456403934925428 -3.9377285149319188;-0.18433744212315
1.4336654637383652 -3.9141753623206355;-0.18435724996004
1.456211068301881 -3.9377980900700074;-0.18433777037240
1.4334764620410851 -3.9142463289775704;-0.1843575762681
1.4560182149360077 -3.937867649987668;-0.18433809851957
1.4332874730150307 -3.9143172802316255;-0.18435790247493
1.4558253748302092 -3.937937194686584;-0.18433842656471
1.4330984966628726 -3.914388216084477;-0.18435822858052
1.4556325479856669 -3.938006724169143;-0.18433875450783
1.4329095329852166 -3.9144591365383508;-0.1843585545848
1.4554397344043253 -3.9380762384368095;-0.18433908234905
1.4327205819851323 -3.914530041595211;-0.18435888048805
1.455246934089099 -3.938145737492214;-0.18433941008822
1.4325316436643798 -3.914600931256709;-0.1843592062900
1.4550541470416432 -3.9382152213366215;-0.18433973772553
1.4323427180256842 -3.9146718055249643;-0.18435953199093
1.454861373263715 -3.9382846899724657;-0.18434006526093
1.4321538050700535 -3.914742664401961;-0.18435985759070
1.454668612756679 -3.9383541434016514;-0.18434039269451
1.431964904799127 -3.9148135078900155;-0.18436018308939
1.4544758655236918 -3.938423581626348;-0.1843407200261
1.4317760172163265 -3.9148843359904957;-0.18436050848703
1.454283131565819 -3.938493004648086;-0.1843410472561
1.431587142322655 -3.914955148705785;-0.18436083378366
1.4540904108851154 -3.938562412469256;-0.18434137438427
1.4313982801200409 -3.9150259460377144;-0.1843611589792
1.4538977034842755 -3.9386318050921143;-0.1843417014105
1.4312094306111616 -3.9150967279883573;-0.18436148407393
1.453705009364311 -3.9387011825181273;-0.18434202833519
1.4310205937973643 -3.9151674945596353;-0.18436180906764
1.453512328527044 -3.938770544749202;-0.1843423551582
1.4308317696807453 -3.9152382457535135;-0.18436213396043
1.453319660975512 -3.9388398917881458;-0.1843426818794
1.4306429582635833 -3.9153089815717776;-0.18436245875231
1.4531270067110786 -3.93890922363616;-0.18434300849904
1.4304541595476317 -3.915379702016725;-0.18436278344
1.4529343657360312 -3.938978540295374;-0.18434333501705
1.4302653735355628 -3.9154504070900567;-0.1843631080335
1.4527417380520151 -3.939047841767957;-0.18434366143346
1.4300766002287852 -3.9155210967936704;-0.18436343252294
1.452549123661145 -3.9391171280557282;-0.18434398774832
1.4298878396297994 -3.9155917711297974;-0.18436375691158
1.4523565225655306 -3.9391863991607274;-0.18434431396164
1.4296990917400192 -3.9156624301002045;-0.184364081199
1.4521639347668853 -3.939255655084928;-0.18434464007348
1.429510356561716 -3.915733073707034;-0.1843644053865
1.4519713602672626 -3.9393248958305893;-0.1843449660838
1.4293216340966468 -3.91580370195212;-0.1843647294729
1.4517787990676767 -3.9393941213996633;-0.18434529199270
1.429132924346788 -3.915874314837714;-0.1843650534587
1.4515862511722648 -3.939463331793883;-0.18434561780011
1.4289442273147144 -3.9159449123651666;-0.18436537734385
1.4513937165804813 -3.939532527015287;-0.1843459435062
1.4287555430015348 -3.916015494537282;-0.18436570112836
1.4512011952958255 -3.9396017070664007;-0.1843462691108
1.428566871409133 -3.916086061355541;-0.18436602481222
1.4510086873198422 -3.9396708719484512;-0.18434659461421
1.4283782125413227 -3.916156612821846;-0.1843663483955
1.450816192654802 -3.939740021663568;-0.18434692001628
1.4281895663982556 -3.9162271489382974;-0.1843666718783
1.4506237113029485 -3.9398091562142095;-0.18434724531696
1.42800093298347 -3.916297669706684;-0.18436699526065
1.4504312432658668 -3.9398782756017128;-0.18434757051645
1.4278123122982584 -3.916368175128997;-0.1843673185424
1.4502387885453818 -3.939947379828713;-0.18434789561466
1.4276237043437503 -3.916438665207445;-0.18436764172375
1.450046347142514 -3.9400164688969883;-0.1843482206117
1.4274351091225552 -3.916509139944263;-0.18436796480468
1.4498539190606452 -3.9400855428085375;-0.18434854550755
1.4272465266367822 -3.9165795993407557;-0.1843682877851
1.4496615043010248 -3.9401546015653572;-0.18434887030225
1.4270579568883566 -3.9166500433993336;-0.18436861066527
1.4494691028658233 -3.940223645169403;-0.18434919499581
1.4268693998790372 -3.916720472121944;-0.18436893344504
1.4492767147568104 -3.940292673622673;-0.18434951958829
1.4266808556113244 -3.916790885510357;-0.18436925612449
1.449084339976154 -3.9403616869270346;-0.1843498440797
1.4264923240865188 -3.9168612835668064;-0.18436957870363
1.4488919785259176 -3.940430685084927;-0.18435016847005
1.4263038053071837 -3.916931666292974;-0.1843699011825
1.4486996304072857 -3.94049966809793;-0.1843504927594
1.4261152992748969 -3.9170020336910727;-0.18437022356112
1.448507295623184 -3.940568635968242;-0.1843508169477
1.4259268059925103 -3.9170723857627845;-0.18437054583953
1.4483149741753183 -3.9406375886977294;-0.18435114103513
1.4257383254609213 -3.9171427225105435;-0.18437086801777
1.4481226660651156 -3.9407065262885035;-0.18435146502159
1.425549857682346 -3.9172130439359445;-0.18437119009581
1.4479303712946316 -3.9407754487424755;-0.18435178890716
1.4253614026593993 -3.9172833500410458;-0.18437151207374
1.447738089866497 -3.94084435606158;-0.18435211269184
1.4251729603937848 -3.9173536408277743;-0.18437183395155
1.4475458217819028 -3.940913248248147;-0.1843524363756
1.424984530886971 -3.917423916298365;-0.18437215572929
1.4473535670433735 -3.9409821253037602;-0.18435275995864
1.4247961141415244 -3.9174941764544364;-0.18437247740696
1.4471613256525018 -3.9410509872305513;-0.18435308344086
1.4246077101593144 -3.9175644212982466;-0.18437279898462
1.446969097611286 -3.9411198340308085;-0.1843534068222
1.4244193189422136 -3.9176346508315674;-0.18437312046226
1.4467768829212615 -3.941188665706224;-0.1843537301029
1.4242309404920916 -3.9177048650565696;-0.18437344183994
1.4465846815855887 -3.941257482258756;-0.18435405328291
1.4240425748111765 -3.9177750639748274;-0.18437376311762
1.4463924936048216 -3.9413262836906684;-0.18435437636218
1.4238542219013317 -3.9178452475889967;-0.184374084295
1.4462003189814767 -3.9413950700037015;-0.18435469934082
1.4236658817649466 -3.9179154159004765;-0.18437440537337
1.4460081577169113 -3.9414638412002083;-0.1843550222188
1.423477554402172 -3.9179855689117242;-0.184374726351
1.4458160098141266 -3.9415325972818835;-0.1843553449961
1.4232892398172452 -3.9180557066241826;-0.18437504722958
1.4456238752747081 -3.9416013382508828;-0.18435566767295
1.4231009380114592 -3.918125829040045;-0.1843753680079
1.445431754100656 -3.941670064108659;-0.18435599024923
1.4229126489868602 -3.9181959361612853;-0.18437568868655
1.4452396462933315 -3.9417387748582717;-0.1843563127249
1.4227243727448018 -3.9182660279900516;-0.18437600926539
1.4450475518553183 -3.9418074705008213;-0.18435663510012
1.4225361092877378 -3.918336104528076;-0.18437632974448
1.444855470788037 -3.941876151038708;-0.1843569573748
1.4223478586173668 -3.91840616577753;-0.1843766501238
1.4446634030936045 -3.9419448164738684;-0.18435727954917
1.4221596207361362 -3.9184762117401886;-0.18437697040357
1.4444713487743663 -3.9420134668081306;-0.18435760162306
1.421971395645751 -3.918546242418159;-0.18437729058363
1.4442793078320952 -3.942082102043763;-0.18435792359652
1.4217831833484866 -3.9186162578133263;-0.18437761066406
1.444087280268092 -3.9421507221823955;-0.18435824546970
1.4215949838460382 -3.918686257927821;-0.1843779306449
1.44389526608511 -3.942219327226671;-0.18435856724245
1.421406797140172 -3.9187562427634384;-0.18437825052617
1.4437032652844597 -3.9422879171780423;-0.18435888891494
1.4212186232328186 -3.9188262123223314;-0.18437857030787
1.443511277868258 -3.9423564920386918;-0.18435921048714
1.421030462126483 -3.91889616660632;-0.18437888999006
1.4433193038388503 -3.9424250518104698;-0.1843595319591
1.4208423138229274 -3.9189661056174243;-0.18437920957275
1.4431273431975433 -3.9424935964954257;-0.1843598533308
1.4206541783238502 -3.9190360293577746;-0.18437952905599
1.442935395946745 -3.94256212609594;-0.18436017460236
1.4204660556315323 -3.9191059378291246;-0.1843798484397
1.4427434620881086 -3.9426306406135327;-0.18436049577372
1.4202779457481316 -3.919175831033605;-0.18438016772418
1.4425515416236308 -3.9426991400504527;-0.18436081684493
1.4200898486745488 -3.919245708973126;-0.18438048690914
1.4423596345549166 -3.9427676244088152;-0.18436113781601
1.4199017644139216 -3.9193155716497734;-0.1843808059947
1.4421677408844813 -3.942836093690231;-0.18436145868702
1.4197136929675525 -3.919385419065348;-0.18438112498107
1.4419758606137514 -3.9429045478972347;-0.1843617794579
1.4195256343378309 -3.919455251222046;-0.18438144386809
1.4417839937447818 -3.9429729870317;-0.18436210012879
1.4193375885257722 -3.9195250681217115;-0.18438176265576
1.4415921402793506 -3.943041411095062;-0.18436242069972
1.4191495555345728 -3.9195948697664784;-0.18438208134425
1.4414003002199156 -3.9431098200899455;-0.18436274117061
1.4189615353658782 -3.919664656157947;-0.1843823999334
1.4412084735687727 -3.943178214017784;-0.1843630615415
1.4187735280217417 -3.9197344272984056;-0.18438271842352
1.4410166603262393 -3.9432465928812905;-0.1843633818125
1.418585533503567 -3.919804183189741;-0.18438303681438
1.4408248604956517 -3.943314956682009;-0.18436370198369
1.4183975518140424 -3.9198739238339324;-0.18438335510611
1.4406330740781392 -3.943383305422014;-0.18436402205495
1.4182095829541768 -3.9199436492331787;-0.18438367329872
1.4404413010759995 -3.943451639103557;-0.1843643420263
1.4180216269260826 -3.9200133593891704;-0.1843839913922
1.4402495414911232 -3.9435199577282263;-0.1843646618979
1.4178336837330703 -3.9200830543039316;-0.18438430938666
1.4400577953252085 -3.943588261298274;-0.1843649816697
1.4176457533756301 -3.920152733979528;-0.18438462728206
1.4398660625798574 -3.9436565498158838;-0.18436530134173
1.4174578358559833 -3.9202223984181157;-0.1843849450784
1.4396743432581192 -3.9437248232828237;-0.18436562091398
1.4172699311762462 -3.92029204762132;-0.18438526277585
1.4394826373613046 -3.9437930817011018;-0.18436594038652
1.4170820393389238 -3.920361681591209;-0.1843855803742
1.43929094489106 -3.9438613250725956;-0.184366259759
1.4168941603451977 -3.920431300329939;-0.18438589787381
1.4390992658492745 -3.9439295533995575;-0.18436657903266
1.4167062941978048 -3.920500903839313;-0.18438621527443
1.438907600238642 -3.9439977666836668;-0.1843668982062
1.4165184408980516 -3.9205704921213558;-0.1843865325761
1.4387159480604175 -3.9440659649276606;-0.18436721728021
1.4163306004478715 -3.9206400651781115;-0.18438684977903
1.4385243093164874 -3.944134148132689;-0.1843675362546
1.4161427728493703 -3.9207096230116956;-0.1843871668831
1.4383326840089699 -3.9442023163012268;-0.18436785512950
1.4159549581045405 -3.920779165623668;-0.1843874838883
1.4381410721394021 -3.944270469435173;-0.18436817390486
1.4157671562152554 -3.920848693016606;-0.1843878007948
1.437949473710077 -3.944338607536694;-0.18436849258069
1.415579367183337 -3.920918205191894;-0.18438811760253
1.4377578887225932 -3.9444067306076454;-0.18436881115707
1.4153915910108905 -3.920987702152021;-0.18438843431155
1.4375663171793598 -3.9444748386499735;-0.18436912963401
1.4152038277004275 -3.921057183898638;-0.18438875092190
1.4373747590820272 -3.944542931665601;-0.184369448011
1.4150160772530747 -3.921126650433748;-0.18438906743354
1.4371832144327787 -3.9446110096570024;-0.18436976628963
1.4148283396713461 -3.921196101759398;-0.18438938384657
1.436991683232626 -3.944679072625396;-0.18437008446848
1.414640614956593 -3.921265537877794;-0.18438970016099
1.436800165484154 -3.9447471205736995;-0.18437040254791
1.4144529031111575 -3.9213349587905175;-0.18439001637680
1.4366086611894833 -3.94481515350346;-0.18437072052802
1.4142652041368045 -3.9214043644998835;-0.18439033249406
1.4364171703503306 -3.944883171416581;-0.1843710384088
1.4140775180356424 -3.9214737550077206;-0.1843906485127
1.4362256929682908 -3.9449511743151633;-0.1843713561904
1.4138898448100035 -3.9215431303159445;-0.1843909644330
1.4360342290454189 -3.945019162201396;-0.1843716738728
1.4137021844610165 -3.9216124904265603;-0.18439128025474
1.4358427785839583 -3.945087135077138;-0.184371991456
1.4135145369911974 -3.921681835341772;-0.1843915959780
1.4356513415850374 -3.9451550929442485;-0.18437230894006
1.4133269024018422 -3.9217511650634767;-0.18439191160290
1.4354599180510699 -3.945223035805117;-0.18437262632492
1.4131392806957526 -3.9218204795936122;-0.18439222712939
1.4352685079837049 -3.9452909636613596;-0.18437294361071
1.4129516718743982 -3.9218897789341853;-0.1843925425575
1.4350771113854717 -3.9453588765154315;-0.1843732607973
1.4127640759394917 -3.921959063086936;-0.18439285788720
1.4348857282580325 -3.945426774368927;-0.18437357788491
1.4125764928937752 -3.9220283320542024;-0.18439317311865
1.434694358603211 -3.9454946572239065;-0.18437389487347
1.4123889227384907 -3.922097585837727;-0.18439348825177
1.4345030024222565 -3.94556252508267;-0.18437421176301
1.4122013654754546 -3.9221668244398473;-0.18439380328664
1.4343116597171717 -3.9456303779470567;-0.1843745285536
1.4120138211069464 -3.9222360478622833;-0.18439411822327
1.4341203304908905 -3.9456982158189273;-0.1843748452452
1.4118262896350815 -3.9223052561069984;-0.184394433061
1.4339290147446044 -3.945766038700342;-0.184375161837
1.4116387710615044 -3.9223744491760004;-0.18439474780192
1.4337377124806687 -3.945833846593712;-0.18437547833166
1.4114512653883855 -3.922443627071118;-0.18439506244396
1.4335464237001552 -3.9459016395006117;-0.1843757947265
1.4112637726174804 -3.9225127897947143;-0.1843953769878
1.4333551484055898 -3.945969417422992;-0.18437611102266
1.411076292750786 -3.922581937348577;-0.18439569143372
1.4331638865990382 -3.946037180363222;-0.18437642721986
1.4108888257903571 -3.9226510697346697;-0.1843960057814
1.432972638282098 -3.9461049283229435;-0.18437674331831
1.4107013717380124 -3.9227201869549124;-0.18439632003115
1.4327814034563067 -3.9461726613042387;-0.1843770593180
1.4105139305960859 -3.9227892890114027;-0.18439663418283
1.4325901821244793 -3.9462403793092347;-0.18437737521898
1.4103265023658864 -3.922858375906083;-0.18439694823648
1.4323989742874628 -3.946308082340125;-0.1843776910212
1.4101390870493464 -3.9229274476410056;-0.1843972621921
1.4322077799473762 -3.946375770398949;-0.1843780067247
1.4099516846485172 -3.9229965042183133;-0.18439757604991
1.4320165991065743 -3.946443443487393;-0.1843783223296
1.4097642951651672 -3.9230655456397066;-0.18439788980971
1.4318254317666588 -3.94651110160752;-0.18437863783585
1.409576918601808 -3.9231345719072173;-0.1843982034716
1.4316342779293951 -3.9465787447613025;-0.184378953243
1.4093895549601405 -3.923203583023077;-0.18439851703570
1.431443137596729 -3.946646372951113;-0.18437926855258
1.4092022042416417 -3.9232725789890073;-0.1843988305018
1.4312520107707867 -3.9467139861785934;-0.18437958376310
1.4090148664487128 -3.923341559807108;-0.18439914387029
1.431060897453573 -3.946781584446182;-0.18437989887502
1.4088275415832914 -3.923410525479167;-0.18439945714087
1.430869797646101 -3.9468491677553015;-0.18438021388854
1.4086402296467309 -3.923479476007595;-0.18439977031370
1.4306787113504333 -3.946916736108523;-0.1843805288035
1.4084529306413138 -3.9235484113943806;-0.18440008338884
1.4304876385695082 -3.946984289507447;-0.18438084362013
1.4082656445693311 -3.92361733164096;-0.1844003963662
1.4302965793052174 -3.9470518279540263;-0.18438115833828
1.408078371432837 -3.9236862367495;-0.18440070924592
1.4301055335579893 -3.9471193514506107;-0.184381472958
1.407891111233294 -3.9237551267222988;-0.18440102202800
1.4299145013308168 -3.9471868599990447;-0.1843817874794
1.4077038639720707 -3.9238240015612145;-0.18440133471240
1.42972348262484 -3.9472543536014584;-0.18438210190257
1.4075166296521968 -3.9238928612681927;-0.18440164729924
1.4295324774427542 -3.947321832259784;-0.18438241622733
1.4073294082750345 -3.923961705845245;-0.18440195978850
1.4293414857860456 -3.9473892959760635;-0.184382730453
1.4071421998422338 -3.924030535294341;-0.18440227218018
1.4291505076564894 -3.9474567447523623;-0.18438304458201
1.4069550043559056 -3.924099349617448;-0.18440258447432
1.4289595430554476 -3.947524178590833;-0.1843833586120
1.4067678218180388 -3.9241681488169333;-0.1844028966710
1.4287685919857394 -3.9475915974931004;-0.1843836725438
1.4065806522305766 -3.9242369328942575;-0.18440320877021
1.4285776544489657 -3.9476590014612962;-0.18438398637744
1.4063934955956863 -3.9243057018516554;-0.18440352077197
1.4283867304469546 -3.9477263904977065;-0.18438430011289
1.4062063519149008 -3.9243744556909403;-0.18440383267
1.4281958199815397 -3.947793764604132;-0.18438461375022
1.4060192211903888 -3.9244431944143927;-0.18440414448324
1.4280049230549008 -3.9478611237825514;-0.18438492728945
1.40583210342432 -3.9245119180237613;-0.18440445619283
1.427814039668458 -3.9479284680348323;-0.18438524073067
1.4056449986177635 -3.9245806265212377;-0.18440476780507
1.4276231698245736 -3.947995797363329;-0.18438555407380
1.405457906773931 -3.924649319908459;-0.18440507932000
1.427432313525481 -3.9480631117698195;-0.18438586731889
1.405270827893954 -3.92471799818744;-0.18440539073760
1.42724147077138 -3.9481304112565474;-0.18438618046603
1.4050837619790675 -3.9247866613608373;-0.18440570205798
1.4270506415653874 -3.948197695825405;-0.18438649351520
1.4048967090326014 -3.924855309430069;-0.18440601328115
1.4268598259099707 -3.9482649654779736;-0.18438680646646
1.40470966905615 -3.9249239423970192;-0.18440632440709
1.4266690238059123 -3.948332220216873;-0.1843871193198
1.4045226420510104 -3.9249925602639673;-0.18440663543585
1.4264782352554537 -3.9483994600440604;-0.18438743207523
1.4043356280187793 -3.925061163032885;-0.1844069463674
1.4262874602594375 -3.9484666849616255;-0.18438774473284
1.4041486269618493 -3.9251297507060086;-0.1844072572019
1.4260966988208557 -3.948533894971284;-0.18438805729262
1.4039616388819902 -3.9251983232850907;-0.18440756793928
1.4259059509417786 -3.9486010900753477;-0.1843883697545
1.4037746637815494 -3.925266880771925;-0.18440787857956
1.4257152166232767 -3.9486682702752884;-0.18438868211879
1.4035877016621112 -3.9253354231687068;-0.18440818912280
1.4255244958677051 -3.9487354355738167;-0.18438899438523
1.4034007525259047 -3.925403950477562;-0.18440849956905
1.4253337886768938 -3.948802585972427;-0.18438930655397
1.4032138163741184 -3.925472462700266;-0.1844088099182
1.4251430950522708 -3.9488697214735646;-0.18438961862501
1.4030268932094392 -3.9255409598388784;-0.18440912017053
1.4249524149962447 -3.948936842079033;-0.18438993059836
1.4028399830331146 -3.925609441895506;-0.18440943032585
1.4247617485110058 -3.949003947790418;-0.18439024247412
1.4026530858479553 -3.9256779088717253;-0.18440974038423
1.424571095597562 -3.949071038610561;-0.18439055425221
1.402466201655428 -3.9257463607700385;-0.18441005034576
1.4243804562580922 -3.9491381145408044;-0.18439086593278
1.4022793304566652 -3.9258147975922224;-0.1844103602103
1.4241898304940852 -3.9492051755837485;-0.18439117751575
1.4020924722541261 -3.925883219340582;-0.18441066997821
1.4239992183083057 -3.9492722217411775;-0.18439148900114
1.4019056270501593 -3.9259516260164937;-0.18441097964919
1.4238086197015893 -3.9493392530147418;-0.18439180038911
1.4017187948461742 -3.926020017622487;-0.18441128922341
1.4236180346768195 -3.949406269406691;-0.18439211167959
1.4015319756446372 -3.9260883941602485;-0.18441159870088
1.423427463235418 -3.9494732709194484;-0.18439242287254
1.4013451694466759 -3.9261567556317734;-0.18441190808156
1.4232369053794565 -3.949540257554467;-0.1843927339680
1.4011583762549844 -3.9262251020391044;-0.18441221736556
1.423046361110118 -3.949607229313819;-0.1843930449663
1.4009715960705127 -3.926293433384617;-0.18441252655291
1.422855830428944 -3.9496741862001303;-0.1843933558671
1.400784828895601 -3.9263617496699306;-0.18441283564358
1.4226653133394012 -3.949741128214611;-0.18439366667057
1.4005980747327198 -3.9264300508970225;-0.1844131446376
1.4224748098418591 -3.949808055359973;-0.1843939773767
1.4004113335831032 -3.9264983370679998;-0.18441345353509
1.422284319939143 -3.9498749676376717;-0.18439428798556
1.4002246054485832 -3.9265666081849737;-0.184413762335
1.4220938436328574 -3.949941865050244;-0.1843945984971
1.40003789033162 -3.92663486424952;-0.18441407104028
1.4219033809241264 -3.9500087475990107;-0.18439490891151
1.399851188233623 -3.926703105264082;-0.18441437964809
1.421712931815951 -3.9500756152867984;-0.18439521922861
1.399664499156542 -3.9267713312304364;-0.18441468815938
1.4215224963098774 -3.9501424681150823;-0.1843955294485
1.3994778231029519 -3.9268395421506272;-0.1844149965742
1.421332074406852 -3.9502093060861143;-0.18439583957133
1.3992911600735678 -3.92690773802672;-0.18441530489262
1.4211416661095302 -3.950276129201968;-0.18439614959697
1.399104510070858 -3.9269759188606925;-0.18441561311459
1.420951271419745 -3.95034293746443;-0.18439645952551
1.3989178730968201 -3.927044084654478;-0.18441592124017
1.4207608903385656 -3.9504097308757307;-0.18439676935700
1.3987312491533277 -3.9271122354102324;-0.1844162292694
1.4205705228689902 -3.950476509437723;-0.18439707909142
1.3985446382419235 -3.9271803711298006;-0.18441653720228
1.420380169012157 -3.9505432731526375;-0.18439738872880
1.3983580403651237 -3.9272484918152273;-0.18441684503887
1.420189828770301 -3.9506100220225266;-0.18439769826914
1.3981714555235403 -3.9273165974684687;-0.18441715277910
1.4199995021444467 -3.9506767560493543;-0.1843980077125
1.397984883720786 -3.927384688091769;-0.1844174604231
1.4198091891371702 -3.9507434752346673;-0.18439831705905
1.3977983249575838 -3.9274527636868215;-0.18441776797096
1.4196188897503124 -3.9508101795811386;-0.1843986263085
1.3976117792359952 -3.9275208242557147;-0.18441807542253
1.4194286039853559 -3.9508768690903127;-0.18439893546128
1.3974252465584769 -3.9275888698005175;-0.1844183827779
1.4192383318445947 -3.9509435437646867;-0.18439924451705
1.397238726926391 -3.9276569003230755;-0.1844186900371
1.4190480733295727 -3.9510102036058496;-0.18439955347602
1.397052220341678 -3.9277249158256353;-0.18441899720033
1.4188578284427087 -3.9510768486160788;-0.1843998623381
1.3968657268067453 -3.9277929163098;-0.18441930426734
1.4186675971847187 -3.951143478797118;-0.18440017110352
1.3966792463226545 -3.927860901778039;-0.1844196112383
1.4184773795581975 -3.9512100941514663;-0.1844004797721
1.3964927788916415 -3.9279288722319756;-0.18441991811317
1.4182871755658006 -3.951276694680735;-0.18440078834391
1.3963063245164067 -3.92799682767357;-0.18442022489203
1.4180969852077159 -3.951343280386958;-0.18440109681908
1.3961198831972557 -3.928064768105335;-0.18442053157490
1.417906808486718 -3.9514098512721483;-0.18440140519758
1.395933454937757 -3.9281326935287653;-0.1844208381618
1.4177166454044539 -3.951476407338582;-0.18440171347940
1.3957470397387453 -3.928200603946107;-0.1844211446528
1.4175264959631717 -3.951542948587962;-0.18440202166461
1.3955606376021106 -3.9282684993590986;-0.18442145104781
1.41733636016424 -3.9516094750229622;-0.1844023297531
1.3953742485299656 -3.9283363797700526;-0.18442175734695
1.4171462380093118 -3.9516759866446014;-0.18440263774520
1.395187872524593 -3.92840424518091;-0.18442206355026
1.4169561295000357 -3.9517424834558215;-0.18440294564068
1.3950015095864818 -3.928472095593762;-0.18442236965769
1.4167660346386646 -3.951808965458259;-0.18440325343964
1.3948151597187957 -3.9285399310104587;-0.1844226756693
1.4165759534271423 -3.951875432653949;-0.18440356114210
1.394628822922837 -3.9286077514329603;-0.18442298158516
1.416385885866542 -3.9519418850452137;-0.18440386874808
1.394442499200021 -3.928675556863804;-0.1844232874052
1.4161958319594605 -3.9520083226336045;-0.18440417625765
1.3942561885534523 -3.928743347304087;-0.18442359312959
1.4160057917086057 -3.9520747454212657;-0.18440448367075
1.3940698909851341 -3.928811122756147;-0.1844238987582
1.4158157651146372 -3.9521411534103;-0.18440479098747
1.3938836064957252 -3.928878883222189;-0.18442420429118
1.4156257521788638 -3.9522075466025894;-0.1844050982079
1.3936973350875683 -3.928946628704175;-0.1844245097284
1.4154357529045802 -3.9522739250004366;-0.1844054053319
1.3935110767633083 -3.9290143592037787;-0.184424815070
1.4152457672926197 -3.9523402886055448;-0.18440571235968
1.3933248315233726 -3.9290820747234942;-0.18442512031618
1.4150557953445286 -3.9524066374201734;-0.18440601929118
1.3931385993703396 -3.9291497752653735;-0.18442542546670
1.4148658370629563 -3.9524729714464053;-0.1844063261263
1.3929523803063857 -3.9292174608307353;-0.18442573052
1.4146758924496179 -3.952539290686187;-0.1844066328653
1.3927661743329305 -3.9292851314222963;-0.18442603548103
1.4144859615054686 -3.9526055951415353;-0.18440693950812
1.3925799814519082 -3.9293527870416867;-0.18442634034492
1.4142960442327466 -3.95267188481462;-0.184407246054
1.3923938016648552 -3.9294204276911358;-0.18442664511335
1.4141061406337585 -3.9527381597071924;-0.18440755250517
1.3922076349743557 -3.9294880533724523;-0.18442694978633
1.413916250710747 -3.952804419821114;-0.18440785885950
1.392021481382759 -3.9295556640874896;-0.18442725436390
1.4137263744644837 -3.952870665158976;-0.18440816511772
1.3918353408907782 -3.929623259838609;-0.1844275588460
1.4135365118975092 -3.9529368957223303;-0.18440847127987
1.3916492135007108 -3.9296908406275097;-0.18442786323286
1.4133466630116587 -3.9530031115132385;-0.1844087773459
1.3914630992150776 -3.9297584064562003;-0.18442816752432
1.413156827808583 -3.953069312533806;-0.1844090833161
1.3912769980349469 -3.929825957326912;-0.18442847172046
1.4129670062897663 -3.9531354987861174;-0.18440938919022
1.3910909099622009 -3.9298934932415204;-0.18442877582130
1.4127771984565698 -3.9532016702726755;-0.18440969496834
1.3909048349981967 -3.9299610142023216;-0.184429079826
1.412587404312004 -3.953267826994769;-0.18441000065054
1.390718773145641 -3.9300285202109504;-0.18442938373720
1.4123976238561966 -3.953333968954858;-0.18441030623687
1.3905327244058792 -3.9300960112699035;-0.18442968755236
1.4122078570925616 -3.95340009615463;-0.18441061172732
1.390346688781095 -3.930163487380638;-0.1844299912723
1.412018104023231 -3.953466208596523;-0.18441091712181
1.3901606662736419 -3.930230948545117;-0.1844302948970
1.411828364648802 -3.9535323062819576;-0.18441122242058
1.389974656884812 -3.9302983947657526;-0.1844305984267
1.411638638971457 -3.9535983892135733;-0.18441152762350
1.3897886606162002 -3.9303658260442877;-0.18443090186125
1.4114489269933859 -3.9536644573930126;-0.18441183273065
1.3896026774703336 -3.93043324238289;-0.1844312052007
1.4112592287156538 -3.9537305108227603;-0.18441213774202
PointOptimal;ValeurOptimale
[ 1.41125923 -3.95373051];-0.18441213774202694
Temps;Nb iteration
0.08669304847717285;1000