Point;Valeur
2.5420151736296805 2.5740123187408583;-0.21555355044317
2.584387542587329 2.6163846877389045;-0.22699455145318
2.5577985822412983 2.589799168145255;-0.22662288425339
2.5856333235680866 2.6176320045386476;-0.22644441340871
2.557317802921903 2.5893201022902312;-0.22640262187738
2.585787370007228 2.617787769714497;-0.22637258098376
2.557276490492458 2.5892805104709176;-0.22638371721568
2.585797223066258 2.6177993458763975;-0.22636758186801
2.557273116223468 2.5892788432482026;-0.22638253975883
2.58579699313645 2.6178008309449763;-0.22636728663391
2.5572721169002506 2.5892795446629413;-0.2263824725038
2.5857961677627292 2.617801716584765;-0.22636727012113
2.5572712546846885 2.58928038063488;-0.2263824688331
2.585795309632574 2.6178025678422725;-0.2263672692717
2.5572704005130027 2.5892812236408975;-0.22638246869044
2.5857944499767282 2.6178034169316704;-0.22636726928469
2.5572695469529623 2.5892820668630403;-0.22638246874103
2.5857935903455993 2.617804265795693;-0.22636726934472
2.5572686934915003 2.5892829100318404;-0.22638246880212
2.585792730755897 2.617805114607093;-0.226367269407
2.5572678400589672 2.5892837531739494;-0.22638246886378
2.585791871182258 2.617805963401761;-0.2263672694700
2.557266986634934 2.589284596307289;-0.22638246892548
2.585791011612365 2.6178068121919194;-0.2263672695328
2.557266133211818 2.589285439439255;-0.22638246898720
2.5857901520414726 2.617807660982451;-0.22636726959564
2.557265279786537 2.589286282572662;-0.22638246904889
2.585789292467798 2.6178085097752244;-0.22636726965842
2.557264426357877 2.5892871257088825;-0.22638246911059
2.58578843289065 2.617809358571094;-0.22636726972114
2.5572635729254936 2.5892879688482138;-0.2263824691722
2.5857875733091285 2.6178102073702068;-0.22636726978399
2.5572627194891355 2.5892888119910733;-0.22638246923402
2.5857867137238006 2.617811056172871;-0.22636726984675
2.557261866048772 2.5892896551373235;-0.22638246929575
2.585785854134492 2.6178119049792388;-0.22636726990943
2.557261012604009 2.58929049828695;-0.22638246935739
2.5857849945408833 2.6178127537888196;-0.22636726997223
2.5572601591554784 2.589291341440261;-0.2263824694191
2.5857841349429673 2.6178136026019176;-0.2263672700350
2.5572593057027255 2.5892921845971344;-0.22638246948088
2.5857832753410626 2.6178144514188535;-0.22636727009781
2.5572584522456623 2.589293027757423;-0.22638246954256
2.5857824157348035 2.61781530023912;-0.22636727016064
2.5572575987845885 2.589293870921467;-0.2263824696043
2.5857815561245974 2.617816149062951;-0.2263672702234
2.5572567453193535 2.589294714088758;-0.2263824696660
2.585780696510186 2.617816997890409;-0.2263672702861
2.5572558918500436 2.5892955572597622;-0.2263824697277
2.585779836891549 2.6178178467212403;-0.22636727034901
2.5572550383766584 2.5892964004340557;-0.22638246978945
2.585778977268943 2.617818695555996;-0.2263672704117
2.557254184898983 2.589297243612084;-0.2263824698511
2.5857781176418744 2.6178195443939143;-0.22636727047457
2.557253331417404 2.5892980867935713;-0.22638246991292
2.585777258010751 2.6178203932355024;-0.22636727053737
2.557252477931471 2.589298929978645;-0.22638246997463
2.5857763983754447 2.6178212420808666;-0.22636727060013
2.557251624441398 2.589299773167178;-0.22638247003633
2.58577553873604 2.6178220909294563;-0.2263672706629
2.5572507709473786 2.5893006163592753;-0.22638247009808
2.58577467909271 2.6178229397816946;-0.22636727072569
2.557249917449305 2.5893014595547896;-0.2263824701598
2.585773819445003 2.617823788637519;-0.22636727078848
2.557249063946749 2.589302302753827;-0.22638247022148
2.5857729597931556 2.617824637496886;-0.2263672708512
2.557248210440332 2.5893031459565345;-0.226382470283
2.5857721001370604 2.617825486359669;-0.22636727091410
2.557247356929732 2.589303989162553;-0.2263824703449
2.585771240476803 2.6178263352259736;-0.22636727097694
2.5572465034152065 2.589304832372327;-0.22638247040674
2.5857703808126624 2.6178271840960754;-0.22636727103966
2.557245649896327 2.589305675585433;-0.22638247046844
2.585769521144145 2.617828032969403;-0.22636727110251
2.5572447963734795 2.5893065188021467;-0.22638247053020
2.5857686614714663 2.6178288818463797;-0.22636727116533
2.557243942846364 2.589307362022298;-0.22638247059190
2.58576780179484 2.6178297307269207;-0.22636727122811
2.5572430893152154 2.5893082052459935;-0.22638247065364
2.5857669421140725 2.617830579611047;-0.2263672712908
2.557242235779927 2.5893090484732326;-0.22638247071537
2.5857660824288433 2.6178314284985893;-0.22636727135373
2.557241382240542 2.589309891704037;-0.22638247077713
2.5857652227392802 2.61783227738959;-0.22636727141665
2.55724052869721 2.589310734938575;-0.22638247083897
2.5857643630461125 2.6178331262844936;-0.2263672714793
2.557239675149417 2.5893115781761282;-0.22638247090062
2.5857635033486113 2.6178339751825384;-0.22636727154221
2.557238821597698 2.5893124214175005;-0.22638247096239
2.585762643646905 2.617834824084486;-0.22636727160499
2.5572379680417328 2.589313264662332;-0.22638247102411
2.585761783941037 2.617835672989935;-0.2263672716677
2.5572371144817563 2.589314107910961;-0.2263824710859
2.585760924230921 2.6178365218987354;-0.22636727173064
2.557236260917468 2.5893149511627525;-0.22638247114762
2.5857600645169003 2.6178373708111007;-0.2263672717934
2.5572354073492765 2.5893157944180243;-0.22638247120936
2.585759204798589 2.6178382197269876;-0.22636727185626
2.557234553776988 2.589316637677052;-0.2263824712711
2.585758345076073 2.6178390686464175;-0.22636727191911
2.557233700200538 2.5893174809394535;-0.22638247133290
2.5857574853496734 2.6178399175695812;-0.22636727198184
2.5572328466198413 2.589318324205399;-0.22638247139464
2.585756625618747 2.617840766496097;-0.2263672720447
2.557231993035069 2.5893191674749305;-0.22638247145639
2.5857557658836803 2.617841615425987;-0.22636727210762
2.55723113944635 2.589320010747858;-0.22638247151817
2.5857549061448157 2.6178424643597586;-0.2263672721703
2.5572302858534695 2.5893208540244346;-0.22638247157996
2.585754046401575 2.617843313296734;-0.22636727223324
2.5572294322564066 2.589321697304428;-0.2263824716417
2.5857531866541934 2.617844162237401;-0.22636727229608
2.5572285786552253 2.589322540587944;-0.2263824717034
2.5857523269025644 2.617845011181569;-0.22636727235895
2.5572277250499473 2.5893233838750676;-0.22638247176526
2.5857514671473307 2.617845860129682;-0.22636727242160
2.5572268714404225 2.589324227165523;-0.2263824718269
2.5857506073872703 2.617846709080724;-0.22636727248455
2.5572260178269937 2.5893250704595854;-0.22638247188876
2.5857497476234768 2.617847558035733;-0.2263672725473
2.557225164209275 2.5893259137571922;-0.22638247195052
2.585748887855156 2.617848406993819;-0.22636727261025
2.557224310587481 2.589326757058321;-0.22638247201229
2.58574802808291 2.6178492559559348;-0.22636727267304
2.557223456961461 2.589327600362909;-0.22638247207402
2.5857471683063085 2.617850104921382;-0.226367272735
2.557222603331452 2.589328443671359;-0.22638247213586
2.585746308525845 2.617850953890415;-0.22636727279872
2.5572217496974314 2.5893292869831614;-0.22638247219769
2.585745448741048 2.6178518028628424;-0.22636727286160
2.5572208960591207 2.589330130298169;-0.22638247225941
2.585744588952239 2.6178526518391516;-0.22636727292437
2.5572200424166707 2.5893309736169323;-0.22638247232118
2.5857437291589465 2.617853500818623;-0.2263672729873
2.5572191887700164 2.5893318169392603;-0.2263824723829
2.585742869361706 2.6178543498019335;-0.22636727305012
2.5572183351194364 2.5893326602651747;-0.22638247244477
2.585742009560346 2.617855198788618;-0.2263672731129
2.557217481464524 2.5893335035944847;-0.2263824725065
2.585741149754739 2.6178560477790995;-0.22636727317579
2.557216627805472 2.5893343469273593;-0.22638247256828
2.5857402899449267 2.617856896772743;-0.2263672732387
2.5572157741425587 2.589335190263799;-0.2263824726301
2.5857394301310594 2.617857745770099;-0.22636727330155
2.5572149204754413 2.589336033603571;-0.22638247269187
2.5857385703131586 2.6178585947708073;-0.22636727336442
2.5572140668042698 2.5893368769469496;-0.22638247275368
2.5857377104909887 2.617859443775355;-0.2263672734272
2.557213213128787 2.5893377202939356;-0.22638247281546
2.585736850664506 2.6178602927831913;-0.22636727349018
2.5572123594493785 2.5893385636444655;-0.22638247287730
2.5857359908341406 2.6178611417949735;-0.22636727355294
2.5572115057655305 2.589339406998285;-0.22638247293900
2.585735130999356 2.617861990809854;-0.22636727361588
2.5572106520777145 2.5893402503559027;-0.22638247300082
2.5857342711606663 2.6178628398285952;-0.22636727367868
2.5572097983858653 2.5893410937169157;-0.2263824730626
2.5857334113176216 2.61786368885071;-0.226367273741
2.557208944689941 2.589341937081536;-0.2263824731244
2.5857325514706293 2.617864537876389;-0.22636727380441
2.5572080909897053 2.589342780449425;-0.22638247318619
2.585731691619432 2.6178653869056534;-0.22636727386725
2.5572072372855015 2.589343623821027;-0.22638247324801
2.5857308317637937 2.6178662359383127;-0.2263672739301
2.557206383577115 2.589344467196236;-0.22638247330983
2.585729971904315 2.6178670849747476;-0.22636727399300
2.557205529864588 2.5893453105748194;-0.22638247337162
2.585729112040674 2.617867934014493;-0.22636727405587
2.5572046761481357 2.5893461539569675;-0.22638247343346
2.5857282521725917 2.6178687830578444;-0.22636727411880
2.5572038224271365 2.589346997342702;-0.2263824734952
2.585727392300348 2.6178696321047603;-0.2263672741817
2.5572029687022764 2.5893478407320014;-0.2263824735570
2.5857265324242427 2.6178704811554523;-0.22636727424452
2.5572021149733195 2.589348684124781;-0.2263824736188
2.5857256725440605 2.617871330209412;-0.22636727430736
2.557201261240201 2.589349527520787;-0.22638247368065
2.585724812659545 2.6178721792667874;-0.2263672743702
2.5572004075030286 2.589350370920421;-0.22638247374245
2.5857239527708886 2.6178730283277063;-0.22636727443320
2.557199553761845 2.5893512143237474;-0.226382473804
2.5857230928780486 2.617873877392295;-0.22636727449609
2.5571987000163716 2.5893520577306175;-0.22638247386614
2.585722232981004 2.6178747264605327;-0.22636727455897
2.557197846266501 2.589352901140798;-0.22638247392787
2.5857213730798825 2.6178755755325462;-0.22636727462178
2.5571969925128117 2.58935374455484;-0.2263824739897
2.585720513174513 2.617876424607806;-0.2263672746846
2.5571961387548328 2.589354587972235;-0.22638247405154
2.5857196532648956 2.6178772736866094;-0.22636727474760
2.5571952849927353 2.5893554313932166;-0.22638247411335
2.585718793351245 2.6178781227689765;-0.22636727481049
2.55719443122667 2.589356274817678;-0.22638247417519
2.585717933433454 2.6178789718549083;-0.2263672748733
2.5571935774564647 2.5893571182457045;-0.22638247423704
2.5857170735114794 2.6178798209443825;-0.22636727493626
2.557192723681991 2.589357961677105;-0.22638247429883
2.585716213585428 2.6178806700374;-0.22636727499914
2.557191869903592 2.5893588051121132;-0.22638247436068
2.585715353655108 2.6178815191336433;-0.2263672750621
2.557191016121096 2.589359648550559;-0.22638247442252
2.5857144937206895 2.6178823682337677;-0.22636727512499
2.557190162334288 2.5893604919925908;-0.22638247448433
2.585713633782216 2.617883217337499;-0.22636727518784
2.5571893085434265 2.589361335438209;-0.22638247454617
2.585712773839495 2.6178840664445615;-0.2263672752507
2.557188454748425 2.5893621788872223;-0.22638247460798
2.585711913892676 2.6178849155552517;-0.22636727531364
2.557187600949198 2.5893630223396102;-0.22638247466974
2.5857110539415875 2.617885764669485;-0.2263672753765
2.557186747146045 2.5893638657959226;-0.22638247473163
2.5857101939865945 2.61788661378743;-0.22636727543936
2.557185893338839 2.5893647092555456;-0.22638247479350
2.5857093340268604 2.617887462908368;-0.2263672755024
2.5571850395274067 2.5893655527187343;-0.22638247485535
2.5857084740635004 2.617888312033315;-0.2263672755652
2.5571841857118565 2.5893663961854663;-0.22638247491721
2.585707614095871 2.6178891611617416;-0.22636727562818
2.5571833318919945 2.5893672396555094;-0.2263824749789
2.585706754124165 2.617890010293605;-0.22636727569108
2.5571824780682286 2.589368083129244;-0.2263824750408
2.5857058941481252 2.6178908594290116;-0.22636727575402
2.557181624240237 2.5893689266064164;-0.22638247510266
2.5857050341682024 2.6178917085680244;-0.22636727581688
2.55718077040847 2.5893697700871114;-0.22638247516456
2.585704174183645 2.6178925577102836;-0.2263672758799
2.5571799165721774 2.5893706135714347;-0.22638247522639
2.585703314195398 2.617893406856552;-0.2263672759427
2.5571790627317017 2.589371457059154;-0.2263824752881
2.58570245420301 2.6178942560064904;-0.22636727600555
2.5571782088873225 2.5893723005505858;-0.22638247535007
2.5857015942059234 2.617895105159294;-0.22636727606863
2.5571773550387817 2.5893731440454983;-0.22638247541194
2.585700734205147 2.6178959543160647;-0.22636727613151
2.55717650118608 2.5893739875438064;-0.22638247547378
2.5856998742000794 2.6178968034764627;-0.22636727619440
2.5571756473291094 2.589374831045679;-0.2263824755355
2.5856990141908285 2.6178976526402975;-0.22636727625732
2.5571747934682563 2.5893756745511376;-0.22638247559747
2.585698154177308 2.6178985018077183;-0.22636727632025
2.5571739396031563 2.5893765180601616;-0.22638247565934
2.585697294159776 2.617899350978364;-0.2263672763832
2.557173085734045 2.589377361572538;-0.22638247572120
2.585696434138081 2.6179002001527434;-0.22636727644617
2.5571722318607724 2.589378205088607;-0.22638247578309
2.585695574112181 2.617901049330687;-0.22636727650911
2.5571713779833596 2.589379048608113;-0.2263824758449
2.5856947140821838 2.6179018985122156;-0.226367276572
2.557170524101593 2.589379892131015;-0.22638247590674
2.5856938540482384 2.617902747697457;-0.2263672766348
2.5571696702159006 2.589380735657503;-0.22638247596858
2.585692994009638 2.6179035968859656;-0.2263672766978
2.557168816326133 2.5893815791877675;-0.22638247603050
2.585692133967368 2.61790444607825;-0.2263672767607
2.557167962432139 2.589382422721258;-0.22638247609233
2.585691273920743 2.6179052952739723;-0.2263672768236
2.5571671085341343 2.5893832662583773;-0.22638247615421
2.5856904138699135 2.6179061444731526;-0.22636727688661
2.5571662546318397 2.5893841097989765;-0.22638247621604
2.585689553815007 2.6179069936759602;-0.22636727694952
2.5571654007256623 2.5893849533432673;-0.22638247627797
2.585688693755724 2.617907842882205;-0.22636727701251
2.5571645468151734 2.589385796890954;-0.22638247633983
2.5856878336925146 2.617908692092205;-0.22636727707540
2.55716369290048 2.589386640442269;-0.22638247640170
2.585686973624736 2.6179095413054085;-0.22636727713847
2.5571628389818617 2.589387483997064;-0.22638247646360
2.5856861135533094 2.617910390522367;-0.22636727720137
2.5571619850590177 2.5893883275551275;-0.22638247652542
2.585685253477485 2.617911239742805;-0.2263672772643
2.5571611311320765 2.5893891711170314;-0.22638247658733
2.585684393397777 2.6179120889670826;-0.2263672773271
2.5571602772008455 2.589390014682246;-0.22638247664915
2.5856835333135857 2.6179129381944795;-0.22636727739020
2.5571594232657535 2.5893908582512157;-0.2263824767110
2.585682673225253 2.617913787425716;-0.22636727745314
2.557158569326371 2.589391701823645;-0.2263824767729
2.58568181313293 2.6179146366602626;-0.22636727751610
2.557157715383235 2.589392545399385;-0.22638247683488
2.5856809530364235 2.617915485898331;-0.22636727757908
2.557156861435659 2.5893933889786895;-0.22638247689674
2.5856800929358403 2.617916335140048;-0.22636727764201
2.5571560074840285 2.589394232561559;-0.2263824769586
2.5856792328311164 2.6179171843852655;-0.22636727770495
2.557155153528301 2.589395076147993;-0.22638247702053
2.5856783727223163 2.6179180336342376;-0.22636727776782
2.5571542995681766 2.58939591973778;-0.22638247708233
2.5856775126089464 2.6179188828865834;-0.22636727783083
2.557153445604191 2.589396763331365;-0.22638247714426
2.5856766524916073 2.617919732142557;-0.2263672778937
2.5571525916358935 2.589397606928388;-0.22638247720613
2.585675792369913 2.617920581401798;-0.22636727795683
2.5571517376634993 2.589398450528891;-0.22638247726799
2.585674932244292 2.6179214306649845;-0.2263672780197
2.5571508836870507 2.5893992941330435;-0.22638247732991
2.585674072114552 2.617922279931587;-0.22636727808267
2.5571500297065484 2.5894001377407188;-0.22638247739184
2.585673211980543 2.61792312920169;-0.22636727814564
2.557149175721799 2.589400981351789;-0.2263824774537
2.585672351842564 2.617923978475251;-0.22636727820859
2.557148321733102 2.589401824966403;-0.22638247751563
2.585671491700016 2.617924827752397;-0.22636727827162
2.5571474677400725 2.5894026685846243;-0.22638247757752
2.585670631553734 2.6179256770330865;-0.22636727833456
2.557146613743182 2.589403512206283;-0.22638247763946
2.585669771403119 2.6179265263170435;-0.226367278397
2.5571457597420655 2.5894043558312743;-0.22638247770133
2.585668911248663 2.617927375604946;-0.22636727846048
2.5571449057368736 2.5894051994598724;-0.22638247776323
2.585668051089637 2.6179282248960947;-0.22636727852352
2.5571440517274127 2.589406043092247;-0.22638247782516
2.585667190926535 2.6179290741910193;-0.2263672785865
2.5571431977138124 2.589406886727869;-0.22638247788702
2.585666330759292 2.617929923489529;-0.22636727864945
2.557142343696115 2.5894077303671823;-0.22638247794893
2.5856654705881232 2.6179307727915395;-0.22636727871237
2.5571414896743634 2.5894085740099126;-0.22638247801084
2.585664610412363 2.6179316220968176;-0.22636727877545
2.5571406356484503 2.5894094176562925;-0.2263824780727
2.585663750232633 2.6179324714058927;-0.22636727883843
2.5571397816183326 2.589410261306301;-0.22638247813470
2.5856628900486984 2.617933320718596;-0.22636727890140
2.557138927584161 2.5894111049596837;-0.22638247819661
2.5856620298607518 2.6179341700346086;-0.22636727896440
2.5571380735458713 2.5894119486164193;-0.22638247825849
2.5856611696685783 2.6179350193541646;-0.22636727902741
2.55713721950357 2.5894127922768257;-0.22638247832044
2.5856603094722215 2.617935868677348;-0.22636727909041
2.5571363654571075 2.5894136359409026;-0.22638247838241
2.585659449271831 2.617936718004159;-0.22636727915336
2.5571355114063974 2.5894144796082057;-0.22638247844428
2.585658589067471 2.617937567334598;-0.22636727921625
2.5571346573515044 2.5894153232791584;-0.22638247850617
2.5856577288583265 2.617938416668283;-0.22636727927936
2.5571338032926216 2.589416166953739;-0.22638247856812
2.585656868645599 2.6179392660057865;-0.22636727934227
2.5571329492296204 2.589417010631737;-0.2263824786300
2.5856560084284737 2.617940115346621;-0.22636727940528
2.557132095162544 2.5894178543131723;-0.22638247869196
2.5856551482072287 2.6179409646908294;-0.2263672794683
2.5571312410913056 2.5894186979981724;-0.22638247875389
2.5856542879819076 2.6179418140390673;-0.22636727953125
2.557130387015756 2.589419541686737;-0.22638247881577
2.585653427752317 2.617942663390467;-0.22636727959428
2.557129532936345 2.5894203853789306;-0.22638247887775
2.585652567518435 2.617943512745664;-0.22636727965729
2.5571286788526226 2.5894212290745826;-0.2263824789396
2.585651707280563 2.617944362104277;-0.2263672797202
2.5571278247648466 2.5894220727737363;-0.2263824790016
2.585650847038464 2.617945211466157;-0.2263672797833
2.5571269706730586 2.5894229164763276;-0.22638247906355
2.585649986792396 2.6179460608320886;-0.22636727984628
2.557126116577002 2.5894237601824837;-0.22638247912546
2.5856491265420796 2.61794691020133;-0.22636727990927
2.557125262476956 2.589424603892247;-0.22638247918744
2.585648266287451 2.6179477595741147;-0.2263672799723
2.557124408372534 2.589425447605427;-0.2263824792493
2.585647406028832 2.617948608950294;-0.22636728003533
2.5571235542641864 2.5894262913221078;-0.2263824793112
2.5856465457659863 2.6179494583302696;-0.22636728009832
2.5571227001517847 2.5894271350424805;-0.22638247937325
2.5856456854991285 2.617950307713725;-0.22636728016129
2.557121846034943 2.589427978766143;-0.2263824794351
2.5856448252280657 2.617951157100469;-0.22636728022433
2.55712099191439 2.5894288224934336;-0.226382479497
2.5856439649527116 2.6179520064909045;-0.22636728028737
2.5571201377895467 2.589429666224289;-0.22638247955905
2.585643104673195 2.617952855884883;-0.22636728035041
2.5571192836604992 2.589430509958667;-0.22638247962100
2.585642244389688 2.6179537052827;-0.22636728041334
2.557118429527162 2.589431353696546;-0.22638247968289
2.5856413841018258 2.617954554683701;-0.22636728047641
2.557117575390156 2.589432197437927;-0.22638247974490
2.5856405238099724 2.6179554040882866;-0.22636728053942
2.557116721248817 2.5894330411827875;-0.22638247980684
2.585639663513807 2.617956253496331;-0.22636728060250
2.557115867103274 2.5894338849313403;-0.22638247986881
2.5856388032135653 2.617957102908151;-0.22636728066550
2.55711501295372 2.5894347286833095;-0.22638247993078
2.5856379429093113 2.617957952323641;-0.2263672807284
2.5571141587997896 2.589435572438653;-0.22638247999266
2.585637082600552 2.617958801742123;-0.22636728079159
2.557113304641998 2.5894364161978363;-0.22638248005467
2.5856362222877585 2.6179596511646355;-0.22636728085460
2.557112450479938 2.5894372599605;-0.22638248011665
2.5856353619710175 2.617960500590521;-0.2263672809176
2.557111596313995 2.589438103726516;-0.22638248017864
2.5856345016497926 2.617961350019992;-0.2263672809806
2.557110742143526 2.589438947495949;-0.2263824802405
2.5856336413247054 2.6179621994531113;-0.22636728104364
2.557109887969046 2.589439791269074;-0.22638248030246
2.585632780995285 2.6179630488895618;-0.22636728110671
2.557109033790619 2.5894406350458694;-0.22638248036447
2.58563192066168 2.6179638983297884;-0.22636728116973
2.557108179607923 2.589441478826145;-0.22638248042645
2.585631060323913 2.617964747773452;-0.22636728123278
2.557107325421066 2.5894423226097945;-0.2263824804883
2.585630199982156 2.6179655972208065;-0.22636728129575
2.55710647123009 2.5894431663970727;-0.2263824805503
2.585629339635957 2.617966446671323;-0.22636728135888
2.557105617035253 2.589444010187852;-0.22638248061237
2.585628479285832 2.617967296125382;-0.22636728142196
2.557104762836169 2.589444853981942;-0.22638248067432
2.585627618931631 2.6179681455833017;-0.22636728148495
2.5571039086329024 2.5894456977798295;-0.22638248073632
2.5856267585730954 2.6179689950444467;-0.22636728154805
2.5571030544255167 2.5894465415810917;-0.2263824807982
2.5856258982103335 2.6179698445094948;-0.22636728161109
2.5571022002138624 2.5894473853859394;-0.22638248086023
2.585625037843817 2.6179706939781493;-0.2263672816740
2.5571013459981753 2.589448229194162;-0.226382480922
2.5856241774727087 2.6179715434498383;-0.2263672817371
2.5571004917784554 2.5894490730060755;-0.22638248098416
2.5856233170975025 2.6179723929253877;-0.2263672818002
2.5570996375546597 2.589449916821512;-0.22638248104617
2.585622456718477 2.6179732424044806;-0.2263672818632
2.5570987833267456 2.58945076064045;-0.22638248110818
2.585621596334732 2.6179740918870102;-0.22636728192636
2.5570979290945197 2.5894516044629103;-0.2263824811701
2.5856207359474035 2.6179749413731885;-0.22636728198934
2.5570970748581754 2.5894524482886387;-0.226382481232
2.58561987555572 2.6179757908629733;-0.22636728205236
2.5570962206177126 2.5894532921181863;-0.22638248129404
2.5856190151599168 2.617976640356174;-0.226367282115
2.55709536637341 2.589454135951171;-0.22638248135607
2.5856181547597155 2.6179774898524726;-0.22636728217860
2.5570945121248174 2.5894549797875728;-0.22638248141804
2.585617294355459 2.617978339352907;-0.22636728224163
2.557093657872063 2.5894558236276874;-0.22638248148005
2.5856164339471905 2.6179791888570114;-0.22636728230461
2.557092803615062 2.5894566674714303;-0.2263824815420
2.58561557353461 2.6179800383645317;-0.22636728236765
2.557091949353942 2.589457511318526;-0.22638248160402
2.5856147131178018 2.6179808878754254;-0.22636728243075
2.557091095088746 2.589458355169208;-0.2263824816660
2.585613852696896 2.617981737389883;-0.22636728249384
2.5570902408195604 2.589459199023433;-0.22638248172805
2.585612992271957 2.61798258690818;-0.2263672825568
2.5570893865459343 2.5894600428808845;-0.22638248178994
2.5856121318426832 2.6179834364294483;-0.22636728261998
2.55708853226864 2.5894608867422395;-0.22638248185203
2.5856112714092263 2.6179842859545133;-0.22636728268309
2.5570876779868414 2.589461730606926;-0.2263824819139
2.585610410972036 2.617985135483418;-0.22636728274603
2.557086823701074 2.5894625744751987;-0.22638248197599
2.585609550530404 2.6179859850155687;-0.2263672828091
2.5570859694114025 2.589463418346994;-0.22638248203805
2.585608690084503 2.6179868345513047;-0.2263672828722
2.5570851151171836 2.589464262222121;-0.2263824820999
2.585607829634611 2.6179876840905627;-0.22636728293527
2.557084260819104 2.589465106101109;-0.22638248216204
2.5856069691803 2.617988533633469;-0.2263672829983
2.557083406516669 2.589465949983429;-0.22638248222400
2.5856061087218687 2.6179893831798973;-0.22636728306147
2.55708255221018 2.58946679386925;-0.22638248228598
2.5856052482592538 2.617990232729699;-0.22636728312461
2.5570816978996582 2.589467637758742;-0.2263824823480
2.5856043877928196 2.6179910822832975;-0.22636728318762
2.557080843585061 2.5894684816516502;-0.2263824824100
2.5856035273219016 2.617991931840185;-0.22636728325076
2.557079989266259 2.5894693255481656;-0.2263824824720
2.5856026668472287 2.6179927814010386;-0.22636728331372
2.557079134943103 2.589470169448013;-0.22638248253400
2.5856018063678787 2.617993630964948;-0.22636728337690
2.557078280616171 2.5894710133516154;-0.22638248259607
2.5856009458845595 2.61799448053257;-0.22636728344001
2.557077426285163 2.589471857258719;-0.22638248265814
2.585600085397142 2.617995330103671;-0.22636728350312
2.557076571949801 2.5894727011692393;-0.22638248272014
2.585599224905605 2.6179961796786326;-0.22636728356614
2.557075717610149 2.589473545083282;-0.2263824827821
2.5855983644098846 2.6179970292569252;-0.22636728362923
2.5570748632666995 2.5894743890009106;-0.22638248284416
2.585597503909894 2.6179978788385916;-0.22636728369238
2.557074008919046 2.589475232921977;-0.22638248290617
2.585596643405849 2.617998728423991;-0.2263672837554
2.5570731545671452 2.5894760768465654;-0.2263824829681
2.5855957828974483 2.6179995780128062;-0.22636728381862
2.5570723002112543 2.5894769207748247;-0.22638248303022
2.58559492238525 2.618000427605397;-0.22636728388164
2.557071445851288 2.589477764706479;-0.2263824830922
2.5855940618686746 2.6180012772010866;-0.22636728394482
2.5570705914873098 2.5894786086416985;-0.22638248315434
2.5855932013481295 2.6180021268006364;-0.22636728400788
2.5570697371189985 2.589479452580165;-0.2263824832163
2.5855923408232293 2.6180029764035173;-0.2263672840710
2.5570688827467403 2.5894802965224715;-0.22638248327839
2.585591480294403 2.6180038260101104;-0.22636728413410
2.557068028370149 2.5894811404680462;-0.22638248334037
2.585590619761371 2.618004675620458;-0.22636728419713
2.557067173989332 2.5894819844173127;-0.22638248340237
2.5855897592239194 2.6180055252340306;-0.22636728426029
2.5570663196046537 2.589482828370186;-0.22638248346444
2.5855888986825204 2.6180063748513582;-0.22636728432336
2.5570654652156852 2.589483672326561;-0.22638248352648
2.5855880381368084 2.618007224472144;-0.22636728438649
2.557064610822534 2.5894845162863525;-0.2263824835884
2.585587177586977 2.618008074096388;-0.22636728444962
2.5570637564255425 2.589485360249772;-0.2263824836505
2.5855863170330693 2.618008923724217;-0.22636728451273
2.557062902024197 2.5894862042166085;-0.22638248371259
2.5855854564748273 2.618009773355631;-0.22636728457587
2.5570620476187536 2.589487048187115;-0.2263824837746
2.5855845959126373 2.6180106229906723;-0.22636728463894
2.557061193209106 2.589487892160911;-0.2263824838366
2.5855837353461997 2.618011472629151;-0.2263672847020
2.5570603387954045 2.589488736138441;-0.22638248389868
2.585582874775728 2.618012322271172;-0.22636728476516
2.5570594843777124 2.5894895801193454;-0.22638248396074
2.5855820142009005 2.6180131719165036;-0.22636728482835
2.557058629955945 2.589490424103878;-0.22638248402282
2.585581153622104 2.618014021565822;-0.2263672848914
2.5570577755296937 2.5894912680918902;-0.2263824840848
2.585580293039059 2.618014871218451;-0.22636728495452
2.5570569210996457 2.5894921120835313;-0.22638248414692
2.5855794324517873 2.6180157208746224;-0.22636728501766
2.5570560666654365 2.589492956078631;-0.22638248420900
2.5855785718605895 2.618016570534485;-0.22636728508072
2.557055212226937 2.5894938000771046;-0.22638248427101
2.5855777112647362 2.6180174201977;-0.226367285143
2.5570543577843616 2.5894946440793976;-0.22638248433309
2.585576850664999 2.6180182698645846;-0.226367285207
2.5570535033374746 2.589495488085022;-0.22638248439510
2.5855759900611206 2.618019119535118;-0.22636728527015
2.557052648886705 2.5894963320943383;-0.22638248445720
2.5855751294531233 2.6180199692090884;-0.2263672853332
2.55705179443186 2.58949717610705;-0.22638248451928
2.585574268840942 2.6180208188863054;-0.22636728539645
2.5570509399727244 2.5894980201231146;-0.226382484581
2.58557340822447 2.618021668567277;-0.22636728545962
2.5570500855095557 2.589498864142998;-0.22638248464338
2.585572547603942 2.6180225182518333;-0.22636728552276
2.5570492310422686 2.589499708166086;-0.2263824847054
2.5855716869792307 2.6180233679399327;-0.22636728558591
2.5570483765707768 2.5895005521929506;-0.22638248476748
2.5855708263506783 2.618024217631723;-0.2263672856489
2.557047522095231 2.589501396223147;-0.22638248482952
2.585569965717556 2.6180250673266747;-0.22636728571217
2.5570466676156736 2.5895022402570773;-0.22638248489164
2.5855691050804217 2.6180259170253812;-0.22636728577532
2.557045813131804 2.5895030842944453;-0.22638248495370
2.585568244439125 2.6180267667278634;-0.22636728583841
2.557044958643752 2.58950392833542;-0.22638248501576
2.585567383793601 2.618027616433698;-0.22636728590156
2.5570441041516454 2.589504772379812;-0.22638248507782
2.5855665231440867 2.6180284661432025;-0.22636728596464
2.5570432496552704 2.5895056164276835;-0.22638248513984
2.5855656624900454 2.6180293158560377;-0.22636728602786
2.5570423951550336 2.589506460479416;-0.22638248520200
2.5855648018319486 2.6180301655726064;-0.22636728609102
2.5570415406503995 2.5895073045343957;-0.2263824852640
2.58556394116999 2.6180310152926967;-0.2263672861541
2.55704068614184 2.5895081485930036;-0.22638248532614
2.5855630805033756 2.618031865016076;-0.22636728621737
2.5570398316290754 2.589508992655176;-0.22638248538824
2.585562219833113 2.6180327147433573;-0.22636728628044
2.557038977112128 2.589509836720744;-0.22638248545029
2.5855613591582163 2.6180335644737793;-0.2263672863437
2.5570381225913836 2.5895106807898762;-0.2263824855124
2.5855604984796936 2.6180344142081253;-0.2263672864067
2.5570372680660274 2.589511524862404;-0.22638248557444
2.5855596377967083 2.6180352639457816;-0.22636728646996
2.5570364135368098 2.589512368938518;-0.22638248563652
2.5855587771095605 2.618036113687256;-0.22636728653308
2.5570355590034093 2.5895132130183023;-0.22638248569862
2.585557916418486 2.6180369634321456;-0.22636728659618
2.557034704465933 2.5895140571013124;-0.2263824857606
2.5855570557229703 2.618037813180388;-0.22636728665940
2.557033849924445 2.5895149011882475;-0.2263824858228
2.585556195023464 2.618038662932385;-0.2263672867225
2.557032995378517 2.5895157452784083;-0.2263824858848
2.5855553343195163 2.618039512687416;-0.22636728678583
2.557032140828942 2.589516589372155;-0.2263824859470
2.5855544736120497 2.6180403624466675;-0.22636728684884
2.5570312862748406 2.5895174334692963;-0.2263824860090
2.5855536129000773 2.6180412122092287;-0.22636728691198
2.557030431716878 2.5895182775702144;-0.22638248607121
2.5855527521835993 2.618042061974994;-0.2263672869752
2.5570295771545606 2.5895191216744644;-0.22638248613326
2.5855518914634095 2.6180429117446624;-0.2263672870384
2.5570287225882318 2.5895199657822583;-0.2263824861953
2.5855510307389924 2.6180437615178738;-0.2263672871015
2.557027868017806 2.589520809893532;-0.22638248625745
2.58555017001022 2.6180446112943736;-0.22636728716477
2.5570270134432183 2.5895216540084975;-0.2263824863195
2.585549309277414 2.6180454610746917;-0.22636728722792
2.5570261588644048 2.5895224981267946;-0.2263824863816
2.58554844854036 2.6180463108582557;-0.22636728729116
2.557025304281623 2.5895233422489103;-0.22638248644379
2.585547587799337 2.6180471606456592;-0.22636728735429
2.5570244496947008 2.58952418637421;-0.22638248650587
2.5855467270538934 2.6180480104365205;-0.22636728741750
2.557023595103574 2.5895250305033066;-0.22638248656800
2.585545866304609 2.6180488602310943;-0.22636728748059
2.5570227405082 2.589525874635672;-0.22638248663004
2.585545005550841 2.618049710028978;-0.22636728754382
2.5570218859088145 2.5895267187718134;-0.22638248669217
2.5855441447931247 2.618050559830573;-0.2263672876069
2.557021031305396 2.5895275629114773;-0.2263824867543
2.5855432840309023 2.6180514096355;-0.22636728767024
2.557020176697665 2.5895284070545577;-0.2263824868164
2.585542423264904 2.6180522594439273;-0.2263672877334
2.5570193220859876 2.5895292512010544;-0.2263824868785
2.5855415624945497 2.618053109256109;-0.2263672877966
2.5570184674702126 2.589530095351264;-0.22638248694067
2.5855407017203547 2.618053959071854;-0.22636728785974
2.557017612850126 2.5895309395046993;-0.2263824870027
2.5855398409417614 2.618054808890761;-0.22636728792300
2.5570167582262635 2.5895317836618474;-0.2263824870648
2.5855389801590913 2.618055658713571;-0.22636728798616
2.5570159035978963 2.589532627822497;-0.22638248712697
2.585538119372152 2.6180565085398175;-0.22636728804937
2.5570150489655825 2.589533471986817;-0.2263824871891
2.58553725858105 2.618057358369607;-0.22636728811258
2.557014194329128 2.5895343161545323;-0.22638248725125
2.5855363977858925 2.6180582082030877;-0.22636728817574
2.5570133396884906 2.5895351603258545;-0.22638248731339
2.5855355369865514 2.6180590580401955;-0.226367288238
2.5570124850434985 2.589536004500593;-0.2263824873754
2.5855346761828977 2.6180599078806766;-0.22636728830210
2.5570116303946455 2.589536848679087;-0.22638248743762
2.5855338153750815 2.6180607577246584;-0.22636728836533
2.557010775741545 2.5895376928608913;-0.22638248749972
2.585532954563146 2.6180616075720557;-0.22636728842858
2.5570099210844757 2.5895385370462183;-0.22638248756185
2.585532093747241 2.6180624574232714;-0.2263672884917
2.5570090664230944 2.589539381235004;-0.22638248762393
2.5855312329269373 2.6180633072777333;-0.22636728855500
2.5570082117579163 2.5895402254275024;-0.22638248768614
2.585530372102771 2.618064157136013;-0.22636728861814
2.5570073570882763 2.589541069623311;-0.22638248774821
2.585529511274207 2.618065006997666;-0.2263672886813
2.5570065024147106 2.5895419138228117;-0.22638248781038
2.5855286504416948 2.618065856863116;-0.22636728874451
2.557005647736919 2.589542758025729;-0.22638248787249
2.585527789604806 2.6180667067317915;-0.2263672888077
2.5570047930550945 2.589543602232317;-0.22638248793467
2.5855269287636684 2.6180675566041365;-0.2263672888710
2.5570039383691294 2.5895444464424267;-0.22638248799684
2.585526067918733 2.6180684064801936;-0.22636728893414
2.5570030836787243 2.5895452906557836;-0.22638248805887
2.5855252070692276 2.6180692563594756;-0.22636728899743
2.5570022289844143 2.5895461348728324;-0.22638248812100
2.585524346215731 2.6180701062423855;-0.2263672890606
2.5570013742862434 2.5895469790936363;-0.22638248818325
2.5855234853581366 2.618070956129113;-0.2263672891238
2.5570005195836103 2.589547823317772;-0.22638248824537
2.585522624496165 2.6180718060191293;-0.22636728918711
2.5569996648769013 2.5895486675455563;-0.22638248830754
2.5855217636301813 2.6180726559128367;-0.22636728925032
2.556998810166052 2.589549511776779;-0.22638248836968
2.585520902760142 2.6180735058100657;-0.22636728931351
2.5569979554511915 2.589550356011376;-0.2263824884318
2.5855200418857684 2.618074355710456;-0.22636728937683
2.556997100732233 2.589551200249516;-0.22638248849397
2.5855191810074256 2.618075205614707;-0.22636728944003
2.5569962460090276 2.5895520444911573;-0.22638248855609
2.5855183201248773 2.618076055522713;-0.22636728950319
2.5569953912816175 2.5895528887365113;-0.22638248861824
2.5855174592379733 2.6180769054340494;-0.2263672895664
2.5569945365501527 2.58955373298543;-0.22638248868041
2.5855165983470356 2.6180777553488226;-0.22636728962971
2.5569936818147627 2.589554577237829;-0.2263824887426
2.5855157374519786 2.6180786052673715;-0.22636728969291
2.5569928270749323 2.5895554214935803;-0.226382488804
2.5855148765525446 2.6180794551891453;-0.22636728975623
2.5569919723311973 2.5895562657530022;-0.22638248886692
2.5855140156493985 2.618080305114928;-0.22636728981934
2.5569911175831077 2.589557110015777;-0.22638248892901
2.585513154741768 2.618081155043999;-0.22636728988259
2.5569902628309853 2.589557954282307;-0.2263824889911
2.5855122938298467 2.618082004976465;-0.22636728994591
2.55698940807483 2.589558798552317;-0.2263824890533
2.585511432914063 2.618082854912664;-0.22636729000911
2.556988553314513 2.589559642825701;-0.22638248911552
2.5855105719940523 2.618083704852469;-0.2263672900723
2.556987698549991 2.5895604871027342;-0.22638248917768
2.5855097110696645 2.618084554795563;-0.22636729013563
2.5569868437815435 2.589561331383438;-0.22638248923992
2.58550885014135 2.6180854047426863;-0.22636729019878
2.5569859890085698 2.5895621756674094;-0.2263824893020
2.5855079892087875 2.6180862546929924;-0.22636729026203
2.5569851342316916 2.5895630199550097;-0.22638248936418
2.585507128272041 2.6180871046468206;-0.22636729032530
2.5569842794508237 2.589563864246217;-0.2263824894264
2.5855062673311537 2.6180879546042335;-0.22636729038855
2.5569834246657295 2.5895647085408404;-0.22638248948858
2.5855054063859533 2.618088804565168;-0.22636729045185
2.5569825698763875 2.5895655528390917;-0.22638248955075
2.5855045454365047 2.61808965452973;-0.22636729051515
2.5569817150830345 2.5895663971408442;-0.22638248961294
2.5855036844834083 2.618090504497961;-0.22636729057830
2.556980860285305 2.589567241445886;-0.22638248967503
2.5855028235256987 2.618091354469397;-0.22636729064163
2.5569800054839713 2.5895680857548107;-0.22638248973732
2.5855019625641913 2.618092204444524;-0.22636729070485
2.5569791506781545 2.5895689300668128;-0.22638248979942
2.585501101598479 2.618093054423384;-0.22636729076804
2.5569782958681544 2.5895697743825488;-0.22638248986156
2.5855002406285172 2.6180939044056806;-0.22636729083128
2.5569774410542925 2.5895706187018703;-0.22638248992378
2.585499379654115 2.618094754391139;-0.22636729089467
2.5569765862362264 2.58957146302482;-0.2263824899860
2.5854985186758714 2.618095604380627;-0.22636729095787
2.5569757314138917 2.589572307351144;-0.22638249004817
2.58549765769353 2.618096454373637;-0.22636729102107
2.5569748765874163 2.5895731516809057;-0.22638249011031
2.5854967967069187 2.618097304370062;-0.2263672910843
2.5569740217569294 2.58957399601438;-0.22638249017252
2.5854959357159304 2.618098154369882;-0.22636729114766
2.556973166922238 2.589574840351207;-0.2263824902346
2.585495074720908 2.6180990043732235;-0.22636729121097
2.5569723120836634 2.5895756846917473;-0.22638249029694
2.5854942137217662 2.6180998543803407;-0.22636729127423
2.556971457240799 2.5895765290359156;-0.22638249035918
2.585493352718462 2.6181007043911273;-0.22636729133745
2.556970602393601 2.5895773733833094;-0.2263824904213
2.585492491711038 2.6181015544052664;-0.2263672914007
2.556969747542391 2.5895782177343314;-0.2263824904834
2.5854916306994298 2.6181024044230115;-0.22636729146397
2.5569688926871055 2.5895790620889816;-0.2263824905457
2.5854907696836804 2.6181032544443625;-0.22636729152721
2.5569680378277013 2.589579906447027;-0.2263824906079
2.585489908663876 2.618104104469278;-0.2263672915904
2.5569671829639207 2.58958075080851;-0.22638249067002
2.5854890476395442 2.618104954497312;-0.22636729165381
2.5569663280964074 2.5895815951736627;-0.22638249073227
2.5854881866113075 2.6181058045293972;-0.2263672917170
2.5569654732246683 2.589582439542402;-0.22638249079450
2.5854873255788653 2.61810665456475;-0.22636729178033
2.55696461834866 2.589583283914642;-0.226382490856
2.5854864645420887 2.6181075046034548;-0.22636729184371
2.5569637634686826 2.58958412829032;-0.22638249091892
2.5854856035012994 2.618108354645935;-0.226367291907
2.5569629085843504 2.589584972669541;-0.2263824909810
2.5854847424562832 2.618109204692043;-0.2263672919703
2.5569620536962 2.589585817052496;-0.22638249104339
2.5854838814075123 2.6181100547418206;-0.22636729203346
2.5569611988036733 2.58958666143855;-0.2263824911055
2.5854830203540424 2.618110904794696;-0.22636729209686
2.556960343907328 2.589587505828571;-0.22638249116784
2.585482159296839 2.618111754851623;-0.22636729216005
2.5569594890064136 2.5895883502217325;-0.22638249122996
2.5854812982351945 2.618112604911774;-0.22636729222337
2.5569586341016164 2.5895891946185645;-0.22638249129218
2.58548043716943 2.6181134549753624;-0.22636729228671
2.5569577791928717 2.589590039019046;-0.2263824913544
2.5854795760995457 2.6181143050426203;-0.22636729235002
2.556956924279751 2.5895908834227743;-0.22638249141664
2.585478715025778 2.6181151551135904;-0.22636729241322
2.556956069362468 2.5895917278299403;-0.2263824914787
2.585477853947654 2.6181160051881243;-0.2263672924764
2.556955214441024 2.589592572240967;-0.22638249154099
2.5854769928651966 2.6181168552660314;-0.22636729253979
2.5569543595156112 2.5895934166556223;-0.2263824916032
2.5854761317785764 2.618117705347481;-0.22636729260312
2.5569535045859935 2.589594261073609;-0.22638249166548
2.585475270687815 2.6181185554325586;-0.22636729266642
2.556952649652321 2.5895951054951816;-0.2263824917277
2.585474409592955 2.618119405520946;-0.22636729272977
2.5569517947143585 2.5895959499200223;-0.22638249178988
2.5854735484939115 2.618120255613024;-0.22636729279309
2.556950939772642 2.5895967943488087;-0.22638249185222
2.585472687390748 2.6181211057085596;-0.22636729285642
2.556950084826527 2.5895976387807784;-0.22638249191441
2.5854718262834218 2.61812195580785;-0.2263672929197
2.5569492298762078 2.589598483216461;-0.22638249197664
2.5854709651718473 2.6181228059105774;-0.2263672929830
2.556948374921877 2.5895993276555815;-0.2263824920388
2.585470104056346 2.618123656017059;-0.22636729304626
2.5569475199634057 2.589600172098287;-0.22638249210112
2.5854692429366177 2.618124506126977;-0.22636729310952
2.556946665000794 2.5896010165444725;-0.2263824921633
2.5854683818125124 2.6181253562403324;-0.22636729317287
2.5569458100339992 2.589601860994223;-0.22638249222558
2.5854675206842233 2.6181262063572306;-0.2263672932362
2.5569449550631074 2.5896027054474744;-0.2263824922878
2.58546665955205 2.618127056477671;-0.2263672932995
2.556944100087989 2.5896035499041417;-0.22638249235001
2.5854657984155645 2.618127906601802;-0.22636729336281
2.556943245108902 2.5896043943644584;-0.2263824924122
2.5854649372750234 2.618128756729434;-0.22636729342609
2.5569423901255033 2.5896052388282342;-0.22638249247446
2.5854640761298477 2.6181296068603963;-0.22636729348953
2.556941535138093 2.5896060832958496;-0.22638249253676
2.58546321498081 2.6181304569951984;-0.22636729355283
2.556940680146521 2.589606927766797;-0.2263824925990
2.585462353827781 2.6181313071335643;-0.2263672936160
2.5569398251507014 2.589607772241245;-0.22638249266123
2.5854614926702038 2.6181321572752183;-0.22636729367950
2.5569389701511276 2.5896086167192367;-0.22638249272354
2.585460631508828 2.6181330074205;-0.22636729374281
2.556938115147156 2.5896094612006655;-0.22638249278577
2.585459770343247 2.6181338575692394;-0.2263672938061
2.5569372601390867 2.589610305685447;-0.22638249284797
2.5854589091736964 2.6181347077217967;-0.22636729386939
2.5569364051270274 2.5896111501739205;-0.22638249291024
2.5854580479997686 2.6181355578776215;-0.22636729393274
2.5569355501106563 2.5896119946659586;-0.22638249297248
2.5854571868215497 2.618136408037095;-0.22636729399609
2.556934695090274 2.589612839161561;-0.22638249303476
2.5854563256391465 2.618137258199878;-0.22636729405951
2.5569338400658363 2.589613683660728;-0.22638249309706
2.5854554644527092 2.6181381083666695;-0.22636729412280
2.5569329850368936 2.589614528163248;-0.22638249315924
2.5854546032624097 2.6181389585367922;-0.22636729418606
2.556932130004197 2.5896153726692477;-0.22638249322149
2.585453742067497 2.6181398087103727;-0.2263672942494
2.5569312749673387 2.589616217179045;-0.22638249328381
2.5854528808687225 2.6181406588875804;-0.22636729431275
2.5569304199262546 2.589617061692131;-0.2263824933460
2.585452019665485 2.618141509068246;-0.2263672943761
2.556929564881094 2.589617906208824;-0.22638249340832
2.5854511584583846 2.618142359252454;-0.22636729443947
2.5569287098318143 2.5896187507289974;-0.22638249347058
2.5854502972470574 2.618143209440163;-0.22636729450283
2.5569278547783303 2.589619595252481;-0.22638249353277
2.5854494360316105 2.618144059631499;-0.2263672945661
2.5569269997208774 2.5896204397798255;-0.22638249359509
2.5854485748119793 2.618144909826568;-0.22636729462944
2.556926144659198 2.5896212843106072;-0.22638249365736
2.585447713587971 2.6181457600247984;-0.22636729469287
2.556925289593486 2.5896221288450385;-0.22638249371969
2.585446852360144 2.618146610226974;-0.22636729475613
2.5569244345234194 2.589622973382695;-0.22638249378189
2.5854459911280894 2.618147460432438;-0.22636729481946
2.5569235794494265 2.5896238179239375;-0.22638249384416
2.585445129891722 2.61814831064136;-0.2263672948828
2.5569227243712933 2.589624662468745;-0.22638249390643
2.585444268651235 2.6181491608537826;-0.22636729494625
2.5569218692890843 2.589625507017011;-0.2263824939687
2.585443407406714 2.6181500110700653;-0.22636729500954
2.5569210142024987 2.5896263515689046;-0.2263824940309
2.5854425461578585 2.618150861289827;-0.22636729507288
2.556920159112052 2.589627196124575;-0.22638249409331
2.5854416849046906 2.618151711512877;-0.22636729513633
2.5569193040174216 2.5896280406834706;-0.22638249415559
2.5854408236477244 2.618152561739915;-0.22636729519958
2.5569184489184793 2.5896288852461007;-0.22638249421788
2.585439962386038 2.618153411970072;-0.2263672952630
2.5569175938153323 2.589629729811999;-0.22638249428009
2.585439101120918 2.61815426220411;-0.22636729532631
2.5569167387083236 2.5896305743815247;-0.22638249434239
2.5854382398509705 2.6181551124415;-0.22636729538975
2.556915883597025 2.589631418954721;-0.226382494404
2.5854373785771396 2.618155962682581;-0.22636729545310
2.5569150284817357 2.5896322635315028;-0.22638249446704
2.5854365172991454 2.618156812927268;-0.22636729551643
2.5569141733620055 2.5896331081117223;-0.22638249452930
2.58543565601686 2.618157663175519;-0.22636729557979
2.5569133182380925 2.589633952695464;-0.22638249459154
2.5854347947305407 2.618158513427228;-0.226367295643
2.556912463110361 2.589634797282728;-0.22638249465386
2.585433933439844 2.61815936368248;-0.22636729570654
2.5569116079783383 2.5896356418735778;-0.22638249471615
2.585433072144942 2.61816021394102;-0.22636729577001
2.556910752842347 2.589636486467886;-0.22638249477847
2.585432210846199 2.6181610642032935;-0.22636729583337
2.5569098977021083 2.5896373310655894;-0.22638249484073
2.585431349543551 2.6181619144694905;-0.22636729589658
2.556909042557772 2.589638175666836;-0.2263824949030
2.5854304882362036 2.618162764738595;-0.22636729596007
2.556908187409274 2.589639020271605;-0.22638249496527
2.585429626924951 2.6181636150116443;-0.22636729602340
2.5569073322568285 2.5896398648801497;-0.22638249502764
2.5854287656096004 2.6181644652881726;-0.2263672960867
2.55690647710005 2.5896407094919205;-0.2263824950899
2.585427904289701 2.6181653155678837;-0.2263672961502
2.5569056219393023 2.5896415541073616;-0.22638249515222
2.5854270429660464 2.618166165851434;-0.22636729621359
2.5569047667745215 2.5896423987264523;-0.22638249521460
2.5854261816380144 2.6181670161384636;-0.22636729627701
2.5569039116052785 2.5896432433486627;-0.22638249527681
2.5854253203059914 2.618167866429374;-0.22636729634030
2.556903056432024 2.589644087974882;-0.22638249533916
2.5854244589695488 2.6181687167236367;-0.2263672964037
2.5569022012545006 2.5896449326043904;-0.22638249540142
2.5854235976291147 2.618169567021442;-0.2263672964670
2.5569013460731367 2.5896457772375485;-0.22638249546379
2.58542273628441 2.6181704173224936;-0.22636729653054
2.5569004908875037 2.589646621873953;-0.2263824955260
2.585421874935694 2.6181712676275324;-0.22636729659386
2.556899635697752 2.589647466514155;-0.22638249558838
2.5854210135826428 2.6181721179357114;-0.2263672966573
2.5568987805040098 2.5896483111577524;-0.226382495650
2.5854201522254723 2.618172968247581;-0.22636729672075
2.5568979253058486 2.5896491558048296;-0.22638249571298
2.585419290864439 2.6181738185634176;-0.22636729678400
2.556897070103697 2.5896500004556406;-0.22638249577532
2.585418429498986 2.6181746688823515;-0.22636729684742
2.5568962148975123 2.5896508451097833;-0.22638249583764
2.5854175681293485 2.6181755192049128;-0.22636729691082
2.5568953596871657 2.5896516897675963;-0.22638249589999
2.58541670675557 2.6181763695308686;-0.2263672969742
2.5568945044726785 2.589652534428656;-0.2263824959622
2.585415845377843 2.6181772198604514;-0.22636729703763
2.5568936492541154 2.5896533790933227;-0.2263824960245
2.5854149839955247 2.6181780701935344;-0.22636729710111
2.5568927940313264 2.589654223761744;-0.22638249608694
2.5854141226094725 2.618178920530393;-0.2263672971644
2.5568919388044393 2.5896550684335184;-0.2263824961492
2.5854132612188283 2.618179770870392;-0.22636729722796
2.556891083573455 2.589655913108963;-0.2263824962116
2.585412399824365 2.6181806212144627;-0.2263672972912
2.5568902283382444 2.589656757787803;-0.226382496273
2.5854115384256313 2.6181814715618854;-0.22636729735468
2.556889373098893 2.589657602470207;-0.22638249633623
2.5854106770227565 2.6181823219128506;-0.22636729741807
2.5568885178554446 2.5896584471560273;-0.22638249639853
2.585409815615633 2.6181831722672104;-0.2263672974815
2.5568876626078554 2.5896592918454973;-0.2263824964608
2.585408954204347 2.6181840226254094;-0.22636729754490
2.5568868073562543 2.5896601365387433;-0.22638249652327
2.5854080927889838 2.618184872986939;-0.22636729760831
2.5568859521004272 2.58966098123513;-0.22638249658558
2.5854072313693077 2.618185723352096;-0.22636729767174
2.55688509684031 2.5896618259352295;-0.2263824966478
2.5854063699455123 2.6181865737206684;-0.2263672977351
2.556884241576202 2.5896626706388726;-0.22638249671024
2.5854055085176397 2.6181874240929317;-0.22636729779859
2.5568833863079536 2.589663515346101;-0.2263824967726
2.5854046470854115 2.6181882744687166;-0.2263672978620
2.556882531035501 2.589664360056725;-0.22638249683492
2.585403785649106 2.618189124848044;-0.22636729792547
2.5568816757590787 2.589665204770998;-0.22638249689730
2.5854029242086596 2.6181899752307447;-0.226367297988
2.5568808204785163 2.58966604948856;-0.22638249695963
2.5854020627644148 2.618190825617369;-0.22636729805224
2.5568799651937706 2.5896668942096444;-0.22638249702194
2.585401201315621 2.618191676007091;-0.22636729811573
2.556879109905013 2.5896677389344203;-0.22638249708432
2.5854003398628795 2.6181925264005677;-0.22636729817912
2.5568782546120725 2.589668583662591;-0.2263824971466
2.5853994784058894 2.6181933767977137;-0.22636729824251
2.5568773993147556 2.5896694283942625;-0.22638249720895
2.585398616944458 2.6181942271980847;-0.22636729830604
2.5568765440137486 2.5896702731296894;-0.22638249727138
2.5853977554793137 2.6181950776023797;-0.22636729836938
2.556875688708215 2.589671117868469;-0.2263824973336
2.5853968940096212 2.6181959280097935;-0.22636729843290
2.5568748333988416 2.589671962610813;-0.22638249739607
2.5853960325359373 2.6181967784211735;-0.22636729849629
2.556873978085113 2.5896728073568274;-0.22638249745844
2.5853951710580474 2.6181976288359903;-0.22636729855972
2.556873122767265 2.589673652106279;-0.22638249752079
2.585394309576188 2.6181984792543496;-0.22636729862310
2.5568722674453843 2.5896744968590837;-0.22638249758312
2.585393448089866 2.6181993296760395;-0.22636729868661
2.5568714121194915 2.58967534161577;-0.22638249764557
2.585392586599531 2.6182001801015686;-0.22636729875001
2.5568705567891583 2.5896761863755766;-0.22638249770785
2.585391725104947 2.618201030530238;-0.22636729881353
2.556869701455006 2.5896770311391166;-0.22638249777025
2.5853908636062437 2.6182018809626824;-0.22636729887699
2.556868846116692 2.5896778759063483;-0.22638249783269
2.5853900021032916 2.6182027313987124;-0.22636729894045
2.556867990774044 2.5896787206767424;-0.22638249789499
2.5853891405965412 2.618203581838412;-0.2263672990038
2.5568671354272987 2.5896795654507856;-0.22638249795733
2.5853882790852207 2.618204432281548;-0.2263672990672
2.5568662800763704 2.5896804102283504;-0.2263824980196
2.5853874175698235 2.6182052827281415;-0.22636729913077
2.556865424721516 2.589681255009628;-0.22638249808209
2.585386556050392 2.61820613317849;-0.22636729919417
2.5568645693623924 2.5896820997942798;-0.22638249814444
2.585385694526691 2.6182069836321262;-0.22636729925766
2.5568637139992143 2.5896829445824325;-0.22638249820681
2.5853848329990843 2.618207834089581;-0.22636729932102
2.556862858631767 2.589683789374044;-0.2263824982691
2.5853839714669933 2.6182086845502393;-0.22636729938454
2.5568620032604152 2.5896846341692616;-0.2263824983315
2.5853831099309534 2.618209535014673;-0.2263672994479
2.55686114788473 2.5896854789680863;-0.22638249839390
2.58538224839073 2.618210385482628;-0.2263672995113
2.556860292505054 2.589686323770179;-0.22638249845624
2.585381386846343 2.618211235954083;-0.22636729957484
2.556859437121323 2.5896871685760265;-0.22638249851866
2.5853805252977073 2.618212086429123;-0.22636729963829
2.556858581733366 2.589688013385439;-0.2263824985810
2.585379663744502 2.618212936907304;-0.2263672997019
2.5568577263413976 2.589688858198374;-0.22638249864349
2.58537880218782 2.6182137873895353;-0.22636729976531
2.5568568709450954 2.5896897030146397;-0.2263824987058
2.5853779406266537 2.6182146378751607;-0.22636729982879
2.5568560155446955 2.589690547834597;-0.22638249876822
2.585377079061303 2.618215488364498;-0.22636729989224
2.5568551601400267 2.589691392658055;-0.22638249883057
2.5853762174919397 2.6182163388574837;-0.22636729995563
2.5568543047314316 2.589692237485247;-0.22638249889302
2.5853753559181776 2.618217189353631;-0.22636730001916
2.5568534493186106 2.58969308231558;-0.2263824989553
2.585374494340382 2.6182180398535113;-0.22636730008263
2.5568525939017133 2.589693927149626;-0.22638249901776
2.585373632758487 2.6182188903568284;-0.22636730014610
2.556851738480761 2.5896947719870878;-0.22638249908015
2.585372771172451 2.61821974086373;-0.22636730020956
2.5568508830556254 2.589695616828262;-0.22638249914257
2.5853719095822734 2.6182205913741323;-0.22636730027303
2.556850027626371 2.5896964616726836;-0.22638249920493
2.585371047987762 2.6182214418881617;-0.2263673003365
2.5568491721928686 2.5896973065209026;-0.22638249926733
PointOptimal;ValeurOptimale
[2.55684917 2.58969731];-0.22638249926733162
Temps;Nb iteration
0.08678483963012695;1000