Point;Valeur
-4.328041201661641 -2.6755175108892604;12.34857834824
-4.332091496361622 -2.687494436291101;12.347298119347
-4.330231286199247 -2.701634563962186;12.324447762203
-4.32233778569422 -2.718217847638151;12.276547818439
-4.308099233607301 -2.7376326848960812;12.196682347520
-4.2869736104848455 -2.7603997155360003;12.072919446900
-4.258136115569996 -2.78719994429831;11.886104472852
-4.220442493316738 -2.8188861293164043;11.608688965238
-4.1725152034872455 -2.8564060622917733;11.212857498687
-4.113266109755618 -2.900444708168117;10.71274883147
-4.043414899217612 -2.9504592173060553;10.259354790181
-3.9676754999365595 -3.003298609038778;10.133416125508
-3.893952338958315 -3.0535227055134153;10.409601506019
-3.8280559850457223 -3.096540247065141;10.841405527903
-3.7712705786935508 -3.130478088676549;11.21473278663
-3.722294995916052 -3.155331472979208;11.474131873303
-3.679202376913023 -3.1717619223661906;11.635273944167
-3.640217809677245 -3.180497657680311;11.723759424479
-3.6038662509293022 -3.182141270231927;11.758455953440
-3.5689183369537254 -3.177141212300025;11.75045518806
-3.534292441133209 -3.165817180585791;11.704901417144
-3.4989527582067064 -3.1484049071159914;11.622543469674
-3.461805277849325 -3.125117219299869;11.500615034372
-3.4215852111917906 -3.096231568130055;11.333162775185
-3.3767351457255996 -3.062219517436137;11.110907899018
-3.3252969257461285 -3.0239300306064614;10.820896273251
-3.2649045806866774 -2.9828200593106446;10.448593966873
-3.193126112515173 -2.9411858826166766;9.99543712915
-3.108709082928773 -2.9022475602904962;9.540306180123
-3.0141627237475577 -2.8696550272238888;9.300532021798
-2.917093776587571 -2.8458834352135685;9.430964522357
-2.8252252183915303 -2.830758533759205;9.756946863946
-2.7410536895548434 -2.8223175883264275;10.041958893297
-2.66314367578662 -2.8184795572935752;10.210292753188
-2.5889475722949213 -2.817734424783196;10.27220700647
-2.516018602436144 -2.8191769087458396;10.247063551795
-2.442156864894888 -2.8224076710589237;10.13993651452
-2.365178991358761 -2.8274856015450394;9.936142740235
-2.282618730422186 -2.834970626912481;9.60010154979
-2.191678340524745 -2.8460412588824116;9.095714823708
-2.09034224321085 -2.862512989299249;8.493777956852
-1.9809775812726191 -2.8861145594160926;8.131537621685
-1.8726643916965893 -2.916492571579513;8.283904989101
-1.7735161200867091 -2.9504975302511873;8.694417125262
-1.6844338871592577 -2.9844835255840807;9.053690898550
-1.6023687195057643 -3.0158875351782206;9.277032232992
-1.5237206939039176 -3.0431760243605717;9.371395273120
-1.4452919373297908 -3.065377897814735;9.345955811391
-1.364138606772639 -3.081690536776228;9.187669199697
-1.2771842196683392 -3.0911801839545694;8.857528371554
-1.1811812749943822 -3.092547362492532;8.322671037382
-1.07428741825483 -3.0841303279061094;7.709397365134
-0.9605958806071886 -3.0648168360711736;7.449556772426
-0.8510425533388826 -3.0358969615152587;7.723276753873
-0.7527965872264756 -3.0007346725825657;8.14228634488
-0.6651900495709573 -2.9623716923503993;8.438733977051
-0.5845641043932527 -2.9226965096438073;8.586111125966
-0.5073144022700409 -2.882786158522879;8.618703558750
-0.4305183874019404 -2.843342258352296;8.563009433208
-0.35177454529620794 -2.8049953631634317;8.430164631839
-0.26899201020300767 -2.7685030277870686;8.224214517523
-0.18052081181522087 -2.734843357608762;7.96664633342
-0.08606228372004422 -2.705090084282581;7.742951151434
0.011798046389886477 -2.6798666012913785;7.697049743003
0.10794316599106643 -2.6586056746602362;7.865310030317
0.19843706484823836 -2.6396314747810905;8.111832999237
0.28257059824565434 -2.621100700641911;8.313660184093
0.3614925221153864 -2.6016236545555738;8.438842348643
0.4366809042597899 -2.5803112260582735;8.49784813528
0.5093999359444629 -2.5566169276148036;8.505262960851
0.5806960904385634 -2.5301766813591895;8.46851688897
0.6515381524937647 -2.50067524061485;8.386808014996
0.7229352097825289 -2.4677111226907877;8.252593302323
0.7959288398170785 -2.4306219943413083;8.05573462911
0.8713072625101812 -2.388251084419089;7.793947237043
0.948884323617042 -2.3387223544905753;7.488296228882
1.026564174488721 -2.279490578792835;7.18125863277
1.1001968318814361 -2.2080649635135656;6.902404979476
1.1649249446664476 -2.123500976656664;6.675469146305
1.2170423252419156 -2.028235385636511;6.591597499656
1.2553565409360004 -1.9285393835132394;6.731098861388
1.2813337049118374 -1.8307262874728358;6.981236707693
1.29753800729034 -1.7369601949080224;7.171033321169
1.3060982222339854 -1.6460779652347395;7.238883740641
1.3082908725825253 -1.5560015194979833;7.192657295530
1.3046619228487668 -1.4647992661768445;7.044562659037
1.2951531971543497 -1.3706832233030086;6.783641002197
1.2790558976311865 -1.2716401176628456;6.367667572494
1.2547554639092016 -1.165282599921216;5.750065656555
1.219495566438382 -1.0501996081377427;5.0201322095727
1.1702973520847106 -0.9299972314011666;4.530630469584
1.1070392457254539 -0.8136186649154172;4.453716631054
1.0336904879583346 -0.7061582147282387;4.540267142102
0.955354071377564 -0.6058092139248146;4.584259971094
0.8757038264202809 -0.5082088523594006;4.520755133216
0.796518138781648 -0.40950037967369946;4.339746209711
0.7183311488310583 -0.3070335659521144;4.049981942423
0.6410297489964448 -0.19922927321128603;3.676947676468
0.5638174345204401 -0.08599699850267982;3.2991776913
0.48467377181602483 0.02990650988529324;3.0521181270299
0.4005310791761539 0.1430412388045777;2.975662885372
0.30895362782418534 0.24866396843129807;2.971195894989
0.20931029872414922 0.34450710533809636;2.968695124854
0.10277354769730816 0.4302633486131582;2.9831882809849
-0.007411977931122263 0.5073826148228515;3.1032456669346
-0.11601853882330859 0.5786823614998821;3.3848379051275
-0.21849565089486744 0.6468848333065943;3.743258009254
-0.31317525517763606 0.7135602450578072;4.0694435905119
-0.4005125069616261 0.7793664120265265;4.318566437273
-0.4819168947657135 0.8445174949897716;4.482835339989
-0.5594075539907708 0.9088611900956908;4.564414174794
-0.6356840021964285 0.9716068619121083;4.569804795590
-0.714059836888092 1.030955553156614;4.5083755526620
-0.797816368251372 1.0839806895821273;4.398802308963
-0.8885980609853177 1.1270033853450057;4.313933406357
-0.9839361047440647 1.1565760612535847;4.414095512210
-1.0766459910946546 1.1709982127838892;4.770998166969
-1.1595300651454954 1.1710168513117047;5.215434790717
-1.2295567804868093 1.1586752639731643;5.570264367405
-1.2868550823265887 1.1360336260376407;5.791096783040
-1.3326240036258343 1.1048353672050513;5.902452845602
-1.3681570117948474 1.0666960490617194;5.943543768655
-1.394593229907289 1.0233739874096746;5.952863717941
-1.4128941458051874 0.9768893391377369;5.96152453759
-1.4238432536213863 0.929363513369037;5.985210337629
-1.4280298325573717 0.8826465414489314;6.021561203505
-1.4258382891752264 0.8379978996953603;6.057480370556
-1.417461119725003 0.7960193857792909;6.0791169117521
-1.4029289342816318 0.7568005249654369;6.076759223575
-1.382141062120224 0.7201265399669295;6.044590701636
-1.354886449940098 0.6856475182003469;5.978595307054
-1.3208543603851868 0.6529815792658517;5.874684223010
-1.2796443941262543 0.6217601657347175;5.727760700464
-1.2308019740431029 0.5916272241507966;5.532522406021
-1.173938187512974 0.5621950519388504;5.288152074493
-1.109033325093371 0.5329526630897139;5.0096237465649
-1.0369695194086488 0.5031409332765253;4.73970778075
-0.9599491032651593 0.47168328974727436;4.53363209155
-0.8809656693527921 0.4373256664922176;4.406140426807
-0.8023283525132447 0.398966949652218;4.312957470802
-0.7247659869269203 0.355884856403858;4.197777638909
-0.6477370428898646 0.3076984713255145;4.026424147855
-0.5700596160333574 0.25420326369673374;3.7802267538475
-0.4901863399551051 0.19524441914293783;3.437715777434
-0.40603459995636465 0.13074041868631323;2.9611738213871
-0.31449159392021997 0.0610436078234069;2.298708882371
-0.2111079517088266 -0.011989197330623827;1.4493973258615
-0.0920513710026767 -0.08303365349772628;0.7211578960905
0.03787244245847478 -0.14223610476134477;0.9065868120985
0.1616421899225975 -0.184545375965533;1.810759339382
0.27196197607777556 -0.21312498655741083;2.6249613725441
0.3703124174819652 -0.23166393070948488;3.164739705527
0.45963752963860177 -0.24248704977711308;3.5044201211982
0.5423377125392338 -0.24677801671474034;3.7109575050683
0.6204266000021567 -0.2449507923827492;3.8123703585291
0.6959164426271723 -0.23681738159370955;3.8108107376531
0.7709770403313984 -0.22160630904502002;3.696253826522
0.8476280729492851 -0.19795090795192116;3.4688620354617
0.9266096104273736 -0.1641008672565944;3.187118732114
1.0054996898311237 -0.1188548484165487;3.0075762947284
1.0781326353863399 -0.06338036445625263;3.0870326646700
1.1378166831099341 -0.0022316174885082807;3.4115277117307
1.181117583220896 0.05845004020767323;3.8316268544788
1.2079444989819816 0.11378718317045033;4.209496271683
1.2196515715482863 0.1612199168338509;4.479574179969
1.2176805602548126 0.1998709356189287;4.629512945711
1.2030962710177997 0.22961245522684165;4.666565011215
1.1765894130666126 0.2504546779368861;4.599602904620
1.138687818726522 0.2622372077305959;4.436916504123
1.0901454990105022 0.26449755534586206;4.195176089029
1.0325316247508693 0.2564792256569283;3.913248985219
0.9687863242156274 0.23734025273372678;3.6503363330595
0.903047932701867 0.2066015219298087;3.4499758395364
0.8393916621245125 0.16466190640663447;3.3121343810980
0.7804768440091745 0.1131169632673922;3.222406070669
0.727113384405156 0.05482572490345711;3.1876371924183
0.6785178181297912 -0.006373133918729734;3.221846307877
0.6328277667160983 -0.06651988160194647;3.31057773857
0.5877566818381499 -0.12258783573358906;3.4112135397867
0.5411745257506729 -0.172887961151113;3.483877944483
0.49138502561921854 -0.216718649570311;3.5076833047383
0.43711831420533404 -0.2538127777019093;3.475200332431
0.3773888921475995 -0.2839417129733738;3.382091465185
0.311339746018906 -0.30669879456462507;3.2209304877117
0.23817704037502124 -0.3213740887835718;2.9827412559219
0.1574010616799279 -0.3268612408631126;2.6750149447635
0.06970328750764379 -0.3216378947219153;2.3625417257579
-0.021547713593789986 -0.30403477936011647;2.1726077105792
-0.1102371304303833 -0.27298662687845043;2.166614392221
-0.19043564449255 -0.22874559679007006;2.259457874352
-0.25877762149399147 -0.17283156319684917;2.3512448925012
-0.3141603573811405 -0.10769975132037736;2.42220990466
-0.35681177793300906 -0.03676071354581549;2.515347602314
-0.38777687751655576 0.03566090742707023;2.6772910385689
-0.4085369655462758 0.10523950928601812;2.9013799495261
-0.4205752759964384 0.16895863208977707;3.1374265690970
-0.425082803759412 0.22548550448912313;3.3425167743137
-0.42290046928881003 0.27462087506181787;3.5000213573852
-0.414582850813449 0.31665468616864717;3.6097205579269
-0.40047422862018883 0.35198933055194825;3.676426476962
-0.3807611168460816 0.3809822781280462;3.7045827599948
-0.355502014705477 0.40389577100533314;3.696593195225
-0.32464407917327875 0.4208849948724903;3.6525700846823
-0.28803927420421077 0.4319931882413045;3.5706255812353
-0.2454801304050342 0.4371392921272844;3.447861788555
-0.19679318329172374 0.43608949672784125;3.283077424329
-0.1420536064240528 0.4284075205987154;3.0826227750393
-0.08197884197187433 0.41339107546998904;2.868094811298
-0.018412291847200724 0.390037139903025;2.675001851196
0.04551525358068713 0.35711986539862095;2.528111520708
0.10596029246863141 0.31342221566057865;2.412075943523
0.15927300805819047 0.25802584068096945;2.280645844938
0.20239587531101141 0.19061400245246563;2.0989836458130
0.23273677452732403 0.1120794974727039;1.8904785041713
0.24817906014640012 0.025753944659398814;1.7643174794354
0.2476713953241981 -0.06185755429031124;1.8274104111551
0.23182493416844446 -0.1433771923278037;2.030549543015
0.20251044825173842 -0.21402662423075958;2.2388603430026
0.16200780560453326 -0.2720233880413204;2.380434524462
0.11269255380310259 -0.31718106108571875;2.4568352943790
0.05724423256715731 -0.34992988459155333;2.506056464496
-0.0010981086577246946 -0.37095370393432786;2.572170695362
-0.058735177344590744 -0.3810554891426121;2.674882116678
-0.11242094001524686 -0.3810320016391117;2.7971885950717
-0.15987018480020798 -0.37154752396024676;2.9048382012293
-0.1997801288483932 -0.35305876116045665;2.969606688281
-0.23146147451290308 -0.32579451965040146;2.9745689910701
-0.2544387461810152 -0.28976500257955873;2.9083018214279
-0.26815486243400893 -0.24480016236784988;2.759099811604
-0.2717564693117051 -0.1906762985282438;2.514861278925
-0.2639231622804436 -0.1274900903065616;2.174687371141
-0.24280239995247718 -0.05652364300079485;1.7765036262611
-0.20633381876119253 0.018467844031951647;1.4141492468969
-0.15341393873788517 0.090770968569;1.1902721605115
-0.08587404416542585 0.15259343425600988;1.1607497059557
-0.009767881183364552 0.19839971063501566;1.3407180033829
0.06651078877755999 0.22670494536906333;1.6767331053064
0.1360745989865948 0.2388907639591773;2.0433518145861
0.19536253965488293 0.23720478223037303;2.3370700251577
0.24326687806540837 0.22364275381174198;2.5222969722189
0.27970800153594405 0.19970298614356968;2.6025105018681
0.30479106104931186 0.16653740366723419;2.591897304797
0.31845613318229643 0.12525212112426345;2.5076651106371
0.320358382025992 0.07730485287475308;2.372598575675
0.30985778770182953 0.024930369129676964;2.2147367181872
0.28610903687414235 -0.0286423712358111;2.053762511768
0.2482716681230615 -0.07944482121134636;1.88256501478
0.19586062616347813 -0.12333930579200544;1.6735055834884
0.1293902270288394 -0.15641138934784043;1.4234257380093
0.05165256024551003 -0.17515742655135502;1.2135167222480
-0.03083067910199061 -0.17712554964212548;1.182993187123
-0.1090019320893482 -0.16215636540133435;1.3489304576154
-0.17563751264770538 -0.13254351516313573;1.577556632321
-0.2273269725815355 -0.09180449421706338;1.7673683551720
-0.2632271758605895 -0.04387685621083984;1.906901818505
-0.28363897277611033 0.007070014894622979;2.0210879778586
-0.2892759375000271 0.05690316081562988;2.121269291866
-0.2809113723230125 0.10202890321008837;2.1904107430761
-0.2591829199869826 0.13971074643165984;2.1967819042084
-0.22452789172341456 0.167937778176931;2.1100995655960
-0.17730426101463054 0.18502216999233628;1.9096338018777
-0.11825199749381107 0.18921100041152134;1.598298795279
-0.04954583056486833 0.17855353909271215;1.2359570947470
0.023721413950525336 0.15138405081231596;0.9550098928435
0.09327458022664975 0.10783106193843768;0.8782887777974
0.1506500716632146 0.051741212730473767;1.0125326463429
0.1911946912816978 -0.00985085140076327;1.2794064850729
0.2142344382997426 -0.06972057787395597;1.5874167738316
0.221042666065527 -0.12255430008547076;1.8531284362904
0.21331741987708797 -0.165306542590332;2.0224910244782
0.1925361274381257 -0.19643200782489484;2.0738969785225
0.159901576979458 -0.2149825870023552;2.0035814108413
0.11664077363387325 -0.22001636122769222;1.8179267284325
0.06460157271021899 -0.21034049822731088;1.5402239491879
0.007077866984567319 -0.1846238787280606;1.2220236064181
-0.05059168068147956 -0.1420925663166787;0.9401294862131
-0.10145414556290666 -0.08404705967909457;0.7856589953583
-0.13887751185779784 -0.015815028797585506;0.8416160428912
-0.159463961547378 0.05370136380661904;1.0902577599290
-0.16348198285595075 0.1163203754150068;1.3984779576328
-0.1528705684717382 0.16717788134874131;1.6411464334439
-0.1298873000013401 0.2041224454907567;1.7673835222581
-0.09679252305410196 0.22626811845351097;1.7788165517560
-0.056087485501329304 0.23306007376512827;1.698879036843
-0.010898213860179466 0.22392824439487605;1.5557510599059
0.034823764415861505 0.19834834394508818;1.3690576315325
0.07648113559487224 0.1562560265105367;1.1475590775819
0.1092755099986091 0.09892274177861718;0.9204368028579
0.1287944931955887 0.030410934100968276;0.7821581100602
0.13220244131689876 -0.04138230311034137;0.8348983514750
0.11973944034225771 -0.10706562673746672;1.0375014295868
0.09414313716377586 -0.16000482465469673;1.2568300825127
0.05909416458653743 -0.19711087523190446;1.4161093614858
0.018572088648553038 -0.21740394393290363;1.5070046443658
-0.023306557542788146 -0.2208174421448926;1.540103770943
-0.06250679326409249 -0.20764235854100407;1.5121087197993
-0.0953456427161499 -0.17838501908736346;1.4039162280169
-0.11858049492744793 -0.13397434506512312;1.2030422081840
-0.12932319628773056 -0.07648184695495372;0.9415440870763
-0.12515979099505792 -0.010425635897166635;0.7257511621144
-0.10507883245757255 0.05632279520951082;0.680169952024
-0.07117730122734806 0.11453744334494863;0.8100002875726
-0.028512594830518045 0.1579271792562385;1.0172517791393
0.017066513770774006 0.18408710359652836;1.224020735728
0.06027820040148907 0.19290820673554432;1.3851569731675
0.09696412230479007 0.18522665169787367;1.4642868225557
0.124092117776953 0.16216616678647866;1.432909548597
0.1393863774776584 0.12507047184206563;1.2797480572179
0.14094541420386153 0.07598352663225649;1.026719580933
0.1272096733823836 0.01863118072334887;0.7502203848404
0.09763919294760226 -0.04061063651269411;0.5736041513705
0.05441296513523973 -0.09319531289581809;0.5915138646590
0.0037288045504610193 -0.13195714865320998;0.777318138784
-0.04690146821338436 -0.15403857889585448;1.026054799773
-0.09145973227624127 -0.15950035852023126;1.2400431464111
-0.1259883334079063 -0.14957740836150638;1.3553513318126
-0.14806304280433297 -0.12587406702159964;1.3441583799374
-0.1560493701372905 -0.09030874403092462;1.2081358889617
-0.14866519748272025 -0.04557634927121324;0.9785371255907
-0.12508581803461577 0.004140137788883683;0.7220268255593
-0.0857796734473161 0.05273546256578574;0.5367339083948
-0.03421216530366557 0.09283200515045353;0.5221996318588
0.022025704112276584 0.11868842411911526;0.6877123722403
0.07457000118578663 0.1286902028495269;0.9281407050650
0.11749391111678673 0.12375946430737145;1.12811460616
0.14740027273486417 0.1057637975357317;1.2230531639539
0.1624427642099832 0.07699175147799207;1.1984397075167
0.1615060073315357 0.040261246207203075;1.0708153253033
0.14394249610914925 -0.0007295789096387825;0.875491179550
0.10993601816996436 -0.04118308433212031;0.6636866013051
0.061547536219687685 -0.07541356215068157;0.5123875462912
0.004282346630428868 -0.0978414825098296;0.5133314140265
-0.05302383789247982 -0.10546474359941849;0.6703701956487
-0.1023184152433176 -0.09884096369851655;0.8758631787791
-0.13864632117759992 -0.08024951512710257;1.0285440094263
-0.15951406015523623 -0.05260746849002636;1.087347175730
-0.16378581943769693 -0.0192612428234835;1.0535517972465
-0.15107812150509267 0.015970358811324768;0.9430119522203
-0.12176557069184095 0.04884130394880949;0.7758042736297
-0.07757121600906242 0.07489274148807343;0.5920536758304
-0.022712692117453075 0.08986359622701555;0.4761852491143
0.03513915860669958 0.09083923763398097;0.5110113817198
0.08692089262707117 0.07817508112188684;0.6637090581036
0.12621639134808094 0.054863692510264406;0.8300396823783
0.1498105396115553 0.024763645472737867;0.9434534913613
0.1565094703283161 -0.008056121849690883;0.982889806547
0.146239537554479 -0.039545432521847;0.9431881651679
0.11975317345971337 -0.06585089984728604;0.8241953511083
0.0789163526443553 -0.08344692858461668;0.6473442408543
0.02754550462919888 -0.08928257877244579;0.48180120140725
-0.027617587826151112 -0.08136966220627218;0.42900431357658
-0.07763993284343247 -0.060475444491300115;0.5202715670441
-0.11542861732283233 -0.030622386925280173;0.6783636574288
-0.1375300900820926 0.00317518968182956;0.8227586645444
-0.1429444562269687 0.036180536319945576;0.9084465020819
-0.13200705177661656 0.06431017124465427;0.9095963308329
-0.10592462958847168 0.08421512147006129;0.8157141765001
-0.06693614015728136 0.09320609186766197;0.6458833046781
-0.018993166095970543 0.08925809372597474;0.46581642517613
0.03145366411630341 0.07150326836013932;0.37636434738135
0.07592475450450259 0.041827706747936455;0.4350260373599
0.1077175031276614 0.005650275648163117;0.5872110131408
0.12401649318959646 -0.030971200671337233;0.7455854860366
0.12445185965418758 -0.0630181134450373;0.8473493127948
0.10991839444124227 -0.08673158394630362;0.855757354038
0.08216332238095059 -0.09940971039103304;0.7623820398056
0.04398281184561807 -0.09915596491641535;0.5946949195194
-0.00020560922737933307 -0.08491460616571561;0.42122621322742
-0.04388213712194851 -0.05714108381304156;0.33729620938696
-0.07925528623917891 -0.019533851625499962;0.3993063391948
-0.10116538104427072 0.020950104193452813;0.5536293985602
-0.10822173182154884 0.0578265033578115;0.7082577433320
-0.10099988397597398 0.08641471528798593;0.7957030144822
-0.08109389547446248 0.10362442908206496;0.7840467807371
-0.0509316467428309 0.10749893825608392;0.6773109514238
-0.0140321035746237 0.09697224970139094;0.513939307716
0.02462468852763526 0.07212059876479734;0.3635532033071
0.05855216002015486 0.03517483825637929;0.3134842317648
0.08142968712721839 -0.00783458929477264;0.400183581697
0.09064687882500404 -0.0490559718165483;0.5542111403058
0.08654270410442544 -0.08250031653794955;0.6852583679352
0.07075461154273138 -0.10437079819721443;0.7375291492748
0.04570931352461295 -0.11246130808442453;0.6960162704404
0.014634355090092137 -0.10567588139590435;0.5785898360729
-0.01827769692228337 -0.08400388085802565;0.42884735069209
-0.04782521535495093 -0.04910363033672441;0.31518285185139
-0.06831758691028283 -0.005627545387015362;0.3143108785180
-0.07621442286525636 0.03839787303489558;0.4255336963234
-0.07170516622709935 0.07561489198048363;0.5641901552365
-0.05672114712253837 0.10134080686428745;0.6557349653387
-0.033954424574756184 0.11300189137345323;0.6674829577693
-0.006675357522483445 0.10944918912132179;0.6008250342297
0.021274339869261874 0.09070098738826753;0.47948502702486
0.04554010542420861 0.058243140395134445;0.3494717451182
0.06151397459797861 0.01593283178314997;0.2839080440035
0.06569082988520437 -0.02896802405238607;0.33525145513880
0.05817791926079098 -0.06818374332595512;0.45643924210136
0.04147022145574994 -0.09616299853468256;0.5659513506589
0.018772460378132454 -0.10998762229293334;0.6161346333355
-0.006405405973709224 -0.10850165790663198;0.5934909942597
-0.030371084212126403 -0.09185334180419268;0.5058802886284
-0.049368244294694295 -0.06157754037426095;0.3823916557461
-0.059758282748825844 -0.02121171182162255;0.2832223105020
-0.05873348812138756 0.02275865990557161;0.2807260165751
-0.04657051832337289 0.061869221890947276;0.37243990828372
-0.02653691463128242 0.08996837951113207;0.4843555259078
-0.0025475840169892454 0.10399489750354679;0.5582679402439
0.021553467079500607 0.10292569085332101;0.567498886566
0.04216485392797928 0.0871496139264217;0.5072911028315
0.05602747644485144 0.058397988469206796;0.39597591226286
0.060335386987253714 0.020173416576133946;0.2844437635884
0.05319825724066757 -0.02149287625477804;0.2478265356610
0.035506285035127184 -0.05838167176567588;0.31365178360370
0.011479779153567925 -0.08423131337933557;0.4220294486010
-0.014193405809942206 -0.09621980227506231;0.5086934697230
-0.03738826839265433 -0.09369276342780285;0.5368028287612
-0.05466334374692345 -0.07741832243463165;0.4932589478497
-0.06326414433767409 -0.04945062981679285;0.3916100895810
-0.06116087185821757 -0.01344961566595837;0.2783537459829
-0.047446462399342346 0.02473772764150403;0.2260447794360
-0.024032917112300854 0.05732946214155098;0.27583029703928
0.0037560685558860815 0.07858934994191147;0.3792673353389
0.03058409448906442 0.08639894684778149;0.4692751836601
0.052238316350347994 0.08071897741538935;0.5031487321640
0.06558224298904931 0.06282755975961708;0.46499829862051
0.06842853834873341 0.03520219169407646;0.36884658375848
0.05954273649959359 0.0017763647725546755;0.26026555870079
0.03911397732723166 -0.03164307575484435;0.20857482291015
0.010482870201792716 -0.057880109435315574;0.25598763770003
-0.019929648838321594 -0.07243951059634371;0.3563769584872
-0.0465120361643758 -0.07433890262827247;0.44229749104255
-0.0652792023810596 -0.06434910246068458;0.47105952839136
-0.0735931216877134 -0.04436356046639948;0.4299254852693
-0.06994307591488143 -0.017345872485675925;0.33659189458337
-0.053993800373000396 0.012480080541662785;0.23656017051727
-0.02724071147350325 0.03940565972862853;0.19565738263297
0.005248222989613804 0.057314103645096155;0.24863895026901
0.03631292002747279 0.06360644351115478;0.3447569452718
0.06058640304458136 0.058655772112226626;0.4192664083078
0.07465037706654307 0.04412477230752285;0.43537066892043
0.07656821184623169 0.02255801382517282;0.38732594634630
0.06566535718598827 -0.0026285391530495097;0.2968861003298
0.04271143135358301 -0.0270528186265006;0.20987685841469
0.010842295991026422 -0.04539459631168245;0.18901960744208
-0.023130755725470034 -0.053369732615474376;0.2524021017547
-0.05211521726056995 -0.05067722546687609;0.3415175743108
-0.07155671613830941 -0.03904006350027;0.3994280200149
-0.07892209581410538 -0.020972099177929457;0.39959108099763
-0.07318768466355675 0.0004288643774446703;0.3435324265656
-0.05472541980597265 0.021508999280634523;0.2560376265467
-0.02568400602900856 0.038071274496647003;0.1852538714917
0.00885979512713777 0.045821731431749294;0.18900081441510
0.04101555325615516 0.0432173062884547;0.26086980442790
0.064744913247574 0.03214159968059487;0.33847886783016
0.07677077186548811 0.015434359022463373;0.3770251878120
0.07570965545789198 -0.003758583685454977;0.3604051049741
0.06166832463834661 -0.0220901853758798;0.2958996379824
0.03631138942980256 -0.036072858968351426;0.2133351677626
0.0034767040479506475 -0.04221089383881143;0.16686446809637
-0.029836801327849785 -0.038283460155394564;0.19903533269921
-0.05622860648086063 -0.025999352856092985;0.2745985012166
-0.07155402887704565 -0.008830342205551008;0.336635826225
-0.07410028717392925 0.009727240772607521;0.3535636653236
-0.06380925791349881 0.026355199301056117;0.3177976457632
-0.04209585467319768 0.03796581586078439;0.2441092362076
-0.012134817988871782 0.04177234578242664;0.1726847721610
0.020330868785583725 0.03578277576447848;0.16097240838645
0.047510895369842425 0.02121778245394098;0.21785396779787
0.06436744063535203 0.0023028549835473824;0.28895012346645
0.06897759815780566 -0.01685126305470926;0.3298889694156
0.06126285746943165 -0.03275575129331125;0.32069262194240
0.042570062587824836 -0.04252248373169505;0.2643201018068
0.01575090540699388 -0.04387323589785352;0.18876476727092
-0.01433455309039593 -0.03537478247658446;0.14633241085181
-0.04047325438275477 -0.018049850524306316;0.17689118943079
-0.05698172181010082 0.0032595836382599518;0.2458895487787
-0.061913188818326886 0.023665228289645665;0.30068101686351
-0.055354654862954863 0.03941276937983647;0.3113852155865
-0.03874604015524605 0.04772846737994652;0.27201840142036
-0.014826023033400162 0.046730422414176784;0.20149699035624
0.012071082205718089 0.03555541009536881;0.14334461163907
0.03557509061690699 0.015437532884973664;0.14929210281177
0.049923078557505884 -0.0083397035432283;0.20998502187039
0.05342920740807739 -0.030068193705926942;0.27089229676239
0.04658059686006203 -0.04572409528735144;0.29493257725512
0.031074526177587006 -0.05264670480299455;0.2698748798550
0.009685533285029586 -0.04932149543234545;0.20809559737925
-0.013574459903664623 -0.03544499987954605;0.1453023104817
-0.03314351978555975 -0.012753372334453925;0.13371018556002
-0.043762789121032236 0.013048093073764536;0.18380641852686
-0.044340997963077375 0.03557863608176519;0.24502598156273
-0.03599236158773481 0.05067341743481595;0.276023318204
-0.020809039126335274 0.05587660143152374;0.2608206796674
-0.0016936726578431517 0.05008761501658687;0.20726363265177
0.01756775133175992 0.03358552415812349;0.1450693571121
0.03214332323322662 0.008745326109720144;0.12351305440261
0.03773133760990097 -0.018240726603775168;0.1647160279020
0.03424623122022343 -0.040573249944689874;0.22384720452043
0.023622793288176226 -0.05418726890507962;0.25788788184147
0.008424539608247869 -0.057002926330715964;0.2490537324120
-0.008311624554140107 -0.048445380866128304;0.2021221358910
-0.02305385053831089 -0.02945088351865241;0.1426873075559
-0.03174365415400106 -0.00314287918134383;0.11709402637102
-0.031388750056043045 0.023750416422405548;0.15216019300354
-0.023263424895403693 0.04444299071846561;0.20769975532621
-0.01020524573810744 0.055332862028515326;0.2413352440257
0.004778232592696002 0.05493753066943945;0.23496148164228
0.018602608626275836 0.04334021273077056;0.1916689596596
0.028099599795533944 0.02220652525096243;0.13516495948399
0.0301060263336866 -0.004539936989853818;0.11061456272671
0.023333123981533224 -0.02968395897004525;0.1443923071038
0.010687500756259245 -0.04701274399368319;0.1971302269803
-0.0041954819289154385 -0.05381727010731646;0.2284437589005
-0.018051277313924356 -0.049447964238804966;0.22114682477020
-0.02795783671523508 -0.03477599598287413;0.17852410490520
-0.03131528274481123 -0.01226133634249842;0.12498262268611
-0.026097546950199932 0.013345748518956965;0.10564503576302
-0.01316408845673387 0.03467491709244742;0.14115931567095
0.0030045855433151712 0.04686050074688508;0.19047415313847
0.01830910958447212 0.0484488764375933;0.21649897621616
0.029540649711158162 0.03977496095061938;0.2044278291983
0.03421383719511873 0.022556483363563043;0.160116942495
0.030549311631951834 4.881531722659288e-05;0.11106711015726
0.01805907779777711 -0.022239994417260642;0.10276647652074
0.0002253855657617064 -0.03755935191874628;0.14336724349938
-0.017482537100247917 -0.04315001983540101;0.18847850600688
-0.031062871656731224 -0.0389986466400431;0.20612257140661
-0.037770265540723616 -0.026463003859905538;0.18626552796082
-0.03587580769343746 -0.00808131445049335;0.13964136483481
-0.02475057536097218 0.012177680186234309;0.09816997842144
-0.006073275706527326 0.028416898570587695;0.10452433612772
0.014207614617244443 0.03595448291270914;0.14870233863624
0.03068587766389462 0.03440101704932999;0.18618217861044
0.04002840679518205 0.025075684098583163;0.19209935953211
0.04034136392910227 0.01023870785910334;0.16322279423577
0.030984007190397705 -0.006909561464069153;0.11640908541496
0.012956150602260144 -0.021923271963671085;0.08921746617852
-0.00913456290984968 -0.02959713731935063;0.11296887094433
-0.028364428925762568 -0.028682616957247612;0.15696347248422
-0.04045670447663039 -0.020774580673373462;0.1829009499990
-0.043213686137019404 -0.008217776285015346;0.17514847933967
-0.035928110158684815 0.006104642787167269;0.1380644512117
-0.019406301158558844 0.018667552190496747;0.09537747437059
0.0030474515806283783 0.02519041533061408;0.08882334802368
0.024236036833084822 0.023365435234952898;0.12517242197337
0.038567183728563284 0.015172804991572612;0.16237662190814
0.04347168429997933 0.0034017604408384857;0.173178994656
0.03819023744533865 -0.009048354814706205;0.1515290448682
0.023489417805205404 -0.019120717534807638;0.10994555414391
0.0020840856440329063 -0.02350865032966056;0.08151761375862
-0.019823257020823565 -0.019737735517557847;0.09985246244383
-0.03540155454799633 -0.009946543502789717;0.1396368590228
-0.04167826303693094 0.00229937826844508;0.16379937675694
-0.0379290755573081 0.013846265009503077;0.15708563018851
-0.024975514765951726 0.021865520863562485;0.12301581995168
-0.005296608478170636 0.023763980455674405;0.08457442980908
0.01594084239878531 0.0176075041579261;0.0821453973159
0.03145070935733818 0.005453477489554465;0.11719261966103
0.03791634793815047 -0.00812210990499033;0.14923836208263
0.03483302667156068 -0.019523717849731774;0.15492776899647
0.02321955835808297 -0.026002844764260354;0.13070387862529
0.005521515593048216 -0.02547573903183394;0.09172543833586
-0.013779765947906756 -0.016747850966910872;0.07382915438446
-0.027828581111169273 -0.0019859137413122067;0.09950582276050
-0.03315924152864651 0.013210828992774815;0.13456258047223
-0.029719962883998835 0.024746784045198995;0.14881960043480
-0.018878646812410384 0.02994012429463102;0.13318534682052
-0.00316896582882396 0.027152946706726234;0.09710028492227
0.013343188902946963 0.015915616794155242;0.07019648750996
0.024612673721536995 -0.0012290719552175006;0.08579239405705
0.027507774657155898 -0.017789655028937732;0.12102225139975
0.022728863485854404 -0.029236567876105273;0.14092605697357
0.012140573312938066 -0.0330447932453876;0.13226725524032
-0.00157048803681171 -0.028055598345571253;0.10036643173375
-0.014663911937553715 -0.014528839937472763;0.06970104091383
-0.022053807352234073 0.004357216604981338;0.07698573552299
-0.021488738255952322 0.021459964248201145;0.11030746925117
-0.014675972528968441 0.03210936299409628;0.1327441723090
-0.0040566342343502735 0.03413517547214709;0.128392039187
0.0075270982067794645 0.026950330316834192;0.09986652166728
0.016651827143944153 0.01155560813282505;0.06823699295277
0.019255791745660937 -0.008134291675348045;0.07072145695760
0.014575743441465148 -0.024560811825251952;0.10237744404402
0.005509796443378276 -0.03336504976458335;0.12582028711242
-0.004971643222420769 -0.03300846210907389;0.1238194509969
-0.013985165793163768 -0.023615029052374725;0.09758016583577
-0.0185532979710736 -0.006978033899936089;0.06649731907416
-0.015819433410441872 0.012189658633742564;0.06707873306380
-0.00696973734415305 0.026387650149832683;0.09691443776917
0.003948913542808638 0.032177237090771006;0.11944040462024
0.013628320554305403 0.02891460425857397;0.11741874808094
0.019341796691378497 0.01753227990010551;0.09190203026100
0.018749871612793102 0.000613792393958694;0.06240531005786
0.010519853276364635 -0.016389189023559694;0.0651564613022
-0.0018063447220658495 -0.026718073486609924;0.09472596165431
-0.013440148569096259 -0.028482210538707586;0.11530070811574
-0.02112863118667526 -0.022129854925737377;0.1113144977058
-0.02261309137224229 -0.00943770021586919;0.08522353767473
-0.01648148990604329 0.006277186597995435;0.058146455142686
-0.00339126226763373 0.019120157177223165;0.06493458732479
0.010883290203908097 0.024222214583088035;0.09378896599620
0.021518054445242678 0.021549186252595998;0.11067865375256
0.02576488190469773 0.01262558226808846;0.10294476782348
0.02216815669633545 -3.473767984320253e-05;0.07573401021051
0.010606856355180248 -0.012561306475088461;0.05368541209483
-0.005618072196742711 -0.019307495241129614;0.06760787902556
-0.019506451082848673 -0.01851099294939226;0.09522562359877
-0.027091272630631925 -0.011886944843939533;0.10683370882013
-0.026572415642974936 -0.0018221127421629256;0.09411519822467
-0.017623483428931108 0.008695853815168589;0.06583991118092
-0.0018420223268750223 0.015655959224441823;0.051190966550
0.014599539189837894 0.015255126704168266;0.07156145375981
0.025390793844815383 0.009144999663676835;0.09561927092292
0.02806125850868373 0.00020413411725980941;0.10020459522397
0.022090288364405325 -0.008716468983512457;0.08212287621197
0.008583938344440819 -0.014555453183354742;0.055383432987827
-0.008576380990908992 -0.013923385934063524;0.05336040512335
-0.021688387157059147 -0.007014671022557209;0.07825341758272
-0.02698911640827109 0.0022853992341702193;0.09602810992700
-0.023759927981522058 0.010748556090136363;0.09177893545653
-0.012914917851182501 0.01563647962771513;0.06828374950745
0.002768098719734338 0.014442199985212328;0.04734037288447
0.016895714887315807 0.006166507085257476;0.0594646386710
0.023756382628245958 -0.004631324411694908;0.08398426548264
0.022477318709570152 -0.013754131862495257;0.0929354144674
0.014009293002983248 -0.018383955164646873;0.07954928601070
0.0007103899378957668 -0.016529801902147336;0.054069280260076
-0.012782943074549013 -0.007296991093102232;0.04739193852342
-0.019867940039616085 0.005394100354930842;0.06947780316124
-0.019320114951227152 0.01587331843346209;0.08730318160854
-0.012377179608982748 0.020956754183989658;0.0845496010614
-0.0013385114424891188 0.018892637101206256;0.06309445540014
0.010100399131697904 0.00920276733817442;0.043613670261880
0.016144244965891574 -0.005184801105314491;0.055599111491844
0.015017157669377453 -0.01715426426004177;0.07827798460007
0.008575209562902544 -0.02293213963387237;0.08513782118665
-0.0007001236564315033 -0.020934877287205576;0.07088708654501
-0.009628895656502613 -0.011097384865554607;0.0472964489637
-0.013745689817311516 0.0040695247365408055;0.04601030043039
-0.01094064681044675 0.017007792981354606;0.06805815893366
-0.003961580055238619 0.023236121583671453;0.08139878225764
0.004294088750648957 0.021361452304383813;0.07422180308853
0.010871164478192523 0.011698023284564686;0.0519481406994
0.012356172891123823 -0.0032580537590612274;0.04048561239702
0.00703559093435753 -0.01628693034624822;0.05854295046514
-0.0012352543778884721 -0.022260882558773343;0.07624227252243
-0.0089887300932706 -0.020174494910924257;0.07541272240559
-0.013418379297132021 -0.010818495535696105;0.056647251928406
-0.011983917090449934 0.0031179098994874;0.03910222222041
-0.0038240829284925965 0.015118424423386017;0.050571439292742
0.006017075249591346 0.019892438008416533;0.07024464507512
0.013456421116544865 0.01708877333680455;0.0740788820560
0.015876122054338377 0.008053231452059181;0.05877072581424
0.01153289002515256 -0.004314598270289714;0.03886082263697
0.0007056383141773818 -0.014130954624077294;0.045339904043373
-0.01038490061540239 -0.01669467045545271;0.06587581672706
-0.017280085043221483 -0.0126679626987302;0.07278887187608
-0.0177184800734991 -0.004013117654597456;0.060150438429261
-0.010763762217655177 0.006201991739399344;0.03924160953565
0.0021487387299067625 0.012798814245700894;0.04118596517247
0.01372763787504534 0.012378918946693497;0.06136070807449
0.019510604705687766 0.006848928860169779;0.06983417990697
0.01782156013754894 -0.0012375472582215078;0.05900424659658
0.008614248968929733 -0.008732871229546108;0.03869780087639
-0.00539697567589763 -0.011206913033838788;0.039297455255660
-0.01624962963239553 -0.007375827404455401;0.05893415599726
-0.020117497618888 -0.0004843869721507018;0.06766448442166
-0.016164345565192098 0.006499447201000415;0.0573412647689
-0.005300150172908611 0.010586871170442071;0.037215952257255
0.008516090473113021 0.008435682228947201;0.0377263855914
0.01723915057588364 0.001413217572452656;0.056870506701741
0.018395795311290007 -0.006165806765043362;0.06487069425481
0.012221694094132787 -0.011228013963529635;0.05426261691415
0.0006397589207609421 -0.01123035671072465;0.03518153028812
-0.011234933664150282 -0.00439666141653526;0.037995468691608
-0.016525640591282552 0.004865236834825024;0.056609351512602
-0.014586290176258804 0.011890643259461774;0.06263570836769
-0.0067489705521830805 0.013989321431970975;0.050344607298185
0.004156930337226961 0.009476726955188997;0.03211890931691
0.012200111086524084 -0.0011840175895157339;0.038665096040066
0.013222650522663382 -0.011083334746992564;0.05671091230598
0.008484014564974812 -0.01607873117140617;0.060200220747098
0.0002398911943495164 -0.014320668261676127;0.04596392439174
-0.008058848186083965 -0.0054109801034715604;0.029962645161084
-0.01072710419199945 0.007104220723193425;0.04079436824985
-0.00752186831914017 0.015582547083886228;0.05689541789658
-0.0011128550622341504 0.01721272287123124;0.05668956929258
0.005687168855430007 0.011350178664793207;0.04019444227072
0.009250544826484951 -0.0007210857406796407;0.028534747777033
0.006145581640050426 -0.012178849562124026;0.043532917890750
-0.0001486592816348541 -0.017176252499616598;0.05642106127854
-0.006330693740442494 -0.014646692416066729;0.05189815240944
-0.009548206254138623 -0.005406530145879102;0.034238620065821
-0.006804246957559541 0.007069434091452548;0.030314440786202
0.0005358055326243017 0.014561354299262141;0.046857446788248
0.007505461624096666 0.014766990369869844;0.05414495236199
0.01101956674435017 0.008352391443795898;0.04419404106170
0.008803536496784871 -0.0023144671448262818;0.027951269079483
0.000197199654387031 -0.011213821311013398;0.03506845281232
-0.008465434081397645 -0.013172659960464055;0.05080616912624
-0.013093540734632 -0.008963614699721819;0.05157410425750
-0.01162431606664914 -0.000670965969967097;0.036539368063092
-0.0032937909804268244 0.007898269774167868;0.02615340053128
0.007439366860586464 0.010301731522518393;0.04023603183610
0.013931946730600836 0.006985072246287952;0.050537347919224
0.01380887313597722 0.0004077896395311663;0.04414847886072
0.006561271498733122 -0.006333242461068765;0.028006268058089
-0.005394951690684851 -0.008419124349947803;0.030943118431054
-0.01361913355743306 -0.004837346096742769;0.04643175667769
-0.01498389715071176 0.0010897619927416977;0.0484918032668
-0.009107007258670877 0.006401492798710136;0.034782375095549
0.0022876873103950535 0.007698686523055444;0.02443297132820
0.011664652920141096 0.0027317939697089413;0.03770285429941
0.014184577800874619 -0.0037885644078693654;0.04725661217102
0.009699346926625389 -0.008398167285998499;0.04066688026927
-5.85734112809877e-05 -0.008379538376157417;0.025570257107368
-0.009702456447138241 -0.001818207615055533;0.030513124916325
-0.012654667760864772 0.005873307764098986;0.044635489042889
-0.009108294887696197 0.010452565540209444;0.04432590160297
-0.0009337577827265662 0.009592153775220175;0.02973035131026
0.007763884954747294 0.0020852589198832733;0.02445786807729
0.010068871575914497 -0.007066390604908924;0.03881781027098
0.006635179502346154 -0.012137264740043117;0.04421243308638
-0.00020040580752036987 -0.01090973176209176;0.034029911984035
-0.006866818925843092 -0.0028853547871465213;0.02254391625515
-0.007525036161844473 0.007511485254321734;0.03308111069922
-0.0033907621602336634 0.012980140749993421;0.042731196131729
0.002463184354916669 0.011530273800726978;0.037046028246855
0.006780733874487042 0.0033326356355884226;0.022889488029914
0.005239851275062156 -0.007660053042196481;0.02854216745053
-6.139140054947125e-05 -0.013063051085482886;0.04148595143223
-0.005298176195971418 -0.011367633774972838;0.03965691149766
-0.007548201113815216 -0.003365016413294288;0.025192746310960
-0.0038146951642734845 0.007177041711760687;0.024747303990590
0.0029061141963355776 0.011831439573071813;0.038406849010360
0.007867394278042148 0.009677288427499906;0.039413215409542
0.008350433276010254 0.002114686899974294;0.026338891483202
0.0024487790439826065 -0.007014604080149292;0.022483808488800
-0.005552184648668125 -0.009965704025288662;0.035728929155812
-0.010145799163969196 -0.006894464707516765;0.038698028884446
-0.008944387949496112 3.4296533798201453e-05;0.027427686555615
-0.0011532446940219244 0.006824559865228146;0.020851561737515
0.007572382865753898 0.007229582727728808;0.03252843713962
0.011287006788123562 0.002935537740626862;0.03660448908305
0.008279644184609672 -0.003075363993412957;0.02705772015339
-0.0008874636948605057 -0.006756743801616999;0.02051128495454
-0.009168778159088816 -0.004075837417771936;0.03105906232761
-0.011224785865634256 0.0012781356692348703;0.035348669721198
-0.006450173841350538 0.005767245579576545;0.02646555300505
0.0031552970076096833 0.0057994117508955315;0.019834196750228
0.00957755455722355 0.00022992661607956506;0.029539387439442
0.00925003057428829 -0.005473345156025908;0.03347372061511
0.0030620433543117774 -0.007675873795592013;0.025192032489062
-0.005514499330494555 -0.0037933074598648924;0.020123777997326
-0.008768107883940213 0.003622092513589159;0.029227640111582
-0.0058346943454716345 0.00838000701318513;0.031656100923246
0.0008954125974585982 0.007537649073988004;0.023003141915562
0.006746864858983634 0.0002792740566477528;0.020313106840919
0.0061584606656923235 -0.007210056582720072;0.0292123984236
0.0012248736806297275 -0.009566616147928166;0.029754471052058
-0.004537340852383012 -0.005274564328189554;0.020967750473044
-0.00609302323922408 0.0037973735215495533;0.021678715219028
-0.0021987505697172094 0.009339782539935448;0.029588837326929
0.0031496323663027653 0.008314730264085808;0.027252200322376
0.006067087320368276 0.001117126127308939;0.018461886997112
0.0027364958730459127 -0.007194153808925392;0.023347362514211
-0.002897182337387329 -0.009371188803854453;0.030303605890082
-0.0065214916118556294 -0.005131020237146009;0.025303071903788
-0.004984673001452671 0.003079907553231248;0.017486950410749
0.0018594051448035777 0.00785921863827281;0.02457882202174
0.007089491682164318 0.006237697298157276;0.029081808428671
0.007242570450204649 0.00021157310739988115;0.021891195836229
0.0009634150922591097 -0.005980275644298549;0.018109616311459
-0.006299674617602735 -0.005889085269812266;0.02637065369849
-0.008700879350659002 -0.0013321275109013965;0.026958432846441
-0.00456443601661519 0.004135815331113036;0.01843160836671
0.0041781346533960075 0.0052747093603166305;0.0202378226850
0.008836422581304619 0.0013839842883910476;0.02742670155442
0.0069087261062308275 -0.0035226909382613377;0.02353515706940
-0.0007852715858202445 -0.0054652515997163885;0.016428400481171
-0.007562119505377071 -0.0012116344789482262;0.023222822593
-0.007880360802142071 0.0039777199893380535;0.0270413391099
-0.0023186243023056883 0.0061069089467320915;0.019611885471810
0.005393314604022989 0.0022634397978877957;0.01745427196708
0.007217695845330129 -0.004013991305960062;0.02517470041426
0.003296923853766353 -0.007077401965492192;0.023705883946195
-0.0033552878616744785 -0.004238054845555903;0.016066872197701
-0.00610359998598388 0.0034306595735144607;0.02110867070978
-0.003255897293025198 0.007842276628082633;0.025935959441397
0.0020422059835279367 0.006136360600501653;0.019405579761670
0.0052338030419113914 -0.0015809908132660795;0.016259878926494
0.002408333512150269 -0.007462304690896854;0.023815060330978
-0.002417684882485256 -0.007110182109137907;0.022742639537590
-0.005151371451855222 -0.0006588388997695854;0.015406989356748
-0.0017016028262468088 0.006450301789815339;0.02005295210512
0.0032891921384341303 0.00731692360904041;0.024403182553246
0.005521127165738742 0.0022247520048473916;0.01777949638270
0.00188200921686037 -0.0052084763424347464;0.01648052645834
-0.003890068340850912 -0.00669655768961431;0.023501021723870
-0.006375938817681033 -0.002578831104424961;0.02071227396526
-0.002922868480604691 0.0038483474196018812;0.014290093141291
0.0041820215832278065 0.005263844525606537;0.020218398058396
0.007213810374060585 0.0016528830877712937;0.022390310263919
0.0039234029317927075 -0.003399238605897972;0.015400206921118
-0.004052285160469388 -0.004366489981312812;0.0177940198349
-0.0076919059089730875 -0.0007393952681536849;0.023445539849618
-0.004847754408280837 0.003426154774115379;0.017728437646781
0.0030793684324858777 0.003879428123289243;0.014662428002818
0.0070345319626524076 -0.000543101269924929;0.021280879772184
0.0045519131132837265 -0.004468937417610409;0.0191257177027
-0.0024514378113811696 -0.003940948895867732;0.013700768587412
-0.0061785671426412 0.0017816008101806608;0.019288340246163
-0.003780377593100049 0.005638456996419588;0.02042746085158
0.0021097675195344548 0.004136096366281141;0.013706657638230
0.005086863550632711 -0.002846955738356062;0.017392547265909
0.0025366084215050536 -0.006729941580581853;0.02171922559042
-0.0022903475309604374 -0.004570896462901689;0.015156549304009
-0.00433609821201715 0.003091922810504244;0.015818079213097
-0.0013153510949966674 0.007016826008253965;0.021548861597544
0.002810765186016317 0.004585140934012457;0.015981595964841
0.003592578955645516 -0.003150226485173521;0.01412244854625
-0.00030067100826378914 -0.0067747451984184;0.02040484640756
-0.0039152481638518285 -0.003992444859260792;0.016648605343323
-0.003143877801779654 0.003192742606375268;0.013208180291947
0.0018849421780969913 0.005892277795368761;0.018516693165388
0.004887576072735369 0.0025375156916379294;0.01638362920087
0.002300228821168232 -0.0037025225696948106;0.01283460471229
-0.0035403791813897892 -0.004698349503835629;0.017560778117037
-0.005571774912767379 -0.000688197617406204;0.016718181980390
-0.0013795593072525227 0.003989506423316226;0.01241406599362
0.004696537900625439 0.0028323799738547567;0.016313345755722
0.005342791492273304 -0.0015777680997516343;0.016583052643081
-2.142250467848661e-05 -0.004221547202021414;0.012414991592777
-0.005367963655373659 -0.0007352662953429368;0.016106167096
-0.004485980662102721 0.0035019365592929936;0.016958846185051
0.0012985573200300984 0.0038028858142989007;0.011795928738283
0.004985334885616887 -0.0016702918079155842;0.015606973820407
0.002726323716299904 -0.005162291750970159;0.017419653115698
-0.002482753946262002 -0.003080231324736863;0.011606698159759
-0.0038695167854452964 0.003677179656806926;0.015856922325401
-0.0007592222239002763 0.006039137459587347;0.018201933776108
0.0030521445850041785 0.002113552579765173;0.01086752542778
0.0018164326158123635 -0.0052704527091358986;0.016594923929474
-0.0014927112131667328 -0.0066747938848246875;0.020590743858498
-0.003416796655499639 -0.001840089420011801;0.011377486415018
2.5766458619869495e-06 0.005757106815450784;0.017165896335271
0.003327081559077432 0.006995688822168974;0.023507820680588
0.0037963700535368346 0.0023556848555507806;0.013168459827628
-0.0009730194385883886 -0.00551721729264384;0.01668143040158
-0.004658290606077944 -0.007152145643750942;0.026080708316410
-0.004748719355242678 -0.0032832695435388807;0.017216490985131
0.0002990091672331538 0.004070910539897991;0.01198890538344
0.004770877048860676 0.005263365639917659;0.021435976927595
0.004859647548960036 0.001668098840907308;0.01523518572949
-0.0009314023979291094 -0.003956063589714831;0.011935161669224
-0.005334801903622028 -0.0035998604020769766;0.019305712291551
-0.004451985043460251 0.0002640596885506094;0.013143794687834
0.0025365442965713057 0.0036539900670842507;0.013107951137307
0.005904569881581437 0.001944982998211402;0.01861217948155
0.0032244485081352483 -0.00176830437777352;0.010761613296537
-0.004752222449040465 -0.002597584991804257;0.01609911863375
-0.007189001139438126 -0.00047385461064743334;0.02175927948181
-0.0031947828471193237 0.002004572758822122;0.011046439565962
0.005860438208210579 0.0011773096043926836;0.01785817263073
0.008639026122867544 -0.000931012683695638;0.026585529639813
0.0048380543845256245 -0.0023484710001129795;0.015981058914924
-0.0045403633763342974 -0.0010782307883222867;0.013779036013854
-0.007837014022994394 0.0015369019932075577;0.024286157469784
-0.004719038865670702 0.002831711038220788;0.01637244366645
0.00369849694716619 0.0008573652569788992;0.011122102219676
0.006109841155683211 -0.0025396316388269077;0.01988008541973
0.0026092238615091365 -0.003499624645123216;0.012854146263826
-0.00455838975993053 0.0004297990661976496;0.013508389193990
-0.00553579774060405 0.003672791330638786;0.019965180996845
-0.001217940748694522 0.003327084144430214;0.010355356048144
0.005050327533543401 -0.0026957552463884667;0.017064559691952
0.005705454306436859 -0.005745628351574944;0.024647426982721
0.001737498017839451 -0.004159298797172116;0.013290455264531
-0.004610605316175571 0.0030573483628731765;0.016462172212168
-0.005704670990284114 0.00670235437736199;0.02695585050571
-0.0025372481599115915 0.005267690389912426;0.017447616601717
0.0032753824861590343 -0.0018227439714679555;0.010976190867697
0.0037095154332698332 -0.005953984884791523;0.021151408549968
0.0007185158125787268 -0.0046215399649002;0.013811115395739
-0.003249306581698772 0.002771253181905746;0.012564604462180
-0.0025571233898151295 0.006073698059669713;0.019795525192048
0.0005527109735030821 0.003468006514794914;0.01026116102247
0.002595647142266758 -0.0050719527306188495;0.016979320326459
0.001718285830303627 -0.007958066699112146;0.024791605377508
-0.0005646505674452877 -0.00444314727892583;0.01320228114514
-0.002116825755771624 0.00511158143530753;0.016463330701835
-0.0013114119946298537 0.008777916380352514;0.027199466573581
0.00042402191808239777 0.005869405635656621;0.01756632188350
0.0016345366737582445 -0.0032796382917465753;0.010721978127477
6.796440289242862e-05 -0.006936950489620948;0.020902607011802
-0.0015901140789800023 -0.004164474223338722;0.01313741102091
-0.001103906758341468 0.004292092030123247;0.013057882095349
0.0008380518071561319 0.006710864892705223;0.020346101614457
0.001922017819695049 0.0027695686301832372;0.009837655809704
-0.0004968169017118946 -0.0061026542331640826;0.018315987686762
-0.002428412613604312 -0.008595092173078904;0.027385171192104
-0.0025770031641032375 -0.004709712832037428;0.015952154822308
0.00021955220531850008 0.0045792480758608586;0.013526518625177
0.002624251285697394 0.007622625150442026;0.024531699819299
0.002845189676024036 0.00446370844614252;0.01571789776819
-0.00032274869718322465 -0.00392644502258922;0.011556369094506
-0.003034818105917969 -0.006174170020702111;0.0207186808473
-0.002937239818959931 -0.002676713907959853;0.011660467438709
0.0016149580001719338 0.004832717108555657;0.015103229265903
0.004097266979610397 0.006369000676892787;0.022946529573903
0.0030240806895965484 0.002437005739677295;0.011386726839809
-0.0027973976683407075 -0.005309575006658121;0.01793340324245
-0.0056627102612736005 -0.00741668688269844;0.02871023101145
-0.0044857232583222564 -0.004232017935892357;0.018455332668867
0.001243355710571166 0.0032202540429972426;0.010080868096064
0.004663577045662118 0.00495477911114426;0.020478012005980
0.0036454801942265246 0.0019989479135835283;0.012219583977724
-0.0027304402345682626 -0.003914072017181045;0.014104600948058
-0.005554643883636971 -0.0047308336689196664;0.022053889904722
-0.0034717678775231884 -0.0013951640225205665;0.010955624116768
0.004190690746714357 0.004090657647607991;0.017476928999968
0.007246077715470896 0.00509946616814273;0.0271510420693
0.004855031670430641 0.00227236262466138;0.015926790629876
-0.0031646959846994716 -0.003211855862661532;0.013294770179005
-0.006826557181222815 -0.004300977327513974;0.024553830157167
-0.004950949978957257 -0.001935495953094963;0.01578774538125
0.0026872036448256278 0.002617929955770369;0.010985921409634
0.005861936973601267 0.0028517482863818803;0.01956917502176
0.0032774267227461003 0.00026454087523786717;0.009587978347489
-0.0052720618101983596 -0.0028680607667191933;0.017934293127240
-0.008213363694333255 -0.0029995512026001862;0.026766363393644
-0.004944089908469295 -0.0009037903948809645;0.014888246524080
0.004373084984994077 0.0022224167802543235;0.014515232207305
0.008062215786935755 0.002463993680689906;0.02573604978700
0.005435021637406737 0.0007513930071733543;0.016320202434418
-0.0033517158698597033 -0.0018528491440734582;0.011222711905826
-0.0067571392170241735 -0.0015569278086500966;0.020892726877480
-0.003900915138519137 0.00012744021715447597;0.011444929959125
0.0049877233900266545 0.0015173577621818953;0.01546938260037
0.007825765478869621 0.0010292935589483942;0.023983403187603
0.004185428724061593 -0.000341126182527788;0.01234693616656
-0.00550445376842789 -0.0012729697335532165;0.0168296018780
-0.008998261335611582 -0.0008374758850780056;0.0277342056613
-0.005869552490347587 0.00017019916633279704;0.017526481745100
0.003498691544157993 0.000931280764005594;0.010589374263396
0.006914436084443615 5.198425812351609e-05;0.020830189037301
0.003894697874210141 -0.0009119218983912614;0.011739812525402
-0.005023351023656024 -0.0005512013993870599;0.014973351688421
-0.007691365169720592 0.0004205153563187426;0.023366151266618
-0.0038686006923838788 0.0009860542256665572;0.011716259475353
0.005795909197248431 -2.8254598793183133e-05;0.017287790801237
0.009075003902408669 -0.0010549441861205863;0.028061955787041
0.0057280150376583395 -0.0013407776211838225;0.017560490876107
-0.003707674696162169 -0.00024251401910711703;0.01087687759392
-0.007005607228621362 0.0011574710713678897;0.02142549062646
-0.003946881088683893 0.001452697296980251;0.012366557894360
0.004793638680763164 -0.00042801630176470505;0.014229051392931
0.007287405974406854 -0.0018031042134818319;0.022733499860979
0.003479520115332648 -0.0016533705949412958;0.011291266991808
-0.005784915628033129 0.0010327350372975573;0.017540170528530
-0.008769635338157656 0.0025333490820335556;0.02803585369325
-0.005361763900865535 0.0021440792881679514;0.017220651511557
0.0038197126861400036 -0.0006168525928693979;0.011342349188517
0.0069018056849614855 -0.002456720105287699;0.02214965415688
0.003876580705983425 -0.0021575862136977066;0.013072539293982
-0.0044911129719805674 0.0010645244608298702;0.013621925856160
-0.006792869978957507 0.0027700909023097155;0.022181734828055
-0.0031191999791912836 0.0019877574306893173;0.010825840012550
0.005588828725230831 -0.0020966690674195185;0.017831913373971
0.008298632731405424 -0.003973065104665655;0.02827623672029
0.004982624608076423 -0.0029937192799060126;0.017340676807307
-0.0036943294807229203 0.0011656010672238073;0.011356453905349
-0.006499824197666349 0.0033817405125625114;0.022152651102722
-0.003578061408595677 0.0025670924471401886;0.012971839686773
0.004261286510039776 -0.0018567419751448011;0.013722426176265
0.006359880174267299 -0.003831457297903345;0.022468008828511
0.002897699144979612 -0.0024909527421873665;0.01119673914143
-0.005160868689801914 0.0027390358765144;0.017434377689344
-0.007600762908578456 0.004925150661728533;0.027800040283775
-0.004472503020769585 0.003459775173520096;0.01684454639531
0.0035475712467086095 -0.0018553456945354686;0.011750191120508
0.006068778144014563 -0.0043542620134992506;0.022611251904887
0.0033021088745885207 -0.003095018126176186;0.013346313456484
-0.003947161247157896 0.0023093321032887286;0.013491435316606
-0.00583519496366319 0.004500806976183849;0.022289138101289
-0.0026219641307935497 0.002704992614836985;0.011033073758259
0.004727561207091663 -0.0034619949289980264;0.01748761217384
0.006907035752780187 -0.00588741901566422;0.02786218650572
0.004004239116375656 -0.004013624716621695;0.01689147664012
-0.003318281365772062 0.002241041351544592;0.011752353822505
-0.005546920437573957 0.00496906728684755;0.022539972015341
-0.0029696192882324264 0.003337482187937376;0.013167004362916
0.0036146735038814536 -0.002890501792266787;0.013661040505176
0.005294882304747871 -0.0052524014024836535;0.02257535931859
0.002353020518851649 -0.0030700345695402033;0.011338869236666
-0.004298921296357825 0.0038721007654856357;0.017255482778146
-0.006244293700800453 0.006507722694507009;0.027674308498255
-0.0036091061476169646 0.004319958001180062;0.01676534395858
0.0029729555182704693 -0.0026705649424211926;0.011728452597292
0.004921382115645344 -0.005564704854377456;0.02248058068919
0.0025505062192427066 -0.0036195003460739276;0.013045857152484
PointOptimal;ValeurOptimale
[ 0.00255051 -0.0036195 ];0.013045857152484075
Temps;Nb iteration
0.08350396156311035;1000