Point;Valeur
-4.407518400717585 0.716532792812286;6.700208906056
-3.965518401035683 0.27453279316923856;4.630742279944
-3.6827620784780284 -0.00621263444121678;3.5153392979374
-3.467519911333177 -0.21854325644382547;2.774832942772
-3.2920589189682934 -0.3904609134176954;2.2404272696129
-3.14369027265928 -0.5347657829214425;1.8369321378168
-3.015350376308284 -0.6585815835311448;1.5235675461073
-2.902617050587355 -0.7663691101325946;1.2755034102498
-2.8024941189241632 -0.8611527315485744;1.0764246780341
-2.7128322728668177 -0.9451044404817357;0.9150204323358
-2.632021501764881 -1.0198538610810695;0.7831330620746
-2.5588141513045692 -1.0866664881775283;0.6746999764409
-2.492216668076951 -1.1465526619786195;0.5851093267006
-2.4314200423269217 -1.2003375284066289;0.510787669545
-2.375753291080408 -1.2487077767753834;0.4489250781527
-2.3246512928787837 -1.292243916944562;0.39728555705927
-2.2776319047038482 -1.3314432080770346;0.3540724941030
-2.234279276474579 -1.366736349684836;0.31783081785417
-2.1942314180039992 -1.3984998965984756;0.28737434652883
-2.1571707537274163 -1.4270656733362825;0.26173086475413
-2.122816820740923 -1.4527280394341149;0.24009995417955
-2.090920533096445 -1.4757495875218232;0.2218201805629
-2.061259609863123 -1.4963656797026685;0.2063432650926
-2.0336348811216745 -1.5147881100051437;0.1932135502140
-2.0078672655849896 -1.531208100331129;0.18205153441146
-1.9837952687698743 -1.5457987815220757;0.17254057230891
-1.9612728896048046 -1.5587172717805247;0.16441606372296
-1.9401678512761777 -1.5701064364967785;0.15745661843113
-1.9203600923441704 -1.5800963930964433;0.1514768023210
-1.9017404690335473 -1.5888058095403372;0.1463211585066
-1.8842096306153493 -1.5963430340085427;0.14185926287270
-1.8676770380739836 -1.6028070850154927;0.13798162349446
-1.852060102498409 -1.608288524941743;0.1345962717403
-1.8372834243990974 -1.6128702352241937;0.13162592261903
-1.8232781188338554 -1.6166281078115383;0.12900560524501
-1.8099812140564566 -1.6196316646882338;0.12668068271668
-1.7973351136285727 -1.621944615100294;0.12460519537646
-1.7852871136862387 -1.6236253584109563;0.1227404732038
-1.7737889684325703 -1.6247274391851274;0.12105397260386
-1.7627964980437663 -1.6252999600291924;0.11951830058356
-1.7522692340610424 -1.6253879568775187;0.1181103956199
-1.7421700980674704 -1.6250327407257;0.11681083969702
-1.732465110042095 -1.624272209256741;0.11560328025282
-1.7231231232676072 -1.6231411313599826;0.1144739442944
-1.7141155830731523 -1.621671407154601;0.11341122985704
-1.7054163070346675 -1.619892305827203;0.11240536240336
-1.6970012845374445 -1.6178306833227272;0.11144810577565
-1.6888484938464754 -1.6155111817106198;0.1105325189923
-1.6809377350464867 -1.6129564118508808;0.10965275158550
-1.6732504773738588 -1.6101871208198308;0.10880387134728
-1.665769719636767 -1.6072223454169907;0.10798171933605
-1.658479862538469 -1.6040795529447274;0.10718278781655
-1.6513665918470513 -1.6007747703369555;0.1064041174972
-1.64441677145262 -1.5973227026274408;0.10564321100771
-1.6376183454460975 -1.5937368416418007;0.10489796004523
-1.630960248436458 -1.5900295657377335;0.104166584026
-1.6244323233928497 -1.5862122313335254;0.1034475784271
-1.6180252463708245 -1.582295256907116;0.10273967127378
-1.61173045752754 -1.5782882000864205;0.10204178650494
-1.6055400978943593 -1.5741998284038294;0.10135301311188
-1.599446951420834 -1.570038184236545;0.10067257914835
-1.59344439183814 -1.5658106444090334;0.09999982983977
-1.587526333944051 -1.5615239749005185;0.099334209145
-1.5816871889298056 -1.5571843810576385;0.0986752442271
-1.5759218234160315 -1.5527975536803849;0.0980225323688
-1.5702255218845103 -1.5483687113243592;0.09737572995600
-1.56459395222041 -1.543902639124534;0.09673454319343
-1.5590231341102538 -1.5394037244317433;0.09609872028637
-1.5535094100529043 -1.5348759895206079;0.09546804485317
-1.54804941876802 -1.5303231216083577;0.09484233037618
-1.542640070802737 -1.5257485004083993;0.09422141552698
-1.5372785261548543 -1.5211552234194994;0.09360516022812
-1.5319621737420934 -1.5165461291344402;0.09299344233490
-1.5266886125679355 -1.511923818344395;0.0923861548400
-1.5214556344419166 -1.5072906736897265;0.09178320351848
-1.5162612081238565 -1.5026488776048954;0.09118450494268
-1.511103464777981 -1.4980004287876834;0.09058998481076
-1.505980684625526 -1.49334715731526;0.0899995765374
-1.5008912846969 -1.488690738517131;0.08941322006701
-1.495833807595065 -1.484032705707893;0.08883086087248
-1.4908069111827948 -1.4793744618730917;0.08825244911278
-1.4858093591211081 -1.4747172903935961;0.08767793892203
-1.4808400121855958 -1.470062364890809;0.08710728781065
-1.4758978202999151 -1.4654107582600084;0.08654045616065
-1.4709818152223988 -1.4607634509621872;0.0859774067999
-1.4660911038362943 -1.4561213386337744;0.08541810464381
-1.4612248619931891 -1.451485239071485;0.08486251639210
-1.4563823288599247 -1.4468558986420261;0.08431061027446
-1.4515628017340032 -1.4422339981663743;0.08376235583513
-1.4467656312841908 -1.4376201583184998;0.08321772375156
-1.4419902171814096 -1.433014944581969;0.08267668568121
-1.4372360040905003 -1.428418871798115;0.08213921413250
-1.432502477990568 -1.4238324083408944;0.08160528235567
-1.4277891627992383 -1.419255979948827;0.0810748642508
-1.4230956172725104 -1.4146899732407354;0.0805479342901
-1.418421432160604 -1.41013473894421;0.08002446745206
-1.4137662275974048 -1.405590594857721;0.07950443916591
-1.4091296507039452 -1.4010578285698896;0.07898782526481
-1.4045113733897747 -1.3965366999548956;0.07847460194597
-1.3999110903330243 -1.3920274434625073;0.07796474573691
-1.395328517128925 -1.3875302702213093;0.07745823346703
-1.390763388588034 -1.3830453699669567;0.0769550422432
-1.3862154571755656 -1.3785729128146889;0.07645514942941
-1.3816844915787212 -1.3741130508833928;0.07595853262895
-1.377170275390537 -1.3696659197888001;0.07546516966972
-1.3726726059032899 -1.365231640011846;0.0749750385913
-1.3681912929998228 -1.3608103181563918;0.07448811763434
-1.3637261581366944 -1.356402048102041;0.07400438523070
-1.359277033409655 -1.35200691206374;0.07352381999591
-1.3548437606965529 -1.3476249815632098;0.07304640072195
-1.350426190870228 -1.343256318321101;0.07257210637132
-1.346024183076418 -1.338900975075585;0.07210091607183
-1.3416376040705182 -1.3345589963342444;0.07163280911205
-1.3372663276074646 -1.3302304190630492;0.0711677649372
-1.3329102338842835 -1.3259152733202328;0.07070576314593
-1.32856920902661 -1.3216135828372153;0.07024678348683
-1.3242431446164225 -1.3173253655512112;0.06979080585589
-1.3199319372608107 -1.3130506340958934;0.06933781029399
-1.3156354881940946 -1.3087893962496502;0.06888777698460
-1.3113537029131968 -1.304541655348573;0.06844068625176
-1.3070864908428477 -1.3003074106644754;0.06799651855819
-1.3028337650286548 -1.2960866577528694;0.06755525450365
-1.2985954418543644 -1.2918793887710012;0.06711687482328
-1.294371440782198 -1.2876855927713506;0.06668136038613
-1.290161684115915 -1.2835052559691593;0.06624869219378
-1.285966096781485 -1.279338361990056;0.06581885137904
-1.281784606126217 -1.2751848920950026;0.06539181920466
-1.2776171417355653 -1.271044825388912;0.06496757706220
-1.273463635262679 -1.2669181390110247;0.0645461064709
-1.2693240202730651 -1.262804808308493;0.06412738907649
-1.2651982321023212 -1.2587048069987552;0.06371140665023
-1.2610862077247182 -1.254618107315321;0.06329814108783
-1.2569878856325478 -1.2505446801436095;0.06288757440852
-1.2529032057258003 -1.24648449514415;0.062479688753982
-1.2488321092103005 -1.2424375208671887;0.06207446638748
-1.244774538504299 -1.2384037248566877;0.061671889692918
-1.2407304371526624 -1.234383073746024;0.061271941173886
-1.2366997497482366 -1.2303755333457802;0.060874603452810
-1.232682421859019 -1.2263810687243955;0.06047985927003
-1.2286783999620732 -1.222399644282354;0.06008769148299
-1.2246876313820563 -1.218431223819625;0.059698083065316
-1.2207100642347015 -1.214475770597895;0.05931101710598
-1.2167456473758425 -1.2105332473980708;0.0589264768085
-1.2127943303534332 -1.2066036165719096;0.058544445490146
-1.2088560633640049 -1.2026868400903652;0.058164906580961
-1.2049307972121972 -1.1987828795876938;0.057787843623128
-1.2010184832742148 -1.1948916964016105;0.057413240270088
-1.1971190734640151 -1.1910132516100722;0.0570410802857
-1.1932325202014655 -1.1871475060657455;0.056671347543776
-1.1893587763839095 -1.183294420426528;0.056304026026642
-1.1854977953598684 -1.179453955184045;0.055939099825024
-1.1816495309043678 -1.1756260706898334;0.05557655313695
-1.1778139371969913 -1.171810727179408;0.05521637026708
-1.1739909688005399 -1.1680078847936333;0.05485853562592
-1.1701805806430097 -1.1642175035996083;0.05450303372911
-1.1663827279990697 -1.160439543608189;0.05414984919665
-1.1625973664747749 -1.1566739647908328;0.053798966752182
-1.1588244519922841 -1.1529207270953856;0.05345037122226
-1.1550639407762853 -1.149179790459944;0.0531040475356
-1.151315789341189 -1.1454511148254671;0.05275998072254
-1.1475799544795178 -1.1417346601479086;0.05241815591392
-1.14385639325149 -1.1380303864085197;0.05207855834080
-1.1401450629749474 -1.1343382536240574;0.051741173333581
-1.136445921215797 -1.1306582218552625;0.0514059863212
-1.1327589257799011 -1.1269902512155294;0.051072982830872
-1.129084034705652 -1.1233343018780382;0.05074214848668
-1.125421206255869 -1.1196903340824078;0.050413469009568
-1.1217703989113994 -1.116058308141157;0.05008693021632
-1.1181315713655713 -1.112438184445396;0.049762518019041
-1.1145046825173763 -1.10882992346956;0.04944021842435
-1.110889691467033 -1.1052334857761414;0.049120017532848
-1.107286557510534 -1.1016488320201367;0.04880190153838
-1.103695240135131 -1.0980759229527235;0.04848585672745
-1.1001156990152463 -1.094514719424748;0.04817186947851
-1.0965478940086424 -1.0909651823896365;0.04785992626138
-1.0929917851522535 -1.0874272729065961;0.04755001363659
-1.0894473326591245 -1.0839009521429521;0.047242118254728
-1.0859144969149275 -1.0803861813762943;0.04693622685582
-1.0823932384754136 -1.0768829219968166;0.04663232626876
-1.0788835180631045 -1.073391135508794;0.04633040341061
-1.0753852965652586 -1.0699107835328276;0.046030445286077
-1.0718985350308208 -1.0664418278064602;0.045732438986
-1.0684231946683929 -1.0629842301863277;0.04543637169091
-1.0649592368442062 -1.059537952648681;0.04514223066221
-1.0615066230800119 -1.0561029572905802;0.04485000324976
-1.0580653150512258 -1.052679206330899;0.04455967688723
-1.0546352745848235 -1.0492666621109448;0.0442712390922
-1.0512164636576589 -1.045865287094986;0.04398467746604
-1.0478088443958045 -1.0424750438710675;0.043699979692490
-1.0444123790719408 -1.0390958951513471;0.043417133537888
-1.041027030104191 -1.0357278037726267;0.0431361268502
-1.0376527600548717 -1.0323707326960194;0.042856947558660
-1.0342895316293301 -1.0290246450081544;0.04257958367291
-1.0309373076744441 -1.0256895039205594;0.04230402328277
-1.0275960511778868 -1.0223652727703876;0.04203025455752
-1.02426572526646 -1.0190519150200918;0.04175826574538
-1.020946293204853 -1.015749394257002;0.04148804517292
-1.017637718395633 -1.0124576741945834;0.04121958124464
-1.0143399643772448 -1.0091767186711558;0.040952862442307
-1.0110529948237477 -1.0059064916502896;0.04068787732450
-1.0077767735431156 -1.0026469572204861;0.04042461452605
-1.0045112644772753 -0.9993980795952899;0.04016306275752
-1.001256431700577 -0.9961598231127308;0.039903210804698
-0.9980122394191577 -0.9929321522353426;0.03964504752805
-0.9947786519703476 -0.9897150315500397;0.03938856186226
-0.9915556338215694 -0.986508425767371;0.0391337428156
-0.9883431495697051 -0.9833122997216863;0.03888057946975
-0.9851411639405917 -0.9801266183706326;0.038629060978723
-0.9819496417878816 -0.9769513467948913;0.03837917656891
-0.9787685480927952 -0.9737864501978205;0.0381309155383
-0.9755978479630694 -0.9706318939050991;0.03788426725624
-0.9724375066323299 -0.9674876433643231;0.03763922116248
-0.9692874894598484 -0.9643536641447003;0.03739576676719
-0.9661477619294092 -0.9612299219367443;0.03715389365020
-0.9630182896489827 -0.9581163825517323;0.036913591460615
-0.9598990383499344 -0.955013011921497;0.03667484991631
-0.9567899738865312 -0.9519197760976946;0.036437658803474
-0.9536910622354067 -0.9488366412518393;0.036202007976135
-0.9506022694949003 -0.9457635736746206;0.03596788735571
-0.947523561884483 -0.9427005397755092;0.035735286930529
-0.9444549057440553 -0.939647506082316;0.035504196755376
-0.9413962675337153 -0.9366044392409916;0.03527460695105
-0.9383476138330588 -0.9335713060149001;0.035046507703940
-0.9353089113403971 -0.930548073284477;0.03481988926548
-0.932280126872612 -0.9275347080469357;0.03459474195182
-0.9292612273645025 -0.9245311774158327;0.03437105614334
-0.92625217986809 -0.9215374486202962;0.03414882228417
-0.9232529515524344 -0.9185534890050724;0.03392803088184
-0.9202635097026015 -0.915579266029709;0.03370867250678
-0.9172838217198206 -0.9126147472684586;0.03349073779191
-0.9143138551204117 -0.9096599004093693;0.03327421743222
-0.9113535775356902 -0.9067146932543814;0.03305910218437
-0.9084029567111934 -0.9037790937183716;0.03284538286623
-0.9054619605065442 -0.9008530698293958;0.03263305035649
-0.9025305568943831 -0.8979365897274477;0.03242209559422
-0.8996087139605731 -0.8950296216646552;0.032212509578520
-0.8966963999033029 -0.8921321340044244;0.032004283368023
-0.8937935830327 -0.8892440952214462;0.03179740808057
-0.8909002317702753 -0.8863654739007465;0.03159187489277
-0.8880163146487923 -0.883496238737694;0.031387675039619
-0.8851418003115011 -0.8806363585372918;0.03118479981406
-0.8822766575117134 -0.8777858022139962;0.03098324056668
-0.8794208551125462 -0.8749445387908652;0.030782988705211
-0.8765743620861597 -0.8721125373996671;0.030584035694216
-0.8737371475136304 -0.8692897672800306;0.03038637305468
-0.8709091805842325 -0.8664761977794111;0.030189992363654
-0.8680904305952281 -0.863671798352147;0.02999488525381
-0.865280866951404 -0.8608765385595234;0.029801043413148
-0.8624804591644413 -0.8580903880691652;0.02960845858455
-0.8596891768525796 -0.8553133166545275;0.02941712256547
-0.856906989740285 -0.8525452941945302;0.029227027207508
-0.8541338676578741 -0.8497862906733851;0.029038164416085
-0.8513697805408442 -0.8470362761798964;0.02885052615006
-0.8486146984294569 -0.8442952209070027;0.028664104421394
-0.8458685914687472 -0.841563095151749;0.028478891294742
-0.8431314299076005 -0.8388398693143513;0.02829487888714
-0.8404031840985092 -0.8361255138983622;0.028112059367656
-0.8376838244971598 -0.8334199995095927;0.027930424956981
-0.8349733216623596 -0.8307232968565668;0.02774996792716
-0.8322716462549904 -0.8280353767492534;0.02757068060120
-0.8295787690380638 -0.8253562100993309;0.02739255535272
-0.8268946608762696 -0.822685767919303;0.02721558460563
-0.8242192927353966 -0.8200240213225258;0.027039760833798
-0.8215526356819672 -0.8173709415225165;0.02686507656067
-0.8188946608830838 -0.8147264998325509;0.026691524359014
-0.81624533960581 -0.8120906676656914;0.026519096850501
-0.8136046432167644 -0.8094634165337158;0.026347786705431
-0.8109725431818423 -0.8068447180473385;0.02617758664239
-0.8083490110658105 -0.8042345439155231;0.026008489427945
-0.8057340185317764 -0.8016328659451785;0.025840487876266
-0.803127537340996 -0.7990396560408557;0.02567357484887
-0.8005295393524708 -0.7964548862041102;0.025507743254272
-0.7979399965223769 -0.7938785285334394;0.02534298604766
-0.7953588809039588 -0.79131055522379;0.02517929623062
-0.7927861646469173 -0.7887509385660177;0.025016666850772
-0.7902218199970941 -0.786199650946731;0.024855091001494
-0.7876658192963252 -0.7836566648478481;0.02469456182161
-0.7851181349817887 -0.7811219528463459;0.02453507249511
-0.7825787395856482 -0.7785954876137224;0.024376616250783
-0.7800476057348241 -0.7760772419155079;0.02421918636196
-0.7775247061505968 -0.7735671886113501;0.024062776146230
-0.7750100136482092 -0.7710653006542401;0.023907378965105
-0.7725035011364715 -0.7685715510902631;0.02375298822374
-0.7700051416174495 -0.7660859130584;0.02359959737067
-0.7675149081861548 -0.7636083597900881;0.023447199897475
-0.7650327740301077 -0.7611388646085924;0.023295789338497
-0.7625587124290285 -0.7586774009290944;0.02314535927058
-0.7600926967544435 -0.7562239422581123;0.022995903312801
-0.7576347004692503 -0.7537784621931122;0.02284741512610
-0.7551846971277069 -0.7513409344221685;0.022699888413101
-0.7527426603747005 -0.7489113327239596;0.02255331691778
-0.7503085639454844 -0.7464896309668064;0.022407694425200
-0.7478823816655827 -0.7440758031089567;0.022263014761234
-0.745464087450147 -0.7416698231976726;0.02211927179229
-0.7430536553036934 -0.7392716653693243;0.021976459425049
-0.7406510593200096 -0.7368813038489094;0.021834571606193
-0.7382562736813861 -0.7344987129495731;0.02169360232212
-0.7358692726586082 -0.7321238670726076;0.021553545598730
-0.7334900306103996 -0.7297567407067334;0.021414395501076
-0.7311185219832894 -0.7273973084279564;0.021276146133183
-0.7287547213114366 -0.7250455448995203;0.021138791637764
-0.7263986032156098 -0.7227014248708553;0.021002326195930
-0.7240501424035629 -0.7203649231779617;0.020866744026974
-0.7217093136694387 -0.7180360147427907;0.020732039388099
-0.719376091893426 -0.7157146745727674;0.02059820657416
-0.717050452041503 -0.7134008777608666;0.020465239917441
-0.7147323691650318 -0.711094599485017;0.020333133787359
-0.7124218184005446 -0.7087958150076986;0.020201882590256
-0.71011877496934 -0.7065044996758517;0.02007148076913
-0.7078232141771632 -0.7042206289204501;0.019941922803431
-0.7055351114139519 -0.7019441782562196;0.01981320320874
-0.7032544421534541 -0.6996751232812366;0.01968531653660
-0.7009811819529532 -0.6974134396767908;0.01955825737426
-0.6987153064529716 -0.6951591032068648;0.01943202034442
-0.6964567913769542 -0.6929120897180455;0.019306600105014
-0.6942056125309093 -0.6906723751390047;0.019181991348943
-0.6919617458030719 -0.6884399354803153;0.019058188803887
-0.6897251671637573 -0.6862147468341248;0.01893518723204
-0.6874958526649189 -0.6839967853738039;0.018812981429921
-0.6852737784399178 -0.6817860273537651;0.018691566228076
-0.6830589207031245 -0.6795824491090402;0.01857093649092
-0.6808512557496678 -0.6773860270549792;0.018451087116482
-0.6786507599552062 -0.6751967376871169;0.018332013036180
-0.6764574097756145 -0.6730145575806565;0.018213709214613
-0.674271181746523 -0.6708394633903133;0.01809617064932
-0.6720920524831742 -0.6686714318499424;0.017979392370589
-0.6699199986801319 -0.6665104397723113;0.017863369441208
-0.6677549971109275 -0.664356464048729;0.017748096956272
-0.6655970246277694 -0.6622094816489378;0.017633570042965
-0.6634460581613382 -0.6600694696205766;0.01751978386034
-0.661302074720391 -0.6579364050890015;0.017406733599114
-0.6591650513915153 -0.6558102652571561;0.01729441448145
-0.6570349653388605 -0.6536910274049624;0.017182821760769
-0.6549117938037659 -0.6515786688893351;0.017071950721504
-0.6527955141047043 -0.6494731671436935;0.01696179667893
-0.6506861036366779 -0.6473744996778323;0.016852354978967
-0.6485835398712053 -0.6452826440775299;0.01674362099792
-0.6464878003559079 -0.6431975780043481;0.016635590142343
-0.6443988627142441 -0.6411192791952891;0.016528257848799
-0.6423167046452865 -0.6390477254625959;0.016421619583681
-0.6402413039233089 -0.6369828946933143;0.01631567084299
-0.6381726383977334 -0.6349247648492845;0.016210407152189
-0.6361106859926542 -0.6328733139666328;0.016105824065935
-0.6340554247066585 -0.6308285201555968;0.016001917167948
-0.632006832612542 -0.6287903616002314;0.015898682070791
-0.6299648878570026 -0.626758816558212;0.015796114415684
-0.6279295686605258 -0.6247338633604931;0.015694209872317
-0.6259008533168263 -0.6227154804109922;0.015592964138656
-0.6238787201928385 -0.6207036461864405;0.015492372940759
-0.621863147728349 -0.618698339236091;0.015392432032592
-0.6198541144357562 -0.6166995381813072;0.015293137195842
-0.6178515988997872 -0.6147072217156063;0.01519448423973
-0.6158555797772367 -0.6127213686040811;0.015096469000859
-0.6138660357966637 -0.6107419576833002;0.014999087342964
-0.6118829457582575 -0.6087689678610414;0.014902335156810
-0.6099062885334722 -0.6068023781160492;0.01480620835997
-0.6079360430647867 -0.6048421674976489;0.014710702896656
-0.6059721883654667 -0.6028883151256719;0.014615814737548
-0.6040147035192629 -0.6009408001900945;0.014521539879613
-0.6020635676802144 -0.5989996019507727;0.014427874345938
-0.6001187600724326 -0.5970646997372484;0.014334814185551
-0.5981802599897362 -0.5951360729485324;0.014242355473257
-0.5962480467954354 -0.5932137010526968;0.01415049430946
-0.5943220999221156 -0.5912975635867294;0.014059226819999
-0.5924023988714003 -0.5893876401563897;0.013968549155980
-0.5904889232136518 -0.5874839104357057;0.013878457493607
-0.5885816525877761 -0.5855863541669736;0.013788948034021
-0.586680566700903 -0.5836949511603982;0.01370001700313
-0.5847856453281709 -0.5818096812937824;0.013611660651445
-0.582896868312576 -0.579930524512551;0.01352387525392
-0.5810142155645887 -0.5780574608291534;0.013436657109823
-0.5791376670620239 -0.5761904703230641;0.013350002542491
-0.577267202849701 -0.5743295331404729;0.013263907899262
-0.5754028030392511 -0.5724746294939744;0.013178369551268
-0.5735444478089458 -0.5706257396625465;0.013093383893296
-0.5716921174032938 -0.5687828439910486;0.013008947343621
-0.569845792133019 -0.5669459228901526;0.012925056343859
-0.5680054523746143 -0.565114956836033;0.01284170735881
-0.5661710785702355 -0.5632899263701787;0.012758896876310
-0.5643426512274468 -0.5614708120991796;0.012676621407069
-0.5625201509189236 -0.5596575946943707;0.012594877484532
-0.5607035582823473 -0.5578502548917871;0.012513661664723
-0.5588928540200452 -0.5560487734917842;0.012432970526100
-0.5570880188988637 -0.55425313135885;0.01235280066940
-0.5552890337498309 -0.5524633094214171;0.01227314871750
-0.5534958794679867 -0.5506792886715551;0.012194011315288
-0.5517085370121948 -0.5489010501649034;0.012115385129460
-0.5499269874048672 -0.5471285750202443;0.012037266848447
-0.548151211731734 -0.5453618444194114;0.01195965318223
-0.5463811911416111 -0.5436008396070079;0.011882540862212
-0.5446169068462333 -0.5418455418901476;0.011805926641072
-0.5428583401200019 -0.5400959326383876;0.011729807292630
-0.5411054722996905 -0.5383519932833758;0.011654179611703
-0.5393582847843839 -0.5366137053186634;0.011579040413974
-0.5376167590351206 -0.5348810502994243;0.011504386535845
-0.5358808765747477 -0.5331540098424605;0.011430214834314
-0.5341506189876483 -0.5314325656256814;0.011356522186826
-0.532425967919554 -0.5297166993880622;0.01128330549114
-0.5307069050772945 -0.5280063929293629;0.011210561665226
-0.52899341222861 -0.526301628110063;0.011138287647069
-0.5272854712019437 -0.5246023868508897;0.01106648039459
-0.5255830638863181 -0.5229086511328481;0.010995136885532
-0.523886172230937 -0.5212204029968938;0.010924254117246
-0.5221947782450626 -0.5195376245437001;0.010853829106648
-0.5205088639978712 -0.51786029793357;0.01078385889005
-0.5188284116180354 -0.5161884053859652;0.010714340523037
-0.5171534032937909 -0.5145219291796805;0.010645271080345
-0.5154838212725189 -0.512860851652302;0.01057664765573
-0.5138196478607083 -0.5112051552002144;0.010508467361868
-0.5121608654234953 -0.5095548222782028;0.010440727330176
-0.510507456384774 -0.507909835399437;0.010373424710746
-0.5088594032267161 -0.5062701771351804;0.010306556672195
-0.5072166884897223 -0.5046358301144879;0.010240120401545
-0.5055792947722173 -0.5030067770242739;0.010174113104109
-0.5039472047303483 -0.5013830006087956;0.010108532003366
-0.5023204010778536 -0.499764483669733;0.010043374340845
-0.5006988665858677 -0.498151209065696;0.009978637376001
-0.49908258408270545 -0.49654315971230534;0.00991431838610
-0.4974715364536357 -0.4949403185818312;0.00985041466612
-0.4958657066406973 -0.4933426687030114;0.009786923528610
-0.4942650776425685 -0.4917501931609534;0.009723842303566
-0.4926696325142563 -0.4901628750967854;0.00966116833835
-0.49107935436699757 -0.4885806977075705;0.009598898997582
-0.4894942263679702 -0.4870036442460657;0.009537031662963
-0.4879142317402048 -0.48543169802055264;0.009475563733235
-0.4863393537622646 -0.4838648423946449;0.009414492624031
-0.4847695757681892 -0.48230306078708285;0.009353815767777
-0.4832048811472166 -0.4807463366715174;0.009293530613576
-0.4816452533435797 -0.47919465357636504;0.009233634627104
-0.48009067585636594 -0.4776479950845916;0.009174125290495
-0.4785411322392926 -0.47610634483354386;0.009115000102243
-0.47699660610054595 -0.4745696865146976;0.00905625657708
-0.4754570811025883 -0.47303800387360906;0.008997892245899
-0.47392254096194447 -0.47151128070956755;0.008939904655605
-0.472392969448999 -0.4699895008754635;0.008882291369044
-0.47086835038788805 -0.4684726482776685;0.008825049964890
-0.4693486676562229 -0.46696070687576013;0.008768178037537
-0.46783390518496143 -0.4654536606824141;0.00871167319699
-0.4663240469582054 -0.46395149376315337;0.008655533068810
-0.4648190770130194 -0.46245419023620454;0.008599755293917
-0.46331897943924966 -0.460961734272307;0.00854433752858
-0.4618237383793326 -0.459474110094522;0.00848927744429
-0.4603333380281138 -0.4579913019780654;0.008434572727639
-0.45884776263269916 -0.45651329425011744;0.008380221080233
-0.4573669964922318 -0.4550400712896556;0.00832622021860
-0.4558910239576905 -0.45357161752724057;0.008272567874114
-0.45441982943181497 -0.45210791744490925;0.008219261792832
-0.45295339736880935 -0.4506489555759368;0.008166299735466
-0.451491712274257 -0.4491947165046944;0.008113679477257
-0.4500347587048665 -0.4477451848663872;0.008061398807878
-0.44858252126836573 -0.44630034534704394;0.0080094555313
-0.44713498462325857 -0.4448601826831835;0.007957847465947
-0.4456921334787296 -0.4434246816617328;0.007906572444090
-0.4442539525943589 -0.4419938271197656;0.007855628312272
-0.4428204267800798 -0.4405676039444679;0.007805012930956
-0.4413915408959044 -0.4391459970728535;0.0077547241744861
-0.439967279851818 -0.43772899149163397;0.007704759930997
-0.4385476286075262 -0.4363165722370176;0.00765511810232
-0.4371325721723813 -0.4349087243945682;0.007605796603916
-0.4357220956051079 -0.43350543309903977;0.007556793364737
-0.4343161840137935 -0.43210668353421167;0.007508106327193
-0.43291482255550856 -0.43071246093267573;0.007459733447031
-0.4315179964363286 -0.4293227505757073;0.007411672693259
-0.4301256909110393 -0.42793753779311244;0.007363922048058
-0.4287378912830109 -0.42655680796300355;0.007316479506695
-0.42735458290407224 -0.4251805465117065;0.0072693430774386
-0.42597575117426945 -0.42380873891353643;0.007222510781472
-0.4246013815417718 -0.4224413706906452;0.007175980652813
-0.42323145950266206 -0.42107842741290497;0.007129750738228
-0.42186597060076886 -0.4197198946976604;0.007083819097146
-0.4205049004275309 -0.41836575820967203;0.007038183801581
-0.41914823462186146 -0.4170160036608447;0.006992842936046
-0.41779595886988585 -0.4156706168101352;0.0069477945974755
-0.4164480589049011 -0.41432958346342447;0.006903036895139
-0.41510452050711383 -0.4129928894732222;0.006858567950567
-0.4137653295035576 -0.41166052073865866;0.006814385897465
-0.41243047176785225 -0.41033246320523714;0.006770488881637
-0.4110999332201425 -0.40900870286469465;0.0067268750609092
-0.40977369982687845 -0.40768922575486216;0.00668354260504
-0.4084517576006278 -0.4063740179594655;0.006640489695675
-0.4071340926000042 -0.40506306560804556;0.006597714526212
-0.4058206909294376 -0.40375635487571165;0.006555215301781
-0.4045115387390604 -0.4024538719830499;0.006512990239138
-0.4032066222245304 -0.40115560319594823;0.006471037566597
-0.4019059276268967 -0.39986153482542164;0.006429355523953
-0.4006094412324224 -0.3985716532275327;0.006387942362410
-0.39931714937241886 -0.39728594480310936;0.006346796344500
-0.3980290384231427 -0.3960043959977136;0.006305915744019
-0.39674509480561954 -0.3947269933014548;0.00626529884594
-0.39546530498546734 -0.3934537232487914;0.006224943946371
-0.3941896554727518 -0.3921845724184281;0.006184849352428
-0.39291813282188387 -0.39091952743317704;0.006145013382216
-0.3916507236313908 -0.38965857495974804;0.006105434364732
-0.3903874145438455 -0.3884017017086814;0.0060661106397998
-0.3891281922456588 -0.38714889443411427;0.006027040557997
-0.38787304346695617 -0.38590013993369005;0.005988222480587
-0.38662195498144397 -0.38465542504837236;0.005949654779451
-0.385374913606202 -0.3834147366623667;0.005911335837013
-0.38413190620164495 -0.3821780617029224;0.005873264046180
-0.38289291967125133 -0.3809453871401113;0.005835437810264
-0.38165794096150424 -0.37971669998686863;0.005797855542923
-0.3804269570616945 -0.37849198729865235;0.005760515668086
-0.37919995500381903 -0.37727123617347236;0.005723416619893
-0.37797692186239473 -0.3760544337516094;0.005686556842624
-0.3767578447543464 -0.3748415672155252;0.00564993479063
-0.37554271083889496 -0.37363262378976053;0.00561354892829
-0.3743315073172867 -0.3724275907407023;0.005577397729906
-0.3731242214327979 -0.37122645537654136;0.0055414796796662
-0.37192084047052776 -0.37002920504706344;0.005505793271579
-0.3707213517572339 -0.3688358271435117;0.005470337009403
-0.3695257426612419 -0.36764630909848545;0.005435109406585
-0.36833400059227 -0.3664606383857667;0.0054001089861978
-0.3671461130013284 -0.3652788025202309;0.005365334280875
-0.3659620673805018 -0.3641007890576143;0.005330783832754
-0.3647818512629122 -0.36292658559446006;0.005296456193409
-0.36360545222250157 -0.36175617976793395;0.005262349923791
-0.3624328578739419 -0.3605895592557466;0.0052284635941695
-0.36126405587244975 -0.3594267117759213;0.00519479578406
-0.36009903391372255 -0.35826762508677046;0.0051613450822081
-0.358937779733722 -0.35711228698667513;0.005128110086445
-0.3577802811085996 -0.35596068531400205;0.00509508940371
-0.35662652585453314 -0.3548128079468952;0.005062281649960
-0.3554765018275836 -0.3536686428032346;0.005029685450097
-0.3543301969235845 -0.3525281778404462;0.00499729943793
-0.3531875990779937 -0.35139140105538286;0.004965122256123
-0.35204869626576707 -0.35025830048419404;0.0049331525561031
-0.35091347650121574 -0.3491288642022012;0.004901388998039
-0.34978192783789525 -0.3480030803237375;0.004869830250770
-0.348654038368437 -0.3468809370020353;0.004838474991749
-0.3475297962244639 -0.3457624224291257;0.004807321906989
-0.34640918957641625 -0.3446475248356543;0.004776369691004
-0.34529220663345195 -0.34353623249076926;0.004745617046760
-0.3441788356432882 -0.3424285337020145;0.0047150626856141
-0.3430690648921072 -0.341324416815182;0.004684705327262
-0.3419628827044031 -0.3402238702141815;0.004654543699686
-0.34086027744284564 -0.33912688232091637;0.004624576539098
-0.33976123750818527 -0.33803344159515974;0.0045948025898873
-0.338665751339085 -0.3369435365344184;0.0045652206045677
-0.33757380741202075 -0.3358571556738327;0.004535829343724
-0.3364853942411657 -0.33477428758601685;0.00450662757596
-0.33540050037821695 -0.33369492088094116;0.004477614077855
-0.3343191144123223 -0.3326190442058259;0.004448787633886
-0.3332412249699174 -0.33154664624499974;0.004420147036408
-0.3321668207146316 -0.3304777157197759;0.004391691085584
-0.33109589034711445 -0.3294122413883345;0.00436341858934
-0.3300284226049683 -0.328350212045587;0.004335328363313
-0.3289644062626171 -0.32729161652309424;0.004307419230803
-0.32790383013112784 -0.3262364436888773;0.004279690022720
-0.3268466830581433 -0.32518468244734755;0.004252139577537
-0.3257929539277613 -0.32413632173916557;0.004224766741241
-0.32474263166036726 -0.32309135054112326;0.0041975703672841
-0.323695705212556 -0.3220497578660207;0.004170549316532
-0.32265216357699567 -0.32101153276255456;0.004143702457222
-0.321611995782292 -0.31997666431518296;0.0041170286649085
-0.3205751908929101 -0.31894514164402;0.004090526822419
-0.3195417380090017 -0.31791695390471236;0.004064195819809
-0.3185116262663221 -0.31689209028831045;0.00403803455431
-0.31748484483610495 -0.3158705400211628;0.004012041930285
-0.31646138292494197 -0.3148522923648051;0.003986216859186
-0.3154412297746475 -0.313837336615801;0.003960558259500
-0.31442437466217016 -0.3128256621057088;0.003935065056712
-0.313410806899473 -0.31181725820088074;0.003909736183255
-0.31240051583337664 -0.31081211430236994;0.00388457057846
-0.31139349084550827 -0.309810219845843;0.003859567188531
-0.31038972135211834 -0.3088115643014334;0.0038347249664692
-0.3093891968040138 -0.3078161371736424;0.0038100428720548
-0.3083919066864172 -0.30682392800122815;0.003785519871793
-0.3073978405188683 -0.30583492635707676;0.003761154938872
-0.30640698785511483 -0.30484912184810364;0.00373694705311
-0.3054193382829455 -0.30386650411511856;0.003712895200955
-0.3044348814241548 -0.3028870628327448;0.0036889983753577
-0.3034536069343815 -0.30191078770927254;0.0036652555758131
-0.30247550450300476 -0.3009376684865721;0.0036416658082768
-0.3015005638530406 -0.29996769493996517;0.003618228085131
-0.300528774741012 -0.29900085687813216;0.0035949414251428
-0.2995601269568557 -0.2980371441429837;0.0035718048534225
-0.2985946103238031 -0.29707654660955596;0.0035488174013833
-0.29763221469827134 -0.29611905418591195;0.0035259781066998
-0.2966729299697441 -0.2951646568130072;0.0035032860132671
-0.2957167460606997 -0.29421334446460307;0.003480740171161
-0.2947636529264445 -0.29326510714716225;0.00345833963660
-0.2938136405550307 -0.2923199348996906;0.0034360834718995
-0.29286669896713685 -0.2913778177936923;0.0034139707454381
-0.29192281821601246 -0.2904387459330417;0.003392000531616
-0.29098198838729533 -0.2895027094538548;0.003370171910818
-0.29004419959894523 -0.2885696985244031;0.003348483969369
-0.2891094420011302 -0.2876397033449911;0.0033269357995041
-0.2881777057761234 -0.28671271414787;0.0033055264993215
-0.2872489811381734 -0.2857887211971214;0.003284255172751
-0.2863232583334276 -0.28486771478854733;0.003263120929513
-0.2854005276398026 -0.28394968524957165;0.003242122885082
-0.2844807793669235 -0.28303462293912407;0.0032212601606493
-0.28356400385594677 -0.2821225182475599;0.00320053188308
-0.28265019147951015 -0.281213361596532;0.0031799371849035
-0.28173933264161904 -0.28030714343889845;0.0031594752042233
-0.28083141777753823 -0.27940385425861275;0.0031391450847343
-0.27992643735366785 -0.27850348457061946;0.003118945975659
-0.2790243818674616 -0.27760602492076225;0.0030988770317193
-0.27812524184734494 -0.27671146588567397;0.0030789374130976
-0.27722900785257 -0.2758197980726845;0.0030591262854044
-0.2763356704731338 -0.2749310121196928;0.003039442819641
-0.2754452203296808 -0.27404509869510496;0.0030198861921675
-0.27455764807339994 -0.2731620484977063;0.0030004555846633
-0.2736729443859116 -0.2722818522565455;0.002981150184097
-0.2727910999791699 -0.2714045007308964;0.0029619691826907
-0.27191210559537576 -0.2705299847100766;0.002942911777884
-0.2710359520068586 -0.26965829501340327;0.00292397717230
-0.2701626300159945 -0.26878942249007737;0.0029051645737323
-0.2692921304550986 -0.2679233580190919;0.0028864731950610
-0.2684244441863221 -0.2670600925091401;0.0028679022542742
-0.26755956210156584 -0.26619961689848165;0.002849450974406
-0.266697475122351 -0.2653419221548631;0.002831118583512
-0.2658381741997748 -0.2644869992754617;0.0028129043146344
-0.26498165031435517 -0.2636348392867222;0.0027948074057677
-0.26412789447598095 -0.2627854332443069;0.0027768270998323
-0.26327689772377777 -0.261938772232968;0.0027589626446384
-0.2624286511260371 -0.26109484736647404;0.002741213292855
-0.261583145780114 -0.2602536497875121;0.002723578301981
-0.26074037281231927 -0.2594151706675723;0.002706056934309
-0.2599003233778277 -0.2585794012068744;0.0026886484568997
-0.25906298866060196 -0.2577463326342638;0.00267135214154
-0.2582283598732797 -0.25691595620712027;0.002654167264745
-0.25739642825706593 -0.2560882632112605;0.002637093107669
-0.25656718508168885 -0.2552632449608463;0.0026201289561349
-0.255740621645234 -0.2544408927982813;0.0026032741005676
-0.25491672927410797 -0.2536211980941523;0.002586527835979
-0.25409549932292325 -0.2528041522470751;0.0025698894619354
-0.2532769231744061 -0.25198974668366875;0.002553358282524
-0.2524609922393209 -0.2511779728584252;0.0025369336063302
-0.2516476979563337 -0.250368822253606;0.0025206147464027
-0.25083703179196265 -0.24956228637918984;0.0025044010202283
-0.2500289852404812 -0.24875835677275104;0.002488291749702
-0.24922354982380807 -0.24795702499938638;0.0024722862610979
-0.24842071709141805 -0.24715828265160567;0.002456383885041
-0.2476204786202745 -0.2463621213492584;0.002440583956481
-0.24682282601471647 -0.2455685327394364;0.0024248858146627
-0.24602775090637258 -0.2447775084963797;0.002409288803094
-0.24523524495407728 -0.24398904032139995;0.0023937922695296
-0.24444529984377159 -0.2432031199427775;0.002378395565929
-0.24365790728842995 -0.24241973911568784;0.0023630980484436
-0.2428730590279557 -0.24163888962209557;0.0023478990773772
-0.24209074682909476 -0.2408605632706751;0.002332798017167
-0.24131096248536543 -0.24008475189672537;0.002317794236356
-0.24053369781693 -0.23931144736207285;0.0023028871075621
-0.23975894467055076 -0.23854064155499216;0.0022880760074556
-0.23898669491948296 -0.2377723263901329;0.002273360316732
-0.2382169404633886 -0.23700649380839575;0.0022587394200868
-0.23744967322823976 -0.23624313577687406;0.002244212706186
-0.2366848851662538 -0.23548224428876585;0.002229779567647
-0.23592256825578609 -0.2347238113632767;0.0022154394010071
-0.2351627145012651 -0.23396782904555855;0.0022011916066984
-0.23440531593307487 -0.23321428940657682;0.002187035589026
-0.23365036460751099 -0.23246318454308215;0.0021729707561439
-0.23289785260666582 -0.23171450657748044;0.0021589965200227
-0.23214777203834763 -0.23096824765778076;0.0021451122964329
-0.231400115036008 -0.2302243999574894;0.002131317504916
-0.23065487375864255 -0.22948295567553967;0.002117611568762
-0.22991204039071564 -0.22874390703619518;0.002103993914984
-0.2291716071420824 -0.22800724628897961;0.0020904639742944
-0.22843356624788694 -0.22727296570858285;0.002077021181080
-0.22769790996850287 -0.2265410575947939;0.002063664973383
-0.22696463058942903 -0.22581151427239213;0.0020503947928694
-0.22623372042121945 -0.22508432809110113;0.002037210084811
-0.22550517179940002 -0.22435949142547687;0.0020241102980641
-0.2247789770843723 -0.22363699667482884;0.002011094885038
-0.22405512866136718 -0.22291683626316197;0.0019981633016808
-0.2233336189403195 -0.22219900263906497;0.0019853150074517
-0.22261444035581132 -0.2214834882756582;0.001972549465299
-0.22189758536699408 -0.22077028567049695;0.0019598661416400
-0.2211830464574949 -0.22005938734548058;0.001947264506333
-0.22047081613534397 -0.2193507858467946;0.0019347440326631
-0.21976088693289686 -0.21864447374482882;0.001922304197311
-0.21905325140674076 -0.21794044363407764;0.0019099444803390
-0.21834790213763522 -0.21723868813308805;0.001897664365163
-0.21764483173042115 -0.21653919988435405;0.0018854633385373
-0.2169440328139378 -0.21584197155427054;0.001873340890525
-0.21624549804095286 -0.21514699583301292;0.0018612965144832
-0.2155492200880822 -0.21445426543449694;0.0018493297070390
-0.21485519165570668 -0.21376377309627922;0.0018374399680686
-0.21416340546789459 -0.21307551157948734;0.0018256268006763
-0.21347385427235022 -0.21238947366875305;0.001813889711174
-0.21278653084027818 -0.21170565217210968;0.0018022282090600
-0.21210142796636372 -0.21102403992093435;0.0017906418069985
-0.21141853846867129 -0.2103446297698692;0.0017791300207994
-0.21073785518856428 -0.2096674145967338;0.0017676923693976
-0.2100593709906458 -0.2089923873024643;0.0017563283748331
-0.2093830787626521 -0.2083195408110319;0.0017450375622308
-0.20870897141541433 -0.20764886806937297;0.0017338194597804
-0.20803704188275737 -0.20698036204729858;0.0017226735987171
-0.20736728312143 -0.20631401573743074;0.0017115995133010
-0.20669968811103262 -0.20564982215512975;0.001700596740798
-0.20603424985395027 -0.2049877743384066;0.0016896648214629
-0.20537096137525382 -0.2043278653478712;0.0016788032985136
-0.20470981572264887 -0.203670088266633;0.0016680117181186
-0.20405080596639555 -0.20301443620024612;0.001657289629374
-0.2033939251992309 -0.20236090227662787;0.0016466365842892
-0.20273916653629676 -0.20170947964598315;0.0016360521377598
-0.20208652311506464 -0.2010601614807408;0.001625535847557
-0.20143598809527424 -0.20041294097546905;0.0016150872743053
-0.20078755465884265 -0.19976781134681793;0.0016047059814648
-0.2001412160098027 -0.1991247658334377;0.0015943915353127
-0.1994969653742281 -0.1984837976959003;0.001584143504924
-0.1988547960001586 -0.19784490021663587;0.0015739614621583
-0.1982147011575383 -0.19720806669986604;0.0015638449816329
-0.19757667413813307 -0.19657329047151953;0.0015537936407135
-0.19694070825546073 -0.19594056487917452;0.0015438070194922
-0.19630679684472177 -0.1953098832919832;0.0015338847007708
-0.19567493326273502 -0.19468123910059326;0.0015240262700434
-0.1950451108878602 -0.19405462571709034;0.0015142313154788
-0.19441732311992047 -0.19343003657491356;0.0015044994279030
-0.19379156338014092 -0.19280746512880398;0.0014948302007826
-0.19316782511108432 -0.19218690485471715;0.0014852232302074
-0.19254610177657377 -0.19156834924976565;0.0014756781148735
-0.19192638686161786 -0.19095179183214658;0.0014661944560664
-0.19130867387234393 -0.19033722614106913;0.0014567718576441
-0.19069295633594707 -0.18972464573668507;0.0014474099260210
-0.19007922780059422 -0.18911404420003433;0.0014381082701511
-0.1894674818353786 -0.1885054151329546;0.001428866501511
-0.18885771203023166 -0.18789875215803578;0.0014196842340855
-0.1882499119958749 -0.18729404891853565;0.0014105610843485
-0.18764407536372402 -0.18669129907831047;0.0014014966712490
-0.18704019578585374 -0.1860904963217694;0.0013924906161951
-0.18643826693491009 -0.18549163435378727;0.0013835425430371
-0.18583828250404877 -0.184894706899647;0.0013746520780523
-0.18524023620687377 -0.1842997077049673;0.001365818849929
-0.18464412177734954 -0.1837066305356364;0.0013570424897524
-0.18404993296976585 -0.1831154691777484;0.0013483226309861
-0.1834576635586421 -0.18252621743754005;0.0013396589094594
-0.1828673073386843 -0.18193886914132135;0.0013310509633511
-0.1822788581247105 -0.1813534181354062;0.0013224984331745
-0.18169230975156825 -0.18076985828605796;0.0013140009617619
-0.18110765607409948 -0.18018818347941418;0.0013055581942498
-0.18052489096705546 -0.17960838762142614;0.0012971697780645
-0.17994400832503665 -0.17903046463779862;0.0012888353629065
-0.1793650020624353 -0.17845440847391003;0.001280554600736
-0.17878786611335026 -0.177880213094767;0.0012723271457606
-0.17821259443154672 -0.17730787248492766;0.0012641526544152
-0.1776391809903777 -0.17673738064844863;0.0012560307853537
-0.1770676197827227 -0.17616873160880098;0.0012479611994312
-0.17649790482093022 -0.17560191940883216;0.001239943559690
-0.17593003013673933 -0.17503693811068632;0.001231977531349
-0.1753639897812354 -0.1744737817957515;0.0012240627817838
-0.1747997778247783 -0.17391244456458874;0.001216198980515
-0.17423738835693167 -0.1733529205368674;0.001208385799200
-0.17367681548641364 -0.17279520385131236;0.0012006229116084
-0.17311805334102878 -0.1722392886656436;0.001192909993617
-0.1725610960676002 -0.17168516915649956;0.0011852467231958
-0.1720059378319149 -0.17113283951938288;0.0011776327803872
-0.171452572818665 -0.17058229396860897;0.001170067847301
-0.17090099523137597 -0.1700335267372294;0.001162551608096
-0.17035119929234793 -0.16948653207697612;0.0011550837489708
-0.16980317924260627 -0.16894130425820558;0.0011476639581445
-0.16925692934181785 -0.16839783756983268;0.0011402919258497
-0.16871244386825754 -0.1678561263192688;0.0011329673443169
-0.16816971711871914 -0.16731616483236478;0.0011256899077613
-0.16762874340848452 -0.16677794745335647;0.0011184593123709
-0.16708951707123593 -0.16624146854479266;0.0011112752562933
-0.1665520324590159 -0.16570672248748372;0.0011041374396229
-0.1660162839421567 -0.16517370368043555;0.0010970455643888
-0.16548226590922044 -0.16464240654080115;0.0010899993345420
-0.16494997276694973 -0.1641128255038115;0.001082998455942
-0.16441939894019844 -0.16358495502271697;0.0010760426363491
-0.16389053887187452 -0.16305878956873884;0.0010691315854034
-0.16336338702288797 -0.16253432363099884;0.0010622650146213
-0.162837937872083 -0.1620115517164678;0.0010554426373789
-0.16231418591618482 -0.16149046834990255;0.001048664168901
-0.16179212566973827 -0.16097106807379316;0.0010419293262492
-0.16127175166505472 -0.1604533454482983;0.0010352378283098
-0.16075305845214805 -0.15993729505119852;0.0010285893957825
-0.16023604059868415 -0.15942291147782855;0.00102198375116
-0.1597206926899157 -0.15891018934102766;0.0010154206187578
-0.15920700932863155 -0.158399123271075;0.001008899724619
-0.1586949851350929 -0.1578897079156369;0.0010024207965902
-0.15818461474698267 -0.15738193793971417;0.0009959835642598
-0.15767589281934702 -0.15687580802557605;0.0009895877589636
-0.15716881402453806 -0.15637131287271488;0.0009832331137692
-0.15666337305215533 -0.15586844719778012;0.00097691936346
-0.15615956460899266 -0.15536720573453605;0.0009706462445531
-0.15565738341897956 -0.15486758323378522;0.0009644134952301
-0.15515682422313454 -0.15436957446333524;0.0009582208553842
-0.15465788177949358 -0.1538731742079252;0.0009520680665803
-0.1541605508630686 -0.153378377269182;0.0009459548720500
-0.15366482626578512 -0.15288517846556612;0.0009398810166810
-0.15317070279643294 -0.1523935726323057;0.0009338462470059
-0.15267817528060107 -0.1519035546213542;0.0009278503111921
-0.15218723856063243 -0.15141511930132434;0.0009218929590310
-0.15169788749556806 -0.15092826155744757;0.0009159739419277
-0.1512101169610912 -0.1504429762915108;0.0009100930128903
-0.15072392184946756 -0.1499592584217979;0.0009042499265198
-0.15023929706950265 -0.149477102883052;0.000898444438999
-0.14975623754647802 -0.14899650462640493;0.0008926763080856
-0.14927473822210868 -0.14851745861933813;0.000886945293095
-0.14879479405447277 -0.14803995984561794;0.0008812511548999
-0.1483164000179728 -0.14756400330524613;0.000875593655910
-0.14783955110328661 -0.14708958401441471;0.0008699725600713
-0.14736424231729156 -0.14661669700544433;0.0008643876328490
-0.1468904686830353 -0.14614533732673324;0.0008588386412224
-0.1464182252396706 -0.1456755000427032;0.000853325353672
-0.14594750704241022 -0.14520718023375878;0.0008478475401747
-0.14547830916246576 -0.14474037299622142;0.0008424049721856
-0.14501062668700376 -0.14427507344227827;0.0008369974226368
-0.14454445471909125 -0.1438112766999491;0.000831624665924
-0.14407978837764257 -0.14334897791301265;0.0008262864778974
-0.14361662279736764 -0.1428881722409648;0.0008209826358528
-0.14315495312872664 -0.14242885485896575;0.0008157129185218
-0.14269477453787033 -0.141971020957795;0.0008104771060629
-0.14223608220659217 -0.1415146657437899;0.0008052749800522
-0.14177887133228181 -0.14105978443880343;0.0008001063234740
-0.1413231371278641 -0.14060637228015319;0.0007949709207121
-0.140868874821763 -0.1401544245205659;0.000789868557540
-0.1404160796578393 -0.13970393642813372;0.0007847990211149
-0.1399647468953442 -0.13925490328625734;0.0007797620999626
-0.13951487180887256 -0.13880732039360377;0.0007747575839752
-0.13906644968830476 -0.13836118306404943;0.0007697852643985
-0.13861947583876796 -0.13791648662663947;0.0007648449338247
-0.1381739455805791 -0.13747322642552928;0.0007599363861832
-0.13772985424919704 -0.137031397819938;0.0007550594167318
-0.13728719719517082 -0.1365909961841049;0.0007502138220489
-0.13684596978409716 -0.1361520169072338;0.0007453994000240
-0.13640616739656858 -0.13571445539345114;0.0007406159498500
-0.13596778542812174 -0.13527830706175037;0.0007358632720146
-0.13553081928919092 -0.13484356734594694;0.0007311411682916
-0.1350952644050628 -0.13441023169463023;0.0007264494417330
-0.13466111621582613 -0.13397829557112156;0.0007217878966605
-0.13422837017631853 -0.13354775445341116;0.0007171563386577
-0.13379702175608413 -0.1331186038341266;0.0007125545745613
-0.13336706643932694 -0.1326908392204728;0.0007079824124536
-0.13293849972485525 -0.13226445613419;0.0007034396616542
-0.132511317126047 -0.13183945011151021;0.000698926132712
-0.13208551417079012 -0.1314158167031092;0.0006944416373977
-0.131661086401444 -0.130993551474051;0.0006899859886948
-0.13123802937478513 -0.1305726500037519;0.0006855590007933
-0.13081633866196848 -0.13015310788592785;0.0006811604890807
-0.13039600984847197 -0.12973492072854803;0.0006767902701347
-0.12997703853405776 -0.12931808415378834;0.0006724481617158
-0.1295594203327246 -0.12890259379798932;0.0006681339827592
-0.12914315087265607 -0.12848844531161266;0.0006638475533674
-0.12872822579617543 -0.12807563435917677;0.0006595886948028
-0.12831464075970847 -0.12766415661923866;0.000655357229479
-0.1279023914337291 -0.12725400778432805;0.0006511529809584
-0.127491473502715 -0.12684518356090602;0.0006469757739352
-0.12708188266510564 -0.12643767966932828;0.0006428254342373
-0.1266736146332527 -0.126031491843789;0.0006387017888149
-0.1262666651333821 -0.12562661583228618;0.0006346046657334
-0.12586102990553452 -0.1252230473965633;0.0006305338941668
-0.125456704703534 -0.12482078231207991;0.0006264893043904
-0.12505368529494298 -0.12441981636795708;0.0006224707277736
-0.12465196746101245 -0.12402014536693674;0.000618477996772
-0.12425154699663496 -0.12362176512533528;0.0006145109449245
-0.12385241971030742 -0.12322467147300674;0.0006105694068384
-0.12345458142408137 -0.12282886025328368;0.0006066532181903
-0.12305802797352652 -0.12243432732295159;0.0006027622157155
-0.12266275520767439 -0.12204106855219048;0.0005988962372013
-0.12226875898898577 -0.12164907982453958;0.0005950551214813
-0.121876035193305 -0.12125835703685467;0.000591238708427
-0.12148457970981223 -0.12086889609925779;0.0005874468389444
-0.12109438844098562 -0.12048069293510205;0.0005836793549621
-0.12070545730255094 -0.12009374348091993;0.0005799360994294
-0.1203177822234471 -0.11970804368639319;0.000576216916307
-0.11993135914577842 -0.1193235895142968;0.0005725216505645
-0.11954618402477019 -0.11894037694046505;0.0005688501481660
-0.1191622528287342 -0.11855840195374599;0.0005652022560719
-0.11877956153901377 -0.11817766055595934;0.0005615778222280
-0.11839810614995315 -0.11779814876185456;0.0005579766955605
-0.11801788266885054 -0.11741986259907038;0.000554398725969
-0.11763888711591233 -0.11704279810809132;0.0005508437643220
-0.11726111552421731 -0.11666695134220426;0.0005473116624474
-0.11688456393967486 -0.11629231836746316;0.0005438022731292
-0.11650922842097929 -0.11591889526264115;0.0005403154501003
-0.11613510503956737 -0.11554667811919155;0.0005368510480363
-0.11576218987958586 -0.1151756630412081;0.0005334089225496
-0.11539047903783788 -0.11480584614538089;0.000529988930183
-0.1150199686237543 -0.11443722356096098;0.000526590928404
-0.11465065475934018 -0.11406979142971253;0.0005232147756011
-0.11428253357914751 -0.11370354590587838;0.000519860331070
-0.11391560123022423 -0.11333848315613572;0.0005165274550206
-0.11354985387207447 -0.11297459935955576;0.0005132160085574
-0.11318528767662472 -0.11261189070756693;0.0005099258536836
-0.11282189882817813 -0.11225035340391148;0.0005066568532912
-0.11245968352337542 -0.11188998366460726;0.000503408871155
-0.11209863797115578 -0.11153077771790873;0.000500181771931
-0.11173875839271713 -0.11117273180426435;0.0004969754211430
-0.11138004102147434 -0.11081584217627827;0.0004937896851845
-0.11102248210302083 -0.11046010509867293;0.000490624431309
-0.11066607789509017 -0.11010551684824715;0.0004874795276269
-0.11031082466751625 -0.10975207371383637;0.000484354843097
-0.10995671870219295 -0.10939977199627895;0.00048125024752379
-0.10960375629303568 -0.10904860800837202;0.0004781656115504
-0.10925193374594294 -0.10869857807483173;0.0004751008066540
-0.10890124737875465 -0.10834967853226112;0.0004720557051400
-0.10855169352121892 -0.1080019057291051;0.00046903018013678
-0.10820326851494912 -0.10765525602561458;0.0004660241055904
-0.10785596871338601 -0.1073097257938112;0.00046303735625944
-0.10750979048176075 -0.10696531141744098;0.00046006980770960
-0.1071647301970544 -0.10662200929194426;0.00045712133630858
-0.10682078424796287 -0.10627981582441687;0.00045419181922090
-0.10647794903485786 -0.10593872743356812;0.00045128113440274
-0.10613622096974572 -0.1055987405496864;0.00044838916059684
-0.10579559647623839 -0.10525985161460172;0.00044551577732744
-0.10545607198950305 -0.10492205708164304;0.0004426608648952
-0.10511764395623492 -0.10458535341561054;0.0004398243043722
-0.10478030883461824 -0.10424973709273147;0.00043700597759722
-0.10444406309428385 -0.10391520460062571;0.00043420576717016
-0.10410890321627876 -0.10358175243826685;0.0004314235564478
-0.1037748256930244 -0.10324937711594546;0.0004286592295386
-0.10344182702828156 -0.1029180751552347;0.0004259126712980
-0.10310990373711458 -0.10258784308895434;0.0004231837673233
-0.1027790523458497 -0.10225867746112814;0.00042047240394915
-0.10244926939204788 -0.1019305748269591;0.00041777846824281
-0.10212055142446105 -0.10160353175277932;0.00041510184799929
-0.10179289500299646 -0.10127754481602383;0.000412442431736
-0.10146629669868283 -0.1009526106051916;0.0004098001086916
-0.10114075309363264 -0.10062872571980892;0.00040717476881436
-0.1008162607810097 -0.10030588677039644;0.00040456630276457
-0.10049281636498743 -0.09998409037842726;0.0004019746019064
-0.1001704164607177 -0.09966333317629848;0.0003993995583042
-0.09984905769429385 -0.09934361180729304;0.0003968410647178
-0.09952873670271488 -0.09902492292554452;0.00039429901459826
-0.09920945013385167 -0.09870726319600198;0.00039177330208305
-0.09889119464640997 -0.09839062929439404;0.00038926382199201
-0.0985739669098946 -0.09807501790719445;0.0003867704698227
-0.09825776360457837 -0.09776042573158913;0.0003842931417462
-0.09794258142146302 -0.09744684947543658;0.00038183173460272
-0.09762841706224741 -0.09713428585724158;0.0003793861458969
-0.09731526723928854 -0.09682273160611264;0.00037695627379445
-0.09700312867557569 -0.096512183461732;0.00037454201711674
-0.09669199810468604 -0.09620263817432047;0.00037214327533746
-0.09638187227075497 -0.09589409250460001;0.0003697599485780
-0.09607274792844224 -0.09558654322376611;0.000367391937603
-0.09576462184289825 -0.09527998711344952;0.0003650391438180
-0.095457490789727 -0.09497442096568191;0.00036270146926192
-0.09515135155495694 -0.09466984158286515;0.0003603788166059
-0.09484620093500325 -0.09436624577773839;0.000358071089148
-0.09454203573663478 -0.0940636303733377;0.00035577819081077
-0.09423885277694159 -0.0937619922029706;0.0003535000261333
-0.09393664888330124 -0.09346132811017936;0.00035123650027183
-0.09363542089334825 -0.09316163494870815;0.0003489875189929
-0.09333516565493323 -0.09286290958246858;0.00034675298867062
-0.09303588002609693 -0.09256514888551054;0.0003445328162821
-0.09273756087503723 -0.09226834974198553;0.00034232690940418
-0.09244020508007007 -0.09197250904611673;0.00034013517620891
-0.09214380952960366 -0.09167762370216163;0.0003379575254602
-0.09184837112210009 -0.09138369062438731;0.00033579386650992
-0.09155388676604888 -0.09109070673703303;0.0003336441092938
-0.09126035337992658 -0.0907986689742751;0.0003315081643282
-0.09096776789217234 -0.09050757428020217;0.0003293859427059
-0.0906761272411515 -0.09021741960877859;0.00032727735609247
-0.0903854283751238 -0.08992820192381074;0.0003251823167227
-0.09009566825221134 -0.08963991819892159;0.0003231007373970
-0.08980684384036879 -0.08935256541751033;0.0003210325314776
-0.08951895211734598 -0.08906614057272769;0.000318977612884
-0.08923199007066547 -0.08878064066744222;0.00031693589609396
-0.08894595469758082 -0.08849606271420747;0.0003149072961308
-0.08866084300505048 -0.08821240373523202;0.0003128917285691
-0.08837665200970735 -0.08792966076234693;0.00031088910952657
-0.08809337873782601 -0.08764783083697847;0.00030889935566114
-0.08781102022528905 -0.08736691101011071;0.00030692238416789
-0.08752957351756023 -0.08708689834226087;0.0003049581127754
-0.0872490356696494 -0.086807789903443;0.00030300645974236
-0.08696940374608476 -0.08652958277314145;0.00030106734385404
-0.08669067482088047 -0.08625227404027762;0.00029914068441903
-0.08641284597750712 -0.08597586080318186;0.00029722640126582
-0.08613591430885907 -0.08570034016955985;0.0002953244147394
-0.08585987691722567 -0.08542570925646456;0.00029343464569805
-0.08558473091426112 -0.08515196519026558;0.0002915570155098
-0.08531047342095277 -0.08487910510661957;0.00028969144604957
-0.085037101567591 -0.08460712615043739;0.0002878378596953
-0.08476461249374045 -0.08433602547585825;0.00028599617932522
-0.08449300334820926 -0.08406580024621575;0.0002841663283144
-0.08422227128901899 -0.08379644763401166;0.00028234823053165
-0.08395241348337486 -0.08352796482088415;0.0002805418103361
-0.08368342710763631 -0.0832603489975779;0.00027874699257448
-0.0834153093472869 -0.08299359736391713;0.00027696370257741
-0.08314805739690591 -0.08272770712877393;0.00027519186615676
-0.08288166846013655 -0.0824626755100386;0.000273431409602
-0.0826161397496582 -0.08219849973459316;0.00027168225967878
-0.08235146848715799 -0.08193517703827997;0.00026994434362261
-0.08208765190330103 -0.08167270466587256;0.0002682175891390
-0.08182468723770028 -0.08141107987104905;0.0002665019243992
-0.0815625717388892 -0.08115029991636041;0.00026479727803689
-0.08130130266429092 -0.08089036207320319;0.00026310357914554
-0.08104087728019081 -0.08063126362179178;0.0002614207572755
-0.08078129286170843 -0.08037300185112824;0.0002597487424312
-0.08052254669276769 -0.08011557405897492;0.00025808746506767
-0.08026463606606782 -0.07985897755182533;0.00025643685608806
-0.08000755828305789 -0.0796032096448769;0.00025479684684075
-0.07975131065390574 -0.07934826766200175;0.00025316736911632
-0.07949589049746952 -0.07909414893571869;0.000251548355144
-0.07924129514127295 -0.07884085080716784;0.0002499397375928
-0.07898752192147253 -0.07858837062607767;0.0002483414495607
-0.07873456818283311 -0.07833670575074149;0.00024675342457987
-0.07848243127869847 -0.07808585354798793;0.0002451755966098
-0.07823110857096519 -0.077835811393154;0.0002436079000355
-0.0779805974300529 -0.07758657667005747;0.00024205026966476
-0.07773089523487817 -0.07733814677096955;0.00024050264072508
-0.07748199937282607 -0.07709051909658649;0.0002389649488614
-0.07723390723972375 -0.07684369105600307;0.00023743713013330
-0.07698661623981197 -0.07659766006668604;0.00023591912101206
-0.07674012378571904 -0.07635242355444576;0.0002344108583783
-0.07649442729843267 -0.07610797895340957;0.0002329122795193
-0.07624952420727356 -0.07586432370599759;0.00023142332212636
PointOptimal;ValeurOptimale
[-0.07624952 -0.07586432];0.00023142332212636348
Temps;Nb iteration
0.05543041229248047;1000