Point;Valeur
-13.59390218186089 -1.5368946067277784;184.01518709148
-13.588019550341794 -1.4915309164433632;182.73436594314
-13.567800983940549 -1.3960758802688338;179.95032765424
-13.534510531922907 -1.2547508207513172;175.72201432466
-13.489143790120702 -1.070776285847345;170.04507606673
-13.432425574872596 -0.8463568623688442;162.84272178529
-13.364783377135215 -0.5825701914157041;153.94091012484
-13.286277607801212 -0.2790852283868757;143.01317453621
-13.196438706839826 0.06648716525399828;129.4527038448
-13.093853941597127 0.46023029603229015;112.0246800791
-12.974811901236821 0.9172649303041767;87.56217116445
-12.82417874148376 1.4975780336635984;38.371112085769
-12.730041449899096 1.8566722611991975;48.62078845947
-12.679536055909892 2.044623047372846;66.12647020406
-12.666772906868937 2.084448292125288;69.30703532216
-12.690550528800136 1.9809968776668931;60.89530045920
-12.760344775330081 1.6975699706197376;26.353632917994
-12.764928515430357 1.669609022953644;20.071357253784
-12.982839530296866 0.8084253762761402;93.68429152537
-13.156514123280518 0.11879838825968392;127.00165022040
-13.293382379147198 -0.4285500189403527;148.2115479933
-13.398892954069444 -0.8550039055052672;162.83163109463
-13.477338394182787 -1.1773354103465647;173.05852644287
-13.53221872340983 -1.409157377231872;180.04551114924
-13.566439648281104 -1.5617176735818246;184.4862138910
-13.582435705764963 -1.6443934358165873;186.83033800317
-13.582253260949729 -1.6650241781834398;187.38043053159
-13.567609018606143 -1.630146334191027;186.34043928771
-13.539931675875007 -1.5451598063314311;183.84120184227
-13.500390334480286 -1.4144410912503318;179.95294306127
-13.44991072447953 -1.2414072744951583;174.68867911619
-13.38917786713643 -1.0285254824614407;167.9989572547
-13.318620262856774 -0.7772482270161388;159.75496568426
-13.23836357195069 -0.4878266962978183;149.7110192832
-13.148124015807367 -0.15888343640084968;137.42198628877
-13.046957509085908 0.21358959238319897;122.04036302868
-12.932561686540959 0.6390099931686417;101.69060263979
-12.798363981900467 1.1437628138553715;70.32865165063
-12.468661277830648 2.4231816834608906;93.21838505039
-12.192091769469869 3.4925195050135365;141.65696205730
-11.959679496580634 4.386660168633237;171.95914524220
-11.764868824068062 5.131154570758567;193.59019804075
-11.602456888725598 5.746350994682623;209.7821070544
-11.468157963602156 6.249069638009507;222.13814200712
-11.358371468552969 6.653490406985339;231.6029699742
-11.270037237098247 6.971705498636226;238.79226619366
-11.200535621701366 7.214100563437501;244.13452749023
-11.147613791061367 7.38963611645065;247.94177247347
-11.109328849189893 7.506065049781256;250.44857400946
-11.08400256293323 7.570106110616386;251.83528249429
-11.070184555091165 7.58758527572587;252.2426469851
-11.06662194326889 7.563552666507707;251.78142413534
-11.07223405912119 7.502380158754732;250.53889417272
-11.086091289393286 7.407843298479178;248.58336739161
-11.107397348944382 7.283190117729302;245.96731721720
-11.135474485348272 7.131198727603972;242.72952067945
-11.169751258678543 6.954225019739697;238.89643097063
-11.209752660562003 6.7542413484883275;234.4829017086
-11.255092450409077 6.532866628762655;229.49230096990
-11.305467710578249 6.291387804077361;223.9159756613
-11.360655777608589 6.0307720308753545;217.73193453918
-11.420513927565139 5.751668053966421;210.90248528469
-11.484982541089497 5.454393870521704;203.37034227226
-11.55409306800016 5.138905417273265;195.0523259491
-11.627983207507194 4.804736647535732;185.8290004083
-11.706923907290795 4.4508926350776;175.52695389992
-11.791367562735388 4.0756582445996665;163.88660362597
-11.882038494438866 3.6762380960388454;150.49837740866
-11.980120171656436 3.248009742597191;134.65920662687
-12.087713113603696 2.7826925699808576;114.98019544909
-12.209364165469607 2.262215854141247;87.85888097422
-12.364023818228395 1.610614070640268;28.645873006273
-12.467377915286207 1.1677675134413192;62.20084344119
-12.531324814454115 0.8851803846782651;82.79974356181
-12.562400001216085 0.7362266035955282;91.78140497919
-12.564619735047401 0.7046015544364229;93.51870136333
-12.540122715605895 0.7817074616961158;88.95454805362
-12.488727480153033 0.9684537143739538;76.91633194593
-12.404270434175352 1.2901559237363749;49.874150658607
-12.432898993869747 1.1555922917590746;62.48851730281
-12.423680588877946 1.175010984773506;60.72575317666
-12.373432413173667 1.3615429762910383;41.19111468075
-12.61157713202842 0.38311638441650353;109.9079792954
-12.805941580663195 -0.41919754426685896;143.52436396545
-12.963442205894157 -1.0736838479034687;165.98722497335
-13.089328623436828 -1.6017288267897212;182.10324332634
-13.187828924195038 -2.0204868623337164;193.93069674031
-13.262449588610727 -2.3441260525362373;202.59253522455
-13.316146055457217 -2.584538866926953;208.78507940694
-13.351432893619792 -2.7518017903691807;212.97504136153
-13.370461166126905 -2.8544980523197467;215.49113359169
-13.375075850053541 -2.899956857761452;216.57204754935
-13.366860010539304 -2.8944370437569242;216.39370440086
-13.347169506776217 -2.8432709680579276;215.085565534
-13.31716046997603 -2.7509780325310067;212.7406153475
-13.277810890271693 -2.621353471115146;209.42131866194
-13.229937039405756 -2.4575354764538457;205.16269246513
-13.17420495175217 -2.26205162526181;199.9729430654
-13.111136645388575 -2.036843298701202;193.83158453516
-13.041110015209227 -1.7832636642676998;186.68434672851
-12.964350064544224 -1.5020395162200888;178.43320966961
-12.880906679922878 -1.1931770414851373;168.91796237316
-12.790608752009543 -0.8557691684837185;157.88118894706
-12.692970954076442 -0.4876062658510815;144.89657395088
-12.586989674832562 -0.08432725896022036;129.20211963731
-12.470614424742015 0.3627720764876051;109.22132536014
-12.338810265224675 0.8747476503324007;80.5041148190
-12.160985575689706 1.5779459646242322;31.4938615869
-12.03018070939367 2.08932451817509;80.14969960642
-11.936208239770652 2.4501757059861133;101.28362204386
-11.872831172213575 2.685789671229534;112.98546991254
-11.835706669389184 2.8138162118222527;118.88705303766
-11.821700053099045 2.8470406333292835;120.41401060956
-11.828614964053155 2.7944685828083387;118.14141102915
-11.855142758980326 2.6615209487646903;112.0933858199
-11.901060235516198 2.4492169064516762;101.64895496708
-11.968056817106367 2.150780038584431;84.7802963522
-12.0639891242923 1.7341698833325168;52.819460656681
-12.076959860717468 1.6613507945897898;45.05644432609
-12.154227912840836 1.3246506052050053;39.08584265271
-12.18728112302114 1.1710111223073152;56.08318651401
-12.180582582996344 1.182010478689851;54.9449741541
-12.129416956289296 1.3773788047730555;30.656037880279
-12.163944972219218 1.2199512142645372;50.97891161054
-12.156436822910713 1.2365484618958336;49.137865165251
-12.098487918508082 1.462234465844768;3.893494786328
-12.099243132488915 1.4458390798532954;13.466349971199
-11.966315758532266 1.9835539366195682;74.29124643750
-11.871023532363271 2.3649189500065573;97.77897583169
-11.806747954878585 2.6171374766200612;110.61393105137
-11.768963226353653 2.758883793599588;117.226854775
-11.754428389030455 2.8036027167474984;119.26253785674
-11.760875169207363 2.760778416531279;117.38866860353
-11.786936415344627 2.636219318811734;111.68257364522
-11.832325187502306 2.431315423322335;101.57009477233
-11.898619552023984 2.1398021041650135;85.10897571996
-11.99323154342145 1.731376409837106;54.14944194704
-11.99723593289861 1.6998907833829167;51.064470896054
-12.050643715981533 1.4641324393303718;10.953163769720
-12.045272816186136 1.4728893512129138;14.853988735933
-12.177330407986336 0.912705909335409;75.53123293115
-12.271369490843172 0.5095998913971116;99.83579902999
-12.333976303895625 0.23609751287917324;113.38877549066
-12.36972388133703 0.07320218355170172;120.72574798582
-12.381970185624567 0.007043567795290917;123.55876572854
-12.373178609681489 0.02752698626889375;122.63810707716
-12.345027957301713 0.1278676533203938;118.18137423498
-12.298348571637797 0.3048565268412664;109.91553323563
-12.232745331525365 0.5604410191783173;96.76733064630
-12.145115524569137 0.9079333095908384;75.32782548441
-12.017732376046904 1.421793447850125;15.008661827783
-11.939369106581639 1.7320129908020727;55.38433243122
-11.900272335727683 1.878931217585496;68.04593863411
-11.896046628648692 1.8807868336126572;68.25586981180
-11.927026125715885 1.736296922555443;56.03332211615
-12.011154381141777 1.3710943870094492;26.775280888587
-12.048470298861277 1.2013678399654908;50.04932892908
-12.043894700564366 1.2066167358895576;49.41044397770
-11.990472441789755 1.4161671528853723;14.69884913054
-11.999786501618123 1.3645596745420179;27.477070961423
-11.939661097197732 1.60346125795183;42.19832343378
-11.923563001417012 1.6586234948471927;48.6926316857
-11.953488767973734 1.5218522854850858;30.514345630549
-11.852204722595697 1.9342100734141119;72.78269630564
-11.786597334100934 2.196826275959359;89.88373873920
-11.751022839220004 2.333200665314774;97.60517787323
-11.741883353154227 2.358401774841697;98.99638266175
-11.75714942040429 2.281033745428192;94.81884366346
-11.796607980484703 2.1021946692652085;84.31476737219
-11.863814557374386 1.8073441132058974;63.251790422541
-11.991546575539447 1.2600811247763617;42.197014459991
-12.076111445968268 0.8932029141116435;75.19534208720
-12.1258761997752 0.6715197194513717;89.39961277858
-12.145890087661579 0.5738805333527817;94.9606987789
-12.139264171121697 0.5873575205451378;94.16276641635
-12.107372632025044 0.70639216931212;87.16994355232
-12.048928060749944 0.9366898808636641;71.78933999368
-11.95290918653624 1.324977837811586;32.22861824450
-11.913784325934133 1.475277318543434;23.661208161802
-11.932340598785093 1.384308404495103;19.893708216352
-11.8810784507573 1.5869208465718398;41.89011301423
-11.874536268739801 1.6020674004063178;43.83897863798
-11.920879932812534 1.3957193872291538;15.942272730673
-11.910964666443967 1.4258518354801144;8.4695786439
-12.02745345239815 0.9264290832501891;72.142898047
-12.106720241114918 0.5824643885851348;94.00310598541
-12.155075292848892 0.36737769836473433;105.38192543826
-12.176792358836018 0.26325637244870215;110.4521237617
-12.174844560417197 0.2577324121757669;110.68050266448
-12.151130093113935 0.3430204520941139;106.48649020496
-12.106356346701306 0.5164055638402767;97.44965670187
-12.03925451020137 0.7835677536301265;81.6211730550
-11.942265677188132 1.176815871531181;49.95550415244
-11.924040428057113 1.2395905367186448;42.708450350209
-11.839752741403565 1.5812305391302606;42.377940649894
-11.797952015396795 1.74404520895429;59.358395037593
-11.79380206061226 1.7483487571364118;59.80180596902
-11.829273365883108 1.5860105383604222;43.22633072573
-11.988083641864012 0.9053467443662843;72.9441394666
-12.106993471574446 0.3919419253958726;103.64785140608
-12.1932251987177 0.015166481773042029;121.33066753899
-12.251789579554872 -0.2461532299389424;132.20484307415
-12.28645921354491 -0.4078848541691984;138.4950875911
-12.300168769847279 -0.48230336766031334;141.27613918657
-12.29521205129857 -0.47893734612784306;141.11369384341
-12.273340158057414 -0.4049915698655189;138.2739668940
-12.235790536317989 -0.26547295303892915;132.78600705396
-12.183237751887498 -0.0629808658692027;124.41209273014
-12.11559892381774 0.2031238207286602;112.4824183020
-12.031429102734068 0.5392975825492694;95.32274238139
-11.92539440022988 0.9685664417414139;67.36788973337
-11.72422257483949 1.8020683418521242;65.40029752361
-11.56614225768713 2.4530143587309268;105.62143264178
-11.442819210168555 2.9562616502336905;128.34527154114
-11.34860959371836 3.3354685234500754;143.1064323352
-11.279273537614182 3.608467497985961;152.86067079139
-11.231476533458757 3.789337349078364;159.0052925304
-11.202539917664605 3.889435847262764;162.32243298889
-11.190296929242212 3.9179937504197255;163.2836487422
-11.193003817902932 3.8824807607157568;162.17380644690
-11.209285734456477 3.7888276099765177;159.14558220542
-11.238110229655124 3.6415337484843375;154.23892010079
-11.278789993439188 3.443653259974324;147.37432368228
-11.331027942922637 3.196603339187446;138.3130353968
-11.395043734554797 2.8996299780344255;126.55089211487
-11.471904112154863 2.548412713726029;111.02673974794
-11.564564250650646 2.1306588998080467;89.08120782754
-11.68373567912184 1.601211347482372;48.608457342805
-11.74353315110956 1.3261416430125117;23.031358443310
-11.754377863033975 1.2608613203325716;34.77278354722
-11.708730083183871 1.4377393259759592;25.861956108277
-11.716353290827678 1.3883320198610114;12.508230543426
-11.587634800626459 1.9225768509757994;76.16336798423
-11.495117308086899 2.3019093564889994;99.03677388010
-11.432496949652228 2.5530332145572157;111.63929303305
-11.395433915516676 2.6943970773180874;118.15953978732
-11.38080470832314 2.7393447928662877;120.1852536893
-11.3864085238262 2.697346136088747;118.3710837794
-11.410895133714993 2.5742929184934766;112.80629134741
-11.453918956262745 2.3718381881745856;102.96674138107
-11.5168184081951 2.084503451105405;87.085966310
-11.605861125927985 1.6858496524866378;58.2302774708
-11.559009469826307 1.8708399251449968;73.14102519833
-11.544647559904622 1.9167233423069512;76.43105152344
-11.560955350997936 1.8313478906272314;70.35699170865
-11.611366437482323 1.6002268456452784;50.21457381908
-11.779313273537484 0.8667609362941907;72.18158430719
-11.907068120010754 0.3049254745433263;105.51111955704
-12.00197721026437 -0.11702232875402796;124.81973524898
-12.069130723594657 -0.42100541142878045;137.0478629069
-12.112382156114007 -0.623549916471445;144.61185421009
-12.134762616765764 -0.7375908472194003;148.68591922518
-12.138689147600024 -0.7733830624184119;149.91671052230
-12.12607953161549 -0.739004462387139;148.66252392429
-12.098411882942873 -0.6406175986090884;145.08418756830
-12.056738768175633 -0.4825321782293557;139.16731278510
-12.001644583864222 -0.2670195886374501;130.68808124406
-11.93309731345444 0.006332710546508247;119.08466616256
-11.85002286975577 0.34247197068550755;103.06016410558
-11.748782011557848 0.7574868732864455;78.93845551974
-11.610288037509696 1.3343085216121326;11.711983149630
-11.518620087877359 1.7100868823598803;61.92647718009
-11.463669474469231 1.9280078190893728;78.36325767115
-11.439969689930429 2.011461173803274;83.84351807100
-11.444685009945035 1.9726429588764542;81.42911439273
-11.477771146989413 1.8118433757613628;70.33199258341
-11.546403737780208 1.498386880292439;40.6593427319
-11.542557714681575 1.4990536187960355;40.85012073071
-11.595395900705638 1.2558031038767785;29.803360201282
-11.600989233240464 1.2171740985781043;35.88457737411
-11.548660992529983 1.4296209902043469;30.984064717502
-11.544370509700416 1.4348230694839228;31.96824715
-11.61088877738911 1.1346818133375702;46.21627865709
-11.636873827631538 1.0097899479767956;58.700129424292
-11.625631098967313 1.0459389233831609;55.29862792343
-11.570987852792447 1.2701828316109822;26.2253965007
-11.58346257662552 1.2045398041046562;37.05989603055
-11.542459263066316 1.3707533164748673;19.62910810170
-11.558081621613054 1.2921470251386507;20.93100158177
-11.504277608913085 1.5147013288964981;43.74344268588
-11.492586733045341 1.5547270381278269;48.38139565396
-11.52619734860976 1.3986068801268354;26.48687449253
-11.47212466417389 1.6230512746516883;55.41822578816
-11.455733375274834 1.683834637481409;60.9650590402
-11.476063017039493 1.5852527453521805;51.80786071517
-11.548874886482597 1.259425389673971;27.28080036680
-11.575944326525134 1.1318130833050521;45.645989247972
-11.55946755708913 1.1930269156117073;37.85551888562
-11.46572906912901 1.5899657843377901;52.48715994408
-11.410568126887789 1.818988860139408;71.91530249717
-11.388013621897969 1.905941308113927;78.05699421994
-11.395270176888822 1.863037095718117;75.14818402645
-11.433184042132071 1.6868271689370733;61.63009244795
-11.51635522184138 1.3144080241524163;10.903851170070
-11.551744696535009 1.1495375638962173;43.014411786591
-11.543426906104116 1.1745891848454484;39.754314791823
-11.472953217972078 1.4702036747246887;39.24700187357
-11.444956729962717 1.5810525978079473;52.08961181387
-11.457290240694435 1.5165360553253637;45.16333354212
-11.528707448946443 1.1955518564909111;36.561025258718
-11.557052869503645 1.0616909142214594;52.357121524396
-11.545584791604567 1.1008888972556492;48.19391416132
-11.483095073038186 1.362332542451288;20.923637202391
-11.469961523440228 1.4090636402663088;30.586494913240
-11.51999858993164 1.1812526315590748;38.205649519937
-11.52590274612987 1.1454382814297224;42.7968040793
-11.481527042981769 1.3286981747528888;10.234180400256
-11.495563870442155 1.257812274408647;25.247397570769
-11.444107801428745 1.4725231976704047;40.36876723558
-11.436055395555831 1.497970069142609;43.61899781198
-11.478229878605989 1.3046873352060246;11.333031392708
-11.463380888946118 1.3600484070772103;21.452309295438
-11.523197438120768 1.0903804940461135;48.745130182054
-11.543330364756974 0.9932751621390016;58.257136314480
-11.525957570593649 1.059399078109875;51.88797890690
-11.459835053472434 1.3382471297859246;15.816160063849
-11.443557812707434 1.3996436705669069;30.030017604656
-11.488455405453113 1.1944366827154709;35.42807324349
-11.487457735791116 1.1893602197024284;36.10595832576
-11.423922788733273 1.457492141611829;39.0567830464
-11.403126332018827 1.53880172576519;48.849348844490
-11.425160825734986 1.433027616414589;35.74723601699
-11.578996070881356 0.752785870648218;76.69340269393
-11.694720794553552 0.2377139621121862;106.31609972166
-11.779114776712772 -0.1419503824008328;123.68774835769
-11.836937580697263 -0.4070164907610806;134.4857410186
-11.871798781595379 -0.5731879436103416;140.82297952549
-11.88652389653021 -0.652686827634568;143.7401695422
-11.883338352608037 -0.6550726982087609;143.79678726500
-11.86396285020916 -0.5876679652108747;141.27033378904
-11.829648732669623 -0.455716219450956;136.22116396207
-11.781150220873887 -0.2622597774721665;128.4784974236
-11.718589961920761 -0.007544181569405672;117.52453411775
-11.641055042070407 0.3127689032396514;102.11306679760
-11.545147561609628 0.7139990394972662;78.68598488528
-11.413195073013753 1.274320715194184;16.833615460181
-11.32778024319816 1.6311759700476922;59.00394805339
-11.278975096695454 1.8277587560448296;74.55177040713
-11.26163422572619 1.8865007454015894;78.64191692805
-11.273577462350678 1.816980223340766;73.90757560424
-11.316701098974708 1.611042807934168;57.49060347946
-11.416108104825758 1.1589858041150753;37.99961072898
-11.47400053371937 0.889475981698983;65.36387165824
-11.497525756343327 0.7709947971826075;74.24005107397
-11.49011240093435 0.7885306186681527;72.93240322006
-11.451477263501198 0.9435486046713365;60.66224436686
-11.368606494137943 1.2937837358761957;3.662795121466
-11.334168815295806 1.4313642335998134;38.31874682418
-11.346520979774644 1.3635211366647;27.59711131034
-11.555046893995685 0.4347042368464241;94.9095360727
-11.722967204984537 -0.316784950143446;130.0581674968
-11.8570535840892 -0.9209946491483304;152.5601008188
-11.962288123484806 -1.3999485699305745;168.27276375602
-12.042612670798604 -1.7709986490493237;179.49866571129
-12.101256374747196 -2.0482979516132023;187.44304995761
-12.14091419370694 -2.2436061008977646;192.83282155
-12.163858406386842 -2.3667932631549515;196.14373770757
-12.172014666382239 -2.4261839500989084;197.70235552820
-12.167016828764357 -2.4288046033590973;197.73781995058
-12.150247691070641 -2.380567189238728;196.41020833298
-12.122869445089504 -2.286405996412036;193.82643069478
-12.085845800959104 -2.150376557105939;190.04857339326
-12.039956502357342 -1.9757199964268986;185.09674927544
-11.985803796175448 -1.764890892596281;178.9468213218
-11.923808877579132 -1.5195397729236049;171.52177318414
-11.854193592574202 -1.2404290454536426;162.67302551249
-11.776936780912322 -0.9272346706140291;152.14262171055
-11.691679719478204 -0.5781189624604213;139.48278032978
-11.59750971338782 -0.1887565757705526;123.86180228932
-11.49237021464236 0.25031197034141345;103.47669254274
-11.37067660801829 0.7643433621162565;72.71718007548
-11.157969024807745 1.6854291056112458;66.37620716796
-10.987864030412288 2.417561397143018;110.02032530946
-10.852194948754128 2.99651429724333;134.87189522724
-10.745400105223517 3.4466905747495344;151.40277561094
-10.66326459659773 3.7866364720609242;162.78207162526
-10.602438805098014 4.031140175248741;170.50596834963
-10.560196714547937 4.192280409529368;175.42233044621
-10.534293864946601 4.280040752240046;178.0594717846
-10.522875538464 4.302705882306292;178.76195691760
-10.524414340208228 4.267130602379925;177.75500167730
-10.537667511567296 4.17892355455802;175.1766982067
-10.56164966715939 4.0425641545154765;171.09272055765
-10.595620074139056 3.861456264747859;165.49869372093
-10.639087048623932 3.6379069095656806;158.31006035681
-10.691837662615905 3.372993441032232;149.33339007521
-10.754013627632926 3.0662262135993097;138.2008150293
-10.826290338776586 2.7147528923871334;124.21242013623
-10.910349565027163 2.3112547311764606;105.88154820462
-11.010589217922949 1.836319722058638;79.00307854166
-11.151878738035462 1.1789797639302992;25.440681170002
-11.250211737379548 0.7154070566992675;74.19239054135
-11.314832887088688 0.40371074484364095;93.63706022021
-11.351271228409898 0.2188717400312084;103.43700351481
-11.36324814947114 0.14411443863314194;107.11730405401
-11.353259509493537 0.1682639536271949;105.87670188790
-11.322689057182833 0.28522746463744597;99.85336962980
-11.271468441258495 0.4955335811253817;88.04262023346
-11.196317540482372 0.8143022587744911;66.28963708590
-11.070056597973068 1.3647096016377827;37.326658387602
-10.98476624780201 1.730909132926763;72.41552684154
-10.932271833416797 1.9494205297207017;86.85832129192
-10.907763855208092 2.0417800441802623;92.31221523259
-10.908400190435614 2.020782461786252;91.16008589652
-10.933157946748645 1.8911265114672207;83.42318442068
-10.984052183810459 1.6439276986540887;66.14860940117
-11.077756862249382 1.2043951801209345;15.101102571815
-11.127191159407381 0.9652767995743877;52.247947859202
-11.139427197510967 0.8945317074196364;58.861770266256
-11.115542343940556 0.9874238861320541;49.82369700357
-11.038918477621214 1.3195655457951732;31.789050931222
-11.004902576714361 1.4593119132656116;49.833046329810
-11.010248793375279 1.4213175968157397;45.73338013679
-11.067767777479117 1.1479422672663588;27.76181612211
-11.080325789155681 1.0782890088832031;38.669202999096
-11.043519304555675 1.2325338430597912;11.386135944582
-11.066238397912311 1.1178298673440736;32.688859312545
-11.03843371742891 1.2322654470091257;11.755705817836
-11.076962492334902 1.0468113178984972;42.458344663722
-11.073821389306039 1.0501177352586506;41.98423775394
-11.01771041002264 1.2937863328037533;28.274448899520
-11.007293115179376 1.3303998666805357;34.47670163861
-11.054156213359422 1.1077235920377393;33.80700644469
-11.056714230543406 1.085880756733782;36.97386502347
-11.003072179303182 1.3192028144266996;32.953442900427
-10.993645604294738 1.3519092967676436;37.865829001240
-11.03786508077409 1.1414993952145522;27.731356302969
-11.034783928421678 1.145707275168293;26.835203533442
-10.947157793064285 1.5341896479000177;57.956603555064
-10.895159444680564 1.7602964200641995;75.72232074508
-10.873357176733826 1.8486360987719144;81.63820961097
-10.87901278287138 1.8117286855901205;79.26782710730
-10.91226385068232 1.6491647209043525;67.71360531397
-10.98131684955633 1.3240873674566014;34.3891921554
-10.991357616592198 1.267509217087652;24.38403807930
-11.261353257946691 0.03369511571443762;111.12002355946
-11.486741332623195 -0.9996772785382888;152.3017526977
-11.674420695485015 -1.8642072264813283;179.65883872360
-11.829646600756833 -2.5838610747312805;199.59951957377
-11.956685732400969 -3.178011910009172;214.6735965666
-12.059107468223738 -3.662798722127895;226.22889002566
-12.139946887413663 -4.0518895185113655;235.0888923896
-12.20180991380684 -4.356974064761677;241.8032356593
-12.24694768508159 -4.5881121864490675;246.76098415302
-12.277312483796683 -4.753995249864758;250.24905607914
-12.294601584585383 -4.862150633920937;252.4852781598
-12.300292618996625 -4.919106157660252;253.63842325369
-12.295672661318068 -4.930524876236517;253.8410123920
-12.28186246889029 -4.901317036656814;253.19782714061
-12.259836856057666 -4.835733839240866;251.79173540907
-12.23044189529316 -4.73744629764727;249.68774830714
-12.194409448018673 -4.60961158294365;246.93585218397
-12.152369391064898 -4.454928587190285;243.57294342615
-12.10485979895502 -4.275683938259936;239.62405871646
-12.052335251569248 -4.073789266182685;235.10300071620
-11.995173348695193 -3.85081010286529;230.0123850767
-11.933679414432534 -3.6079863299663044;224.3430621026
-11.868089247857338 -3.346243491419273;218.07277774393
-11.798569593473907 -3.0661934245578957;211.16380898113
-11.725215714334244 -2.768121295653625;203.55909382932
-11.648044950756741 -2.451953775961707;195.17598669273
-11.566984222021283 -2.117198750600737;185.89600743943
-11.481847577588944 -1.7628382778593594;175.5473372809
-11.392295855053277 -1.387137562852225;163.8730579295
-11.297760580374648 -0.987286331871094;150.4682956635
-11.197285918946898 -0.5586567683538126;134.6391947669
-11.089141245475744 -0.0929902999071861;115.01875355797
-10.969527974056346 0.42763570010006635;88.08181002873
-10.822642342688326 1.0770025676391421;30.715441396191
-10.721785236912073 1.5151600947378143;60.47153030799
-10.656160809658205 1.7915111619860096;80.99875444006
-10.619900979633735 1.9328870430906926;89.73156191897
-10.609476506279421 1.9554475810357905;91.10152075686
-10.623148087271213 1.867184436793251;85.95224267117
-10.661526910793661 1.6653125338241288;72.71362821341
-10.732259449769378 1.314580097232484;40.351611937704
-10.741702618774458 1.2502023280029704;31.04941704247
-10.861456924733789 0.6751818339886185;71.0389342425
-10.946503649364134 0.261494532633496;96.79608026927
-11.002999499186764 -0.01969857359534577;110.93155871626
-11.035160806358524 -0.18808285961788485;118.57807908227
-11.046059601743385 -0.257931254561763;121.58700363843
-11.037935412780376 -0.2395752994094942;120.75537847113
-11.012300408543727 -0.1399038060440377;116.31194624534
-10.969876158421805 0.037932151421909754;107.96569340241
-10.910222349579815 0.29626340212177726;94.56417163021
-10.830230728241585 0.6499708764779834;72.32483567217
-10.71001077859826 1.1925447141699952;21.338158542164
-10.631557776013203 1.5407479537690238;64.07251152554
-10.586350770497383 1.734022053823026;78.32021899014
-10.569769562519376 1.793802505155964;82.26153147708
-10.579650069209437 1.7302036657482012;78.16676565275
-10.61691485210623 1.5390660538463603;64.183832246
-10.694025184624113 1.162564540382542;13.770222523453
-10.725211429050193 1.001340266907848;38.6027615772
-10.71357806626047 1.0409252145064216;32.69999972864
-10.621960796384862 1.4557935902059307;57.236725337562
-10.565348926026907 1.7066871113254323;76.84451943862
-10.538106593747566 1.8198450826839006;84.22700399449
-10.537130970402234 1.8097990328674036;83.64075508913
-10.561597287260582 1.6805401591737101;75.17654031140
-10.61506703749739 1.4156728725572796;53.7533729661
-10.76543914274826 0.6980836756594347;67.89455472593
-10.878730451283529 0.15356547652871066;101.49288880756
-10.96182479145482 -0.2503820393423549;120.5085006878
-11.019433106203433 -0.5359272997749419;132.30555931396
-11.055089159695891 -0.7196263791265739;139.3581860496
-11.071546403533958 -0.8143123154059353;142.84291467212
-11.070972614321606 -0.8300248035434852;143.38745643962
-11.055051329284394 -0.7744958886794552;141.312973974
-11.025024298861418 -0.6533539005054256;136.71670614066
-10.981676875464737 -0.4700548386285057;129.4712824100
-10.925234026404077 -0.22538803233422555;119.13084642174
-10.85504413492534 0.08402600152886042;104.61705058272
-10.768503073600384 0.4708364461796888;82.99986166695
-10.654123685433358 0.9897239430207279;38.13521444015
-10.588605431604794 1.2795458774506372;39.800386627703
-10.562442528579666 1.3847518054461059;51.88046261786
-10.573900148196484 1.3134719810756605;44.2096231787
-10.642829582957287 0.9725245594645571;40.02812939087
-10.673149920700101 0.8139233293974735;57.03636966217
-10.66897081656072 0.8183068025639357;56.57192463937
-10.627241648921123 1.0003206947416685;35.93146634832
-10.694912991859205 0.6676046890568791;69.01469869310
-10.730846283220982 0.48434009973971803;81.68781530512
-10.73928050949589 0.4305324043127393;85.02439429912
-10.722309067709356 0.4964386768409527;80.83051432494
-10.67933694748402 0.6851413063862385;67.48575823947
-10.600797062908066 1.0423422543190202;28.541377141288
-10.572893882477851 1.1607703768684219;20.72034367505
-10.601873555782982 1.0110209530130208;33.617962433458
-10.58528033225808 1.0770758232264892;20.839905193198
-10.725848348810866 0.40178614103912613;86.53194207018
-10.832437565941236 -0.11399107776900108;113.47233250022
-10.910841556877568 -0.4978053156621598;129.9425510104
-10.965244528061527 -0.7694731725811037;140.43183901787
-10.998873611189994 -0.9442055885788819;146.77366938388
-11.014289693253673 -1.0340077288757161;149.91522964667
-11.013540973746162 -1.0484201820652606;150.3896895342
-10.998248765508587 -0.9949337918245704;148.48720467694
-10.9696495648915 -0.8791933015959941;144.3192740489
-10.928597036249721 -0.7050074287124676;137.82618480790
-10.875508470516543 -0.4740915051080177;128.7277649484
-10.810199379581768 -0.18527302989515704;116.36432813396
-10.731402934351559 0.1678118779875566;99.19492471770
-10.634899130459704 0.605663138044225;72.48721937144
-10.487429984552804 1.2871856826408148;43.285794557141
-10.379017957498379 1.7833956870269425;84.03685209012
-10.301542051605317 2.1324842527343186;103.50502343603
-10.249888630949474 2.3585416383254363;114.36768016351
-10.220457880177513 2.478584179896038;119.7522186535
-10.21064099320506 2.5050025542291183;120.93310571564
-10.21861204257915 2.446530519543504;118.42220971340
-10.243295466001086 2.3083886984989315;112.21373712945
-10.284542634059056 2.091442572042657;101.67508353118
-10.343848561036582 1.788802507224029;84.78848885933
-10.428008987570006 1.368457370842047;53.015944503817
-10.439194425426463 1.2976433162682568;45.59775919758
-10.504435447562955 0.9700107182815115;36.53187318461
-10.5305324622837 0.8296559890892792;52.85084915783
-10.52073700300152 0.8610995010462639;49.57935081366
-10.466755474096818 1.1043041713960051;9.371881575274
-10.461651252081461 1.1146083308944528;14.198580614446
-10.577279987312718 0.5494630111280484;75.45943461770
-10.659749149893267 0.1420853238007488;99.71703804742
-10.714803437962644 -0.13512088286479906;113.28516929210
-10.746436751042427 -0.30126201622576043;120.67730503481
-10.757587528576353 -0.37031647678002366;123.60261506091
-10.750419627145245 -0.35249765572330066;122.81682295182
-10.726422295411963 -0.2547413472971244;118.55272807089
-10.686365084403853 -0.08049003315994369;110.57241074086
-10.630002270228035 0.1717344354180988;97.89578093012
-10.554936163368874 0.5138152330421316;77.48145149163
-10.448588056786598 1.0066812912756224;29.16758457199
-10.38781071596588 1.2816705015500733;45.015475150890
-10.364218892259904 1.3787446143842863;55.191891111815
-10.376102836269958 1.3061032090696867;47.90659062967
-10.438170802197881 0.9935134876487483;30.994801083986
-10.459603110408912 0.8763147742380161;46.66487871721
-10.441953310728593 0.947158614501771;37.84424972994
-10.351002827700592 1.371038973849893;54.739821418362
-10.29470058829959 1.6282196233796482;75.39598523570
-10.267370987701218 1.74583733413296;83.16806700192
-10.265912708476892 1.738809086860948;82.7625195353
-10.289509473849254 1.6111951495751553;74.33021829763
-10.341771679781381 1.3459298071205597;52.57787847040
-10.5068631392365 0.5393826065300417;75.14221814722
-10.635182685437611 -0.09118808039828163;110.56218332952
-10.733377869540028 -0.5780221700605458;131.5396938641
-10.806101487456065 -0.9436092672645695;145.31214082120
-10.856917378782628 -1.205102994804572;154.40512174222
-10.888669244393538 -1.3761269344269067;160.06381831171
-10.903670038585282 -1.4677052427877995;163.00000104783
-10.903812815244928 -1.4888084554428642;163.64704699350
-10.890639578600709 -1.446692762159237;162.2665122720
-10.865382861312892 -1.3471047955459934;158.99513887608
-10.82898484791035 -1.194375620882727;153.86032100976
-10.782091651338012 -0.9913923425299918;146.77046419839
-10.72501013259454 -0.7393857849271943;137.47158032446
-10.657590438368318 -0.4373545168748618;125.43372035066
-10.578917428060013 -0.08055564342638266;109.53617687210
-10.486310892948188 0.3443718653899918;86.91028848880
-10.369183981343461 0.8892698334697986;43.12328494082
-10.301181800393952 1.197614762161918;36.94503359730
-10.272118120212419 1.3183556730490975;51.30492057782
-10.279652262681934 1.2627348861005636;45.392484744
-10.338566687469656 0.9593883571986639;33.089826139356
-10.35771600847801 0.8494829110673378;47.26242797720
-10.338324017727324 0.927176127502032;37.637584102311
-10.242411234195476 1.377373618095148;57.300219810903
-10.180541890978562 1.66230453266404;79.11376410559
-10.146916204873703 1.8099343223635835;88.33805488259
-10.138089886463943 1.8369450290593012;89.95338830276
-10.1523893698976 1.7515375021447175;84.90307882437
-10.190464235882894 1.5507467679455524;71.57642207122
-10.260107751278477 1.1970936102239476;38.00200890783
-10.273825964840343 1.116064226002995;24.609490675340
-10.112563817030791 1.8882862002334013;93.04126378822
-9.984913504298342 2.4960532080018343;122.43659278968
-9.88507148125819 2.9673362894638284;141.075240016
-9.808807990450688 3.322590821423809;153.63991761818
-9.752831904893107 3.577795819832586;162.0709299996
-9.714501232083244 3.7458331114992736;167.39812880440
-9.691663334840472 3.8372461509627005;170.23712135564
-9.682556324734042 3.860707417965006;170.97651879629
-9.685744713502144 3.8233230954168635;169.86151263999
-9.70007759536349 3.7308308574387072;167.03340974494
-9.724664666992739 3.5877129012739633;162.54572836053
-9.758870059553791 3.397223962662818;156.36316450398
-9.802329323087262 3.1613081757672834;148.34116823027
-9.855005169400888 2.8803289002961083;138.17227289609
-9.917324775537658 2.5524035283826665;125.25537642401
-9.990535950505908 2.1716754421856046;108.33140850689
-10.077860548268816 1.7225107267611193;84.07681528999
-10.193185007965056 1.1375200858508623;31.38821544416
-10.264871418137146 0.7671038645581761;53.53506765361
-10.302613638553696 0.563488503169707;70.56859668487
-10.31122686706788 0.5030027236650879;74.85037483560
-10.292569568353962 0.5766261459676207;69.48268801727
-10.243995459878626 0.7976147518356651;50.18009215002
-10.105880966997873 1.4594796291633279;66.19708044028
-10.002445601100282 1.9510419251574798;97.49631900753
-9.927121588872446 2.3042101940876543;114.83681909047
-9.875472382887455 2.5405942244096567;125.11498059559
-9.844239761431185 2.6761244204827848;130.65506332180
-9.830963302980292 2.7228881267238725;132.5312995899
-9.833803232856745 2.6899805332216267;131.26261095845
-9.85146934382349 2.58384261984616;127.01833999613
-9.883241093760832 2.4081572762684673;119.64115802263
-9.929131943324501 2.163042988599535;108.49800713172
-9.9904429991662 1.8423440129092827;91.88341830669
-10.072130704116532 1.4218299173313718;63.824834941568
-10.294364236869587 0.3112827944373435;86.51632734547
-10.476394673367334 -0.6021068641905755;130.375593418
-10.625049323949948 -1.3523610354144133;157.52697188500
-10.745262014217193 -1.9639857116944615;176.60281692046
-10.840926371601954 -2.456245480814566;190.5734198705
-10.915240049654184 -2.844898345605792;200.91517518282
-10.9708850023721 -3.143108141267113;208.4973899877
-11.010138065694745 -3.3620055405908325;213.88475960007
-11.034946102914052 -3.5110695449744425;217.46769930040
-11.046980663333482 -3.598404794798563;219.52727127201
-11.04767958057069 -3.630952278787209;220.2708799539
-11.038279571889381 -3.6146540745443234;219.8532865614
-11.019842221151826 -3.5545842665786;218.3895356400
-10.993274805109063 -3.455053506327872;215.96303913307
-10.959346860715174 -3.319691817615127;212.63049210629
-10.918703000377997 -3.1515122569074485;208.4244697952
-10.87187215454126 -2.9529563650594177;203.3540507679
-10.819273072493838 -2.725920570115295;197.40341223431
-10.761215442095361 -2.471760309161583;190.5278968244
-10.697895224030589 -2.1912647561257597;182.64636075061
-10.629381369715222 -1.8845878209855749;173.62729784299
-10.555588114666227 -1.5511060389814175;163.2633410996
-10.47622005973668 -1.189138747971368;151.22151442638
-10.390658379915292 -0.7953708500220263;136.93559267956
-10.297694224431686 -0.3635050939592548;119.33152161443
-10.19473320785215 0.11974674999942031;95.8966344525
-10.073631676659172 0.6955764865544429;56.49888363289
-10.008867614656427 0.9923658067056559;9.699832266328
-9.98981856627174 1.062721857748312;25.447519734046
-10.02804137504983 0.8488469816125428;39.59436539933
-10.028213830344388 0.8265947473819153;42.31528880132
-9.98337335109931 1.0310476470645473;18.53937131690
-9.985476221886286 1.0018803105411664;6.916037633273
-9.851268036881088 1.6579197481245644;82.91378609248
-9.748948177882736 2.153911786101122;109.70628804437
-9.67288360910602 2.5177914681651345;125.78660451980
-9.61907336502468 2.769458650512068;135.80487430248
-9.584483397823284 2.9240618279739836;141.61766468903
-9.566752618704125 2.9934429932504187;144.1645016113
-9.564040861483116 2.986882004678872;143.95481039573
-9.574949178088884 2.911484900585461;141.2376878718
-9.598491156198188 2.7723209826878206;136.05586762752
-9.634119591926256 2.5722861585832657;128.22704027048
-9.68184790751403 2.311495219117014;117.22576595219
-9.742611276804697 1.9854776394167872;101.8010461010
-9.819555726244763 1.5787288302523985;78.39134989646
-9.928508212581495 1.0121886699745324;16.25984057134
-9.997017824954819 0.6498035169552192;59.127023400776
-10.033654784015383 0.448166828168929;74.73824226368
-10.042910237920914 0.3846031550998598;78.99392917482
-10.02678969053949 0.44910589494698694;74.58305545785
-9.98398816459599 0.6485142858106424;59.01591317610
-9.896677126755366 1.0735470318761275;30.677547105589
-9.847110025093857 1.3086405561074703;58.22392988463
-9.82928768114849 1.383876164323008;64.63352600021
-9.841546809805317 1.307664647464578;58.23423957773
-9.890460113465261 1.0470924061286233;26.246169902122
-9.886058287388028 1.0565790242068853;28.150302742267
-9.948610388725792 0.728885413229363;51.07527022810
-9.977610053823847 0.5704449836210909;65.19853984708
-9.976928983712186 0.5617469088414282;65.8518981620
-9.946306028506337 0.704553656049976;53.3612322197
-9.868224019672567 1.0879994132055995;33.79199105602
-9.827363379608466 1.2832713758133094;56.348923800026
-9.81875377954398 1.3154262051028618;59.27633880107
-9.842880703949067 1.182145819106961;46.188453917954
-9.929960514127238 0.7311545723853923;50.48699415226
-9.983020700101553 0.4517897896463112;73.81190553605
-10.007836510466223 0.3147597133715363;82.87397068534
-10.00765760602169 0.3036992815093791;83.53646541854
-9.983685404141111 0.41273519755824173;76.42035320921
-9.933691918499793 0.6537168907764371;57.71248687284
-9.829519247094074 1.1700840639097074;45.15583835250
-9.76041282005446 1.5085296299143187;74.55928996855
-9.719735786526847 1.7024799266804291;87.05148379707
-9.70355644019244 1.7718126938758147;91.11951715769
-9.70966330979602 1.7278020618027392;88.60462151653
-9.737632386412436 1.5727641400265076;79.03105495864
-9.79067630883854 1.2907069356965142;57.6331187224
-9.91131085589807 0.6667029610664529;56.182544730630
-9.997444609892105 0.21719959303471648;88.4471506764
-10.055673562127168 -0.09148309365241852;105.00764228383
-10.090317791250481 -0.28132384622719;113.99515643269
-10.104462006098377 -0.3679325069472795;117.85409003146
-10.100333404565205 -0.3624938092702585;117.58761643706
-10.079431053661162 -0.2724359208186816;113.50785243793
-10.04247374649607 -0.10116560732464244;105.34169854860
-9.989029556983079 0.1538302991397791;91.86832051551
-9.915975398059272 0.5090766678664089;68.86222369732
-9.799265825887826 1.0877523393783513;35.70862187101
-9.719232544316334 1.4799440445597405;73.1676374806
-9.668383364641011 1.7234801362485048;88.81231162243
-9.642258624982 1.8409313223381658;95.46036388950
-9.63807393264282 1.8464607312652381;95.79172081584
-9.65442378036828 1.7473069520608258;90.293431216
-9.69171916909367 1.5415527587756717;77.6084018431
-9.755207828545078 1.2027774611433542;50.115985350465
-9.732552211048707 1.3049016230627246;59.808685685362
-9.741285308605146 1.2471394050347022;54.61147016041
-9.788445649625983 0.9938404600965074;18.897558840682
-9.786249336902367 0.993184891068581;18.83777665914
-9.888486351742491 0.4605601173400654;71.92200959323
-9.95963125248433 0.08606102476591926;95.17821213507
-10.00501380412461 -0.15786436644481094;107.65075281350
-10.028306965190135 -0.2899557042353038;113.82581228503
-10.032136204307102 -0.3235189227850695;115.32406093906
-10.01831666968975 -0.26765544526417745;112.75310482312
-9.98787287174647 -0.12736744849705378;106.06347467474
-9.940823153350918 0.09775834938301972;94.36378905845
-9.874991586747186 0.4192349035615466;74.56127186670
-9.777788997250253 0.9021405905423902;23.220961568725
-9.722227499872012 1.1723637048727356;47.662680083279
-9.700800987085803 1.2681149130602765;57.192109412050
-9.711773589669335 1.198294590700881;50.5112110951
-9.76603810862245 0.9074127189747784;21.529597785220
-9.779362371142518 0.826805736846354;35.995753994553
-9.747842870410507 0.976705920569054;16.281807276425
-9.767611686388909 0.8642496558384305;29.971095082900
-9.740716809788681 0.9916190925893076;20.691588192796
-9.76525858611337 0.8556545713943053;31.299021541321
-9.745690499604533 0.9463238073264504;5.885591466698
-9.796812096662388 0.6749506038012653;53.370999338769
-9.815425044856063 0.5701159698603426;62.71625543755
-9.80391522174676 0.6196969375815466;58.437446570965
-9.757648364926224 0.8478497354010999;32.29286803704
-9.775949554163532 0.7449932619873675;45.904161473861
-9.756820189342996 0.834410341027596;34.28727699888
-9.635145284056309 1.4516374686568205;72.34155162763
-9.545096522878813 1.9053364592030666;99.7165233855
-9.480896362024456 2.2250124951567964;115.1632796312
-9.438579473123879 2.4309931434654977;124.10739979922
-9.41522985289174 2.5383003648184532;128.5295744211
-9.408666590457054 2.5582388970185095;129.35075578692
-9.417303131031723 2.499104385282545;126.98017093884
-9.440110446363883 2.3663648857369797;121.46374120561
-9.476693795157631 2.1622649055700096;112.44133281200
-9.527604307656437 1.884230414680629;98.82162414347
-9.595492133665992 1.518963171925078;77.34927628606
-9.693695586974751 0.9983444936814134;24.22436613708
-9.750992415583069 0.6889941656112839;51.17126622656
-9.775502945038832 0.5488733183437502;63.77773085195
-9.770565696034735 0.5607988886398546;62.75901920702
-9.734603942325455 0.7331414556312865;46.31503713269
-9.619774927577684 1.313597151556402;62.30921573814
-9.537395560077849 1.7261944953897128;90.36918517549
-9.481393176348767 2.0020340389512445;105.03212895938
-9.447757857429922 2.1617200732165203;112.66069486771
-9.43366616433996 2.2198318493053337;115.32657541865
-9.437160952270098 2.186549561452265;113.84540584378
-9.457073096901727 2.0680452686683517;108.34207833419
-9.493178154652366 1.8656719941719864;98.21238359833
-9.54692631341507 1.5722080597872043;81.29229361969
-9.62549252120266 1.1509955655295419;47.3845959295
-9.647537626922862 1.0231659565659565;30.40354665283
-9.54521929626956 1.5406955867820094;79.3508440434
-9.472143141619735 1.9062756474292515;100.45729151386
-9.423337709383153 2.1454719978326153;112.14314049896
-9.395348862387465 2.2761178315055877;118.04807415602
-9.385687893034032 2.31113185337122;119.59796897537
-9.392614665323912 2.2596199474699765;117.36909379393
-9.415096425466631 2.1270781432216435;111.38976781279
-9.452964427047315 1.9145806573960595;101.04978206132
-9.507569478524667 1.6153974921221004;84.35293662514
-9.585134926065601 1.1976738067106403;52.81756467373
-9.594917008041547 1.132931592383581;46.08086370489
-9.652743099914051 0.8197105297446652;33.47644133257
-9.673570308713108 0.698915003252753;48.6720039480
-9.659265138041118 0.7609442240177386;41.48470506843
-9.589511739688938 1.1118634871723398;43.853407398837
-9.55396552166331 1.2850391581176668;61.01729393136
-9.54844939878852 1.3021236371029896;62.48609502275
-9.573495234478138 1.160500998382511;49.39888908071
-9.652727371089561 0.7379124745560698;44.030621447248
-9.69780841168857 0.4927144356317841;66.91792640407
-9.714223856670634 0.39631854239415854;73.98548470728
-9.704454629291293 0.4359259748755319;71.12527414792
-9.667461304132496 0.6172202005591203;56.33962630473
-9.584748714753275 1.0370977501087786;34.41689301097
-9.537891155169707 1.2702392045764186;60.048399092315
-9.521233126826292 1.3459745874460605;66.29474051924
-9.533059205594832 1.2733114119757445;60.380097671599
-9.578577982895979 1.0254218938796489;32.856966332
-9.563680056554862 1.0929731283117308;42.23389860657
-9.589349324333694 0.9494097130301195;17.28227434629
-9.552108252848274 1.1343603079654514;47.11420054943
-9.549357099777355 1.1394321886094176;47.70460898850
-9.586525303580395 0.9365832588904932;13.258788619706
-9.57286841719388 0.9991055500734869;28.76317476230
-9.61171267354136 0.7881812366808651;36.837151599552
-9.612722206255949 0.7745364219046713;38.670119071286
-9.565843155842233 1.0110176443732057;30.98241309516
-9.558111675278688 1.043155212940179;36.0016722464
-9.59908028588596 0.8214034400262109;31.62994528172
-9.600632728038777 0.8053113715987343;34.12292041260
-9.548973489807567 1.0673344296485734;39.438693730478
-9.533163024619492 1.1419277213053687;48.286730128304
-9.553743917170033 1.0264177806928505;33.72056440315
-9.79492696910635 -0.237267464944932;109.39461941055
-9.996539215352058 -1.296905417171321;151.5326508992
-10.16470893107193 -2.18472899034495;179.38788030911
-10.304095242952199 -2.9251321432899653;199.67466965937
-10.41847955748204 -3.537823917147102;215.0221161418
-10.511025745532038 -4.039223760862616;226.80988055770
-10.58442496073477 -4.443240626790383;235.87744373298
-10.640988787571217 -4.7617745590908935;242.78369430433
-10.682715039249524 -5.005070732017888;247.9236425969
-10.711337220526993 -5.181985080267468;251.5883632853
-10.728363307959258 -5.3001920074296915;253.99881499003
-10.735107042886145 -5.366351475198882;255.32630272543
-10.732713688870497 -5.3862460767268585;255.7055380809
-10.722181522749517 -5.364895005862694;255.2433237273
-10.704379926935518 -5.306649654355214;254.02450679260
-10.680064699283413 -5.215274200173463;252.11614240136
-10.649891029883518 -5.094013638295704;249.5704271487
-10.61442447619823 -4.945651059820246;246.42674260109
-10.574150178484997 -4.772555495201463;242.71301405810
-10.52948048340301 -4.576721231788568;238.44649980707
-10.4807610752113 -4.359799141385783;233.63405810268
-10.428275641907891 -4.123120160278429;228.2718776733
-10.3722490167884 -3.867710591391973;222.34458891050
-10.312848617500057 -3.594298255372474;215.823579821
-10.250183825969513 -3.3033075489970134;208.66419534376
-10.184302659492003 -2.9948398837290706;200.80124766541
-10.115184566256117 -2.6686331841766293;192.14179752665
-10.042727198758056 -2.323988840100062;182.55322883873
-9.966763008956068 -1.9596436781218196;171.8434971129
-9.88693251778652 -1.5735403065831433;159.72134394464
-9.80264785810555 -1.1623865609355273;145.71764224773
-9.7129170944509 -0.7207082043616644;129.0034828120
-9.615882883367522 -0.2383686668954058;107.84727876297
-9.507037371665808 0.30899822654818876;77.13075988530
-9.347222237412016 1.1307784015568996;50.7088715105
-9.223281414625102 1.7628992866660296;95.51745706768
-9.127900124852886 2.2437028139406543;118.77391821779
-9.056313937073925 2.5981740131209903;133.35132044761
-9.005018401931126 2.844729392403375;142.6222153548
-8.971300796062271 2.9976669009580137;148.0921738392
-8.953016478460741 3.068330373491284;150.56827710057
-8.948466213545645 3.065745446167648;150.50951767402
-8.956326871733676 2.9969768434873716;148.15964979547
-8.97561909588241 2.867292665873763;143.5955941874
-9.005711425537216 2.680137462697337;136.7253070514
-9.046378039638686 2.4368222518507454;127.22795845043
-9.097969149909202 2.135616816595584;114.37188097876
-9.161911973397082 1.7690821288801235;96.42807901282
-9.242783748492945 1.3130125118738536;67.73659088121
-9.408547177195588 0.40403915471456653;69.37222084048
-9.539449885466029 -0.31784503875879544;110.81327302909
-9.641935997066499 -0.887633544285461;134.81095588340
-9.720448830082256 -1.3294017061171883;150.8097237577
-9.778386914149374 -1.6615023835113485;161.79439424647
-9.818473356723882 -1.898584468047801;169.19426954896
-9.842941632037336 -2.0526126021225526;173.8246876262
-9.85364471722299 -2.1334679245143864;176.19485351530
-9.852125475057795 -2.149336072592843;176.6361253000
-9.839664233701926 -2.1069695371121977;175.36292918043
-9.817310843260085 -2.011864261369146;172.5028466943
-9.78590423384668 -1.868367136217719;168.10943862667
-9.746079590277349 -1.6797151115672133;162.16220698148
-9.698259986078668 -1.4479887254750432;154.5524008686
-9.642623443830155 -1.173930731617863;145.0460710004
-9.579022102025474 -0.8565025449708144;133.19877383028
-9.50678617788667 -0.49181155544783184;118.14050636412
-9.424163483760655 -0.07005268433894973;97.89351337187
-9.325857688572764 0.4378846204176874;65.72063613781
-9.335117732393709 0.36670282779929253;71.05180368753
-9.318619956489437 0.4358527943887066;65.77260920702
-9.273292379320187 0.6621997040355535;44.47521187783
-9.407582015906383 -0.08022728339730412;98.25322832898
-9.512280052393058 -0.6631042085128364;125.2222452625
-9.592238771046768 -1.1129313357891624;142.58885177127
-9.651067290770754 -1.4493512055229272;154.3013248282
-9.691612872463324 -1.6877969795938912;162.0854882306
-9.71618659884205 -1.8407397686885691;166.87951681991
-9.726689771110358 -1.9183893801380483;169.25031267648
-9.724692397939297 -1.929130191888802;169.55588970976
-9.71148423940505 -1.879804727398121;168.01877692740
-9.688107194488968 -1.775893447481187;164.76014177079
-9.655372098198384 -1.6216077774800848;159.81176524354
-9.613858705275632 -1.419889733842068;153.11011621307
-9.563891849907394 -1.172279616100802;144.46750133769
-9.505474295537425 -0.8785445964852002;133.49970216968
-9.438120528626438 -0.5357618872490855;119.44359761124
-9.360394454880623 -0.13577533613122506;100.60188201982
-9.268065396117814 0.34492029868959057;71.7046040350
-9.116992786932299 1.1479883491691707;56.293177310009
-9.000041401558892 1.7654023526500469;97.75430378588
-8.910389005372675 2.233885208606503;120.00818300993
-8.843529824522603 2.57772901651682;134.01338629178
-8.796133221289528 2.814943175085003;142.8834346369
-8.765616888581942 2.9595417828310477;148.03873973593
-8.749939994158105 3.022647420717865;150.2467484167
-8.747489186605215 3.0130971054866267;149.94289010431
-8.757014827054029 2.937779675944381;147.35307560611
-8.777603150515187 2.8017809665841296;142.5365305237
-8.808685486948358 2.6083298288540933;135.3780990548
-8.85010458698702 2.3584354472495646;125.51814958442
-8.902306121860224 2.049844885912601;112.14189787674
-8.96691646139628 1.6738965260792895;93.27557719343
-9.049351425588823 1.2012829305290729;61.846010129
-9.04239766892036 1.2211679672490048;63.532675067677
-9.064037525929136 1.0849985448902775;51.334868114746
-9.132086505757648 0.6953887745397371;37.23249744347
-9.166575463551677 0.49057473961299747;59.14261513867
-9.172203123216123 0.4446818057992531;62.98536074783
-9.149510030763329 0.5548805287484792;53.13616335382
-9.08635433672316 0.8883745809698509;25.06032997011
-9.059866255817534 1.020740618650477;44.72280569424
-9.068159950777073 0.9623334156537373;37.428319820220
-9.137203326772108 0.5708242208355916;51.3954575548
-9.175378018069331 0.34900177512359043;70.21322058924
-9.18730432532702 0.27140326971305995;75.68258354208
-9.175009666566032 0.3269879484363324;71.75921333794
-9.137161603169904 0.5233753388184076;55.82098210660
-9.053109223118792 0.9749542225432513;39.42600813764
-9.002090544707409 1.2445002338144548;65.89805783899
-8.978392159737695 1.3633262226427352;74.65678096268
-8.979259788285642 1.3466190204362671;73.51857134670
-9.0048308517854 1.1937877144911195;61.89031431149
-9.06425050543254 0.8548425824337549;18.240158404783
-9.082572841425314 0.7428456686545293;28.659763365605
-9.056558808251028 0.875866478294883;23.600514044225
-9.076219726596083 0.7574189337756003;25.76942248353
-9.050255353734727 0.8911102685560034;26.849588518953
-9.068029685831311 0.7837861664513482;19.632127193363
-9.034764768657823 0.9585919202283992;37.73526380906
-9.037884369777993 0.9325878569132391;34.03230742568
-9.100254708709265 0.5800380910251566;49.819464887850
-9.131572717545497 0.39849473219817544;65.99061140139
-9.135856078568896 0.3658077440095995;68.47987035133
-9.113801515345003 0.4783404851746625;59.36147738100
-9.057709489008609 0.7790992799142626;20.33717043367
-9.044940564866664 0.840675427685923;15.031511007765
-9.097700779411753 0.5407549480957397;53.57455730498
-9.120289858555182 0.40717424393367885;65.1718715459
-9.115700834976879 0.42348050428242745;63.842964967718
-9.082538690717882 0.597677087814737;47.67971088751
-8.983017301914128 1.13959340864201;57.68576346736
-8.913979632301201 1.51219002511251;84.7221166140
-8.869751593199084 1.7466805384990916;97.98862665902
-8.846696810154436 1.8631502441339136;103.95910633815
-8.842394808727203 1.8750552808647158;104.56662477413
-8.855406373344168 1.790498860152748;100.32678074516
-8.885405552370663 1.6114959822506714;90.6749018753
-8.93409916731758 1.328902875889515;72.86130050000
-9.01191739382349 0.8854777652555952;27.08961755384
-9.049761507595955 0.6639138771431379;39.38817126802
-9.053115514773399 0.633779566504526;43.11508782124
-9.01689083671237 0.8235749469550329;10.272259334089
PointOptimal;ValeurOptimale
[-9.01689084  0.82357495];10.272259334089805
Temps;Nb iteration
0.05443239212036133;1000