Point;Valeur
8.449135489691145 -2.8621111577645264;-6.7580048439387
8.451404258052813 -2.8627539005386593;-6.763562412171
8.4536702409539 -2.863397099963767;-6.7691079371424
8.455933435501224 -2.86404075614874;-6.774641421966
8.458193838916939 -2.8646848692016613;-6.780162870326
8.460451448537796 -2.8653294392298134;-6.785672286469
8.462706261814422 -2.8659744663397246;-6.791169675195
8.464958276310897 -2.8666199506372214;-6.7966550418598
8.46720748970389 -2.8672658922272776;-6.802128392360
8.469453899782183 -2.8679122912142185;-6.807589733136
8.47169750444582 -2.868559147701659;-6.813039071162
8.473938301705662 -2.8692064617924506;-6.818476413942
8.47617628968261 -2.8698542335888666;-6.823901769505
8.478411466606904 -2.8705024631923726;-6.829315146397
8.480643830817598 -2.8711511507038034;-6.83471655367
8.482873380761891 -2.8718002962233546;-6.840106000920
8.485100114994209 -2.8724498998506;-6.845483498191
8.487324032175774 -2.873099961684571;-6.850849056059
8.489545131073982 -2.873750481823465;-6.856202685587
8.491763410561484 -2.874401460365017;-6.86154439832
8.493978869615704 -2.875052897406394;-6.866874206289
8.496191507318043 -2.8757047930440605;-6.872192121996
8.498401322853304 -2.87635714737402;-6.877498158416
8.500608315508982 -2.8770099604916988;-6.882792328989
8.502812484674516 -2.8776632324919627;-6.888074647615
8.505013829840607 -2.878316963469163;-6.893345128649
8.507212350598666 -2.878971153517136;-6.8986037868
8.509408046639988 -2.8796258027291755;-6.903850637599
8.511600917755063 -2.880280911198141;-6.909085696449
8.513790963832982 -2.8809364790163228;-6.914308979566
8.515978184860689 -2.881592506275603;-6.919520503498
8.518162580922349 -2.882248993067411;-6.924720285217
8.5203441521985 -2.882905939482723;-6.929908342112
8.522522898965493 -2.883563345612088;-6.935084691985
8.524698821594814 -2.8842212115455768;-6.940249353047
8.52687192055235 -2.8848795373728953;-6.945402343911
8.52904219639768 -2.885538323183341;-6.9505436835856
8.531209649783376 -2.886197569065847;-6.955673391472
8.533374281454352 -2.8868572751089294;-6.960791487361
8.53553609224713 -2.8875174414007754;-6.965897991424
8.53769508308919 -2.888178068029208;-6.970992924207
8.539851254998261 -2.888839155081686;-6.97607630663
8.542004609081555 -2.8895007026453845;-6.981148159988
8.5441551465352 -2.8901627108071404;-6.986208505921
8.546302868643563 -2.8908251796534534;-6.991257366439
8.548447776778294 -2.8914881092705658;-6.996294763901
8.55058987239796 -2.8921514997444797;-7.001320721013
8.552729157047166 -2.8928153511608423;-7.006335260822
8.554865632355948 -2.893479663605052;-7.011338406717
8.556999300039061 -2.8941444371622937;-7.016330182414
8.559130161895208 -2.8948096719175043;-7.021310611961
8.561258219806598 -2.8954753679553713;-7.0262797197289
8.563383475737936 -2.8961415253604317;-7.031237530404
8.565505931735895 -2.8968081442169735;-7.036184068990
8.567625589928525 -2.897475224609072;-7.04111936079
8.569742452524432 -2.8981427666206505;-7.046043431442
8.571856521812194 -2.8988107703354205;-7.050956306840
8.5739678001595 -2.8994792358370036;-7.055858013200
8.576076290012738 -2.9001481632088533;-7.060748577025
8.578181993896148 -2.9008175525341917;-7.065628025102
8.580284914411196 -2.9014874038963034;-7.070496384498
8.582385054235855 -2.902157717378171;-7.075353682561
8.584482416124038 -2.9028284930627324;-7.08019994690
8.586577002904699 -2.9034997310328814;-7.085035205425
8.588668817481542 -2.904171431371343;-7.08985948626
8.590757862832017 -2.904843594160833;-7.094672817833
8.592844142006804 -2.9055162194840234;-7.099475228799
8.59492765812911 -2.90618930742347;-7.104266748075
8.597008414394123 -2.9068628580617117;-7.10904740482
8.599086414068136 -2.9075368714811978;-7.113817228452
8.601161660488 -2.9082113477645377;-7.1185762486004
8.603234157060633 -2.9088862869941723;-7.123324495144
8.605303907262137 -2.90956168925256;-7.128061998191
8.607370914637247 -2.9102375546222037;-7.132788788073
8.60943518279864 -2.9109138831855974;-7.137504895343
8.611496715426366 -2.911590675025315;-7.142210350771
8.613555516267189 -2.912267930223895;-7.146905185344
8.615611589133925 -2.912945648863956;-7.151589430253
8.617664937904717 -2.9136238310282847;-7.156263116900
8.61971556652265 -2.9143024767995884;-7.1609262768861
8.621763478994795 -2.9149815862607253;-7.165578942009
8.623808679391896 -2.9156611594946336;-7.17022114426
8.625851171847588 -2.9163411965843578;-7.174852915832
8.627890960557714 -2.917021697613005;-7.179474289085
8.629928049779847 -2.9177026626638236;-7.184085296574
8.631962443832542 -2.9183840918202586;-7.188685971032
8.633994147094837 -2.9190659851659406;-7.193276345364
8.636023164005573 -2.9197483427844295;-7.197856452649
8.638049499062868 -2.9204311647596226;-7.202426326134
8.640073156823352 -2.921114451175524;-7.206985999229
8.642094141901715 -2.92179820211635;-7.211535505505
8.644112458970133 -2.9224824176664255;-7.216074878692
8.646128112757497 -2.9231670979104196;-7.220604152674
8.648141108048975 -2.9238522429330827;-7.225123361483
8.650151449685309 -2.9245378528194133;-7.229632539300
8.65215914256236 -2.92522392765465;-7.234131720449
8.65416419163054 -2.925910467524244;-7.238620939396
8.656166601893991 -2.92659747251387;-7.243100230742
8.65816637841016 -2.927284942709565;-7.247569629222
8.660163526289393 -2.927972878197491;-7.252029169703
8.66215805069407 -2.9286612790641486;-7.256478887178
8.664149956838212 -2.929350145396339;-7.260918816765
8.666139249986989 -2.930039477281139;-7.265348993703
8.66812593545588 -2.9307292748058034;-7.269769453349
8.670110018610478 -2.9314195380580843;-7.2741802311737
8.6720915048655 -2.932110267125956;-7.278581362760
8.674070399684746 -2.932801462097676;-7.282972883802
8.676046708580161 -2.93349312306193;-7.287354830097
8.678020437111511 -2.9341852501077215;-7.2917272375471
8.679991590885646 -2.9348778433243394;-7.296090142151
8.681960175556192 -2.935570902801463;-7.300443580010
8.683926196822876 -2.936264428629145;-7.304787587315
8.685889660430977 -2.936958420897864;-7.3091222003518
8.687850572170912 -2.9376528796983825;-7.313447455491
8.689808937877624 -2.9383478051219614;-7.317763389194
8.691764763430168 -2.9390431972601805;-7.322070038001
8.69371805475099 -2.939739056205055;-7.326367438537
8.695668817805682 -2.9404353820490448;-7.330655627501
8.697617058602328 -2.9411321748849906;-7.334934641671
8.699562783190931 -2.941829434806258;-7.339204517894
8.701505997663153 -2.9425271619065407;-7.3434652930926
8.703446708151528 -2.9432253562800392;-7.347717004251
8.705384920829136 -2.943924018021433;-7.351959688422
8.707320641909194 -2.9446231472257667;-7.356193382722
8.709253877644361 -2.945322743988723;-7.36041812432
8.71118463432637 -2.94602280840627;-7.364633950466
8.7131129182855 -2.9467233405751125;-7.368840898433
8.715038735890317 -2.947424340592204;-7.373039005569
8.716962093546837 -2.948125808555191;-7.377228309267
8.718882997698348 -2.948827744562137;-7.381408846970
8.720801454824814 -2.9495301487116654;-7.385580656165
8.722717471442516 -2.950233021102835;-7.389743774386
8.724631054103414 -2.950936361835441;-7.3938982392089
8.726542209394957 -2.9516401710096796;-7.398044088247
8.728450943939377 -2.952344448726305;-7.402181359153
8.73035726439343 -2.953049195086659;-7.406310089617
8.732261177447887 -2.9537544101925794;-7.410430317360
8.734162689826979 -2.9544600941465893;-7.414542080137
8.736061808288216 -2.955166247051806;-7.418645415730
8.737958539621749 -2.9558728690118086;-7.4227403619521
8.73985289064996 -2.956579960130905;-7.426826956638
8.74174486822725 -2.9572875205138827;-7.430905237650
8.743634479239331 -2.9579955502662303;-7.434975242871
8.745521730602952 -2.958704049494032;-7.439037010203
8.747406629265518 -2.959413018304038;-7.4430905775670
8.7492891822046 -2.9601224568035844;-7.447135982900
8.751169396427628 -2.9608323651005675;-7.451173264155
8.75304727897136 -2.9615427433036823;-7.455202459297
8.754922836901622 -2.9622535915221926;-7.459223606302
8.756796077312766 -2.962964909866126;-7.463236743155
8.758667007327412 -2.9636766984460605;-7.467241907849
8.760535634096074 -2.9643889573732407;-7.4712391383858
8.762401964796574 -2.965101686759719;-7.4752284727674
8.764266006633957 -2.965814886718099;-7.479209949001
8.766127766839904 -2.9665285573617473;-7.483183605097
8.767987252672274 -2.967242698804804;-7.487149479061
8.76984447141515 -2.967957311162004;-7.491107608903
8.771699430377982 -2.968672394548837;-7.4950580326237
8.773552136895562 -2.9693879490814767;-7.499000788223
8.775402598327442 -2.9701039748769587;-7.502935913693
8.777250822057832 -2.9708204720529308;-7.506863447021
8.779096815495045 -2.9715374407277872;-7.510783426182
8.780940586071171 -2.9722548810207217;-7.514695889143
8.782782141241785 -2.9729727930517447;-7.518600873858
8.784621488485616 -2.9736911769414442;-7.522498418269
8.786458635304227 -2.974410032811332;-7.5263885603055
8.788293589221519 -2.9751293607836304;-7.530271337877
8.790126357783723 -2.975849160981352;-7.534146788881
8.791956948558644 -2.976569433528309;-7.538014951194
8.79378536913572 -2.9772901785491923;-7.541875862675
8.795611627125488 -2.978011396169351;-7.5457295611627
8.797435730159398 -2.978733086515022;-7.549576084473
8.79925768588932 -2.9794552497131876;-7.553415470400
8.801077501987534 -2.980177885891755;-7.557247756716
8.802895186146038 -2.9809009951793852;-7.5610729811652
8.804710746076541 -2.9816245777055395;-7.564891181467
8.80652418951004 -2.9823486336006644;-7.568702395316
8.808335524196547 -2.9830731629958995;-7.572506660375
8.810144757904872 -2.9837981660232815;-7.576304014283
8.811951898422235 -2.9845236428157085;-7.580094494644
8.813756953553911 -2.98524959350694;-7.583878139035
8.8155599311231 -2.9859760182316863;-7.587654984998
8.817360838970687 -2.986702917125368;-7.591425070045
8.819159684954732 -2.9874302903244265;-7.595188431652
8.820956476950402 -2.9881581379661215;-7.598945107263
8.822751222849606 -2.9888864601885823;-7.602695134285
8.824543930560827 -2.9896152571308887;-7.606438550089
8.826334608008677 -2.9903445289330888;-7.610175392009
8.828123263133818 -2.9910742757359943;-7.613905697341
8.829909903892597 -2.9918044976813762;-7.617629503343
8.831694538256823 -2.9925351949120804;-7.6213468472342
8.83347717421361 -2.993266367571601;-7.625057766191
8.835257819764955 -2.9939980158046398;-7.628762297351
8.837036482927648 -2.9947301397566006;-7.632460477812
8.83881317173289 -2.9954627395740596;-7.636152344625
8.840587894226129 -2.9961958154043566;-7.639837934802
8.842360658466795 -2.996929367395942;-7.643517285309
8.844131472528261 -2.9976633956980825;-7.647190433070
8.845900344497249 -2.998397900461085;-7.650857414962
8.847667282473946 -2.9991328818361884;-7.654518267819
8.849432294571587 -2.9998683399757065;-7.6581730284257
8.85119538891624 -3.000604275032912;-7.661821733522
8.852956573646773 -3.0013406871618598;-7.665464419803
8.854715856914302 -3.002077576517883;-7.669101123911
8.856473246882286 -3.0028149432572215;-7.672731882445
8.858228751726223 -3.003552787537047;-7.676356731952
8.859982379633385 -3.0042911095155977;-7.67997570893
8.861734138802706 -3.0050299093521238;-7.683588849834
8.863484037444518 -3.0057691872068792;-7.687196191057
8.865232083780315 -3.0065089432412284;-7.690797768950
8.866978286042702 -3.007249177617477;-7.69439361981
8.868722652475139 -3.00798989049897;-7.697983779887
8.87046519133168 -3.0087310820501;-7.701568285371
8.872205910876792 -3.0094727524363973;-7.70514717240
8.873944819385356 -3.0102149018242885;-7.708720477084
8.875681925142212 -3.010957530381426;-7.712288235439
8.87741723644221 -3.0117006382764133;-7.715850483458
8.879150761589887 -3.012444225678963;-7.719407257069
8.880882508899369 -3.0131882927598275;-7.722958592150
8.882612486694164 -3.0139328396909226;-7.72650452452
8.884340703307181 -3.0146778666451146;-7.730045089956
8.886067167080165 -3.015423373796513;-7.733580324163
8.887791886363956 -3.0161693613201868;-7.7371102628026
8.889514869517983 -3.0169158293923948;-7.74063494147
8.891236124910387 -3.0176627781904797;-7.744154395735
8.892955660917695 -3.018410207892912;-7.747668661069
8.894673485924772 -3.019158118679255;-7.751177772916
8.89638960832462 -3.0199065107301015;-7.754681766657
8.898104036518307 -3.0206553842273243;-7.758180677615
8.899816778914571 -3.021404739353888;-7.761674541060
8.90152784392998 -3.0221545762938407;-7.7651633922031
8.903237239988709 -3.0229048952324034;-7.768647266198
8.904944975522218 -3.023655696355987;-7.772126198146
8.906651058969482 -3.02440697985205;-7.775600223087
8.908355498776606 -3.025158745909242;-7.779069376005
8.910058303396607 -3.025910994717491;-7.782533691830
8.911759481289543 -3.0266637264676755;-7.785993205431
8.91345904092219 -3.027416941351979;-7.7894479516223
8.915156990768079 -3.028170639563812;-7.7928979651593
8.916853339307218 -3.0289248212977027;-7.79634328074
8.918548095026189 -3.029679486749317;-7.799783933010
8.9202412664177 -3.0304346361155465;-7.80321995655
8.921932861980853 -3.0311902695944903;-7.806651385888
8.92362289022074 -3.0319463873854824;-7.810078255494
8.925311359648507 -3.0327029896889934;-7.813500599780
8.926998278781165 -3.033460076706711;-7.816918453102
8.928683656141548 -3.0342176486416017;-7.820331849757
8.930367500258185 -3.0349757056977955;-7.823740823986
8.932049819665114 -3.035734248080737;-7.82714540997
8.93373062290191 -3.0364932759969454;-7.830545641842
8.935409918513633 -3.037252789654281;-7.833941553665
8.937087715050563 -3.0380127892618125;-7.837333179453
8.93876402106822 -3.0387732750298424;-7.840720553162
8.940438845127295 -3.0395342471699616;-7.844103708691
8.942112195793353 -3.0402957058950753;-7.8474826798810
8.943784081637183 -3.041057651419181;-7.850857500517
8.945454511234344 -3.0418200839575738;-7.854228204330
8.94712349316517 -3.0425830037269064;-7.857594824991
8.948791036014734 -3.043346410945129;-7.86095739611
8.950457148372724 -3.0441103058313557;-7.864315951271
8.952121838833545 -3.044874688606103;-7.8676705239549
8.953785115996052 -3.0456395594909713;-7.871021147618
8.955446988463452 -3.046404918709107;-7.874367855655
8.957107464843375 -3.0471707664847925;-7.877710681404
8.958766553747866 -3.0479371030436964;-7.881049658149
8.960424263793126 -3.048703928612704;-7.884384819118
8.962080603599548 -3.049471243420059;-7.887716197484
8.96373558179161 -3.0502390476954;-7.8910438263675
8.96538920699802 -3.051007341669556;-7.894367738832
8.967041487851402 -3.051776125574732;-7.897687967891
8.968692432988268 -3.0525453996445107;-7.901004546500
8.970342051049219 -3.0533151641137346;-7.904317507563
8.971990350678574 -3.0540854192186506;-7.907626883932
8.973637340524572 -3.0548561651968376;-7.910932708404
8.975283029239225 -3.055627402287171;-7.914235013724
8.976927425478241 -3.0563991307299476;-7.9175338325847
8.978570537901012 -3.0571713507667697;-7.920829197626
8.980212375170591 -3.0579440626406873;-7.9241211414382
8.981852945953646 -3.058717266596065;-7.927409696557
8.983492258920485 -3.059490962878564;-7.930694895469
8.985130322744908 -3.0602651517353463;-7.93397677061
8.986767146104143 -3.06103983341496;-7.937255354364
8.988402737679085 -3.0618150081672857;-7.940530679065
8.990037106153872 -3.0625906762435617;-7.9438027769989
8.991670260216267 -3.063366837896475;-7.947071680399
8.993302208557344 -3.0641434933801515;-7.950337421452
8.994932959871552 -3.064920642950111;-7.953600032295
8.996562522856733 -3.065698286863179;-7.956859545017
8.998190906214008 -3.066476425377762;-7.960115991657
8.999818118647854 -3.067255058753555;-7.963369404209
9.00144416886598 -3.0680341872518335;-7.966619814618
9.003069065579544 -3.0688138111350804;-7.969867254783
9.00469281750288 -3.0695939306674225;-7.973111756555
9.006315433353558 -3.0703745461143006;-7.976353351740
9.007936921852389 -3.0711556577426835;-7.979592072099
9.009557291723505 -3.07193726582097;-7.982827949346
9.011176551694271 -3.0727193706189526;-7.986061015152
9.012794710495207 -3.073501972407997;-7.989291301141
9.01441177686017 -3.074285071460854;-7.992518838895
9.016027759526029 -3.075068668051819;-7.9957436599
9.017642667233126 -3.0758527624565835;-7.998965795807
9.019256508724911 -3.0766373549523207;-8.002185277912
9.02086929274813 -3.0774224458177946;-8.005402137676
9.022481028052727 -3.078208035333101;-8.00861640646
9.024091723391876 -3.078994123779988;-8.011828115613
9.025701387522005 -3.0797807114415887;-8.015037296399
9.027310029202845 -3.0805677986025826;-8.018243980071
9.028917657197269 -3.0813553855492826;-8.02144819783
9.030524280271528 -3.082143472569352;-8.024649980855
9.032129907195177 -3.082932059951964;-8.027849360260
9.033734546741055 -3.0837211479879256;-8.031046367140
9.035338207685271 -3.08451073696959;-8.034241032544
9.036940898807433 -3.085300827190731;-8.037433387487
9.03854262889033 -3.0860914189467747;-8.040623462945
9.040143406720247 -3.086882512534568;-8.043811289860
9.041743241086795 -3.087674108252645;-8.046996899135
9.043342140783082 -3.0884662064010326;-8.050180321640
9.04494011460568 -3.089258807281321;-8.053361588209
9.04653717135459 -3.0900519111966274;-8.056540729644
9.04813331983333 -3.0908455184517214;-8.059717776710
9.04972856884897 -3.0916396293529713;-8.062892760141
9.051322927212098 -3.0924342442082553;-8.066065710639
9.052916403736944 -3.093229363327068;-8.069236658872
9.054509007241467 -3.0940249870204672;-8.072405635478
9.05610074654718 -3.0948211156011096;-8.075572671063
9.057691630479273 -3.0956177493833037;-8.078737796204
9.059281667866735 -3.096414888682957;-8.081901041448
9.060870867542342 -3.0972125338175394;-8.08506243731
9.062459238342669 -3.098010685106245;-8.088222014284
9.064046789108236 -3.098809342869706;-8.091379802826
9.065633528683275 -3.0996085074304203;-8.094535833372
9.067219465916228 -3.1004081791123417;-8.097690136328
9.068804609659374 -3.101208358241112;-8.10084274207
9.070388968768988 -3.1020090451441495;-8.103993680968
9.071972552105521 -3.1028102401503466;-8.10714298333
9.073555368533597 -3.103611943590283;-8.11029067948
9.075137426921962 -3.1044141557962623;-8.113436799703
9.076718736143519 -3.1052168771023103;-8.116581374241
9.078299305075628 -3.1060201078440164;-8.119724433339
9.07987914260002 -3.1068238483586574;-8.122866007212
9.081458257602726 -3.10762809898518;-8.126006126053
9.083036658974216 -3.1084328600643607;-8.129144820035
9.084614355609542 -3.1092381319385565;-8.132282119312
9.086191356408325 -3.11004391495183;-8.13541805401
9.08776767027489 -3.110850209449949;-8.138552654266
9.089343306118181 -3.1116570157804047;-8.141685950158
9.090918272851923 -3.1124643342924463;-8.144817971772
9.092492579394651 -3.1132721653369932;-8.147948749171
9.094066234669842 -3.1140805092667945;-8.151078312405
9.09563924760591 -3.1148893664362154;-8.154206691505
9.097211627136328 -3.1156987372013623;-8.157333916491
9.098783382199656 -3.116508621920153;-8.160460017365
9.100354521739636 -3.1173190209522117;-8.163585024121
9.101925054705145 -3.118129934659044;-8.166708966736
9.10349499005055 -3.1189413634037733;-8.169831875178
9.105064336735492 -3.1197533075513517;-8.172953779403
9.106633103725084 -3.1205657674685083;-8.176074709357
9.108201299990053 -3.121378743523766;-8.179194694976
9.109768934506562 -3.1221922360874066;-8.182313766187
9.111336016256793 -3.12300624553147;-8.185431952909
9.11290255422833 -3.1238207722299327;-8.18854928505
9.114468557414924 -3.124635816558494;-8.191665792529
9.11603403481595 -3.1254513788946303;-8.194781505230
9.117598995437096 -3.126267459617753;-8.197896453052
9.119163448290031 -3.1270840591089266;-8.201010665886
9.120727402392664 -3.1279011777511156;-8.204124173615
9.122290866769028 -3.1287188159292745;-8.207237006123
9.123853850449784 -3.1295369740299206;-8.21034919329
9.125416362471828 -3.1303556524416676;-8.213460764997
9.12697841187861 -3.1311748515549054;-8.216571751120
9.128540007720385 -3.131994571761818;-8.219682181538
9.13010115905389 -3.1328148134566147;-8.222792086130
9.131661874942843 -3.13363557703521;-8.225901494778
9.133222164457926 -3.134456862895507;-8.22901043736
9.134782036676697 -3.135278671437205;-8.23211894377
9.13634150068387 -3.136101003061955;-8.23522704390
9.137900565571336 -3.136923858173417;-8.238334767641
9.139459240438395 -3.13774723717692;-8.241442144891
9.141017534391612 -3.138571140479871;-8.244549205560
9.142575456545135 -3.139395568491632;-8.247655979562
9.1441330160207 -3.1402205216233936;-8.25076249682
9.145690221947731 -3.141046000288248;-8.253868787267
9.147247083463526 -3.1418720049013293;-8.256974880843
9.148803609713141 -3.1426985358797266;-8.260080807498
9.150359809849913 -3.143525593642429;-8.263186597196
9.151915693035082 -3.1443531786103973;-8.266292279913
9.15347126843822 -3.145181291206476;-8.269397885635
9.155026545237195 -3.146009931855711;-8.272503444366
9.1565815326184 -3.1468391009849084;-8.275608986122
9.158136239776827 -3.1476687990229157;-8.2787145409
9.159690675916082 -3.148499026400624;-8.281820138852
9.161244850248565 -3.1493297835508782;-8.284925809941
9.162798771995558 -3.150161070908637;-8.288031584285
9.164352450387508 -3.150992888910813;-8.291137491988
9.165905894663833 -3.1518252379962375;-8.294243563172
9.167459114073367 -3.152658118605909;-8.297349827982
9.169012117874285 -3.1534915311827616;-8.30045631658
9.170564915334214 -3.1543254761719153;-8.303563059161
9.172117515730392 -3.155159954020408;-8.30667008593
9.173669928349877 -3.1559949651774266;-8.309777427125
9.1752221624895 -3.1568305100942373;-8.31288511300
9.1767742274562 -3.157666589224042;-8.3159931738
9.178326132566983 -3.158503203022227;-8.31910164001
9.179877887149093 -3.1593403519463648;-8.322210541788
9.181429500540126 -3.1601780364559096;-8.325319909569
9.18298098208825 -3.1610162570125544;-8.32842977375
9.184532341152128 -3.161855014080124;-8.331540164776
9.18608358710128 -3.162694308124485;-8.334651113099
9.187634729316184 -3.1635341396136374;-8.337762649220
9.189185777188207 -3.164374509017782;-8.34087480366
9.190736740120016 -3.165215416809253;-8.343987607011
9.192287627525413 -3.1660568634624253;-8.347101089848
9.193838448829712 -3.166898849454056;-8.350215282816
9.195389213469792 -3.1677413752628203;-8.353330216590
9.196939930894288 -3.168584441369755;-8.356445921884
9.1984906105636 -3.1694280482579407;-8.359562429451
9.200041261950147 -3.1702721964127667;-8.362679770085
9.201591894538382 -3.1711168863217543;-8.365797974620
9.203142517825185 -3.1719621184746627;-8.368917073934
9.204693141319805 -3.1728078933634363;-8.372037098948
9.206243774543868 -3.1736542114822752;-8.37515808062
9.207794427032024 -3.174501073327547;-8.378280049986
9.209345108331426 -3.175348479397999;-8.381403038079
9.210895828002446 -3.176196430194458;-8.384527076013
9.21244659561858 -3.177044926220094;-8.38765219494
9.21399742076649 -3.1778939679804408;-8.390778426070
9.215548313046476 -3.178743555983039;-8.393905800651
9.217099282072112 -3.179593690738005;-8.397034349993
9.218650337471146 -3.180444372757516;-8.4001641054
9.220201488884861 -3.1812956025563066;-8.403295098451
9.221752745968786 -3.182147380651137;-8.406427360448
9.223304118392573 -3.1829997075612892;-8.409560922971
9.224855615840404 -3.1838525838081955;-8.412695817603
9.226407248010691 -3.1847060099158098;-8.415832075984
9.227959024616784 -3.1855599864103423;-8.418969729812
9.229510955386846 -3.1864145138203837;-8.422108810850
9.231063050064002 -3.1872695926767802;-8.425249350917
9.232615318406417 -3.1881252235129365;-8.428391381898
9.234167770187891 -3.1889814068644595;-8.431534935743
9.235720415197466 -3.189838143269461;-8.434680044465
9.237273263239956 -3.190695433268398;-8.437826740142
9.238826324135985 -3.1915532774041955;-8.440975054923
9.240379607722094 -3.19241167622216;-8.444125021022
9.241933123851094 -3.1932706302699776;-8.447276670725
9.243486882392123 -3.194130140097875;-8.450430036388
9.2450408932308 -3.19499020625837;-8.453585150438
9.246595166269412 -3.195850829306681;-8.456742045376
9.248149711427168 -3.196712009800211;-8.459900753778
9.249704538640138 -3.1975737482990807;-8.4630613082
9.25125965786182 -3.1984360453657024;-8.466223741655
9.252815079062955 -3.1992989015651174;-8.469388086664
9.25437081223184 -3.200162317464854;-8.472554376205
9.255926867374516 -3.2010262936348743;-8.475722643246
9.257483254514945 -3.201890830647822;-8.478892920832
9.25903998369521 -3.2027559290787044;-8.482065242094
9.260597064975691 -3.2036215895051567;-8.485239640246
9.262154508435081 -3.204487812507373;-8.488416148588
9.26371232417101 -3.2053545986680687;-8.491594800506
9.265270522299598 -3.206221948572625;-8.494775629475
9.266829112956152 -3.2070898628089983;-8.497958669057
9.268388106295234 -3.2079583419675783;-8.501143952907
9.269947512490731 -3.208827386641633;-8.504331514772
9.271507341736072 -3.2096969974268097;-8.507521388490
9.273067604244545 -3.2105671749215103;-8.51071360799
9.27462831024937 -3.2114379197267473;-8.513908207318
9.27618947000396 -3.2123092324462332;-8.517105220584
9.277751093782001 -3.213181113686221;-8.520304682019
9.279313191877836 -3.21405356405577;-8.523506625948
9.280875774606432 -3.2149265841665686;-8.526711086797
9.28243885230384 -3.2158001746330056;-8.529918099096
9.284002435327164 -3.2166743360721517;-8.533127697477
9.285566534054873 -3.2175490691038133;-8.536339916678
9.28713115888695 -3.2184243743506036;-8.539554791546
9.28869632024523 -3.2193002524377468;-8.542772357033
9.290262028573391 -3.2201767039932916;-8.545992648202
9.291828294337357 -3.2210537296480224;-8.54921570022
9.29339512802536 -3.2219313300355656;-8.552441548396
9.294962540148209 -3.2228095057922657;-8.555670228108
9.296530541239576 -3.223688257557238;-8.558901774879
9.298099141856067 -3.224567585972511;-8.562136224342
9.299668352577466 -3.2254474916828846;-8.565373612248
9.301238184006937 -3.2263279753359475;-8.56861397446
9.302808646771357 -3.227209037582255;-8.57185734699
9.304379751521477 -3.228090679075186;-8.57510376594
9.305951508931994 -3.2289729004707857;-8.57835326754
9.307523929701905 -3.229855702428277;-8.581605888183
9.30909702455481 -3.2307390856096907;-8.58486166433
9.310670804238946 -3.2316230506798993;-8.588120632629
9.312245279527545 -3.232507598306742;-8.59138282981
9.313820461218867 -3.2333927291609177;-8.594648292781
9.315396360136717 -3.2342784439161454;-8.597917058541
9.316972987130352 -3.2351647432491992;-8.601189164251
9.318550353075057 -3.236051627839589;-8.604464647201
9.32012846887196 -3.236939098370022;-8.60774354482
9.321707345448587 -3.2378271555261895;-8.611025894677
9.323286993759037 -3.2387157999966254;-8.614311734484
9.324867424784074 -3.239605032473043;-8.617601102094
9.326448649531514 -3.2404948536501577;-8.620894035509
9.3280306790363 -3.2413852642257224;-8.624190572873
9.32961352436094 -3.242276264900563;-8.627490752484
9.331197196595536 -3.243167856378597;-8.630794612785
9.33278170685816 -3.244060039366814;-8.634102192374
9.334367066295098 -3.244952814575295;-8.637413530002
9.335953286080894 -3.2458461827173357;-8.640728664577
9.337540377418943 -3.2467401445092703;-8.644047635160
9.339128351541362 -3.2476347006706296;-8.647370480976
9.340717219709543 -3.248529851924018;-8.650697241407
9.342306993214152 -3.2494255989953613;-8.654027955999
9.343897683375591 -3.250321942613641;-8.657362664463
9.345489301543946 -3.2512188835111955;-8.660701406674
9.347081859099625 -3.252116422423472;-8.664044222679
9.348675367453303 -3.253014560089187;-8.667391152690
9.350269838046355 -3.253913297250288;-8.670742237093
9.35186528235106 -3.2548126346519757;-8.67409751645
9.353461711870803 -3.255712573042735;-8.677457031494
9.355059138140376 -3.256613113174409;-8.680820823138
9.356657572726153 -3.257514255802092;-8.684188932474
9.35825702722643 -3.258416001684288;-8.687561400776
9.359857513271795 -3.259318351582734;-8.690938269500
9.361459042525258 -3.260221306262525;-8.694319580286
9.363061626682406 -3.2611248664922377;-8.697705374966
9.364665277471918 -3.2620290330436807;-8.701095695555
9.366270006655569 -3.262933806692252;-8.704490584263
9.367875826028865 -3.263839188216582;-8.707890083493
9.369482747420939 -3.264745178398818;-8.71129423584
9.371090782694889 -3.265651778024643;-8.714703084106
9.372699943748326 -3.2665589878830614;-8.7181166712
9.374310242513271 -3.267466808766666;-8.721535040554
9.375921690956755 -3.2683752414714773;-8.724958235334
9.377534301080821 -3.269284286797123;-8.728386299223
9.379148084923006 -3.2701939455466578;-8.731819276033
9.380763054556532 -3.271104218526779;-8.735257209789
9.38237922209061 -3.2720151065476832;-8.738700144725
9.38399659967067 -3.2729266104231547;-8.74214812529
9.385615199478757 -3.273838730970655;-8.74560119615
9.387235033733806 -3.27475146901111;-8.749059402196
9.388856114691666 -3.2756648253693355;-8.752522788527
9.39047845464583 -3.276578800873522;-8.755991400474
9.392102065927375 -3.2774933963556974;-8.759465283594
9.39372696090534 -3.2784086126515666;-8.762944483670
9.395353151987134 -3.2793244506004227;-8.766429046714
9.396980651618765 -3.28024091104536;-8.769919018973
9.398609472284967 -3.281157994833346;-8.773414446928
9.400239626509748 -3.2820757028148995;-8.776915377297
9.401871126856694 -3.2829940358443954;-8.780421857038
9.403503985929056 -3.2839129947800094;-8.78393393335
9.405138216370144 -3.2848325804837897;-8.787451653683
9.406773830863678 -3.285752793821497;-8.79097506572
9.408410842134057 -3.286673635662889;-8.794504217413
9.410049262946714 -3.287595106881489;-8.798039156946
9.411689106108472 -3.288517208354711;-8.801579932771
9.413330384467542 -3.289439940963912;-8.8051265935
9.41497311091429 -3.290363305594375;-8.808679188375
9.416617298381247 -3.2912873031353618;-8.812237766346
9.418262959843513 -3.2922119344799894;-8.815802376996
9.419910108319048 -3.293137200525531;-8.81937307008
9.421558756868887 -3.294063102173186;-8.822949895639
9.423208918597926 -3.294989640328061;-8.826532903964
9.424860606654526 -3.2959168158995444;-8.830122145635
9.426513834231443 -3.296844629800968;-8.833717671508
9.428168614565749 -3.2977730829497487;-8.837319532719
9.429824960939548 -3.298702176267372;-8.840927780688
9.431482886679994 -3.2996319106794436;-8.844542467121
9.433142405159554 -3.300562287115887;-8.84816364401
9.434803529796774 -3.301493306510639;-8.851791363652
9.43646627405619 -3.302424969801847;-8.855425678620
9.438130651448827 -3.303357277932011;-8.85906664179
9.439796675532495 -3.304290231847662;-8.862714306365
9.441464359912313 -3.3052238324996663;-8.86636872580
9.443133718240738 -3.3061580808432423;-8.870029953913
9.44480476421808 -3.307092977837782;-8.873698044784
9.44647751159281 -3.3080285244471908;-8.877373052834
9.448151974161998 -3.3089647216394757;-8.881055032789
9.449828165771528 -3.3099015703872103;-8.884744039697
9.451506100316614 -3.3108390716671954;-8.88844012892
9.453185791741976 -3.3117772264607437;-8.892143356169
9.454867254042181 -3.312716035753609;-8.895853777447
9.456550501262207 -3.3136555005359147;-8.899571449112
9.45823554749757 -3.3145956218023676;-8.903296427850
9.459922406894837 -3.3155364005521326;-8.907028770684
9.461611093651825 -3.316477837788976;-8.910768534978
9.463301622018292 -3.31741993452098;-8.914515778440
9.464994006295829 -3.3183626917610054;-8.918270559126
9.46668826083857 -3.319306110526532;-8.922032935439
9.468384400053534 -3.3202501918395333;-8.925802966141
9.470082438400745 -3.321194936726708;-8.92958071034
9.471782390393908 -3.322140346219462;-8.93336622753
9.473484270600643 -3.323086421353767;-8.937159577541
9.475188093642782 -3.3240331631704256;-8.940960820581
9.476893874196815 -3.3249805727150195;-8.944770017230
9.478601626994426 -3.3259286510377484;-8.948587228443
9.480311366822665 -3.3268773991935907;-8.952412515552
9.482023108524203 -3.3278268182425697;-8.95624594027
9.483736866998179 -3.328776909249398;-8.960087564698
9.485452657200131 -3.329727673283691;-8.963937451321
9.487170494142621 -3.3306791114199497;-8.967795663021
9.488890392895478 -3.331631224737648;-8.97166226307
9.490612368586334 -3.332584014321074;-8.975537315153
9.492336436400944 -3.3335374812596674;-8.9794208833
9.49406261158354 -3.3344916266477176;-8.983313032131
9.495790909437297 -3.335446451584718;-8.987213826414
9.49752134532475 -3.3364019571751014;-8.99112333150
9.499253934668051 -3.3373581445282907;-8.995041613147
9.500988692949448 -3.3383150147590035;-8.998968737486
9.502725635711851 -3.3392725689870018;-9.00290477111
9.50446477855899 -3.3402308083372345;-9.00684978103
9.50620613715581 -3.3411897339398733;-9.010803834706
9.507949727229164 -3.342149346930312;-9.014767000018
9.509695564567966 -3.343109648449043;-9.018739345301
9.511443665023627 -3.344070639642136;-9.022720939335
9.513194044510598 -3.3450323216606703;-9.026711851351
9.514946719006677 -3.345994695661214;-9.030712151038
9.516701704553519 -3.3469577628057534;-9.034721908542
9.51845901725682 -3.3479215242615146;-9.03874119447
9.520218673286987 -3.3488859812013194;-9.042770079920
9.521980688879601 -3.3498511348032833;-9.046808636427
9.523745080335527 -3.3508169862511883;-9.050856936031
9.525511864021723 -3.3517835367340565;-9.05491505124
9.527281056371198 -3.35275078744679;-9.058983055062
9.529052673884031 -3.353718739589584;-9.06306102098
9.530826733127345 -3.354687394368443;-9.067149022983
9.532603250735814 -3.3556567529949133;-9.071247135557
9.534382243412221 -3.3566268166862434;-9.075355433693
9.536163727927843 -3.3575975866653485;-9.079473992891
9.537947721122897 -3.3585690641609167;-9.083602889166
9.539734239906934 -3.3595412504073385;-9.08774219905
9.54152330125926 -3.3605141466449373;-9.09189199960
9.543314922229545 -3.3614877541196497;-9.096052368410
9.545109119938083 -3.3624620740835054;-9.100223383589
9.54690591157626 -3.363437107794307;-9.104405123797
9.548705314407105 -3.3644128565158082;-9.108597668237
9.55050734576562 -3.365389321517731;-9.112801096656
9.552312023059358 -3.366366504075713;-9.117015489358
9.554119363768805 -3.367344405471555;-9.121240927205
9.55592938544785 -3.3683230269930275;-9.12547749162
9.557742105724099 -3.3693023699341174;-9.129725264600
9.559557542299586 -3.3702824355947802;-9.133984328709
9.561375712951026 -3.37126322528126;-9.138254767097
9.563196635530378 -3.372244740305965;-9.142536663495
9.565020327965328 -3.373226981987467;-9.146830102226
9.566846808259626 -3.374209951650786;-9.151135168206
9.568676094493707 -3.375193650627124;-9.155451946955
9.5705082048251 -3.376178080253971;-9.159780524598
9.57234315748871 -3.3771632418753184;-9.164120987871
9.57418097079766 -3.378149136841553;-9.168473424131
9.576021663143493 -3.3791357665094557;-9.172837921354
9.577865252996645 -3.380123132242381;-9.177214568149
9.57971175890706 -3.3811112354101835;-9.181603453757
9.581561199504563 -3.3821000773892385;-9.18600466806
9.583413593499344 -3.383089659562546;-9.190418301590
9.585268959682452 -3.3840799833196966;-9.194844445525
9.587127316926257 -3.3850710500571735;-9.199283191706
9.588988684185072 -3.3860628611779076;-9.203734632638
9.59085308049535 -3.3870554180917756;-9.208198861495
9.592720524976428 -3.3880487222153866;-9.212675972127
9.594591036830955 -3.389042774972153;-9.217166059069
9.596464635345193 -3.390037577792415;-9.221669217542
9.598341339889796 -3.3910331321134057;-9.226185543466
9.600221169919994 -3.392029439379338;-9.230715133458
9.602104144976423 -3.393026501041354;-9.235258084846
9.603990284685338 -3.3940243185577534;-9.239814495671
9.605879608759238 -3.3950228933937643;-9.244384464695
9.607772136997202 -3.396022227021862;-9.248968091407
9.609667889285578 -3.3970223209215744;-9.253565476030
9.61156688559847 -3.3980231765797297;-9.258176719529
9.613469145998089 -3.3990247954903863;-9.262801923614
9.615374690635335 -3.400027179154832;-9.267441190751
9.617283539750268 -3.4010303290818333;-9.272094624164
9.619195713672653 -3.4020342467872977;-9.276762327847
9.621111232822528 -3.403038933794753;-9.281444406570
9.623030117710368 -3.404044391635046;-9.286140965880
9.624952388938038 -3.4050506218467325;-9.290852112117
9.626878067198906 -3.406057625975687;-9.29557795241
9.628807173278727 -3.40706540557544;-9.300318594711
9.630739728055751 -3.408073962207321;-9.30507414775
9.632675752501576 -3.4090832974401364;-9.309844721104
9.634615267681504 -3.4100934128504745;-9.314630425155
9.636558294754838 -3.4111043100228633;-9.319431371127
9.638504854975654 -3.4121159905494336;-9.324247671082
9.640454969693398 -3.4131284560302744;-9.329079437929
9.642408660353084 -3.414141708073468;-9.333926785429
9.64436594849597 -3.4151557482949313;-9.338789828211
9.646326855760197 -3.4161705783187335;-9.343668681769
9.648291403880894 -3.4171861997768316;-9.348563462477
9.650259614690995 -3.418202614309407;-9.353474287596
9.652231510121865 -3.4192198235647764;-9.358401275277
9.65420711220349 -3.4202378291994995;-9.363344544577
9.656186443065227 -3.4212566328783245;-9.368304215459
9.658169524935907 -3.4222762362743664;-9.37328040880
9.660156380145065 -3.4232966410689647;-9.378273246427
9.662147031122775 -3.4243178489521275;-9.383282851063
9.664141500400472 -3.4253398616219988;-9.38830934640
9.666139810611394 -3.4263626807854264;-9.393352857071
9.668141984491097 -3.427386308157785;-9.398413508673
9.670148044877987 -3.4284107454630286;-9.403491427768
9.672158014713819 -3.429435994433727;-9.408586741893
9.674171917044053 -3.430462056811332;-9.413699579573
9.676189775018525 -3.4314889343459454;-9.4188300703
9.67821161189195 -3.432516628796427;-9.423978344663
9.68023745102452 -3.433545141930554;-9.429144534123
9.68226731588209 -3.4345744755251273;-9.434328771252
9.684301230036787 -3.4356046313659006;-9.439531189631
9.68633921716777 -3.436635611247545;-9.44475192387
9.688381301061469 -3.4376674169739507;-9.44999110964
9.690427505612227 -3.4387000503580856;-9.455248883668
9.692477854822624 -3.4397335132221363;-9.4605253837
9.694532372804197 -3.4407678073975267;-9.46582074867
9.696591083777715 -3.441802934724989;-9.471135118460
9.69865401207376 -3.4428388970546875;-9.476468634122
9.700721182133314 -3.443875696246219;-9.481821437799
9.702792618508116 -3.444913334168578;-9.487193672744
9.704868345861193 -3.4459518127004385;-9.492585483331
9.706948388967394 -3.4469911337299264;-9.497997015067
9.709032772713797 -3.4480312991548834;-9.50342841460
9.71112152210021 -3.4490723108829746;-9.508879829732
9.713214662239789 -3.4501141708314575;-9.51435140942
9.715312218359145 -3.451156880927644;-9.519843303801
9.717414215799252 -3.452200443108544;-9.525355664185
9.719520680015659 -3.453244859321294;-9.530888643078
9.721631636579076 -3.454290131522888;-9.53644239418
9.723747111175783 -3.455336261680517;-9.542017072433
9.725867129608073 -3.456383251771551;-9.547612833955
9.727991717794804 -3.457431103783466;-9.553229836127
9.730120901771791 -3.458479819714113;-9.558868237567
9.732254707692121 -3.4595294015716105;-9.564528198146
9.734393161826958 -3.460579851374521;-9.570209878997
9.736536290565752 -3.461631171151711;-9.575913442532
9.738684120416508 -3.4626833629428644;-9.581639052446
9.740836678006602 -3.463736428798092;-9.587386873732
9.7429939900831 -3.464790370778128;-9.5931570726
9.745156083512974 -3.4658451909545063;-9.59894981693
9.747322985283827 -3.46690089140949;-9.604765275419
9.749494722504089 -3.4679574742362673;-9.610603618428
9.751671322403535 -3.469014941538897;-9.616465017601
9.753852812333708 -3.470073295432452;-9.622349645942
9.756039219768276 -3.47113253804316;-9.628257677826
9.758230572303546 -3.4721926715080853;-9.634189289016
9.760426897658803 -3.47325369797582;-9.64014465667
9.762628223676451 -3.4743156196060943;-9.646123959361
9.764834578322866 -3.4753784385699182;-9.652127377070
9.767045989688448 -3.4764421570498305;-9.658155091218
9.76926248598814 -3.4775067772397206;-9.66420728466
9.771484095561618 -3.478572301345184;-9.670284141739
9.773710846873954 -3.4796387315832744;-9.676385848212
9.775942768515804 -3.4807060701828574;-9.682512591353
9.778179889203543 -3.481774319384505;-9.68866455991
9.780422237780016 -3.482843481440585;-9.694841944152
9.782669843214691 -3.483913558615508;-9.701044935838
9.784922734603814 -3.4849845531855506;-9.707273728270
9.787180941171155 -3.4860564674391226;-9.71352851628
9.789444492267776 -3.487129303676748;-9.719809496270
9.7917134173728 -3.4882030642112616;-9.726116866178
9.79398774609346 -3.489277751367559;-9.732450825536
9.796267508165418 -3.4903533674830944;-9.738811575460
9.798552733453263 -3.491429914907598;-9.745199318666
9.800843451950374 -3.492507396003588;-9.751614259485
9.803139693779624 -3.4935858131458764;-9.758056603873
9.805441489193274 -3.4946651687221886;-9.764526559423
9.807748868573459 -3.4957454651327025;-9.771024335380
9.810061862432196 -3.4968267047908297;-9.777550142654
9.812380501411926 -3.497908890122612;-9.784104193831
9.814704816285385 -3.498992023567129;-9.790686703185
9.817034837956012 -3.500076107576624;-9.797297886694
9.819370597458093 -3.501161144616396;-9.803937962051
9.821712125956974 -3.5022471371650843;-9.810607148675
9.824059454749133 -3.5033340877144914;-9.817305667730
9.826412615262495 -3.504421998769991;-9.82403374213
9.828771639056402 -3.505510872850297;-9.830791596559
9.831136557821914 -3.506600712487802;-9.837579457480
9.833507403381716 -3.507691520228504;-9.844397553149
9.835884207690373 -3.5087832986320633;-9.851246113629
9.838267002834574 -3.5098760502721893;-9.858125370805
9.840655821033007 -3.5109697777361815;-9.86503555839
9.843050694636169 -3.5120644836256565;-9.871976911948
9.84545165612716 -3.5131601705560334;-9.878949668900
9.847858738121012 -3.514256841157084;-9.88595406854
9.850271973364933 -3.5153544980727913;-9.892990352048
9.852691394738702 -3.5164531439612956;-9.9000587625
9.85511703525394 -3.5175527814955165;-9.907159544901
9.857548928054605 -3.518653413362638;-9.914292946157
9.859987106416977 -3.5197550422645163;-9.921459215129
9.862431603749283 -3.5208576709177875;-9.928658602628
9.864882453591786 -3.5219613020537244;-9.935891361431
9.867339689616681 -3.523065938418646;-9.943157746294
9.869803345628146 -3.5241715827736853;-9.950458013966
9.872273455561967 -3.525278237895253;-9.957792423203
9.874750053485613 -3.526385906574734;-9.965161234780
9.877233173597897 -3.5274945916187894;-9.972564711504
9.879722850228958 -3.5286042958494646;-9.980003118231
9.882219117839764 -3.5297150221043117;-9.987476721874
9.88472201102234 -3.5308267732362664;-9.994985791420
9.887231564499046 -3.5319395521140384;-10.002530597942
9.889747813122785 -3.5330533616219695;-10.010111414612
9.892270791876435 -3.5341682046602285;-10.017728516716
9.894800535872406 -3.5352840841449895;-10.025382181664
9.89733708035282 -3.536401003008325;-10.03307268900
9.8998804606886 -3.537518964198507;-10.040800320444
9.902430712379473 -3.5386379706799387;-10.048565359844
9.904987871053386 -3.5397580254334704;-10.056368093252
9.907551972466234 -3.5408791314561894;-10.064208808904
9.910123052501188 -3.5420012917618626;-10.072087797239
9.91270114716843 -3.5431245093807595;-10.080005350913
9.915286292604797 -3.544248787359794;-10.087961764813
9.91787852507273 -3.545374128762808;-10.095957336067
9.920477880960206 -3.5465005366705915;-10.103992364056
9.923084396780045 -3.5476280141808614;-10.112067150430
9.92569810916925 -3.5487565644084063;-10.12018199911
9.92831905488839 -3.5498861904852452;-10.128337216342
9.930947270820994 -3.551016895560841;-10.136533110625
9.933582793972729 -3.5521486828020654;-10.144769992809
9.93622566147091 -3.553281555393144;-10.153048176064
9.938875910563503 -3.554415516536209;-10.161367975897
9.941533578618536 -3.555550569450925;-10.169729710169
9.944198703123266 -3.556686717374773;-10.178133699105
9.946871321683222 -3.5578239635633713;-10.186580265302
9.949551472021437 -3.55896231129035;-10.195069733746
9.952239191977561 -3.560101763847352;-10.203602431818
9.954934519506711 -3.561242324544529;-10.212178689308
9.957637492678895 -3.5623839967101523;-10.22079883842
9.960348149677543 -3.5635267836911444;-10.229463213808
9.963066528798848 -3.5646706888530266;-10.238172152536
9.965792668450451 -3.565815715579972;-10.246925994137
9.968526607150448 -3.566961867275018;-10.25572508060
9.971268383526269 -3.5681091473600857;-10.264569756392
9.974018036313169 -3.5692575592762443;-10.27346036844
9.976775604353428 -3.5704071064835885;-10.28239726619
9.979541126594842 -3.5715577924615216;-10.291380801567
9.982314642089658 -3.572709620708756;-10.300411328999
9.98509618999276 -3.573862594743491;-10.309489205445
9.987885809560655 -3.5750167181036785;-10.318614790383
9.990683540149952 -3.576171994346846;-10.327788445824
9.99348942121588 -3.577328427050399;-10.337010536322
9.996303492310801 -3.578486019811691;-10.346281428979
9.999125793082644 -3.579644776247952;-10.355601493452
10.001956363273148 -3.5808046999968246;-10.364971101962
10.004795242716511 -3.5819657947160755;-10.374390629303
10.007642471337526 -3.583128064083918;-10.383860452843
10.010498089149749 -3.5842915117989227;-10.3933809525
10.013362136253779 -3.5854561415805852;-10.402952510909
10.016234652835568 -3.5866219571689184;-10.41257551310
10.019115679164237 -3.5877889623248427;-10.422250346865
10.022005255590514 -3.5889571608301862;-10.431977402511
10.024903422544405 -3.5901265564880402;-10.441757072992
10.027810220533436 -3.5912971531224747;-10.451589753864
10.030725690140184 -3.5924689545791244;-10.461475843297
10.033649872020785 -3.593641964724905;-10.471415742082
10.036582806902004 -3.5948161874482443;-10.481409853627
10.039524535579439 -3.595991626659365;-10.491458583967
10.042475098915123 -3.59716828629018;-10.50156234175
10.045434537835323 -3.5983461702945396;-10.51172153828
10.048402893327502 -3.599525282648446;-10.52193658746
10.051380206438683 -3.600705627349945;-10.532207905823
10.054366518272538 -3.6018872084192877;-10.54253591253
10.057361869986561 -3.603070029899178;-10.55292102937
10.060366302789976 -3.6042540958548974;-10.563363680779
10.063379857940571 -3.6054394103741982;-10.573864293770
10.066402576741947 -3.60662597756773;-10.584423298008
10.0694345005411 -3.6078138015688443;-10.59504112576
10.072475670725101 -3.6090028865340207;-10.605718211935
10.075526128718327 -3.6101932366427247;-10.616454994007
10.078585915979328 -3.611384856097728;-10.62725191208
10.081655073998242 -3.6125777491249833;-10.6381094088
10.084733644292754 -3.613771919974158;-10.64902792964
10.087821668405635 -3.614967372918243;-10.660007922294
10.090919187901182 -3.6161641122541566;-10.671049837269
10.094026244361832 -3.6173621423025137;-10.682154127593
10.097142879384922 -3.6185614674076616;-10.693321248850
10.100269134579019 -3.619762091938372;-10.70455165917
10.103405051560433 -3.6209640202874693;-10.715845819241
10.106550671949666 -3.6221672568719887;-10.727204192251
10.109706037367506 -3.6233718061334086;-10.738627243925
10.112871189431612 -3.6245776725377743;-10.750115442485
10.11604616975238 -3.625784860575627;-10.7616692586
10.119231019929085 -3.6269933747625194;-10.773289165586
10.122425781545903 -3.628203219638766;-10.78497563896
10.125630496167826 -3.629414399769728;-10.796729156859
10.128845205336681 -3.630626919745814;-10.808550199794
10.132069950566727 -3.631840784182798;-10.820439250688
10.13530477334039 -3.6330559977216614;-10.832396794854
10.138549715104038 -3.6342725650289287;-10.844423319970
10.14180481726325 -3.6354904907967933;-10.856519316062
10.145070121178577 -3.6367097797430636;-10.868685275482
10.148345668160815 -3.637930436611323;-10.88092169288
10.15163149946617 -3.6391524661713026;-10.893229065192
10.154927656291786 -3.6403758732184732;-10.905607891594
10.158234179770716 -3.641600662574791;-10.91805867349
10.16155111096677 -3.6428268390883245;-10.930581914506
10.16487849087002 -3.6440544076335923;-10.94317812039
10.168216360391156 -3.645283373111581;-10.955847799087
10.171564760356826 -3.6465137404498327;-10.968591460600
10.174923731503814 -3.647745514602838;-10.98140961703
10.178293314474061 -3.6489787005518215;-10.994302782549
10.18167354980913 -3.650213303304972;-11.007271473286
10.185064477944675 -3.651449327897409;-11.020316207378
10.188466139204582 -3.6526867793917495;-11.033437504890
10.191878573795943 -3.653925662877504;-11.046635887785
10.195301821802428 -3.6551659834718597;-11.059911879886
10.198735923178884 -3.6564077463194478;-11.073266006830
10.202180917745316 -3.6576509565924686;-11.086698796033
10.205636845181008 -3.6588956194907274;-11.100210776641
10.209103745017803 -3.6601417402421843;-11.113802479486
10.212581656634423 -3.661389324102333;-11.127474437042
10.216070619249898 -3.6626383763548764;-11.141227183373
10.219570671917271 -3.6638889023116894;-11.155061254087
10.22308185351691 -3.665140907312767;-11.168977186283
10.226604202750227 -3.666394396726491;-11.182975518501
10.230137758132674 -3.6676493759496998;-11.197056790665
10.233682557987194 -3.668905850407671;-11.211221544032
10.237238640437194 -3.6701638255542113;-11.225470321131
10.240806043399793 -3.6714233068720814;-11.239803665705
10.244384804578466 -3.6726842998728193;-11.254222122654
10.247974961456137 -3.673946810096651;-11.26872623796
10.251576551288018 -3.6752108431129704;-11.283316558673
10.25518961109406 -3.6764764045202503;-11.297993632752
10.25881417765185 -3.67774349994606;-11.312758009093
10.262450287488736 -3.679012135047226;-11.327610237410
10.266097976874427 -3.6802823155100617;-11.342550868177
10.269757281813632 -3.681554047050013;-11.357580452559
10.273428238037681 -3.682827335412351;-11.37269954233
10.27711088099715 -3.6841021863718337;-11.38790868981
10.280805245853688 -3.6853786057328852;-11.403208447786
10.284511367472156 -3.6866565993296296;-11.418599369409
10.288229280412427 -3.6879361730260873;-11.434082008149
10.291959018921062 -3.6892173327161393;-11.449656917694
10.295700616923192 -3.6905000843236513;-11.465324651866
10.299454108014217 -3.6917844338025807;-11.48108576453
10.303219525451144 -3.693070387136923;-11.496940809549
10.30699690214404 -3.6943579503409074;-11.512890340603
10.310786270647696 -3.69564712945905;-11.528934911191
10.314587663152722 -3.696937930566011;-11.545075074489
10.318401111476668 -3.698230359767005;-11.56131138326
10.32222664705533 -3.6995244231976754;-11.577644389785
10.326064300933815 -3.7008201270239516;-11.594074645704
10.329914103757385 -3.7021174774425836;-11.610602701976
10.33377608576253 -3.7034164806807146;-11.627229108745
10.337650276767636 -3.7047171429962544;-11.643954415238
10.341536706163986 -3.706019470677684;-11.660779169666
10.345435402906087 -3.707323470044428;-11.677703919107
10.349346395502586 -3.7086291474465005;-11.694729209399
10.353269712006846 -3.709936509264753;-11.711855585026
10.357205380007144 -3.711245561911105;-11.729083589004
10.361153426617403 -3.712556311828137;-11.746413762765
10.365113878467376 -3.713868765489461;-11.763846646036
10.369086761693012 -3.7151829293996874;-11.781382776721
10.373072101926482 -3.716498810094495;-11.799022690776
10.377069924286786 -3.7178164141404;-11.816766922088
10.381080253369682 -3.719135748135023;-11.834616002346
10.385103113237538 -3.7204568187070874;-11.852570460913
10.389138527409656 -3.7217796325164043;-11.870630824696
10.393186518852147 -3.723104196253817;-11.888797618015
10.397247109967907 -3.724430516641415;-11.907071362469
10.401320322586248 -3.7257586004321785;-11.925452576797
10.405406177953285 -3.727088454410512;-11.943941776747
10.4095046967213 -3.7284200853916394;-11.962539474929
10.413615898938769 -3.729753500222084;-11.981246180680
10.417739804040067 -3.7310887057793485;-12.000062399917
10.421876430834914 -3.7324257089722;-12.018988634994
10.426025797498617 -3.7337645167404743;-12.038025384555
10.430187921561387 -3.7351051360550036;-12.057173143385
10.434362819898116 -3.7364475739178493;-12.076432402263
10.43855050871797 -3.737791837361857;-12.095803647807
10.442751003554125 -3.739137933451242;-12.115287362322
10.446964319253318 -3.740485869280916;-12.134884023646
10.451190469965493 -3.7418356519769125;-12.154594104991
10.45542946913353 -3.7431872886962614;-12.174418074791
10.45968132948288 -3.744540786626689;-12.194356396536
10.463946063011054 -3.7458961529869006;-12.214409528614
10.468223680977527 -3.747253395026422;-12.234577924151
10.472514193893232 -3.7486125200255094;-12.254862030844
10.476817611510317 -3.749973535295097;-12.27526229079
10.481133942811994 -3.7513364481767963;-12.29577914035
10.485463196002119 -3.752701266042897;-12.316413009944
10.489805378495188 -3.7540679962960644;-12.33716432388
10.49416049690575 -3.7554366463696054;-12.358033500248
10.498528557039009 -3.7568072237270256;-12.379020950657
10.502909563880223 -3.7581797358621882;-12.400127080138
10.50730352158486 -3.7595541902992435;-12.421352286939
10.511710433468505 -3.7609305945924154;-12.442696962354
10.5161303019974 -3.762308956326126;-12.464161490556
10.520563128777958 -3.7636892831146396;-12.485746248417
10.525008914547527 -3.7650715826022596;-12.507451605333
10.529467659164833 -3.766455862462794;-12.529277923052
10.533939361600016 -3.7678421303998055;-12.551225555494
10.538424019925284 -3.769230394146521;-12.573294848577
10.54292163130582 -3.7706206614656024;-12.59548614003
10.547432191989977 -3.77201294014895;-12.617799759258
10.551955697300606 -3.7734072380178274;-12.64023602708
10.556492141625807 -3.7748035629223997;-12.662795255640
10.561041518410004 -3.7762019227418753;-12.685477748181
10.565603820145054 -3.7776023253842927;-12.70828379888
10.570179038361943 -3.7790047787862724;-12.73121369267
10.574767163621733 -3.7804092909131226;-12.754267705078
10.579368185507796 -3.7818158697584137;-12.777446102009
10.583982092617006 -3.7832245233440487;-12.800749139615
10.588608872552062 -3.7846352597199973;-12.824177064098
10.59324851191344 -3.7860480869640467;-12.847730111538
10.597900996291568 -3.7874630131819975;-12.871408507721
10.602566310259618 -3.7888800465068995;-12.895212467965
10.607244437365704 -3.790299195099567;-12.919142196953
10.611935360126086 -3.791720467147779;-12.943197888559
10.616639060017945 -3.793143870866529;-12.967379725679
PointOptimal;ValeurOptimale
[10.61663906 -3.79314387];-12.967379725679056
Temps;Nb iteration
0.07442736625671387;1000