Point;Valeur
-10.141970407278155 -1.75528381865415;166.85103630762
-9.903025655500967 -1.51633906649031;158.02116585221
-9.728609618448766 -1.339734320045319;151.20432669703
-9.581788617917837 -1.1901595772284606;145.20288418835
-9.450875215942926 -1.0561495981921492;139.62425867061
-9.33036921179308 -0.9322963129426854;134.27710292179
-9.217154700110697 -0.8155306352788253;129.04619650438
-9.109248453369347 -0.7038960313264869;123.85074637368
-9.005276569993296 -0.5960348315395877;118.62634123446
-8.904218498739548 -0.4909365889679674;113.3153116457
-8.805265625531318 -0.3877988038533063;107.86025893066
-8.707733467314977 -0.2859402124027225;102.19836359409
-8.61099885549507 -0.18473849661925873;96.25481215543
-8.514445395856459 -0.08357590293109453;89.93335792020
-8.417402993933457 0.018221370744324603;83.10044313102
-8.319061634329856 0.12146983111360074;75.55474909902
-8.218318325848601 0.2272824782529898;66.95996219592
-8.113445744125238 0.33740083121697095;56.66506463937
-8.00118985766389 0.4550942856985334;43.04278504505
-7.873243475197531 0.5886383575279788;17.696467894926
-7.68208750323133 0.7837554247284882;44.02439963706
-7.756159040844352 0.7067258418094272;32.44863324350
-7.852624911502591 0.6078500231244747;9.395457366742
-7.655093248108319 0.8063408456632337;46.9634447312
-7.694518162424761 0.7658642818336063;41.71336356210
-7.740032265477385 0.7194099474784376;34.71106357705
-7.7956376531337455 0.6630325385107245;23.540732855897
-7.876410016231946 0.581789077276732;19.665387742372
-7.782992206832784 0.6749685717375593;26.331654075410
-7.851627967820782 0.6058314077777625;10.340984518758
-7.706122396769384 0.7514523081267834;39.722949378912
-7.7442147891300035 0.7127339861364268;33.638827593801
-7.790308444136065 0.6661320444691271;24.361979397064
-7.854408670983821 0.601734694007631;12.343250303973
-7.738434294671083 0.7175891615636792;34.483536746638
-7.7802485539585575 0.6752993864140958;26.47530901393
-7.835605788260683 0.6196322749141657;7.548325962717
-7.990507512114749 0.46514889497641543;41.653399866380
-7.961054304659668 0.49408877096829734;37.396195193967
-7.9274222605197675 0.5272651913245102;31.828750809033
-7.887110914788927 0.5672093083982708;23.44246049764
-7.8320258537545735 0.6220870421989353;9.338735317198
-7.954654452254107 0.4994565504813331;36.531920704319
-7.921940599028641 0.5317756900526307;30.971667252189
-7.882545428005252 0.5708644651273528;22.489098152122
-7.8279088584864756 0.6253598146330794;11.245910710847
-7.929966385896031 0.523147571357057;32.53163656648
-7.893319864417567 0.5594727338633348;25.234605021279
-7.845428406610263 0.6071745022956165;9.150054102771
-7.7267654375780115 0.7262064583697805;35.96399235362
-7.757359891816241 0.6951556112457941;30.58208712141
-7.794442332375212 0.6576780131637432;22.415067977091
-7.846029649306822 0.6058075376121383;9.918142638796
-7.737294328105669 0.7147043682733579;34.08831845965
-7.769377700820587 0.6822238902187862;28.056498139061
-7.809478729834322 0.6418038123141666;17.889258681198
-7.87283573461473 0.5782983975417847;20.396999237142
-7.816300619806669 0.6346158620430331;15.406994858163
-7.889817062879457 0.5609997463691753;24.818760284931
-7.842916073997258 0.6076190701390073;8.678507536867
-7.722848002392815 0.7278865349012419;36.280559955099
-7.751965081939865 0.6983791990773393;31.239394476171
-7.786860873352718 0.6631553987115372;23.855590246838
-7.833642916044068 0.6161566674906891;5.0187168323277
-8.000409125436473 0.45016657644000846;43.597385149458
-7.980166624130882 0.4700759681988922;40.855798646480
-7.957872131440163 0.4920614763293396;37.599113681985
-7.932902675255988 0.5167564290438547;33.56959338619
-7.904138197846764 0.5452971550676128;28.20905033047
-7.869071610038574 0.5802211214429426;19.770172186914
-7.818456554026676 0.6308623332042383;14.014565104274
-7.888941837604421 0.5600595972998854;24.97996389486
-7.84812516344951 0.6007744432794315;12.332587967674
-7.767558454626236 0.6815975391037497;27.99514973636
-7.803617658681166 0.645137513407912;19.04117195075
-7.857548415661472 0.5908872333482612;16.30744235212
-7.794029800967603 0.654455994499974;21.698542146396
-7.84222333158586 0.6059296479954055;9.547867615985
-7.738836711140927 0.7096442578739887;33.30148202492
-7.768946744350767 0.6791357390824481;27.512382179764
-7.806497147628829 0.6412450493441981;17.863199609496
-7.865059226766052 0.5824656251629368;19.028174824524
-7.809118428747567 0.6382979480070006;16.89633966980
-7.87186368342547 0.5753528830677409;21.07110213118
-7.820422054107765 0.6266414476571729;12.290225431790
-7.905568422739684 0.5413999614555763;28.9311776961
-7.868088572981337 0.5786051023734318;20.136754866289
-7.8138233756572255 0.6327445890445875;14.916905097806
-7.885939673419584 0.560452115025713;24.8058799205
-7.841297517633483 0.6048814684809845;10.01058052740
-7.738029831592374 0.7083584336144334;33.12660388309
-7.769707083609315 0.6762926300658828;26.968387693929
-7.809736246304366 0.6359475894661604;16.15503224643
-7.876753401588804 0.5687856268969351;22.747168001726
-7.827953396919555 0.6173675077753961;6.803286606644
-7.9658203966029575 0.47983073715260927;39.35381466034
-7.940814539428584 0.5044780849504501;35.52936127084
-7.912323339814527 0.5326532790953467;30.581525850413
-7.878390176259922 0.5663359309211922;23.335243372111
-7.833190300657003 0.611403495887499;4.696287841497
-7.66623462973601 0.7793852802243222;43.803897979
-7.68429160653889 0.7610189569044893;41.31911111834
-7.704162274162596 0.7408570341483751;38.40470803540
-7.72633984471952 0.718414337535965;34.872566382336
-7.751650753286691 0.6928765501764202;30.35326920057
-7.781728202844578 0.6626311860858932;23.913237080729
-7.821016779394203 0.6232799184628832;10.790672702414
-7.906055054252103 0.5385912834603566;29.42600393642
-7.873645953140318 0.5706091689684837;22.23248525057
-7.829983647880044 0.6139374418727688;2.9388950697280
-8.025870077367497 0.41977338149746646;47.38771819188
-8.012987637787754 0.43253782855364475;45.795614823162
-7.999179764192897 0.44624140628514447;44.0231174917
-7.98430701365412 0.46102743995682144;42.02779253650
-7.96818374823293 0.4770866322852881;39.74850591010
-7.950550738623469 0.49468505937055596;37.09171123872
-7.93102169416195 0.514218755125032;33.901701575453
-7.908964563618711 0.5363347618193506;29.884339974287
-7.883181567531083 0.5622571042358662;24.349836875963
-7.850701206478999 0.5950161677144625;14.622495220537
-7.796157816776529 0.6502450195861164;20.62404136942
-7.835511563517526 0.6102149438167953;6.135130635859
-7.715606016339612 0.7317883832987933;36.96639835803
-7.735826869714037 0.7111043120270991;33.589610382821
-7.758904966512823 0.6875634525154747;29.272605773908
-7.786324722810296 0.659683432753862;23.133801743289
-7.8221028058879725 0.6234460985937144;10.788939941718
-7.898083149547021 0.5469925753662924;27.734661838729
-7.867368875402987 0.5776801818160139;20.337514044327
-7.824690022872869 0.6204902726364082;9.095083853108
-7.915953030028783 0.5288309815130038;31.292575666713
-7.888301804630894 0.5563735984893691;25.688110401530
-7.853777601980411 0.5908842338752724;16.125496606214
-7.798385149712942 0.6465060015463802;19.607187098419
-7.844508527794415 0.599963933609247;12.430908974118
-7.772005196344254 0.6728281208650574;26.249646027198
-7.806951337677073 0.6374666770530286;16.749687408712
-7.862564318160587 0.581484160331687;19.182537223521
-7.812873368246795 0.6312374147885694;14.453611322862
-7.878397877818966 0.5653740756353236;23.54087919417
-7.836914892695316 0.6068040211978653;8.605528075312
-7.731422479057656 0.7128328674068678;33.94670851870
-7.758610016886755 0.6852394791437376;28.880547103900
-7.791617295387524 0.6518642489490502;21.18130124433
-7.837708858320407 0.6054734261046266;9.414905284110
-7.738880788809098 0.7046161178693182;32.536202078898
-7.767961257576637 0.6751687898389325;26.809736994259
-7.804346413095818 0.638470779991574;17.166212318946
-7.861940116531451 0.5806819824015835;19.365382655720
-7.809803408427081 0.6327083262038738;15.114295222480
-7.876088921605379 0.5662631326427352;23.273042130682
-7.831790880170572 0.6103800275918001;5.489274171290
-7.680736922854238 0.7621665296148403;41.52371465566
-7.700931717912725 0.7416397689215769;38.571178147607
-7.723482537533375 0.7187807284080167;34.98830582998
-7.749241529553504 0.6927487178675179;30.39375632985
-7.779904234663676 0.6618675782257892;23.81263584657
-7.82015556311651 0.6214951623181816;9.995179017053
-7.912594186142926 0.5293484010600317;31.12442152234
-7.881692395228305 0.559885713610547;24.785075443656
-7.842068322073755 0.599206286851381;12.581065305204
-7.765518611210531 0.6756319710801012;26.966579460566
-7.801818282065261 0.6391171451037421;17.467170277056
-7.858661212584759 0.5822222937469859;18.826536837310
-7.804891008035869 0.6357584065991602;16.329976760112
-7.866716128569054 0.5738948661721222;21.224483619379
-7.817968910227819 0.6223843846560431;10.594429186267
-7.910968135978061 0.5295301198250352;31.05378394130
-7.877974528786932 0.5621772579985007;24.19715224577
-7.834861370448993 0.6050275332014262;9.41473061523
-7.731423363554017 0.7085685470750981;33.31224491183
-7.761123102515168 0.6785412306673502;27.625090184489
-7.7980365008950745 0.6413702994345551;18.263885422688
-7.854683792604806 0.5846174412783042;18.005649985891
-7.796370959252524 0.6427316302515005;18.70294336387
-7.8526595191444315 0.5863199044683972;17.43489086597
-7.791568445879163 0.6472258256597428;20.057162850836
-7.844946972586899 0.593691161060608;14.76630178839
-7.772629109379532 0.6658800312592673;24.870291444638
-7.81608752855745 0.6221833708962515;10.638396172806
-7.913165774191323 0.525222388087346;31.794998953650
-7.879387455245599 0.5586403356026207;24.96256356569
-7.835608908879463 0.6021487555624028;10.893126867117
-7.740373854576041 0.6974363610677199;31.37582368410
-7.773942469797277 0.6635294447889019;24.35076845221
-7.818303949058447 0.6189253289605476;8.777707870016
-7.931639126811725 0.5058020956439144;35.13576537366
-7.902075293378114 0.5349954882472087;29.926238178391
-7.866532295400961 0.5702313132330156;22.064925653302
-7.817695332836805 0.6188780786063326;8.80503170623
-7.929533273809932 0.5071466533741944;34.895957502244
-7.900071691969312 0.5362702821417764;29.65898930277
-7.864574816792054 0.5714969335464237;21.705089387360
-7.815447329518596 0.6204820878573711;9.855419776476
-7.916757206257915 0.5191436812321804;32.824302579155
-7.885073481883423 0.5505271513682822;26.707604027612
-7.845321006938317 0.590068061531097;15.96599895611
-7.779198857588308 0.6561973783579753;22.613805940508
-7.82635267866223 0.6087328759896387;6.174042153522
-7.681991442761626 0.75373023746716;40.47071551117
-7.704281450336221 0.7310694535675655;37.105288140766
-7.72947784631861 0.7055314381391591;32.898708684831
-7.758881274736411 0.6758307178214763;27.193780579854
-7.7955498470620554 0.6389377920078165;17.694570587950
-7.852694434564855 0.5817328624389636;18.707092228562
-7.797652405570248 0.6365405491055243;16.905956289293
-7.858454809355711 0.5756829907044747;20.483607221700
-7.8071504612959775 0.6267363069681764;13.144551600176
-7.8852179683015535 0.5487043085835664;27.051189531844
-7.845987264148546 0.5876162184942022;16.74844749172
-7.78275836725401 0.6506785872773778;21.22719758649
-7.833033462203224 0.6002232484846641;11.571943997743
-7.743529192261837 0.689697825564044;30.03512575340
-7.778540609759637 0.6543834835299448;22.23179436326
-7.826900388162552 0.6058372775107979;8.247555788437
-7.708332489817758 0.7245485947663742;36.12896838815
-7.735794294681434 0.6967432231719807;31.378357560884
-7.768460811391292 0.6637906224621379;24.578534294827
-7.811280657054548 0.6207855691686368;10.329415576068
-7.908588127710951 0.5236909755065434;31.921805365075
-7.875824533113997 0.5560757190827355;25.361013198245
-7.8337997518319025 0.5977985508353933;12.625484709352
-7.75174904247161 0.6797755292790671;28.107958667987
-7.789154548784476 0.6420950869760615;18.83322249051
-7.845798034469357 0.5853284111460598;17.410347852941
-7.7838629668090675 0.6470721280705962;20.31671758868
-7.8372074678884 0.5935683257281356;14.391695155199
-7.762360171870312 0.668289541496361;25.663590706105
-7.804857198020795 0.6255427506814938;12.822260747143
-7.888192596519741 0.5422363943838828;28.305288561076
-7.849124047439723 0.5809679420807733;18.761717146892
-7.790034482059587 0.6398646952725077;18.193044307490
-7.850832759947733 0.5789197262750063;19.36988281266
-7.792836711013822 0.6367150717532842;17.177837925316
-7.857781187925906 0.5716380449634152;21.42450771563
-7.804615656352752 0.6245720024194432;12.452459458888
-7.892487943506648 0.536686789674576;29.385487205502
-7.8539185934454725 0.5749227445071374;20.49525582562
-7.798277524849957 0.6303728040008655;14.935595083557
-7.873139820922047 0.5553910081637086;25.412664434666
-7.827856398815442 0.6004057399771942;11.1337050697
-7.730232582403771 0.6981127977220805;31.73197706389
-7.764974260479104 0.6629976411499842;24.527326994979
-7.811016491400335 0.6166814906387234;8.122324607024
-7.935285253081288 0.49264936148318583;37.03931257377
-7.906780987095859 0.5207691749503129;32.33233587809
-7.873297626275562 0.5539261271389848;25.704340823455
-7.830410776721145 0.596584560008695;12.89366905613
-7.747445072052806 0.6796171388613447;28.198417268370
-7.785916356915538 0.6407925301353624;18.619881281579
-7.8448916143537994 0.5815970462334831;18.413450979218
-7.784492422256835 0.6418769199745679;18.967787092901
-7.843121509176662 0.5830236205868052;17.944160531162
-7.780514112852552 0.6455162340609707;20.060217580186
-7.836641733998636 0.5891489320270539;15.826887343178
-7.765548298323082 0.6601713074712026;23.925043890794
-7.813005802525525 0.6124217283831215;4.484079798252
-7.990531219285309 0.4356707688787409;45.055094719448
-7.971868619002578 0.4540435518978169;42.618795476696
-7.951487178771257 0.4741570386569344;39.7828347676
-7.928954303470429 0.49645238888171983;36.38426014391
-7.9035656851644225 0.5216465772399573;32.11721461590
-7.873997256813482 0.5510846217753728;26.272680222859
-7.837016851053009 0.5880418462946599;16.19150458122
-7.7769042041531415 0.6484058124395287;20.903663483956
-7.823976964311274 0.6008737552283382;10.638916230151
-7.734263827511821 0.6910842023828959;30.501475063092
-7.766085812050336 0.6588082128311917;23.62050102578
-7.808293360440483 0.6161899483357218;8.081381259958
-7.921828046712051 0.5025131002380258;35.3818472830
-7.894720133364593 0.5293748562633378;30.662724355254
-7.862613975228324 0.5613019045081636;23.87615969588
-7.820591999419963 0.603264556224349;9.160741497277
-7.718112264745951 0.7062406457805273;33.27158975212
-7.746793136668748 0.6771400062201274;27.773562175054
-7.782235698119632 0.6413208407639068;18.913687946070
-7.835224997501644 0.5880384009265788;16.105523740646
-7.772408587560214 0.6508890825222138;21.65228516109
-7.819622067114487 0.6033641398399299;9.022222039114
-7.713353964514233 0.709971876502858;33.93651897434
-7.742055405908496 0.6808855593175583;28.569267561375
-7.777230534912893 0.645378513156465;20.153140546444
-7.828099270915085 0.5942807071070361;13.62711310153
-7.7533338390486035 0.6690507515821769;26.081801914991
-7.79296375778152 0.6291231794219456;14.793779173857
-7.862782023930762 0.5591849993847204;24.32125122755
-7.819044574670769 0.6026954773731819;9.337980030206
-7.7132702055426545 0.7086630316744958;33.744916321895
-7.7429955885810235 0.678576732957726;28.136076781957
-7.77974534165446 0.6415310986604263;19.071276763060
-7.834839707742217 0.5862754208849428;16.62638333071
-7.771102842186984 0.6498745007999749;21.46386236569
-7.820875837275866 0.5998967802850674;10.868084772
-7.726362813378594 0.6944411369954185;31.24361300206
-7.759746595714808 0.6607307641849673;24.22861906779
-7.803905970596477 0.6163416909345636;8.584791637820
-7.9183547106640395 0.5021384486616257;35.35705345930
-7.889327831281527 0.5307924235535717;30.29031760349
-7.854612712393022 0.5651942662179561;22.77121044276
-7.807746614322484 0.611854767410453;4.760799485003
-7.974222818004108 0.44609841810452733;43.584449191751
-7.955042760738798 0.46498540446997505;40.9889312115
-7.933980772807811 0.4857772967343625;37.92886673102
-7.910502277116016 0.509018143568404;34.188470131777
-7.883681819060831 0.5356480108706332;29.325835057001
-7.851586563865531 0.5676259019531962;22.12311614322
-7.808268046204713 0.6109658831138794;3.593169620991
-7.98899774184824 0.4310694625194237;45.53619362751
-7.973913809958892 0.4459922365466676;43.590982446453
-7.9576075006190345 0.4621552793506935;41.382229009925
-7.939842495013157 0.47980068871662085;38.829144415453
-7.920275903155675 0.49927935278947033;35.801846838711
-7.898368175081542 0.5211426180047035;32.06779155175
-7.873159474982899 0.5463695940911268;27.13156296174
-7.8425436863674705 0.5771043040503602;19.50249103938
-7.799166707789669 0.620815807687394;11.222809343763
-7.873285351161335 0.5459841132295372;27.20620948201
-7.84153648441082 0.5778131089506052;19.278748344501
-7.795992175261829 0.6236543658510316;12.623399482531
-7.864852752651337 0.5541585851818307;25.39860566339
-7.829408287363192 0.5896906853468394;15.28789599699
-7.770333604574173 0.64917914245564;21.329173298480
-7.813285151307216 0.6056961339167269;6.934257935798
-7.693512001209944 0.7265530664089542;36.717996039664
-7.716485546380205 0.7031365778746436;32.839764616943
-7.743092230687204 0.6761027989428471;27.689883008315
-7.775690574526851 0.6431031348835344;19.64098305778
-7.822719382065069 0.5957174159878152;12.76224741176
-7.750549037351077 0.6681370887485722;25.98920106720
-7.7865972625016315 0.631713466517823;15.960294910564
-7.845976189915879 0.5720367524162793;20.89177533763
-7.799414149808726 0.6185625293380599;10.148169266078
-7.890974776839242 0.526826521181215;30.98046817006
-7.859761214819156 0.5578270549800961;24.50229464276
-7.819483228466842 0.5979942952731427;11.618737662819
-7.736955450908285 0.6807725728142456;28.687552618915
-7.770942944331172 0.646407057101719;20.645460710284
-7.819226052512014 0.597820020024979;11.676395067152
-7.73554788113572 0.6816854735177327;28.884117682532
-7.76993140082842 0.6469411599578347;20.812399344256
-7.8186987602758045 0.5978985424963126;11.607131541929
-7.733240388640633 0.6834950006307361;29.25705343637
-7.767692087322992 0.6486956752574597;21.31205572725
-7.816044443428092 0.60008857880238;10.42228599504
-7.721070788960583 0.6952125967054301;31.497105078800
-7.753003185233848 0.6629303764500536;24.890077924602
-7.794530401553756 0.6211314086422913;11.677253894125
-7.88081792479351 0.5348330362634592;29.38781835054
-7.845243351882393 0.570110727919047;21.32124347593
-7.795603373653436 0.6195735207452467;10.912039903856
-7.888052085524333 0.5271151754760406;30.85916117497
-7.854077701808023 0.5607859533728965;23.702551277083
-7.809112293252303 0.6055524712780106;6.556338315229
-7.671379202450694 0.7438103382661324;39.43264418145
-7.694574918029267 0.720247079704464;35.825602765249
-7.721023273276118 0.6934643371686355;31.21931734709
-7.752398274211407 0.6618062436973658;24.682048940852
-7.793200738422218 0.6208099216275638;11.628163000893
-7.877857667072861 0.5362680533079018;29.06228905499
-7.842710206123076 0.5710788588096019;20.998268291319
-7.793443770796645 0.6201087957108785;11.305299861546
-7.881388759615532 0.5322439257219139;29.84046881337
-7.846791675203482 0.5665132512882243;22.204440966485
-7.799615258352347 0.6134624295001943;7.179131565270
-7.927242186723363 0.48617163096670013;37.73545360165
-7.901801213181708 0.5112611587209294;33.654813973752
-7.872472350040116 0.5402822788679221;28.212750965710
-7.836651716676721 0.5758649257476585;19.58337561825
-7.784527413591426 0.6278936124874415;14.822472951455
-7.852699385580613 0.5595408070416648;23.918767698497
-7.809190311830497 0.60287166145833;8.366290521928
-7.695772465471234 0.7166353350354591;35.2914696052
-7.723072621294924 0.6889583944723874;30.436563403167
-7.755774632016917 0.6559283969316794;23.347963792395
-7.7995156217083785 0.611946342256559;6.040229601822
-7.9417192510426045 0.4702271066353334;40.08078000975
-7.919203025791408 0.492410789760774;36.72598143020
-7.893880325227074 0.517433387419908;32.53260967881
-7.864489043555855 0.5465730796074348;26.84090013826
-7.828030251898308 0.5828597777144644;17.319349168563
-7.771224103785478 0.6396770676314691;18.932027820344
-7.82354281774676 0.5870727612289196;15.834879692585
-7.760425389870648 0.6502262499948125;21.92769822685
-7.806521641606307 0.6038227134089794;7.501966868873
-7.684977126465533 0.7258485780940374;36.800839627479
-7.710122003484907 0.7003251130550683;32.559847003307
-7.739527498862572 0.6705791585842076;26.77635203781
-7.776382729242984 0.633446415551685;16.970726381277
-7.835243520502784 0.5744505964415305;19.886141974237
-7.7839004990345755 0.6256220273343708;14.068853682494
-7.85543171887528 0.5540132497106633;25.13415664528
-7.8141130123830065 0.5950856533419785;12.478972645127
-7.733082212797214 0.676128163855062;27.973082190250
-7.769789802329492 0.6391178135994409;18.84289663977
-7.825150694828242 0.5835852367316045;16.975980187854
-7.763055194125526 0.6455526239088393;20.735255398221
-7.814251531933614 0.5941511608262496;12.857008133200
-7.732988664851176 0.6753875782391332;27.84288602408
-7.771060685173689 0.637015831786665;18.22173720349
-7.82995104544832 0.5779763887498736;18.758014158807
-7.7718667068334275 0.6358800860289758;17.871921368830
-7.832697878605594 0.5749009082854895;19.67126647493
-7.776463991281957 0.630939745763732;16.210448259194
-7.84402778249121 0.5632564711353647;22.83191863859
-7.794855939620163 0.6121851686704076;6.795069583271
-7.933871717049823 0.47353807908228573;39.50801687215
-7.908783011452566 0.4982559210227655;35.690586432435
-7.880216783587587 0.5264933877019767;30.759574149298
-7.846239436490786 0.5602067193725982;23.56469235915
-7.801157286597884 0.6051407462632554;5.886972518448
-7.653785894440943 0.7532493517075501;40.94350203938
-7.675222814164208 0.7314454754818429;37.75321239033
-7.699326297655075 0.7070009356297188;33.81718985366
-7.727186381187474 0.6788388712223788;28.613771755875
-7.761178795768506 0.6446070437996982;20.576726148553
-7.809504209078649 0.5961659486556984;11.734125610062
-7.726367327478327 0.6792035320296556;28.69955819359
-7.760916887949399 0.644410035214874;20.53865896114
-7.810232984950577 0.5949787813230578;12.276942129083
-7.729035491167491 0.6760563360775672;28.07203046401
-7.765107985924931 0.6397442411277643;19.199215399577
-7.818776799601054 0.5859849158320958;15.942801707442
-7.753704043034466 0.6508564015880746;22.30634451516
-7.80069254603906 0.6037090908853118;6.949439280019
-7.668837274548388 0.7358000841460772;38.45369449173
-7.692989009028301 0.711319544344372;34.59166068199
-7.720787246518864 0.6832348026829879;29.54045558908
-7.75439995349077 0.6494023640648072;21.953068777546
-7.80071696908445 0.6029927691110729;7.451046071838
-7.6780164470420535 0.7257575947979089;36.933683011629
-7.7031328452714805 0.7003465708408613;32.728322135752
-7.732460474692245 0.6707750333176314;27.016301196699
-7.769085395421998 0.6339900760685538;17.458821771843
-7.82653766379635 0.5765726760976312;18.988611522471
-7.772680508175404 0.6301123027910336;16.13645327624
-7.83579175501934 0.5670513125331513;21.688439664727
-7.7876396282790745 0.6148747003640664;9.18803357744
-7.893109607314151 0.5097466210967747;33.675960321665
-7.863095902305548 0.5393649669076721;28.1136820074
-7.826312747918922 0.5758106586942469;19.179255915480
-7.771975368017702 0.629925221145573;16.112404526397
-7.8362888215078685 0.5655510839743942;22.04960591657
-7.78809086869606 0.61349255317895;8.35816095078
-7.90330153969939 0.49854771112756036;35.52787351651
-7.874977568639898 0.5265039200353966;30.62334117091
-7.841285982214351 0.5598838003685196;23.468091822154
-7.796582450361403 0.6043747748233725;5.9315216570481
-7.651047214245207 0.7505014430803898;40.65798329045
-7.672532404580322 0.7286716194727875;37.439058040656
-7.696722295287005 0.7041653748448563;33.45505843167
-7.724747805112501 0.6758660281126887;28.15613866489
-7.759118660772158 0.6412898926041081;19.83419032962
-7.808937288280363 0.5914067351417843;13.58225007020
-7.7364133795380186 0.663734032136343;25.559494002121
-7.775535880293431 0.6244345446000142;14.10945953368
-7.846267953633506 0.5537746785685027;24.894118496059
-7.804902581490553 0.5948131872682916;12.001874094676
-7.721656166196915 0.6779369861636869;28.605513656779
-7.757137537435589 0.6422121856806724;20.14215971968
-7.80852028545447 0.5907263846358786;13.807235195185
-7.733995084207227 0.6650816112202552;25.89442295678
-7.774291453903075 0.6245745878107053;14.22736592291
-7.847272348246563 0.5516307163150114;25.352558988735
-7.805029913603188 0.5935480615223043;12.526692001328
-7.722058414626342 0.6764126200631845;28.326623408175
-7.7592951825289775 0.6389113937747817;19.2174002700
-7.815037532862076 0.5830594886909727;16.661749777453
-7.7502693131112315 0.6476240036895988;21.69212107657
-7.800397780178048 0.5973291303071586;10.573263710446
-7.702226179087574 0.6954708582787128;31.996087868519
-7.735157249418089 0.662224943783958;25.30077475279
-7.777921014243418 0.6192448649757245;11.97392022451
-7.865777303239918 0.5314977559273146;29.552134616324
-7.828865663801053 0.5680424923457189;21.20398777265
-7.776906436056161 0.6197467439478885;12.246799147306
-7.863531201018234 0.5331646399231146;29.208106467564
-7.825891810791877 0.570461031590878;20.5119325771
-7.771870162158607 0.6242672336005317;14.251678835174
-7.847981784154036 0.5480911337022663;26.063226566700
-7.8050619301220845 0.5907198255873328;13.612420948336
-7.724958098182874 0.6707776775467348;27.23081932512
-7.765524607882236 0.6299033513924758;16.414302244175
-7.832987331047926 0.5623186368854977;22.657541746328
-7.782928436159307 0.6121317476135945;8.01716739470
-7.9076986269406975 0.48759694507143114;37.13157251946
-7.8795136423242145 0.5154012605068551;32.49674825993
-7.846481085589289 0.5481101153115063;26.014330143438
-7.804434606859458 0.5899283834062818;13.865225470406
-7.727190287084104 0.6672120034715436;26.502400705277
-7.768136033894983 0.6259258913525865;15.017823613355
-7.840140861235634 0.5537567989763701;24.70383679293
-7.795094062475775 0.5985800852663007;9.53773566736
-7.687292613969474 0.7066040896870421;34.031863063183
-7.717951726952874 0.6755536093368253;28.2869002910
-7.755947682935609 0.6372342062468364;18.91343352049
-7.8135530496253205 0.5794461965165857;17.648524980362
-7.751175658543549 0.6416787569150268;20.239193221982
-7.805773064525742 0.5868735870729128;14.997704111692
-7.732382588825769 0.6601770660681009;24.978569479770
-7.776936340722588 0.6153445106554978;10.287279189318
-7.8792029537192425 0.5131591448733681;32.83267654253
-7.845852377528814 0.5461479996219857;26.37035467108
-7.803551482140321 0.5881777962719829;14.435971933546
-7.7277366735533555 0.6639612008448488;25.86494774780
-7.770561203956289 0.620824927127775;13.064040008646
-7.85366805076805 0.537647099625115;28.155769582742
-7.813783280986516 0.5772322909155132;18.275574312047
-7.752349335103858 0.638539832077481;19.40046142320
-7.810251005051935 0.580411355795159;17.22330784607
-7.744603595268923 0.6459504624744414;21.50780797602
-7.797436876612513 0.5928592946063701;12.326871766475
-7.707949392377649 0.6823745211317975;29.729768668957
-7.745560871881361 0.6444066611137569;21.110343924082
-7.79945582355923 0.5902841140161602;13.449960394161
-7.71641973969957 0.6732743578411586;27.923198138763
-7.756923767301262 0.6324475928743678;17.557803457863
-7.821710810968539 0.5675150306489991;21.06378124167
-7.766672729426987 0.622323379530497;13.846705471922
-7.847971551592431 0.5409632609300874;27.397296769536
-7.805557451785148 0.5830601675757829;16.210552690371
-7.73473894164755 0.6537686758143902;23.58253606954
-7.783795328883819 0.6044361796574697;3.8149414524583
-7.592454080447168 0.7968106270094792;46.96627793974
-7.608059019696037 0.7809806867921918;44.98557711060
-7.624981538566005 0.7638501284701594;42.737529440895
-7.643477608355 0.7451689969305624;40.14107978256
-7.6639161066829375 0.7245766929767737;37.06665875826
-7.686872002491576 0.7015103305930435;33.28426757538
-7.713354047987402 0.6749805491892222;28.311069388159
-7.745525042999564 0.6428614830965466;20.742076882128
-7.790532701583331 0.5981095326123484;9.410632968184
-7.695301199894057 0.6926851211182148;31.726125000601
-7.724041296670351 0.6638815356522002;25.959875102354
-7.7602567282060315 0.6277208628456367;15.992687965130
-7.8197199683658996 0.5686233225986697;20.723706393448
-7.772637100677106 0.6151654422771318;10.523019930523
-7.861616670041751 0.5268213630958392;30.225490105616
-7.829402610305034 0.5585365207025463;23.358143499784
-7.78693401878545 0.600537377038335;7.654978811613
-7.669855389506216 0.7173871397443321;35.95661785093
-7.695164372842734 0.6918566799490685;31.598534528045
-7.72495747038319 0.6619039556184481;25.548086157888
-7.762912899077334 0.6238949533011886;14.605507198485
-7.829522360649501 0.5575317754471808;23.576413119296
-7.786999402157626 0.599628996136734;8.23468183552
-7.675447982594761 0.711002286125059;34.93417057091
-7.702157634115427 0.6840556171210012;30.159881866676
-7.734130286583711 0.6519140678391897;23.205918808834
-7.776798726759693 0.6092019266867305;6.667487704892
-7.9070627666219835 0.47972532993332295;38.164223149834
-7.883195834661854 0.5031885721209614;34.41000250217
-7.855946300387757 0.5300628071488452;29.533491566518
-7.823368276518847 0.5623098695708973;22.324466227675
-7.77950834772619 0.605917717455388;2.687192968978
-7.981381839164485 0.4057433360915743;48.11189279864
-7.969412522699974 0.41764953884705663;46.65353659307
-7.956622487892008 0.4303912308434032;45.041227116074
-7.942899692193117 0.4440840649083253;43.24238150357
-7.928099306903864 0.45887748748218316;41.21174942850
-7.912026759796394 0.4749721510899358;38.883396813441
-7.894407032098013 0.4926514091655286;36.15486485136
-7.874823303974447 0.5123441891814764;32.85176067357
-7.85257601189287 0.5347692775797308;28.63269977214
-7.826281429744384 0.5613458324689101;22.640529750007
-7.792181913354633 0.5959194984509975;10.634095546623
-7.7204228667367385 0.6689601396784084;27.02480444959
-7.749250489473709 0.639434210107718;19.752023105386
-7.789800818889833 0.5980869726432687;9.361799704530
-7.705988898574053 0.6831989700233616;29.91881289872
-7.732737022201968 0.65583564804797;24.08164798257
-7.767034529834536 0.6208865859850373;13.29573619131
-7.829638766893202 0.5574790326767428;23.59147228400
-7.793145882739873 0.5942139532965892;11.475135466701
-7.719246491835208 0.6689431833569833;27.055291575561
-7.751189900812469 0.6364208431587032;18.893469626638
-7.798005457715608 0.5889877423678721;13.842710527934
-7.73365272966798 0.6538917576068412;23.644245167380
-7.771963340840736 0.6150230982991477;10.505102784921
-7.856280547492183 0.5301023781785369;29.535681591172
-7.825094239670398 0.561258295091394;22.61880716387
-7.783569847454811 0.6029071733458764;5.437348837809
-7.640117138061087 0.7477341112951711;40.52300777025
-7.659602693572867 0.7278556231510036;37.594734654
-7.681393499393188 0.7056848075673746;34.030059876365
-7.706344462415094 0.6803744159393944;29.433303130010
-7.736185342874711 0.6502069477509385;22.764957983791
-7.775879117676686 0.6102442980663856;7.506449609971
-7.887253096106412 0.4990011666264438;35.10480563908
-7.862341468113083 0.523644537392374;30.7654160433
-7.833112027467072 0.5526540872629597;24.70412278640
-7.79587507091893 0.5897539684778583;13.4394600531
-7.72793283712801 0.6578063625449715;24.63915891792
-7.765611892344286 0.6198189769951056;12.972902313018
-7.836966505660242 0.5482997634976192;25.688861703126
-7.799679561056956 0.5854134877177251;15.166812491393
-7.73662351135697 0.648503621763344;22.372172507001
-7.7799481186688295 0.6048919383871227;1.9817640025102
-7.562713372375763 0.8244279571045083;50.27192221720
-7.571184102791855 0.8161595616689112;49.3123470054
-7.580161736200526 0.8074057824367757;48.27533960926
-7.589695242237857 0.7981205211873993;47.150081285373
-7.599842323725132 0.7882494861407396;45.923179421894
-7.61067203996546 0.7777277219678785;44.57772958678
-7.622268600718412 0.7664760339748921;43.09189170967
-7.634737057006608 0.754395619134877;41.43663608131
-7.648212222807797 0.7413596404615793;39.57198667373
-7.6628734494238415 0.7271992600007061;37.440341343514
-7.678970861125734 0.7116788115764481;34.95355193247
-7.69687645057446 0.6944473981770749;31.964904571758
-7.717197252148237 0.674931567667225;28.197325961174
-7.741079656641908 0.6520463887667872;23.001546155835
-7.771354765596966 0.6231064894690077;13.86675846876
-7.822548628291344 0.5742834292302215;19.4226098538
-7.784818766987403 0.6101492870938426;6.437176945133
-7.890563525071636 0.5087606690487952;33.76265010586
-7.86946027155049 0.5288463766713472;30.094162425469
-7.8450475466664 0.5521552099140601;25.179550275885
-7.815052768070214 0.5809026436923131;17.29838094854
-7.770617599439555 0.6237198863306852;14.127224721917
-7.825363876412532 0.5706898489192465;20.435797665025
-7.786316171711035 0.6083600927649911;4.596956513967
-7.930022366434841 0.46847673428045433;40.067648853776
-7.9126707369776454 0.48523999834391607;37.55267095465
-7.893533863677858 0.5037720036898349;34.561876012641
-7.872063544846724 0.5246187607851321;30.855527167265
-7.847270927413502 0.5487637358594765;25.912234933201
-7.816929171029677 0.5784180558081183;18.0844331898
-7.772679677178185 0.6218705482735267;13.335820676887
-7.832725988703695 0.5626483071487877;22.57553205340
-7.796052791047174 0.598631197673226;9.58927184865
-7.712266380443145 0.6814973428871095;29.468898401523
-7.74006293932885 0.6537912178550318;23.411800897660
-7.776137941562956 0.6179593474743189;11.544449611609
-7.848930439308634 0.5459858139746216;26.492490359464
-7.816016914016833 0.5783147785004716;18.073550415040
-7.767120123245384 0.6265838899285168;15.287432741840
-7.825059135154919 0.5691135197700754;20.80683659072
-7.781273147071245 0.6123234263375701;8.293407519646
-7.883921046185241 0.5106405990872863;33.3260420440
-7.857245879680267 0.5368258390870181;28.400520030306
-7.825115986025879 0.5684815701097462;20.960428798014
-7.780822611400227 0.6123218544195295;8.334742115844
-7.884632833629397 0.5092259245976564;33.55448404814
-7.857705016661676 0.5357210883378395;28.607117440410
-7.8252906967657925 0.567731618894809;21.145223604744
-7.780686497913428 0.6119806630000826;8.139975598205
-7.887844555909434 0.505361911917205;34.199916949348
-7.861196834797226 0.531622307970705;29.408774574785
-7.829382158123601 0.5630871776993667;22.361149340699
-7.786755702744554 0.6054293276302084;3.0326408917897
-7.5935454112782 0.8001330602549498;47.301304431852
-7.605950967439681 0.7876332109811299;45.75448933791
-7.619279394340206 0.7742254316868744;44.034174938751
-7.6336702038597535 0.7597742647304208;42.10038571279
-7.649307728736369 0.744100659202076;39.89600018724
-7.666446733928206 0.7269569706949015;37.33458255729
-7.685461445305664 0.7079790523644843;34.27455062557
-7.706951513156648 0.6865826031485759;30.455082378400
-7.732016195211584 0.6616946824774532;25.292016601665
-7.763214719841793 0.6308122664075014;16.79652611598
-7.811242634028466 0.5834492261765177;16.36382402566
-7.760861512327646 0.6329638125681727;17.530703248927
-7.808449069591524 0.5859575851499129;15.4365785202
-7.753459619265739 0.6400986485003394;19.75499890168
-7.797049716807703 0.5969432685079031;10.508484745576
-7.716361724261145 0.6767220782117828;28.53593786529
-7.746637798860414 0.646553648393627;21.5747206401
-7.787795629600965 0.6056975331901924;2.850680853639
-7.594428860343199 0.80012585714107;47.28634088604
-7.606092620070749 0.7884394436793407;45.84020193191
-7.618597798653594 0.775929031416603;44.23904977170
-7.6320639856302535 0.7624790736599766;42.449504850336
-7.64664628905677 0.7479396630168565;40.42497760998
-7.662553922164979 0.7321084852175381;38.09713959067
-7.680084118419582 0.7146978564678143;35.35886609858
-7.699690679108509 0.6952680324635978;32.02545095647
-7.722144231905464 0.6730711286190063;27.727654163880
-7.749002619342216 0.6465925034975171;21.498563510662
-7.784723811471448 0.6114882541494352;7.4174255361172
-7.883296715235125 0.5149646669532675;32.65535218447
-7.859897063169012 0.5377003615784547;28.319714911589
-7.832125491887596 0.5647737657945527;22.078000154645
-7.795657238585805 0.6004723328478038;8.536962668187
-7.705168599526466 0.6898538146548867;31.032234533393
-7.730544116078355 0.6645858250624692;25.901779116862
-7.761967631855635 0.6333949962937214;17.60463874345
-7.809264226701819 0.5866294974218534;15.258895315526
-7.753770663010992 0.6413221791457981;20.05058856621
-7.796633244311607 0.5988435847982418;9.525356594200
-7.708832348571523 0.6857923702668702;30.277069817676
-7.736974007017062 0.6576928639711519;24.330076879962
-7.7730827165379095 0.6217668771127082;13.273204208259
-7.839492866154401 0.5559931916555969;24.225590761563
-7.801870244549036 0.5930295410728826;12.536873248711
-7.7300726493464 0.6641729555588729;25.836014426183
-7.765523015827591 0.6287942894170223;16.07251994755
-7.823266649116904 0.571428772623094;20.17275688954
-7.776074978219922 0.6180712290305419;11.597129470674
-7.856044512047843 0.5386790719635102;28.038448993
-7.821723586206278 0.5724949345615618;19.8456734086
-7.772601761131314 0.6211352243103833;13.061385508473
-7.8460010826153885 0.548117229826127;25.998472074755
-7.807856666058988 0.5857975445094812;15.45847307797
-7.743883325300506 0.6493606184592802;22.312318657713
-7.788745323379544 0.6044987855763928;4.655417574793
-7.624581335377131 0.7690980494811074;43.3545335568
-7.6423675058380365 0.7510773327953812;40.89159828007
-7.661943493220026 0.7312904185566312;38.00187943267
-7.683797566035688 0.7092584099147259;34.4979295444
-7.708749060631425 0.6841763606861127;30.01095010578
-7.738421092635424 0.6544464525200029;23.605415124723
-7.77725421063467 0.6156871265064869;10.429098235480
-7.862999741483993 0.5305599626505179;29.636853570350
-7.831620295930359 0.5614646005276154;22.798462337621
-7.790029277911567 0.6026075051701315;6.532135296265
-7.662639767359664 0.7298975885349188;37.80393824761
-7.68497118850132 0.7073448138407799;34.192872581371
-7.710555527366017 0.6815836324928987;29.528312097583
-7.741190738129688 0.6508408188205316;22.733924112210
-7.782096580810249 0.6099562679661099;6.614595916886
-7.907342867521748 0.4856159178562077;37.39000394677
-7.88411430875919 0.5084405162922606;33.65924263758
-7.857541302942244 0.5346327185909039;28.792388193274
-7.82564983668855 0.5661798666957352;21.52246138939
-7.7822125447613075 0.6093375201790041;6.112497456151
-7.91420777752696 0.4780141300794362;38.53484465162
-7.8922314476881885 0.49965332741364216;35.123762030903
-7.8673784540053555 0.524196213624287;30.804474813546
-7.838237478011781 0.553068428417048;24.782724062541
-7.801179179720494 0.5899280131632431;13.680667784868
-7.7344415695647974 0.6566663111738869;24.199182887407
-7.772792308963224 0.6180674936313517;11.814002589677
-7.850425248509868 0.540399137406711;27.570112485511
-7.815920106639849 0.5746622491427958;19.054397640034
-7.765406224321079 0.6250586869928278;14.869348566429
-7.829799540633863 0.5605349302246105;22.939528742
-7.7868121186872985 0.6033399937124146;5.503405457954
-7.640027528596144 0.7508332791898027;40.9055117167
-7.660008916840553 0.7305321963180542;37.9410515070
-7.6823558323205825 0.707889186635214;34.33108737943
-7.707947318981577 0.6820367088414516;29.67291042891
-7.738565352252927 0.6512125559069607;22.904620114343
-7.77934592094147 0.6103261019535137;7.194285999934
-7.8974095443587125 0.4928087104718711;36.19865222821
-7.872842568967725 0.5170156571421428;32.08384227838
-7.844329357884885 0.5452031119695602;26.503988388611
-7.808975503866289 0.5802869831516584;17.201549661485
-7.754093649942236 0.6350207850188787;18.396653385465
-7.8057999065821635 0.5831885172060117;16.18257460302
-7.746251211002402 0.6426069780677561;20.65331542479
-7.793419881568286 0.5952707518472498;11.023512368335
-7.70717331194447 0.6815269515000637;29.607002850442
-7.739829820803283 0.6485897247671548;22.28020000376
-7.784329669086606 0.6039072788866756;4.550517426069
-7.61900716816544 0.7700597443002066;43.563107351984
-7.636426998616096 0.752374277104571;41.16049317593
-7.655568117608173 0.732986849507829;38.35223473470
-7.676883937481328 0.7114520917226625;34.96698909062
-7.701121651211274 0.6870349085237332;30.676236842410
-7.729716449912223 0.6583206338008618;24.687550258589
-7.766341855734545 0.6216802020725866;13.630989663670
-7.832889825107949 0.555436344331863;24.126709120995
-7.794044696668775 0.593862745744596;11.687642089756
-7.715614521249095 0.6719553375584555;27.708266581080
-7.749278209164443 0.6381772809850415;19.429761880722
-7.798325655031392 0.5891832815891782;13.789931847062
-7.7291303934776545 0.6580434354510447;24.64969979470
-7.768439843585099 0.6186536320101975;12.337775794424
-7.84606192310402 0.5413027303725456;27.280326338240
-7.809690058080033 0.5772764854403841;18.08736810654
-7.7544502867126806 0.6321974883232379;17.59587173651
-7.811370085919128 0.5753033013435817;18.695858787162
-7.756791900606597 0.6295714130328355;16.72369165615
-7.817697451428407 0.5686944443082506;20.629950090420
-7.767182212341446 0.6188940815432662;12.513479584425
-7.848146145455834 0.53807738570408;27.924312932701
-7.810569975079584 0.575286845152287;18.66678319878
-7.754052028542196 0.6315498436975399;17.42838234641
-7.814492571601435 0.5710541575601414;19.923810746026
-7.760574025863076 0.6247100369313077;15.00403129389
-7.831203418433673 0.5540728885966164;24.353679502115
-7.786420086561285 0.5985482191167179;8.817110800424
-7.673522975635913 0.7115351038391415;35.05261749949
-7.702341374520174 0.682376407567172;29.8752430112
-7.7372338276242685 0.6472099241936383;22.059426694320
-7.7855499581125125 0.5987449167841808;8.62619280251
-7.671745047136713 0.7125981684997391;35.24280097569
-7.700014934819755 0.6840047699024134;30.206185556925
-7.734067104815588 0.6496945888681909;22.72434407927
-7.780419936930536 0.6032052260703232;4.6526578505113
-7.611816520557238 0.7724658426197326;43.96342384349
-7.629807636224179 0.7542043515595473;41.50438488591
-7.649590007827757 0.7341733765769869;38.62546048796
-7.671642518826291 0.7119029337882931;35.14620264792
-7.69676056697333 0.6866110997804564;30.71665836574
-7.7264925713269115 0.6567725897539896;24.47385267784
-7.764916993567426 0.6183603792308212;12.440490811921
-7.839911681265126 0.5437795282586618;26.641635338783
-7.803637248316937 0.5795966491723773;17.15990220274
-7.747005111947066 0.6358159948768725;18.90509143601
-7.798783034884926 0.5841271512923512;15.540716032969
-7.73525791282754 0.6472712277178657;22.14256558036
-7.780379167896931 0.6021339429294132;5.6870501632
-7.634428943938462 0.7482669331710237;40.69574444111
-7.655066901305604 0.7273654132303728;37.621975977
-7.678219046833681 0.7039825675482764;33.85103036616
-7.704872323691463 0.6771467815055005;28.918661384257
-7.737110285701329 0.6448024259928051;21.510688433022
-7.781553726031721 0.6004013317072477;7.180712386785
-7.661082979041774 0.7207194005781337;36.601726538178
-7.685077033552528 0.696499794380225;32.564769389
-7.712997897747957 0.6684065182083981;27.134334847135
-7.747579856247262 0.6337393548726068;18.32263856810
-7.799759179605869 0.581671235452307;16.35944319498
-7.740530959462483 0.6405126379054457;20.358386428489
-7.788610662346579 0.5924654097100446;11.921336887397
-7.707763200974608 0.6729949770529441;28.111859946681
-7.742615133127601 0.6379989996930444;19.648604699474
-7.793482805834979 0.5871583265882471;14.243674033180
-7.723302958414671 0.6570149573244738;24.623757082585
-7.764468887996496 0.6157476939201958;11.370448892660
-7.8512936647366365 0.5292217720663249;29.552208360505
-7.816610701294968 0.5634938907994149;21.81636021419
-7.768960882673305 0.6108069600501278;8.530793267131
-7.880439595120134 0.49973867580666625;34.845699378934
-7.8519336213392625 0.5278452466334915;29.80123373624
-7.8177697062463105 0.5616599964729607;22.27384138572
-7.771358237659923 0.6078122805869565;6.244980373225
-7.91059024612055 0.4691163716725367;39.60094068008
-7.887532851153912 0.4918221855977177;36.11954003596
-7.861492225560488 0.5175440685772533;31.720995729647
-7.831026442646714 0.5477408198573925;25.616402392082
-7.792475141440643 0.5861066426924441;14.554812639476
-7.725097307994721 0.6535248667243216;23.845759446354
-7.766801375862 0.6115199642412128;9.126137849886
-7.8696570943919415 0.5086783031682923;33.283402681033
-7.840241467657418 0.537804815097276;27.750471997111
-7.8041269100710355 0.5737041018184269;18.82085935474
-7.750424816709741 0.6273475324051172;16.349370532517
-7.812089309351895 0.5654540794458206;21.19575790297
-7.76334373123564 0.6140841655212576;10.694342306710
-7.855493217011262 0.5218436155368884;30.883091376510
-7.822315542646306 0.5547550788119021;23.923895092828
-7.7787257053182355 0.5981866159910946;8.328306888026
-7.664724873324285 0.7125805156471271;35.392893575197
-7.691958602553914 0.68495731184935;30.567317254222
-7.72453738778323 0.652035976308301;23.54958989049
-7.767937761407784 0.6083759085732433;7.070255016372
-7.895741813089427 0.4808688647974042;37.77796552220
-7.870675369080495 0.5055975637283374;33.767069860008
-7.841833666011814 0.5341452056282616;28.446631676611
-7.806762914654507 0.568991294739042;20.137641982300
-7.75662706490983 0.6190415048002477;13.209120409230
-7.831612758385261 0.543881787377931;26.376910411965
-7.7927790562925825 0.5825163146759076;15.756664522559
-7.728021185180336 0.6472888479542102;22.39809320810
-7.774082543414136 0.6009248196988887;5.8863654315119
-7.62835463703845 0.7473490775156779;40.69694263885
-7.649682026977501 0.7256646959819474;37.50527806344
-7.673676534154105 0.7013395100056063;33.56225464724
-7.701439078275487 0.6732859755087706;28.336292859498
-7.735387322198972 0.6391105098958981;20.208864111217
-7.784038882564358 0.5903597698334071;12.493263579681
-7.706188097686509 0.668076121320564;27.266794555165
-7.742434513185136 0.6316107950116401;17.955192056842
-7.798323055990322 0.5756652075948123;18.0423434
-7.741775953780254 0.6319777115456516;18.08546195559
-7.798334417167389 0.5753466775941781;18.13099763919
-7.7410180023795485 0.6324344422248421;18.243688879363
-7.798091409329034 0.5752731303584887;18.14083966673
-7.739833561999122 0.6333088868852725;18.53169435170
-7.796962900373263 0.5760745217519532;17.86909818226
-7.736940765067705 0.6358849759836005;19.331294958880
-7.792590619122195 0.5801040897346369;16.496477220379
-7.726962613503524 0.6455497110309563;22.043220542374
-7.776471545560921 0.5958526290186039;9.44691987904
-7.668528243308893 0.7038506059491572;34.05085529353
-7.698919935990996 0.6731177556315671;28.375096054386
-7.736498081602512 0.6352747604863571;19.190507832817
-7.79289207803223 0.578776139381471;16.90861306303
-7.728387980121979 0.64306350063467;21.419840441408
-7.779644191368047 0.5916481419072878;11.675741877231
-7.688623270859784 0.682586374949922;30.261681348
-7.724254528739758 0.6466568818765382;22.386970302244
-7.773466310680081 0.5972740359503466;8.385129010561
-7.654182432939237 0.7166453487044823;36.18701186406
-7.682213055505879 0.6882694005706242;31.344963621342
-7.715633852187478 0.6545656701607845;24.36531944981
-7.759740018894458 0.610287056828168;9.050915888191
-7.869948328006431 0.5004099323544585;34.510564715953
-7.839786471530279 0.5301647751415092;29.083216689604
-7.803166080210705 0.5664383890527793;20.62672985219
-7.75102179345891 0.6183501587879996;13.276459135149
-7.83000566690064 0.5393589878861842;27.175134265857
-7.790111254697173 0.5789426338949685;16.730090900447
-7.725556812418299 0.643355177774152;21.589593333633
-7.775951158772931 0.5927477854076938;10.933875942608
-7.680451830037359 0.6882767952937421;31.38932245946
-7.71421604877953 0.6541759413390706;24.33019189049
-7.758884764674024 0.6092702013438757;8.54724160754
-7.875118518670319 0.4932854874930257;35.642791361145
-7.8459973370032445 0.5220247739534107;30.61107551986
-7.811257558702015 0.5564429616667541;23.19827299616
-7.764722626145379 0.6027639808940851;1.2273163236221
-7.53298182318359 0.8370177282083765;51.943797362820
-7.538257401994522 0.8326179945290765;51.44102997507
-7.543795675046453 0.8280020066200584;50.90810307092
-7.5496137602065945 0.8231558950122151;50.34241476191
-7.555730473934928 0.8180644262879735;49.74101903962
-7.5621665967293294 0.8127107895883413;49.10055923897
-7.568945198818137 0.807076334416798;48.41718400988
-7.576092044408308 0.8011402448817698;47.686439850009
-7.5836360998903585 0.794879129745888;46.90313171534
-7.591610181909229 0.7882664990959622;46.06113935954
-7.600051797127363 0.7812720854793344;45.153171011001
-7.609004250255012 0.7738609471807486;44.17042628401
-7.618518136525318 0.7659922590103712;43.102124098911
-7.628653400324616 0.7576176424921199;41.93482362419
-7.63948225435594 0.7486787953343537;40.65141636488
-7.651093456284005 0.7391040145279913;39.22957325655
-7.663598823857194 0.7288028933652144;37.639241515145
-7.677143645585949 0.7176578375522685;35.83837787255
-7.691924340543019 0.705509656086904;33.76513989360
-7.708220816834587 0.6921311245698394;31.32218982154
-7.726462247235799 0.677173169588283;28.340747491495
-7.747382143344171 0.6600377773862064;24.48034223726
-7.772479914754065 0.6394988753687193;18.833026147097
-7.8061572198591636 0.6119407071624363;5.101113312408
-7.920329168830943 0.5157148425286868;33.42757729214
-7.902060585442122 0.5310361654699719;30.580666809105
-7.881431695847563 0.5483960272574739;26.997773403810
-7.857332568174304 0.5687595426026083;22.0707369280
-7.827030272148366 0.5945036642660458;13.482920040343
-7.776785698310325 0.6376422073967694;18.14907671738
-7.814822604697158 0.6047393372128246;7.7517846430225
-7.728004096871523 0.6810954170459298;28.983891177284
-7.751694415821084 0.6600936561030395;24.354764687518
-7.780864164722759 0.6342723092547848;17.00860880174
-7.8237350764348585 0.5963391412226613;12.579295941929
-7.764998534850445 0.648503409597708;21.36512095363
-7.800255743338462 0.6169552450552422;9.249862006156
-7.880406832654241 0.5448368557336377;27.620337720468
-7.85246358247014 0.5698384530112963;21.648631933845
-7.815967562782194 0.6026861710532329;9.08126545591
-7.731605746366225 0.6799878655789682;28.69507334532
-7.758827204373984 0.6548320112857646;23.008932868056
-7.793850972571048 0.6225288183861386;12.305256742191
-7.859606773481785 0.5618399467171423;23.66336654548
-7.824204681898396 0.5943697366046673;13.367938094982
-7.761578347289227 0.6525086466686477;22.402657284020
-7.799593442461842 0.6169486122571536;9.302108364674
-7.88842184093883 0.5336236365372764;29.794989373841
-7.85953597398954 0.5605262691778343;23.937254632790
-7.822742752947873 0.5949728264548122;13.05258810073
-7.755684111661401 0.6583814880512047;23.870949957514
-7.79297833346016 0.6228457582448895;12.488282627455
-7.86407859981777 0.555171494598989;25.17405840158
-7.827564836030264 0.5897293213100753;15.18034939235
-7.766932523588245 0.6475852724563107;21.07770153271
-7.811174371419872 0.6050613997451844;7.151440038889
-7.692573009102243 0.7200840014474971;35.84586121394
-7.716601688516323 0.6965322021160284;31.81478043562
-7.744629285154483 0.6691376063556872;26.355950508731
-7.779538585979154 0.6351222705491304;17.316731043547
-7.833577106639214 0.582638626051107;17.63151283859
-7.779494803166959 0.6349870758593852;17.279575052744
-7.834906418832753 0.5810003709552722;18.1482101689
-7.781121803024638 0.6332056563987027;16.679646950504
-7.839694058064558 0.575982872559156;19.674886927865
-7.788914970082244 0.6253716251609972;13.696781248259
-7.860783044953087 0.5550176747743901;25.10154887237
-7.820289927748852 0.5944035335188415;13.123633621477
-7.744290753083511 0.6689237937541171;26.325294796208
-7.782749130697377 0.6309098756562002;15.896061554069
-7.846845978016873 0.5678159763186397;21.910785001349
-7.799136544360136 0.6145177635088648;7.929255395045
-7.91757429077609 0.49781046362891546;35.94704906163
-7.890251269288043 0.5244484200007377;31.343969469977
-7.8580901779575765 0.5559238004047942;24.83512741526
-7.816704229424183 0.5966159223193686;12.01880248488
-7.733698274096677 0.6788463741223758;28.438412906135
-7.769333773531349 0.6432444150502985;19.926814243450
-7.8211711883069786 0.5916878059835385;14.17077467742
-7.748507398867104 0.6636908383253277;25.181443603986
-7.789951916920303 0.6223144278230409;12.464334662736
-7.872134471844442 0.540698544912471;28.129367618344
-7.834418385547469 0.5778569825605637;18.975318216186
-7.778187147298554 0.6335651849034528;16.922878446824
-7.84097688509876 0.5710046056121355;20.9511338273
-7.789140032475003 0.6223499665793684;12.529283390299
-7.8729989936766245 0.5388689559479558;28.476880282270
-7.834790160616711 0.5765930654195737;19.320953430149
-7.778179006249697 0.6327935108591103;16.69339823010
-7.843249453144962 0.5678323452885591;21.777779159621
-7.792219438919694 0.6184588008035734;10.639027914184
-7.890603290729894 0.5204125900007043;31.990393758622
-7.856576815784461 0.5539960778373827;25.173355587046
-7.812586589918417 0.5976162908798134;11.312933149940
-7.719317820624519 0.6907522498749624;30.82436095739
-7.754057270753973 0.6557342954731877;23.36346495230
-7.800973971919737 0.6086627298567419;1.0745146117804
PointOptimal;ValeurOptimale
[-7.80097397  0.60866273];1.0745146117804578
Temps;Nb iteration
0.06097006797790527;1000