Point;Valeur
74.02101286872193 -49.061394677641744;10292.656384642
73.70621134395503 -48.746593152871746;10185.625426441
73.39377387893862 -48.434634212881825;10078.030265153
73.07860543928982 -48.12696273613485;9973.11993352
72.76993951965152 -47.813446011970136;9867.742192625
72.4550919085401 -47.50929773142475;9763.852211768
72.15011203572969 -47.20285262792197;9662.042919445
71.83642394787404 -46.89594886327522;9558.850246014
71.53441501117757 -46.59836503716994;9459.991410875
71.2230934931105 -46.292845864017586;9358.872460784
70.92281421997377 -45.99654492937429;9261.354191618
70.61530693973079 -45.69956375185229;9163.3819128
70.31526840719845 -45.4010240422417;9066.948657348
70.0128720013757 -45.112370881076984;8971.712213510
69.7119444204019 -44.815220840903535;8877.027435792
69.41525212218235 -44.529001087249966;8783.66455090
69.11343665390142 -44.23871107022427;8691.215697749
68.82182676750497 -43.95133840343983;8599.622403570
68.52068659063754 -43.66959283188977;8509.241866863
68.23211699456967 -43.381891654972364;8419.74815986
67.93437052370413 -43.10596992103194;8331.017244364
67.64589723170621 -42.82104957856325;8243.72187482
67.35412378983358 -42.54743763895926;8156.620925743
67.063541354442 -42.26820199710781;8071.240879479
66.77857440237774 -41.99501556337036;7986.113167479
66.48642656917389 -41.72264006944306;7902.304193199
66.20635900182724 -41.44976281116421;7819.33124136
65.91620514449518 -41.18371205878419;7737.119515964
65.63686048685851 -40.91198558423452;7655.941322016
65.35288503763766 -40.65100272403959;7575.802579915
65.07063544630917 -40.38147023495786;7495.727074132
64.79427795722233 -40.12441082405011;7418.1251211880
64.5099403164012 -39.85789329261503;7338.867379450
64.2381592208505 -39.604041198571565;7263.615551275
63.95702591254502 -39.34099211538828;7185.768807025
63.68400372379177 -39.09004756142424;7111.89290431
63.41076061178972 -38.83057982042779;7036.477119381
63.133750253742825 -38.58253430403775;6963.043483322
62.86749525924941 -38.326523951146854;6890.421978789
62.59108877207479 -38.081530198761854;6817.677762919
62.32534135289017 -37.82873251347458;6746.927109094
62.05638633729607 -37.586999667618784;6676.172864692
61.78599346315642 -37.33715429901532;6605.892823950
61.525120137721316 -37.098859517826575;6537.971194648
61.25419534348263 -36.851791424436065;6468.045666343
60.99423189454565 -36.616986527602904;6402.175137493
60.731001551627706 -36.3727152556911;6333.964896144
60.46580441724457 -36.14121316424827;6268.639755954
60.210785639923586 -35.90006260325735;6203.002142718
59.945726928272784 -35.67131558340411;6138.268005401
59.69016284134773 -35.433973797522896;6074.152187258
59.43407171020327 -35.20701549155898;6011.54225287
59.17289047452121 -34.97444962103571;5947.571941353
58.923643873407556 -34.748058595902314;5887.356489375
58.66554059825801 -34.52119458003639;5824.501293579
58.41252906502342 -34.294445272682054;5764.699197777
58.164596282666345 -34.07362354406102;5704.969576801
57.90766163647361 -33.8467215658488;5644.402430440
57.66237988337622 -33.63108516501756;5587.370978055
57.41331769020164 -33.405900237669364;5527.872655370
57.16144740823947 -33.1930361957727;5471.212398733
56.92074310671374 -32.97258768084051;5414.310645106
56.67099371025162 -32.75918689098469;5357.908565244
56.4261294418898 -32.54589296317003;5302.336063037
56.1871622643226 -32.33023910228436;5247.692834856
55.938710587913825 -32.12385189539993;5192.767697627
55.70048283633847 -31.90833707643698;5138.998732012
55.46187427981523 -31.705058404602497;5086.571984243
55.21676990652148 -31.49486932774897;5032.329391442
54.98368804414333 -31.289442146867994;4981.807097842
54.745323676561156 -31.087667275771064;4929.58871273
54.50482912153409 -30.879438971704875;4877.826639881
54.27543453159147 -30.683285728808805;4829.194503732
54.03788207132526 -30.478502981881658;4777.420059684
53.802355294651214 -30.280785914198216;4728.891082450
53.57570818859452 -30.084967173570174;4680.628368012
53.339706236674154 -29.88329695140037;4630.818535106
53.10889539865724 -29.693563236338488;4584.338044468
52.88459070591244 -29.49569361767932;4536.631583160
52.65075070525412 -29.303119329915287;4489.370424718
52.42413936248895 -29.114999292449752;4443.818338074
52.202152829681395 -28.918933578271687;4397.625823387
51.97086374720721 -28.734628933921886;4352.314511460
51.747887536574595 -28.545570640962012;4307.52405419
51.52841344176258 -28.355750596770584;4263.4210280478
51.299876611767225 -28.17577252987691;4219.30721789
51.08000045868509 -27.986852298971883;4175.636752702
50.86332957787849 -27.804672642637392;4133.5781004986
50.637653673134984 -27.626345246550855;4090.317751811
50.4203644864793 -27.439863984373325;4048.106254280
50.20679588141175 -27.264201331237928;4007.7820312573
49.984108830159066 -27.086772442990362;3965.3715837630
49.76888267068509 -26.904431138753083;3924.708529365
49.55864322404934 -26.73364810854251;3885.8666060307
49.33919647966311 -26.557483155052523;3844.4465199441
49.125491823673265 -26.379859518155037;3805.2043543
48.9186376575286 -26.212856272771774;3767.7268624635
48.70287611597459 -26.038666149872427;3727.464119890
48.49020328279153 -25.865515337198513;3689.4105355720
48.2864928152317 -25.701822220416794;3653.2541914605
48.075046320663 -25.530268156949155;3614.3112377536
47.86315395248168 -25.360963259996964;3577.204344793
47.66191673323152 -25.200500318321325;3542.3159937282
47.45545724015967 -25.032122685720037;3504.8549836274
47.24462342784908 -24.86592908532691;3468.5140341178
47.04471038523826 -24.708736043201093;3434.7649983646
46.843641372192664 -24.5440490386848;3398.938335108
46.63493010743455 -24.380266022216524;3363.3062535984
46.434918925187965 -24.226256677660302;3330.4650388371
46.23893890447532 -24.06585669526035;3296.369829206
46.034139714476346 -23.90397644144764;3261.5578766394
45.83300231938055 -23.752704048405835;3229.326775114
45.64070736012439 -23.59725803056043;3196.9307600905
45.44170970843406 -23.43725842541152;3163.2051124861
45.23986163626022 -23.287735342292184;3131.3404948142
45.04872271986057 -23.137733371796646;3100.4103644511
44.8564181828858 -22.980448385848387;3068.093434037
44.65633153147739 -22.83123121205156;3036.565961199
44.4636066604261 -22.686469531090765;3006.6604202863
44.27683589025385 -22.53366791341655;2975.9737299178
44.08207627693488 -22.383615391106165;2945.03703973
43.8869893699274 -22.24258295110097;2915.6662883013
43.702285757481086 -22.09623629528057;2886.5613329813
43.51506882522562 -21.946024521193344;2856.641638860
43.32065036389011 -21.805743691256414;2827.575870858
43.13379056839602 -21.666469659881592;2799.6265778131
42.95279501705346 -21.519442192923126;2771.1144962124
42.76418464296722 -21.37695921322271;2742.5354013277
42.5741669836138 -21.242518776099736;2715.134628368
42.39443774173401 -21.102681072261863;2688.108754316
42.21414321565946 -20.95879097914948;2660.4622398155
42.02584302523821 -20.824185219226155;2633.340607290
41.84235509415847 -20.692218279201953;2607.3023710056
41.667175542757214 -20.5526998099352;2581.059641411
41.486727449298975 -20.41437715993543;2554.471748170
41.30099827691193 -20.285529240590265;2528.7442283788
41.12391157221602 -20.154944661874204;2503.840227596
40.95135735990837 -20.01740374310018;2478.4022668538
40.77126736572696 -19.884852777689378;2452.910753971
40.58957133044424 -19.76010316246764;2428.4901712070
40.41775778058044 -19.63119444187703;2404.5944474926
40.24699136515341 -19.496684764580095;2379.9880229222
40.06820035129324 -19.36901392960343;2355.5589922679
39.89094753371141 -19.247658278662666;2332.357260029
39.72330619503205 -19.121197248412706;2309.426309940
39.55427744965497 -18.99000265380896;2285.650332446
39.37758128554539 -18.86611820890324;2262.211637789
39.204478042306704 -18.748026482001876;2240.143345761
39.040283946465635 -18.624852575789443;2218.192155238
38.873353196083784 -18.496888834255145;2195.2380853447
38.699233005020865 -18.37572815628506;2172.6768640439
38.52967252526838 -18.26087527714162;2151.6493782203
38.368529246706586 -18.14180646751721;2130.7366623959
38.204215750348624 -18.017121344075683;2108.6258452243
38.03292215077821 -17.897642352336703;2086.79009842
37.86620870891657 -17.78568302801113;2066.671649748
37.70786864428494 -17.671426165203297;2046.8738712070
37.54672118318239 -17.550632178639226;2025.708314419
37.37845909083067 -17.432012148091438;2004.442148349
37.213909518254475 -17.32191466373514;1985.0165475808
37.05807467726972 -17.212713180971384;1966.3618837632
36.90058806809106 -17.097113182591222;1946.3575100821
36.73570784913279 -16.97947150665858;1925.6077032218
36.57274990037056 -16.869463535369107;1906.553146760
36.41889378197312 -16.76444069909459;1888.911803566
36.26538633845929 -16.655402057365812;1870.3280302180
36.10450784332915 -16.54070793594986;1850.3155003635
35.94288339180422 -16.429286521758616;1831.2996678011
35.79014848282955 -16.32587082876016;1814.2836951815
35.64054679458917 -16.223352698381337;1797.1983247224
35.48451317723864 -16.114923783725015;1778.4532205413
35.32460919531427 -16.003394348113968;1759.4665443277
35.171915074265094 -15.898054690542018;1742.4650725800
35.025467398539334 -15.799160366682912;1726.5299513332
34.875015965016885 -15.698727307132026;1709.505527173
34.71813714826609 -15.592164379851239;1691.2025541453
34.564716082006115 -15.484488824387856;1673.8118442219
34.41979297352361 -15.383901969248836;1658.2255613460
34.27493723924219 -15.28857500817475;1642.755815494
34.12308552541838 -15.190830193723228;1625.9939223549
33.969485994309444 -15.087149741283298;1608.7542598904
33.82386040846561 -14.982931709662369;1592.7831826283
33.68320941238324 -14.885736215161442;1577.9875809892
33.538041456432666 -14.793653422531195;1562.848774594
33.38684566927591 -14.699466631727113;1546.7928710341
33.23905856821814 -14.599481062426644;1530.8472809042
33.099586924240086 -14.49810650812175;1515.8701975807
32.960907104218286 -14.402995322680445;1501.4973279921
32.81571158534762 -14.313773146900605;1486.7843317578
32.66732383949634 -14.223861777284897;1471.755571342
32.525546319383444 -14.128544601924869;1457.0836416903
32.39034403737963 -14.029961764366533;1442.8113802524
32.252926039608646 -13.935660554735469;1428.6810481191
32.10878850932442 -13.848258241764897;1414.4594935373
31.9642477458484 -13.762696911545664;1400.5301004949
31.827557419492262 -13.673170254968072;1387.0802321651
31.695535455882368 -13.57858194489246;1373.4974868789
31.559632768694193 -13.484545622158356;1359.561495790
31.417516268560252 -13.397043606755632;1345.7348825045
31.276822431813233 -13.31454260879814;1332.7281078714
31.144179866517018 -13.231213577281917;1320.4253036867
31.014980966679953 -13.14290477756597;1307.7604202778
30.881234243465727 -13.050910659908306;1294.2094226260
30.741716586838397 -12.961697481108365;1280.5881245759
30.60432167718875 -12.879175085852534;1268.1064393404
30.474866543674118 -12.800278219658523;1256.7080842918
30.348523923705635 -12.719543175628063;1245.1631336456
30.217665804034493 -12.63378135388481;1232.5017326622
30.08109105623137 -12.545010628965636;1219.1736634055
29.946289470309303 -12.459462110723438;1206.7498201607
29.81925124647632 -12.380372730948656;1195.7558121434
29.695856774925307 -12.304739798315122;1185.1621973199
29.56860373289313 -12.227507443869419;1173.775829701
29.435370418054397 -12.14551324781467;1161.3677529798
29.302574424772803 -12.060094717843993;1149.04127210
29.177100726439587 -11.976860915175031;1137.8959012730
29.05650388607264 -11.899775881215705;1127.662432287
28.93345332925847 -11.827030191137892;1117.3036600180
28.80425153190784 -11.754019018234937;1106.1972742861
28.673311233689592 -11.677025785186506;1094.7355200553
28.548427662758325 -11.59567244703234;1083.698868488
28.429950301014202 -11.51405425877341;1073.3173036598
28.31132955648967 -11.437336778692684;1063.2527151218
28.187140317807398 -11.366220674147181;1052.9851816156
28.058751170800647 -11.2972144685283;1042.5245997521
27.933693967027224 -11.226149669009702;1032.3683464131
27.8159618704062 -11.150623237419975;1022.5380371293
27.701195785947313 -11.07182802211362;1012.6377774584
27.58285261183578 -10.99449562629966;1002.5034646763
27.45872952314292 -10.922595760858382;992.3165921232
27.33382684877624 -10.855534888367016;982.5911775567
27.21508371477068 -10.789741149641614;973.6114188297
27.102369615726708 -10.721541377690862;964.8744944771
26.989682818085942 -10.649007023470949;955.6274578901
26.871868161324205 -10.573463524893494;945.6312128566
26.749444821077773 -10.499325254392339;935.5112308030
26.62895987969793 -10.430322690744589;926.2241605416
26.515417839674136 -10.366153878367149;917.9692977601
26.406290996049137 -10.303707530442239;910.075425412
26.295469581240454 -10.23953846075215;901.7066999562
26.179113927153406 -10.171427602878035;892.451246413
26.059326505035827 -10.099707459021651;882.7548626665
25.942879567587887 -10.027795545768775;873.6257075766
25.83331132417262 -9.959862113863855;865.5126110827
25.727199408462177 -9.89713778763212;857.9710574193
25.61873613610589 -9.837584331096313;850.2725324140
25.50477271611584 -9.778014578746117;841.9888872884
25.387863306518412 -9.715677879975377;833.3255091900
25.27455602025539 -9.649347813320762;824.8522139763
25.16795970716379 -9.580366003459433;816.8404228641
25.064725527596313 -9.512455318497896;809.1833911885
24.95932821516176 -9.448977892442327;801.5882672722
24.848597771832218 -9.390269128195321;793.7967336435
24.73458175543953 -9.334158547381085;785.949430567
24.623453390318463 -9.277775773846436;778.4563588055
24.518878470924406 -9.218705649611548;771.3499992600
24.41835609888188 -9.155837074288398;764.2293548506
24.316644123545817 -9.090251819581129;756.7424183568
24.210021875418068 -9.025213134816306;748.8872414671
24.09920726872259 -8.964034186660841;741.0495787890
23.989559772281527 -8.907576967757537;733.7788341585
23.885905029231072 -8.854265003505912;727.2619763441
23.787481681474972 -8.801583188406491;721.1288687878
23.689660380602177 -8.747151327830474;714.7981252678
23.58802342323498 -8.689382582569708;707.829504956
23.48138181694527 -8.628216440980097;700.2264722297
23.373307063234368 -8.565670932847649;692.5840143545
23.269467858786346 -8.505064493860425;685.6136700291
23.1717927113102 -8.448731293600986;679.4557383080
23.07719068574303 -8.396603772739665;673.7116061597
22.980957115125783 -8.346912918702369;667.8582693297
22.87997949126401 -8.297401709782513;661.5466698808
22.77499516905525 -8.246033818412483;654.8174435049
22.670781791961655 -8.191473855263649;648.0726864919
22.571995241712848 -8.133686670212102;641.6508940672
22.47863924329976 -8.07441591977601;635.5753580274
22.38692256673774 -8.01662963540371;629.6956377141
22.29256875251041 -7.962672383567228;623.7952978526
22.193369110016835 -7.912879127404267;617.7193450754
22.090965906840793 -7.865935706678349;611.592151548
21.990301811572078 -7.81990383911765;605.7551574716
21.8952564427237 -7.77287902631432;600.3407461324
21.805173847484685 -7.723352300841409;595.109083057
21.7162831325114 -7.670614246928223;589.6932433102
21.624630405372788 -7.615270049687647;583.8519278963
21.52825386000316 -7.55941185182323;577.628552240
21.42875163331745 -7.505731946155368;571.3974983889
21.330789616432472 -7.455912534253113;565.6458186203
21.238187586897524 -7.409876098485394;560.5670649614
21.15062481597472 -7.3663338835458685;555.950296755
21.064713551215974 -7.323588166728531;551.4065266666
20.97662958105998 -7.2799905863547005;546.5686162001
20.884083008550128 -7.234189975880908;541.2245068129
20.78784026325705 -7.185422798042991;535.4629357355
20.69187866353763 -7.133927218047833;529.6794525874
20.600455653661477 -7.081221889853854;524.276336003
20.51444822943358 -7.0296805746462825;519.3739297847
20.43130549415875 -6.98129843109341;514.823938108
20.347342048381535 -6.9366857787742005;510.35098289091
20.259664227735325 -6.895148876138799;505.7005579093
20.167642598470923 -6.855351254299978;500.79668436748
20.073813721916707 -6.815822502995744;495.82813763261
19.982585726182002 -6.77520068070147;491.08052913222
19.896676286268647 -6.7323898358035414;486.6323974091
19.815205987498597 -6.686791461843084;482.31597254613
19.735061799845237 -6.638639988949511;477.9033052749
19.65291025509395 -6.589235663897716;473.2487707920
19.566642633004943 -6.540646864405897;468.34564605074
19.47658545018042 -6.494758082949235;463.3560861080
19.385896251437142 -6.452377256204864;458.5840439861
19.298660442368753 -6.413151306765144;454.282035434
19.216679764844095 -6.376055482108833;450.4490043664
19.138548672690636 -6.339853705113288;446.86979353596
19.06121291274008 -6.303333786744044;443.2647488232
18.98164198252221 -6.2654163136333025;439.38389849443
18.898019948066835 -6.225268520586309;435.0814564167
18.81079316849425 -6.182503763275658;430.4145699053
18.722976679431568 -6.137453512380295;425.6714325843
18.638424314786786 -6.091327669997767;421.1949966160
18.558949745620783 -6.045945754914539;417.1486907661
18.483416135574817 -6.0029783697758665;413.47506583610
18.409059561653187 -5.963232992414242;409.9899101811
18.33298451990635 -5.926542972051945;406.47720211096
18.253207868632288 -5.8921279139656955;402.7725860427
18.16959806840355 -5.858976259176966;398.85378751064
18.084424629930222 -5.826057801436687;394.88392846861
18.001364554952083 -5.79241107762195;391.0943697199
17.922960416615297 -5.7571986665137205;387.57770355118
17.849045367978597 -5.719800962045444;384.2364828830
17.777446323664098 -5.679984893066989;380.89130319395
17.705395630528386 -5.638118309866259;377.3839755377
17.6305470257662 -5.595281355538603;373.63116594011
17.551789256331567 -5.553047694847038;369.6586116440
17.470006685434893 -5.512900632887903;365.6252724736
17.388104161002197 -5.4756600866125265;361.7839588250
17.309413269609724 -5.441339655792927;358.3324246856
17.235457785163124 -5.409391270680812;355.28559672240
17.165341069524462 -5.379017110303262;352.50620358233
17.096774566170023 -5.349366312305805;349.80341396198
17.027224388621374 -5.319618940822338;346.9927502653
16.954683890432964 -5.289017812756424;343.9287886746
16.878363465217557 -5.256900923895394;340.55164768168
16.799327404157566 -5.222771438398859;336.9413409643
16.72040018581626 -5.186424933279973;333.3027416502
16.644655916206535 -5.148114881217503;329.83736898008
16.573475310414768 -5.1086620028063905;326.62831884915
16.506061718475184 -5.069349403932526;323.64931385532
16.440345592125425 -5.03153218251504;320.8192128739
16.373981921967655 -4.996157924526078;318.02905093475
16.305010389529986 -4.963528351579498;315.1648625293
16.232428979851452 -4.933394050048832;312.15524955348
16.156789424042568 -4.905194865113169;309.0321188294
16.0803627919622 -4.878258417289549;305.94342895883
16.0061563259331 -4.851905060248658;303.0596361329
15.936126460937164 -4.8254866949265445;300.4466992067
15.870229704318646 -4.798398216551074;298.04100095223
15.806914385034977 -4.770090721656546;295.7111254464
15.744053709543449 -4.7401076005798055;293.3139878272
15.67960933850778 -4.708158752327958;290.7236169051
15.6121038447233 -4.674234433783919;287.8583142473
15.541128954319825 -4.638725683751254;284.7236959191
15.46780111430053 -4.60246588864743;281.450373791
15.394614503101431 -4.566590501600603;278.2627587072
15.324245883592928 -4.53221094441705;275.3581101093
15.258054263573417 -4.5000751403885815;272.8019640197
15.195622554223625 -4.470424139848053;270.53458731034
15.135375544788266 -4.443075456941021;268.4372639572
15.075353922823295 -4.417600804753626;266.381323483
15.01372308834846 -4.39347560599561;264.25020554607
14.949151362557902 -4.3701630965336715;261.95699009816
14.881240706908383 -4.347147733806389;259.4736228319
14.810934252029687 -4.323942430100964;256.861442865
14.74045262109546 -4.300088367275084;254.2584691426
14.672341026850535 -4.275160303930018;251.79813235001
14.608125343690336 -4.248787677402871;249.5262027315
14.547733025044982 -4.220700433521244;247.39593964625
14.489914379766173 -4.190803560239779;245.3177974509
14.432931609890343 -4.159268880443242;243.2026888542
14.37503913542843 -4.126603531228555;240.98222682603
14.314797774195835 -4.0936275861142395;238.61689372846
14.251401548554375 -4.0613123097511314;236.10495428289
14.18506681322231 -4.030522572427204;233.4984547945
14.117257052394455 -4.001800518573391;230.91112541903
14.050300221647941 -3.9753026049885882;228.4834594845
13.986311942849792 -3.950877991111635;226.30996175011
13.926190850635184 -3.928197089801826;224.3964168269
13.869475611575707 -3.9068576241887403;222.68007815852
13.814860470658765 -3.886446717507786;221.07113583516
13.76074411196648 -3.866567599133457;219.47798453117
13.70557496905128 -3.846845844501638;217.81629460214
13.648089550316627 -3.8269267718372144;216.01554634744
13.587584481171826 -3.806471531934537;214.03376851958
13.524249652913703 -3.78515714742787;211.88124252526
13.459374545541339 -3.7626852068728716;209.63473344973
13.395063524622461 -3.738804154586783;207.4116296971
13.333348483976138 -3.7133494835048277;205.30693512591
13.275271472171243 -3.686301863131237;203.34926983527
13.22064214500636 -3.657852012027499;201.51136395623
13.168419606713316 -3.6284431259917973;199.74562902739
13.117202409782822 -3.5987484135206538;198.00712293099
13.065554391283362 -3.569556749191564;196.25704492230
13.012203072150992 -3.54159444001583;194.45861511323
12.956231883343646 -3.5153661223595516;192.57958228931
12.897338861265057 -3.4910896380353615;190.60871039487
12.836108199680696 -3.4687310866901835;188.5790484779
12.774061392537469 -3.448090020521852;186.5737781255
12.713212164161941 -3.428882811447607;184.6932119892
12.65522210660529 -3.410800133063037;183.00174559357
12.600751209736117 -3.3935377074342994;181.5025417952
12.549430682159064 -3.376808355725352;180.15275654978
12.500247255177523 -3.360343509965943;178.8905783768
12.451933753246418 -3.3438898692431733;177.6518527971
12.40321171246501 -3.327204668304389;176.37574142528
12.352938322888281 -3.310051746522149;175.00685028471
12.300253507953048 -3.2922001624939936;173.50048091222
12.24478646883094 -3.273427248598572;171.8348581302
12.18689495360822 -3.253528460245374;170.02787659131
12.127775669368214 -3.2323366987633007;168.14455857993
12.069207542695654 -3.20975311958003;166.27733392009
12.012895722651756 -3.1857883795491913;164.504057780
11.959809109427873 -3.1606064291668763;162.85831154340
11.909968763143045 -3.1345530181190617;161.33340630311
11.862683648303939 -3.1081442110856132;159.90358643334
11.816906189053123 -3.081997938446059;158.53890650113
11.771489159898124 -3.0567198151135506;157.20831882076
11.725329400514807 -3.032787015835523;155.8776793523
11.67746774526281 -3.0104795344605932;154.51009831909
11.627212865802019 -2.989877632906461;153.07257547905
11.57432130414831 -2.970906718884979;151.54936341705
11.519196340804223 -2.953396807012261;149.95762903000
11.462964935334 -2.9371331198164015;148.35339123858
11.40724578417677 -2.9218896933871505;146.81442568517
11.353596122665904 -2.9074475718803185;145.40506955493
11.302952239845363 -2.893602332689513;144.14995325924
11.25542902966459 -2.8801653373336604;143.03452155812
11.210494708952837 -2.8669617633677213;142.02193947825
11.167268220363617 -2.853827263368564;141.06846095684
11.124747894059228 -2.840604296181795;140.1308353785
11.081940095422116 -2.8271387441255094;139.16815542894
11.037934934808415 -2.8132772685789607;138.14214163467
10.991984208735216 -2.79886588836783;137.01900888295
10.943619802311359 -2.7837504433142772;135.77517369011
10.892817171161852 -2.7677798896422083;134.4072310493
10.840146151430371 -2.7508136899179405;132.94195541619
10.78677581544009 -2.7327347314404835;131.43619191060
10.734204292726409 -2.713468870918332;129.9587299307
10.683767710781 -2.6930107749910492;128.56260995295
10.636214120326649 -2.671452592809;127.2689619067
10.591592367580516 -2.6490072279283754;126.07151809440
10.549420385302346 -2.626013553385745;124.95099608306
10.508929917228247 -2.602911315103427;123.88595699405
10.46925002421287 -2.580183091050599;122.85612999726
10.429509116129616 -2.5582775700459925;121.84098369880
10.388890523640162 -2.5375411742268503;120.81766602248
10.346682929280623 -2.5181817410880023;119.76123144707
10.302357342268843 -2.500270282329772;118.6485774311
10.255685301280895 -2.4837693216746377;117.46629366983
10.20687956214561 -2.468570346842024;116.22062262433
10.156683826503924 -2.454527400864944;114.94393504430
10.10629630346157 -2.441481352306174;113.68961245758
10.05706595809084 -2.429274757953019;112.51317617867
10.010075486935907 -2.417759516228761;111.45076817682
9.965852979195716 -2.40679979549595;110.51006244531
9.924349447214297 -2.3962721997046104;109.67607014840
9.885103927472827 -2.386064484161704;108.9224425350
9.847439752274129 -2.376073612392722;108.21997625231
9.810604031990103 -2.3662035937434642;107.54045345823
9.77384328354066 -2.356363329017641;106.85741449586
9.736442160303064 -2.3464645754311717;106.14579931592
9.697755064581576 -2.33642008906712;105.38187650169
9.657254339129501 -2.3261419918715687;104.54456712985
9.614610136290429 -2.3155404303145635;103.61907774713
9.569800639074195 -2.304522640822174;102.6029703284
9.523219260633656 -2.292992614106944;101.51258434403
9.475704358600549 -2.280851658818764;100.384665485
9.428408282910581 -2.2680003022937063;99.26799341224
9.382501351640753 -2.254342115655735;98.20666996015
9.338843470321928 -2.2397901632070214;97.22542037334
9.297802551345262 -2.2242767469589286;96.3261088812
9.259279742473112 -2.2077667649287775;95.49436318681
9.2228562001097 -2.1902740862694916;94.70889812184
9.187947794112096 -2.1718786902962384;93.94830086764
9.153911768578544 -2.152740098220592;93.19429840263
9.120103789727642 -2.1331007725493483;92.43245318821
9.085905147036122 -2.11327342172361;91.65133807681
9.050741149003745 -2.093610168860983;90.84106075776
9.014107766264823 -2.0744588535646753;89.99213346246
8.975619322073689 -2.05611851809559;89.09588989063
8.935083319849355 -2.03880738586575;88.14740551688
8.89259364437246 -2.022650911332913;87.15069983745
8.848607025786677 -2.0076887507969405;86.12381682673
8.80394090464495 -1.99389342595653;85.09937513431
8.75963807875081 -1.9811924249488457;84.11727535011
8.716714959834901 -1.9694879673228056;83.21197665146
8.675905999424732 -1.9586719083859088;82.40219231682
8.637532247301497 -1.9486355985708093;81.68889362313
8.601527527710141 -1.9392756325029792;81.06027922816
8.567555730859524 -1.9304966842514226;80.49846125293
8.53513543713507 -1.9222124727527856;79.98425549920
8.503728710044266 -1.9143456274753954;79.49943100164
8.472790232537506 -1.9068269676282268;79.02722170968
8.441789796748429 -1.8995945125693714;78.55201949161
8.410223056693466 -1.892592407234798;78.05888227385
8.377622817993835 -1.885769860970231;77.53328248787
8.34358065096353 -1.8790801463464832;76.96147439513
8.307786416022577 -1.8724796746146282;76.33188800043
8.270088894231916 -1.8659271481097517;75.6378583955
8.230570321635296 -1.859382781802842;74.88145118979
8.18960932523564 -1.8528075829983015;74.07693495071
8.147887768615544 -1.846162678010506;73.25114935198
8.106299218741695 -1.8394086765368909;72.43840880337
8.065761712392186 -1.8325050680832797;71.670977679
8.027006566628895 -1.8254096503228028;70.97015233490
7.990441911196648 -1.8180779972629517;70.34283048658
7.956137696750921 -1.8104629865177166;69.78394311858
7.923900952670053 -1.8025144211710835;69.2814436454
7.893377936591041 -1.7941788043880753;68.82066335555
7.864138555424128 -1.785399355940841;68.3868458224
7.835729499767061 -1.7761164006571473;67.96611710010
7.807701118094057 -1.7662683095046836;67.54554405933
7.779618334481547 -1.7557932308760713;67.11281033908
7.7510650062029605 -1.7446319015450955;66.65584496339
7.72164908361933 -1.7327318496396953;66.1626314692
7.691014576574144 -1.7200532528489625;65.62141381448
7.658865498497452 -1.7065765295105984;65.02155466284
7.625005367281389 -1.6923113432090504;64.35530341038
7.589391356402518 -1.6773060464581901;63.62053811228
7.552192677051053 -1.6616557365195195;62.82396880837
7.513828989534184 -1.6455063136042773;61.98335536394
7.474954902495005 -1.629051728262705;61.12666245758
7.436366829985842 -1.6125225591092107;60.286960876022
7.398847004851249 -1.5961663689574581;59.49457606737
7.363004296984295 -1.58022327099159;58.77032956551
7.3291793536794305 -1.564902302998684;58.12301468539
7.29743981306027 -1.5503641672458275;57.551119480279
7.2676399110180245 -1.536713525385001;57.046528531559
7.239499697332485 -1.5240006953561493;56.59801563248
7.212672105993418 -1.5122300391148413;56.19357887842
7.186787071107683 -1.50137146245385;55.8216337603
7.161475118524158 -1.4913720202212941;55.47142392542
7.136377219503216 -1.4821658163426072;55.13299596978
7.111147414601188 -1.4736815112796084;54.796977299319
7.085453242244052 -1.465847490518892;54.45431018547
7.0589778539112205 -1.4585951017255043;54.096056522677
7.031427173761671 -1.4518604576840743;53.71339171157
7.002545282635022 -1.445585254746357;53.297937089932
6.972140688815672 -1.439716960006474;52.84260544558
6.940124170476255 -1.4342086215616237;52.34308465703
6.906554074097788 -1.4290184739981542;51.799854396182
6.871676803458309 -1.4241094497929028;51.22015222178
6.83594140341165 -1.4194486643486086;50.61874730851
6.799965444859978 -1.415006913728793;50.016308823489
6.764444211535694 -1.4107582057693857;49.435176001347
6.730025227407671 -1.4066793338528967;48.89410353480
6.697194925342797 -1.4027494958471234;48.404492209888
6.6662196040839685 -1.3989499568738768;47.969604943569
6.63715066463343 -1.3952637525674727;47.58629226100
6.609872687330166 -1.3916754285867723;47.247653327261
6.584163709775111 -1.3881708118978267;46.94533115772
6.559746591640796 -1.3847368094515897;46.6709504263
6.536323933228982 -1.3813612301766458;46.41678048375
6.5135977604719715 -1.3780326265685239;46.17589404978
6.491278349574215 -1.3747401525448941;45.94206200387
6.4690865817218794 -1.37147343459107;45.70953870245
6.446753231490407 -1.3682224535541028;45.47282270992
6.424017664979803 -1.364977434718623;45.226439882036
6.400627884914068 -1.361728744039638;44.964784893089
6.376343703033288 -1.358466788604027;44.68206670075
6.350944890482998 -1.3551819195468557;44.372426895517
6.324246170095675 -1.3518643357735063;44.03032723384
6.296120389234011 -1.3485039869406608;43.65131064166
6.2665294389851605 -1.3450904742205525;43.23318363290
6.23555875685214 -1.3416129474494911;42.77748946422
6.203445657612818 -1.338059997329215;42.2908258425
6.170586525949266 -1.3344195414411182;41.7852469056
6.137508112815433 -1.330678702965777;41.2770171518
6.104798867162628 -1.32682368120123;40.783655335153
6.073015675090176 -1.322839613287767;40.32027144482
6.042597202259622 -1.3187104270397623;39.896780276911
6.013813203315386 -1.3144186855196336;39.517039988643
5.986759803795541 -1.309945425102224;39.17978229972
5.961389452099773 -1.3052699904022969;38.88040542407
5.937555148350695 -1.3003698717835472;38.6127146234
5.9150523056950295 -1.295220554506277;38.37015141971
5.8936502169943195 -1.2897953932186195;38.14646526824
5.873111996192006 -1.2840655318769638;37.93597188213
5.853205210210173 -1.2779998977060283;37.73356580359
5.833706178867539 -1.271565308906073;37.534611463590
5.81440050300298 -1.264726749690455;37.334787374481
5.795081691820249 -1.257447882647351;37.129923072401
5.775549193730872 -1.2496918861543156;36.91584949956
5.7556067959624375 -1.2414227207362574;36.68827692641
5.7350622351385105 -1.2326069372188053;36.442716794000
5.713728904646599 -1.223216131870688;36.174472901068
5.69143068366265 -1.2132301155273872;35.87874146787
5.668011031091786 -1.2026407774831072;35.55087526679
5.6433473809944745 -1.1914564741838516;35.18687536306
5.617371215772685 -1.1797065518721443;34.784156843064
5.590092568179204 -1.167445343090352;34.342564528911
5.561624862839282 -1.1547547263140616;33.86546808751
5.53220241308854 -1.141744223997279;33.36056424986
5.50218036378135 -1.1285477789685607;32.83987235651
5.472008482359088 -1.1153168849061894;32.31852420393
5.442178175441925 -1.102210598296445;31.812430240553
5.413154304497513 -1.089383871618379;31.335540992015
5.385312330039435 -1.0769762404266179;30.897725075228
5.3588996955010835 -1.065102869531296;30.503952022032
5.334028669588335 -1.0538492966527722;30.1547630756
5.310694597317559 -1.0432701992937492;29.847488360672
5.288806783928354 -1.0333915769278148;29.577595062345
5.268220308745605 -1.0242151951444736;29.339781550901
5.248761998271874 -1.0157240479260683;29.12869900504
5.230248507768593 -1.0078878293903675;28.93934389784
5.212497259766026 -1.000667773025269;28.767218640250
5.195332017788355 -0.994020562170695;28.608351586359
5.178584886463489 -0.9879012661371115;28.459242008389
5.162096153934825 -0.9822654014327655;28.31677072555
5.145712973030224 -0.9770702794151662;28.178099016330
5.129287548344317 -0.9722758105748237;28.040567283638
5.112675285113214 -0.967844917140895;27.90159902934
5.0957332507468625 -0.9637436768914183;27.758613508425
5.078319281217582 -0.9599412915940873;27.608951067314
5.060292113953762 -0.9564099478396657;27.44981829608
5.041513027981844 -0.9531246175587704;27.2782657486
5.021849592617583 -0.9500628300763152;27.0912189847
5.001182214113582 -0.9472044363838417;26.885592928780
4.979414125048334 -0.9445313784687184;26.658526426677
4.95648512162341 -0.9420274711844763;26.40777051523
4.932388511421291 -0.9396782005831804;26.132237492446
4.90718923229629 -0.937470540324517;25.832654921894
4.881039064203703 -0.935392786333461;25.51216925050
4.8541829924533975 -0.9334344090155784;25.176643772101
4.826950511233548 -0.9315859218660408;24.83437716896
4.7997285169046 -0.9298387650768535;24.49511804407
4.772918608850451 -0.9281852026796852;24.168558107325
4.746888582496567 -0.9266182317837336;23.862781345533
4.721931320042631 -0.9251315025474328;23.583200107664
4.698241416214121 -0.9237192476297823;23.33225975624
4.675912396055928 -0.9223762199849518;23.109827839995
4.654950062513684 -0.9210976379844384;22.913951009753
4.635294065224912 -0.9198791369639229;22.741652776570
4.6168404793574105 -0.9187167264010938;22.58957238756
4.59946096904651 -0.9176067520253948;22.454384590106
4.583016896494877 -0.9165458622495871;22.333026342527
4.567368547501541 -0.9155309783902412;22.222786965659
4.552380447106023 -0.9145592682107333;22.121315671845
4.537923886243106 -0.9136281223824836;22.026585968609
4.523877620709727 -0.9127351335106894;21.936841649971
4.510127458622784 -0.9118780774165286;21.85053799429
4.4965652269285705 -0.9110548964078068;21.766284672016
4.483087436047976 -0.9102636843033389;21.68279278054
4.469593846243229 -0.9095026730078107;21.598826326790
4.455986070520801 -0.9087702204562954;21.513157603365
4.442166316483793 -0.9080647997749022;21.424525790226
4.428036365676913 -0.9073849895179131;21.331598546887
4.4134969087673985 -0.9067294648634447;21.2329373090
4.39844739564085 -0.9060969896608005;21.126968568441
4.382786618638817 -0.9054864092374468;21.01196577767
4.3664143194153135 -0.9048966438837973;20.88604985212
4.34923418226106 -0.9043266829438952;20.74722052265
4.331158621644789 -0.9037755794482274;20.59343544577
4.3121157386303155 -0.9032424452324044;20.422757298329
4.292058630992422 -0.9027264464923563;20.233587544797
4.270976796638754 -0.9022267997315586;20.0249935944
4.248908591170528 -0.9017427680611345;19.797107561427
4.225952620641692 -0.9012736578179006;19.55152812013
4.202274842683967 -0.900818815469466;19.291603226156
4.178107608745115 -0.9003776247790121;19.02244132450
4.153737683919658 -0.8999495042040796;18.750533763257
4.129482880036219 -0.8995339045085536;18.482991946542
4.105660778373953 -0.899130306566922;18.226569595210
4.082556358436247 -0.8987382193438652;17.986755785571
4.0603961805698905 -0.8983571780330591;17.767202769671
4.039334392320989 -0.8979867423404186;17.569601783751
4.019451565035454 -0.8976264948998829;17.393939908581
4.000763549469365 -0.8972760398091383;17.23896486183
3.98323575855686 -0.89693500127555;17.102682185067
3.966798592587434 -0.8966030223626289;16.982771195097
3.9513611603600864 -0.8962797638281235;16.87687724854
3.9368220071691784 -0.8959649030469379;16.782786551265
3.923076686816316 -0.8956581330109616;16.69851118589
3.910022612770789 -0.8953591613998322;16.622314882115
3.897561824659195 -0.8950677097170605;16.552704358314
3.885602284012577 -0.8947835124857177;16.48840340970
3.87405819880659 -0.8945063164999301;16.428320323704
3.8628497450260273 -0.8942358801265543;16.371514480528
3.851902438943704 -0.8939719726541622;16.31716497281
3.841146325970158 -0.8937143736847606;16.264542298067
3.830515089708037 -0.8934628725664305;16.212983210219
3.819945143401141 -0.8932172678617846;16.161868339498
3.8093747400827764 -0.892977366851364;16.110601993907
3.7987431231352913 -0.8927429850685163;16.058593514202
3.787989732663982 -0.892513945863643;16.005239601586
3.7770534831925286 -0.8922900799953551;15.9499071456
3.7658721338142875 -0.8920712252474535;15.891916250283
3.7543817829123163 -0.8918572260688292;15.830523412922
3.7425165362535338 -0.891647933235613;15.76490519834
3.7302084202521195 -0.8914432035333435;15.694143336870
3.7173876418647533 -0.8912428994581015;15.617213043373
3.7039833323150684 -0.8910468889352008;15.532977594451
3.68992495074878 -0.8908550450545288;15.44019386880
3.675144558800478 -0.8906672458208656;15.337535595836
3.659580193636357 -0.8904833739186241;15.223643160716
3.6431805410532743 -0.8903033164900443;15.097210205338
3.6259110060537054 -0.890126964925729;14.957116477148
3.6077610531851936 -0.8899542146668146;14.80261119810
3.5887523085196387 -0.8897849650182232;14.633539202790
3.568946386483462 -0.889619118971998;14.450582115169
3.548450823733654 -0.8894565830401344;14.255461897009
3.5274210920365556 -0.8892972670967931;14.051034028219
3.5060567499637476 -0.8891410842283962;13.841198294071
3.484590669134094 -0.8889879505919905;13.630590708724
3.46327193889332 -0.8888377852809972;13.424088655339
3.4423450327159104 -0.8886905101977323;13.22623605500
3.4220292411712023 -0.8885460499327572;13.040734892013
3.402502462948133 -0.8884043316501505;12.870126896624
3.383892073403251 -0.8882652849788759;12.715715806220
3.366273427303546 -0.8881288419091925;12.577698237801
3.3496746055718893 -0.8879949366946344;12.45542011757
3.3340849846770735 -0.8878635057586507;12.347668955134
3.3194651794482364 -0.887734487605789;12.252936648221
3.305756524295361 -0.8876078227372756;12.169620873864
3.292889057132925 -0.8874834535705824;12.096159879197
3.2807876444986475 -0.8873613243629805;12.03111053672
3.2693763211788522 -0.8872413811385809;11.973184706809
3.258581130700716 -0.887123571618923;11.921258280738
3.2483318132564154 -0.8870078451566995;11.874364195908
3.2385626639411766 -0.8868941526727052;11.831677280006
3.229212825895677 -0.886782446595512;11.792495903406
3.2202262185601995 -0.8866726808040748;11.75622332758
3.2115512441543217 -0.8865648105726835;11.722350251829
3.20314037011443 -0.8864587925188742;11.69043920664
3.1949496514835074 -0.8863545845530411;11.660110951035
3.18693823330348 -0.8862521458308333;11.631032769474
3.1790678566648936 -0.8861514367072516;11.60290844162
3.17130238118716 -0.8860524186930898;11.575469612549
3.163607329713871 -0.8859550544129302;11.548468287510
3.1559494567071336 -0.8858593075652491;11.521670190990
3.148296339362337 -0.8857651428840472;11.494848752083
3.14061598927314 -0.8856725261021499;11.467779502118
3.1328764821956 -0.8855814239161204;11.440234691967
3.1250456038900616 -0.8854918039525213;11.411977955851
3.1170905110876608 -0.8854036347356703;11.382758866573
3.1089774083539417 -0.8853168856567456;11.352307246481
3.1006712441259814 -0.8852315269441209;11.320327123275
3.0921354326712054 -0.885147529634874;11.286490256169
3.0833316134408126 -0.8850648655475556;11.250429214924
3.074219465610971 -0.8849835072558665;11.211730084825
3.064756603921747 -0.8849034280637126;11.169925012457
3.0548985926179513 -0.8848246019808756;11.124485023760
3.04459912762966 -0.884747003699827;11.074813866057
3.0338104530067755 -0.8846706085735085;11.020244080676
3.022484095235295 -0.8845953925938765;10.960037127336
3.0105720163076923 -0.8845213323713527;10.893390155969
2.9980282990992446 -0.8844484051148922;10.819452898998
2.9848114794741702 -0.8843765886131357;10.737358970839
2.970887617527203 -0.8843058612158545;10.64627626897
2.9562341406282355 -0.8842362018165679;10.545480595764
2.940844377107094 -0.8841675898353957;10.434454262350
2.924732519665978 -0.884100005202819;10.313006457538
2.9079385159165656 -0.884033428343734;10.181404174490
2.8905321148598135 -0.8839678401627082;10.040492342774
2.8726150816187523 -0.8839032220290306;9.89177245193
2.85432054776715 -0.883839555762759;9.737405479351
2.835808715387301 -0.8837768236211483;9.580112944640
2.8172587366050323 -0.8837150082856652;9.422971805002
2.7988574570762594 -0.8836540928491785;9.269129993148
2.780786580568809 -0.8835940608040876;9.1214975193
2.763210336154947 -0.883534896030275;8.9824791998
2.7462656584575282 -0.8834765827840552;8.853802434986
2.730056229211525 -0.8834191056871535;8.736462775667
2.7146507467238488 -0.8833624497161537;8.630776008722
2.700084871051323 -0.8833066001922674;8.536502280548
2.6863657234113707 -0.8832515427716024;8.453001199776
2.67347767713777 -0.8831972634356368;8.379383810583
2.661388364056381 -0.8831437484820137;8.314640449436
2.650054161971188 -0.8830909845157192;8.257736233401
2.639424777279531 -0.8830389584404639;8.207674885971
2.629446808351071 -0.882987657450446;8.163536281065
2.6200663475267865 -0.8829370690223496;8.124494503716
2.6112307657844243 -0.8828871809076053;8.089822754013
2.6028898505326463 -0.8828379811247992;8.05889015175
2.5949964588108534 -0.8827894579525782;8.031154100372
2.587506823976073 -0.8827415999225575;8.006150657378
2.5803806253201373 -0.8826943958124898;7.983484434104
2.5735809030830095 -0.8826478346398755;7.962818897576
2.567073878596333 -0.882601905655441;7.943867519329
2.5608287213781233 -0.8825565983369974;7.926385949522
2.554817291516987 -0.882511902383563;7.910165238870
2.5490138758735528 -0.8824678077095456;7.8950260468367
2.543394929681251 -0.8824243044391281;7.880813734894
2.537938830325649 -0.8823813829009345;7.867394230258
2.5326256468358292 -0.8823390336226213;7.854650546654
2.527436926482026 -0.8822972473260117;7.842479857213
2.5223554985036616 -0.8822560149219218;7.830791026195
2.517365294147687 -0.8822153275055883;7.81950251852
2.5124511817088777 -0.8821751763518457;7.808540617735
2.507598815006106 -0.882135552910789;7.7978378934436
2.5027944936206583 -0.8820964488033177;7.787331868181
2.498025033210303 -0.8820578558169146;7.776963841188
2.4932776442515947 -0.8820197659015573;7.76667783257
2.488539817636045 -0.8819821711657163;7.756419616213
2.4837992156317 -0.8819450638725304;7.746135813446
2.479043566815342 -0.8819084364359808;7.735773022237
2.4742605636757076 -0.8818722814172862;7.725276958489
2.469437761685305 -0.8818365915213556;7.714591587125
2.464562478740395 -0.8818013595933296;7.703658221050
2.4596216939793143 -0.8817665786152972;7.692414565889
2.4546019451191845 -0.8817322417030128;7.680793687685
2.449489223609547 -0.8816983421027016;7.668722879616
2.4442688671071697 -0.8816648731881277;7.65612240239
2.4389254490495027 -0.8816318284574579;7.6429040715163
2.4334426654721844 -0.8815992015304333;7.62896966310
2.4278032197197246 -0.881566986145628;7.61420910973
2.421988706382246 -0.8815351761575918;7.598498457931
2.415979496718574 -0.8815037655343287;7.581697562443
2.409754629075825 -0.8814727483545715;7.563647499177
2.403291709480182 -0.8814421188053331;7.544167691754
2.3965668297686302 -0.8814118711794896;7.523052768885
2.389554513482752 -0.8813819998733317;7.500069205425
2.382227703386412 -0.8813524993843225;7.47495185466
2.3745578090146338 -0.8813233643087821;7.447400560490
2.366514838172497 -0.8812945893397475;7.417077153738
2.3580676427232157 -0.8812661692647449;7.383603296734
2.34918431604775 -0.8812380989638551;7.3465598504444
2.3398327865696333 -0.8812103734075589;7.305488702207
2.3299816574740273 -0.8811829876548469;7.259898296876
2.3196013451444424 -0.8811559368512402;7.209274425799
2.308665564774783 -0.8811292162270027;7.15309807291
2.2971531968158367 -0.8811028210952505;7.090872167875
2.2850505372337655 -0.8810767468501932;7.022158762050
2.2723538829003775 -0.8810509889654188;6.946627183947
2.2590723277547937 -0.8810255429922084;6.86411191238
2.245230547882636 -0.8810004045578946;6.774676125903
2.230871245831712 -0.8809755693642645;6.678673362903
2.2160568303903063 -0.880951033186005;6.576796195698
2.2008698641006514 -0.8809267918691505;6.470098608256
2.185411858411514 -0.8809028413296309;6.359979522984
2.169800166008068 -0.8808791775518802;6.248119918828
2.1541630094769957 -0.8808557965873259;6.1363751312026
2.138633044516365 -0.8808326945530415;6.026635095681
2.123340188671311 -0.8808098676305146;5.920674674566
2.1084046428561387 -0.8807873120641381;5.8200198970308
2.093931016411687 -0.8807650241601395;5.725852102900
2.080004234688942 -0.8807430002852038;5.638961998430
2.0666875374227547 -0.8807212368653448;5.5597534500622
2.054022485946921 -0.8806997303846297;5.488286814774
2.042030596219064 -0.8806784773841096;5.42434641654
2.0307160599253247 -0.880657474460647;5.3675166566489
2.0200690051749146 -0.880636718265816;5.317254606808
2.010068838529736 -0.8806162055048479;5.272951639753
2.0006873464712296 -0.8805959329355458;5.233981012112
1.9918913717969664 -0.880575897367274;5.199731469556
1.9836449924482322 -0.8805560956600342;5.169628749783
1.975911207792416 -0.8805365247233224;5.143147574807
1.9686531826542304 -0.8805171815153231;5.119816733093
1.961835119829458 -0.8804980630419416;5.0992194952542
1.955422835753253 -0.8804791663558075;5.080991122328
1.9493841084685253 -0.8804604885554833;5.064814750809
1.9436888571077342 -0.8804420267845705;5.050416536755
1.9383092009667202 -0.8804237782308739;5.037560630463
1.93321943569579 -0.880405740125493;5.026044327422
1.9283959549844292 -0.8803879097420746;5.015693585656
1.9238171386263359 -0.8803702843960215;5.0063589970913
1.9194632219538412 -0.880352861443686;4.997912236457
1.9153161571263477 -0.8803356382816667;4.9902429733820
1.9113594733941282 -0.880318612345988;4.9832562129368
1.907578141001608 -0.8803017811114396;4.976870020608
1.9039584416283637 -0.8802851420908011;4.971013585156
1.9004878470235484 -0.8802686928342545;4.965625574238
1.8971549066299624 -0.8802524309286079;4.960652741163
1.893949144415302 -0.8802363539966511;4.9560487455030
1.8908609647497958 -0.8802204596965245;4.951773154967
1.8878815669327775 -0.8802047457211042;4.947790600356
1.8850028678337563 -0.8801892097973274;4.944070059530
1.8822174320433733 -0.8801738496856211;4.940584249999
1.8795184089067427 -0.8801586631793303;4.937309112887
1.8768994758161193 -0.8801436481040734;4.93422337379
1.8743547871656467 -0.8801288023171995;4.931308168386
1.8718789284052328 -0.8801141237072316;4.9285467225614
1.869466874672769 -0.880099610193354;4.92592407858
1.8671139535263148 -0.8800852597248257;4.923426860112
1.8648158113416027 -0.8800710702804525;4.921043070099
1.862568382981397 -0.8800570398681481;4.9187619165286
1.8603678643828785 -0.8800431665243763;4.91657366178
1.858210687744982 -0.8800294483136535;4.914469492132
1.8560934990307485 -0.8800158833280788;4.912441404226
1.8540131375301776 -0.8800024696868658;4.910482106272
1.8519666172559073 -0.8799892055359173;4.908584931578
1.8499511099677415 -0.8799760890472681;4.906743762751
1.8479639296446824 -0.8799631184188068;4.904952964999
1.8460025182410478 -0.8799502918736309;4.903207327216
1.84406443258116 -0.8799376076598416;4.901502009744
1.842147332261353 -0.8799250640499575;4.899832497847
1.8402489684419263 -0.8799126593406067;4.898194560083
1.8383671734221392 -0.8799003918520582;4.896584210841
1.836499850902751 -0.8798882599278842;4.894997676451
1.834644966848521 -0.8798762619345651;4.89343136430
1.8328005408707846 -0.8798643962610931;4.891881834528
1.8309646380574869 -0.8798526613186064;4.890345773771
1.8291353611829173 -0.879841055540022;4.8888199707571
1.82731084323491 -0.8798295773796849;4.887301293235
1.8254892402006508 -0.8798182253130596;4.885786666040
1.8236687240564637 -0.8798069978363495;4.88427304996
1.8218474759088805 -0.8797958934661593;4.88275742117
1.8200236792365445 -0.8797849107391583;4.881236750937
1.8181955131846277 -0.8797740482118167;4.879707985349
1.81636114586373 -0.8797633044599947;4.878168024904
1.814518727606115 -0.8797526780787525;4.876613703573
1.8126663841320982 -0.8797421676819102;4.875041767193
1.8108022095790128 -0.8797317719019014;4.873448850875
1.808924259344134 -0.8797214893893339;4.87183145515
1.8070305426913635 -0.8797113188127837;4.870185920600
1.8051190150702758 -0.8797012588585319;4.8685084004927
1.803187570092717 -0.8796913082302126;4.866794831312
1.8012340311105133 -0.8796814656486076;4.865040900538
1.799256142333342 -0.8796717298513539;4.863242011367
1.7972515594227678 -0.8796620995926936;4.8613932438282
1.7952178394936789 -0.8796525736431964;4.859489311732
1.7931524304498392 -0.8796431507895536;4.857524514812
1.7910526595741736 -0.8796338298342707;4.85549268531
1.7889157212891358 -0.8796246095954625;4.853387128180
1.7867386639960883 -0.8796154889066032;4.851200553926
1.7845183758950367 -0.8796064666162927;4.848925003003
1.7822515696797476 -0.8795975415880507;4.846551760469
1.77993476599537 -0.8795887127000533;4.8440712594568
1.777564275538669 -0.8795799788449279;4.841472971760
1.775136179672767 -0.879571338929577;4.8387452836070
1.772646309423068 -0.8795627918748998;4.83587535436
1.7700902227143598 -0.8795543366155582;4.8328489556134
1.7674631797055733 -0.879545972099917;4.829650287628
1.7647601160780961 -0.8795376972896938;4.826261769829
1.7619756141362157 -0.8795295111597815;4.822663801331
1.759103871586154 -0.8795214126981761;4.818834487109
1.7561386678777542 -0.8795134009056245;4.814749324702
1.7530733280185178 -0.8795054747955074;4.810380845709
1.749900683811927 -0.879497633393678;4.805698205625
1.746613032531998 -0.8794898757382862;4.800666714815
1.7432020931317425 -0.8794822008794706;4.795247302768
1.739658960202449 -0.8794746078793881;4.789395907100
1.7359740560627548 -0.8794670958118181;4.783062778380
1.7321370815744768 -0.8794596637622357;4.776191691723
1.7281369665717257 -0.8794523108274307;4.768719056523
1.7239618211694523 -0.8794450361154634;4.760572916923
1.7195988897107708 -0.87943783874546;4.7516718381606
1.7150345097459962 -0.8794307178474653;4.74192367816
1.7102540792396752 -0.8794236725622967;4.7312242507205
1.7052420362093677 -0.8794167020413973;4.719455896919
1.699981856242218 -0.879409805446631;4.706485997009
1.694456074840349 -0.8794029819502237;4.692165476486
1.6886463433272971 -0.8793962307344846;4.676327390387
1.6825335290929126 -0.8793895509918507;4.658785710138
1.676097873204119 -0.8793829419245786;4.639334489799
1.6693192207363048 -0.8793764027446419;4.61774765442
1.6621773413452063 -0.8793699326737171;4.593779731882
1.654652359215633 -0.8793635309428457;4.567167937638
1.6467253120061898 -0.879357196792508;4.537636110728
1.6383788569445883 -0.8793509294723445;4.504901073057
1.6295981377543713 -0.8793447282410972;4.46868201620
1.6203718173759225 -0.8793385923664633;4.428713472732
1.610693267215943 -0.8793325211249629;4.384762253091
1.600561882968936 -0.8793265138018512;4.336648371803
1.589984469754527 -0.8793205696909577;4.284269403859
1.5789766067581927 -0.8793146880946416;4.227626897633
1.5675638672994754 -0.879308868323587;4.166852484224
1.5557827404960385 -0.8793031096967147;4.1022303262032
1.5436810841205066 -0.8792974115411092;4.034211811991
1.531317944667493 -0.8792917731918867;3.9634182706753
1.5187626183497291 -0.8792861939920703;3.8906282767205
1.5060928988409108 -0.8792806732925025;3.816747979344
1.4933925585359893 -0.8792752104517274;3.742765646278
1.4807482241610037 -0.8792698048359033;3.669694692286
1.468245910874676 -0.8792644558186778;3.5985120353163
1.4559675457551808 -0.8792591627811073;3.5300998682675
1.443987822582732 -0.8792539251115615;3.465198392057
1.4323716800333306 -0.8792487422055993;3.404374848384
1.4211725964566122 -0.8792436134659025;3.348010989500
1.4104317708956784 -0.8792385383021952;3.2963078651997
1.400178140740254 -0.8792335161310826;3.2493043218767
1.3904290950107359 -0.8792285463760291;3.206904337916
1.3811916910502975 -0.8792236284672411;3.1689082580491
1.372464171356488 -0.8792187618415714;3.135043807135
1.3642375974353422 -0.8792139459424538;3.1049940119368
1.3564974560583138 -0.8792091802198;3.0784204424376
1.3492251379306572 -0.8792044641299118;3.0549812494330
1.3423992305818353 -0.8791997971354302;3.0343442190263
1.335996601258895 -0.8791951787052026;3.016195493654
1.3299932700835837 -0.8791906083142471;3.0002447878259
1.3243650892866923 -0.8791860854436422;2.9862279358815
1.3190882526392043 -0.8791816095804753;2.973907521547
1.3141396622538355 -0.8791771802177404;2.963072209149
1.3094971795576773 -0.8791727968542794;2.953535259153
1.305139784891501 -0.8791684589947013;2.945132585547
1.3010476669158697 -0.879164166149324;2.9377206079734
1.2972022594807735 -0.8791599178340566;2.9311740691933
1.2935862402484242 -0.8791557135703628;2.925383926621
1.2901835023564097 -0.8791515528852174;2.9202553820469
1.2869791078517276 -0.8791474353109593;2.9157060825940
1.2839592295197277 -0.8791433603852842;2.9116645051769
1.2811110860404344 -0.8791393276511861;2.908068523398
1.2784228740728405 -0.8791353366568474;2.904864147811
PointOptimal;ValeurOptimale
[ 1.27842287 -0.87913534];2.904864147811032
Temps;Nb iteration
0.07468461990356445;1000