Point;Valeur
-0.039459968624628416;24.606957402877
-0.3542614918154465;21.58288628642
-0.6586336668265138;18.8474616388
-0.9490487529642069;16.410206005860
-1.2241286846654975;14.257204189965
-1.4834630352469915;12.366032224474
-1.7271516500291872;10.711536321906
-1.95558403105227;9.268468591983
-2.169318115850338;8.01275992925
-2.369007949380848;6.92211917042
-2.5553581706815027;5.976273673653
-2.729094398075194;5.157012252853
-2.8909435952193125;4.448118918546
-3.041620973790375;3.8352484102977
-3.181821313055751;3.305773737658
-3.3122133325584016;2.848623834793
-3.43343620888723;2.454122111625
-3.5460976132696405;2.113832150140
-3.6507728329435913;1.8204139483230
-3.7480046643897005;1.5674923203899
-3.838303852738056;1.3495379385632
-3.9221499123896786;1.1617608113615
-3.999992207406605;1.0000155852475
-4.072251201871885;0.8607178324281
-4.1393198137192915;0.7407703830561
-4.2015648228424975;0.6374987321225
-4.25932829725713;0.5485945712440
-4.312929010858192;0.47206654412030
-4.362663833697554;0.40619738887709
-4.408809081304878;0.3495067023475
-4.451621813823457;0.3007186350742
-4.491341078951017;0.2587338979627
-4.528189095108806;0.22260552997424
-4.5623723730922014;0.19151793983295
-4.594082775821532;0.1647687928847
-4.623498516819719;0.14175336683695
-4.650785098775505;0.12195104723723
-4.6760961940701495;0.10491367549584
-4.6995744695015995;0.09025549937524
-4.72135235767042;0.07764450857583
-4.741552777626732;0.06679496675245
-4.760289807439248;0.057460976417512
-4.777669311355501;0.04943093511313
-4.793789524189334;0.04252276033406
-4.808741595509573;0.036579777288223
-4.82261009612053;0.03146717799836
-4.8354734892274545;0.027068972746988
-4.847404568573172;0.023285365692339
-4.858470865720006;0.020030495850044
-4.868735028536509;0.017230492733311
-4.878255172833806;0.014821802941726
-4.887085208983292;0.012749750030346
-4.89527514523694;0.010967295205144
-4.902871369364783;0.009433970889072
-4.909916910121576;0.008114963082044
-4.916451679956692;0.00698032178205
-4.9225127002882205;0.00600428161662
-4.928134310574025;0.005164677316670
-4.933348362329246;0.004442440804193
-4.938184399161306;0.003821168507048
-4.942669823819791;0.0032867491008538
-4.946830053189435;0.002827043243838
-4.950688662089744;0.0024316080464994
-4.954267516684204;0.0020914600302295
-4.957586898245518;0.0017988712004360
-4.960665617970519;0.0015471936096411
-4.963521123489186;0.001330708431491
-4.966169597666366;0.0011444961220555
-4.968626050252088;0.0009843247227844
-4.97090440289662;0.0008465537708022
-4.973017568009458;0.0007280516361242
-4.974977521907062;0.0006261244099115
-4.976795372662199;0.0005384547298862
-4.978481423038038;0.0004630491544678
-4.980045228862603;0.00039819289114588
-4.981495653173508;0.00034241085147510
-4.982840916439131;0.0002944341486488
-4.9840886431402955;0.00025317127711686
-4.985245904975981;0.0002176833199777
-4.986319260937576;0.00018716262129412
-4.987314794478498;0.0001609144391227
-4.988238147989587;0.00013834116271486
-4.9890945547754955;0.00011892873554466
-4.989888868713128;0.00010223497590036
-4.990625591760107;8.787952984816952e
-4.991308899469076;7.553522843862416e
-4.991942664652357;6.492065290437684e
-4.992530479331024;5.5793739024257906e
-4.993075675092746;4.794627542121394e
-4.993581341973729;4.119917085821108e
-4.994050345971747;3.539838305590826e
-4.994485345289491;3.041141657613596e
-4.99488880540028;2.612431023620443e
-4.995263013021495;2.2439045634530117e
-4.995610089074931;1.9271317930043246e
-4.9959320007075085;1.6548618243711052e
-4.99623057244046;1.4208584126618974e
-4.996507496510175;1.2197580626442864e
-4.996764342459315;1.0469479720592419e
-4.997002566032552;8.98461038921308e
-4.9972235174273285;7.708855476348497e
-4.99742844894643;6.612874821119194e
-4.997618522095708;5.671437008630465e
-4.997794814167209;4.862844557141897e
-4.997958324344992;4.168439480251038e
-4.998109979368263;3.5721779883904352e
-4.998250638783908;3.0602646643666254e
-4.9983810998181974;2.620837798640335e
-4.998502101895281;2.243698732121131e
-4.998614330828064;1.920079054052721e
-4.9987184227052435;1.6424403624354675e
-4.998814967496504;1.4043020343427805e
PointOptimal;ValeurOptimale
[-4.99881497];1.4043020343427805e-06
Temps;Nb iteration
0.004639387130737305;111