Point;Valeur
-3.6599608046772385 7.7449878600913244;32.685087971936
-3.294612198245657 7.3690148033134015;28.59424277297
-2.953342734081728 7.017148512377137;25.017819097965
-2.6345864060835904 6.687822909357944;21.891116122672
-2.336879000785748 6.379573709154652;19.157570766207
-2.0588514808330753 6.091031802961201;16.767734166368
-1.7992237985298214 5.820917071817956;14.678376888830
-1.556799111499581 5.568032602276297;12.851706678581
-1.3304583743384573 5.331259278042545;11.254684598721
-1.1191552818097765 5.109550723166901;9.858427181892
-0.921911540722105 4.901928573931858;8.63768377610
-0.7378124491391151 4.70747805806322;7.570379627423
-0.566002762946745 4.5253438612880235;6.637216431356
-0.4056828310864695 4.354726262573006;5.821323124986
-0.2561049820035759 4.194877520568264;5.107950600655
-0.11657014497066953 4.045098494934797;4.484204817057
0.013575308971473632 3.904735487283629;3.938813478281
0.13494252073157753 3.773177287452657;3.4619220587957
0.2481029048991097 3.649852411783195;3.0449154834050
0.3535907319614324 3.534226520897633;2.680262235381
0.4519055426732628 3.42580000532824;2.3613780719
0.5435144054975067 3.324105728079508;2.0825068807810
0.6288540273079608 3.228706913921987;1.8386165221618
0.7083327268993673 3.139195175883814;1.625307771097
0.7823322802177164 3.0551886700178175;1.4387347125987
0.8512096456508451 2.976330370113801;1.275535149108
0.9152985771752649 2.902286454547965;1.1327697609508
0.9749111326485522 2.8327447979919604;1.0078689188822
1.0303390840626632 2.7674135611585613;0.8985861862873
1.0818552361294294 2.7060198722138615;0.802957669640
1.129714659161189 2.6483085939002513;0.7192664816632
1.174155841811157 2.5940411707921505;0.6460116741217
1.2154017688871295 2.542994551483891;0.5818810781105
1.2536609291052976 2.4949601808330177;0.5257275603437
1.2891282573439562 2.44974305770932;0.4765482658120
1.3219860156462966 2.4071608539880005;0.43346647119551
1.3524046169621147 2.3670430908112836;0.3957157206623
1.3805433953420194 2.329230368391034;0.3626259569890
1.406551326073295 2.293573645873904;0.3336113970363
1.430567699003375 2.259933568016704;0.30815993218982
1.452722748099304 2.22817983562651;0.28582386195783
1.4731382400853072 2.198190616922947;0.266211793052
1.4919280248184603 2.1698519971615102;0.24898155736306
1.5091985498909706 2.1430574640317177;0.23383402067126
1.525049341782629 2.1177074265040794;0.22050767007541
1.5395734557373126 2.0937087649518635;0.2087738821813
1.5528578964000213 2.070974410515648;0.1984327864362
1.5649840111099196 2.0494229518079674;0.1893096487520
1.576027857630839 2.028978267183391;0.18125170997793
1.586060547979022 2.0095691809106317;0.17412542201465
1.5951485699019536 1.9911291416929942;0.16781403155581
1.6033540874602332 1.9735959220847707;0.1622154677343
1.6107352220730715 1.9569113374470435;0.15724049545041
1.6173463152953467 1.9410209831699063;0.1528111009637
1.6232381745133235 1.9258739889760244;0.14885908053915
1.6284583026708028 1.9114227891933298;0.1453248066036
1.6330511130634258 1.8976229079621607;0.14215614909143
1.637058130170303 1.8844327584006013;0.13930753245589
1.6405181774326745 1.8718134548279872;0.13673911128613
1.6434675528260874 1.859728637190706;0.1344160496101
1.6459401930209157 1.848144306901823;0.1323078908435
1.6479678268724913 1.8370286733509498;0.13038800698348
1.649580118932907 1.8263520103901318;0.12863311707894
1.650804803637433 1.816086522149741;0.12702286626677
1.6516678107655265 1.8062062175745806;0.12553945775346
1.652193382749993 1.7966867931163097;0.12416733108465
1.6524041843582178 1.7875055230507706;0.12289288088039
1.6523214052461417 1.7786411569237224;0.1217042109460
1.651964855844816 1.7700738236631328;0.12059091931026
1.6513530570155517 1.7617849419256157;0.11954391029935
1.6505033238764883 1.7537571362672653;0.11855523024828
1.6494318441810303 1.7459741587663733;0.11761792387488
1.648153751601182 1.7384208157383627;0.11672590871849
1.6466831942481703 1.731082899216175;0.11587386537124
1.6450333987382089 1.7239471228830636;0.11505714151523
1.6432167300946583 1.7170010621699991;0.11427166802947
1.6412447477572019 1.7102330982476497;0.11351388564846
1.6391282579481565 1.7036323656567496;0.1127806808450
1.6368773626379602 1.6971887033454989;0.1120693297779
1.6345015053250296 1.6908926088865304;0.11137744928854
1.6320095138424402 1.6847351956722498;0.11070295406204
1.629409640379635 1.6787081528903856;0.11004401917544
1.6267095989049114 1.6728037081025113;0.1093990473568
1.623916600154955 1.667014592254513;0.1087666403624
1.6210373843481602 1.6613340069611024;0.10814557395335
1.6180782517742949 1.655755593917597;0.10753477601972
1.6150450913944443 1.6502734062985311;0.10693330745650
1.6119434075821433 1.644881882017247;0.10634034544426
1.60877834512491 1.6395758187217622;0.10575516883278
1.6055547126038112 1.6343503504166477;0.10517714536311
1.602277004250789 1.6292009256057014;0.10460572049677
1.5989494203859351 1.6241232868526532;0.10404040764968
1.5955758865269383 1.619113451673305;0.1034807796546
1.5921600712547042 1.6141676946664472;0.10292646129722
1.5887054029197252 1.6092825308096534;0.10237712279083
1.5852150852623743 1.6044546998394202;0.10183247407218
1.5816921120156797 1.5996811516450724;0.10129225981405
1.5781392805610124 1.5949590326143746;0.1007562550655
1.5745592046957175 1.5902856728654666;0.10022426144052
1.5709543265705657 1.5856585743092686;0.09969610378540
1.567326927850858 1.5810753994864988;0.099171627265
1.5636791401537216 1.576533961132832;0.09865069482051
1.5600129548040282 1.5720322124193729;0.09813318493368
1.5563302319591616 1.5675682378294762;0.09761898968946
1.5526327091391496 1.5631402446280371;0.09710801306978
1.5489220092027174 1.5587465548847166;0.09660016946663
1.5451996478040448 1.5543855980166064;0.09609538238141
1.5414670403663107 1.5500559038151183;0.09559358328783
1.5377255086011772 1.5457560959257775;0.09509471063775
1.5339762866033708 1.5414848857519101;0.09459870899194
1.530220526551533 1.5372410667555245;0.09410552826032
1.5264593040368464 1.5330235091276743;0.09361512303760
1.5226936230452721 1.5288311548050668;0.09312745202237
1.5189244206164894 1.5246630128118452;0.09264247750932
1.5151525711993115 1.520518154901863;0.09216016494519
1.5113788907258048 1.5163957114875957;0.09168048254072
1.5076041404176772 1.5122948678300006;0.0912034009310
1.503829030348029 1.508214860478497;0.09072889287913
1.5000542227691467 1.5041549739411528;0.090256933016
1.4962803352264005 1.5001145375720846;0.08978749761423
1.4925079434680617 1.4960929226613526;0.08932056438924
1.4887375841660484 1.4920895397116172;0.08885611232594
1.4849697574601568 1.48810383589535;0.08839412152698
1.4812049293381908 1.4841352926749938;0.08793457308021
1.4774435338583398 1.4801834235779863;0.08747744894245
1.4736859752293925 1.4762477721172682;0.08702273183817
1.4699326297567246 1.4723279098467388;0.0865704051707
1.466183847658102 1.468423434542133;0.08612045294477
1.4624399547650309 1.4645339685015477;0.08567285969820
1.458701254111387 1.460659156954792;0.08522761044289
1.4549680274194272 1.4567986665779529;0.08478469061265
1.4512405364898213 1.45295218410293;0.08434408601782
1.447519024500325 1.449119415018619;0.08390578280544
1.4438037172207414 1.4453000823553728;0.08346976742440
1.440094824148212 1.4414939255489876;0.0830360265949
1.4363925395691186 1.4377006993788752;0.08260454728218
1.4326970435524984 1.433920172974502;0.08217531667228
1.4290085028772144 1.4301521288867756;0.08174832215240
1.4253270719013929 1.4263963622201234;0.08132355129262
1.4216528933723978 1.422652679820353;0.08090099183018
1.4179860991869393 1.4189208995158418;0.08048063165580
1.4143268110994407 1.4152008494068622;0.08006245880144
1.410675141385735 1.4114923672031108;0.07964646142985
1.4070311934636077 1.4077952996028773;0.07923262782523
1.4033950624722054 1.4041095017124092;0.07882094638503
1.3997668358142796 1.4004348365037398;0.07841140561275
1.3961465936626378 1.3967711743072273;0.07800399411166
1.392534409435346 1.3931183923380117;0.07759870057928
1.38893035023752 1.3894763742515535;0.07719551380241
1.3853344772762717 1.385845009729265;0.07679442265284
1.3817468462479428 1.3822241940914923;0.07639541608359
1.3781675077005158 1.3786138279343116;0.0759984831254
1.3745965073719209 1.3750138167904278;0.07560361288418
1.3710338865066214 1.3714240708128775;0.07521079453759
1.367479682152138 1.3678445044784335;0.07482001733349
1.3639339274351499 1.3642750363101317;0.07443127058741
1.3603966518207817 1.3607155886188502;0.07404454368087
1.356867881354355 1.3571660872604039;0.07365982605963
1.3533476388871908 1.3536264614090918;0.07327710723224
1.3498359442887726 1.3500966433467607;0.07289637676876
1.3463328146441895 1.3465765682633422;0.07251762429947
1.3428382644390209 1.3430661740729053;0.07214083951388
1.3393523057320984 1.3395654012396683;0.07176601215969
1.3358749483170824 1.3360741926166384;0.07139313204193
1.3324061998736465 1.332592493293778;0.0710221890221
1.3289460661087034 1.32912025045649;0.07065317301763
1.3254945508886102 1.3256574132537011;0.07028607400079
1.3220516563621372 1.3222039326735944;0.0699208819984
1.3186173830765797 1.3187597614277133;0.069557587091
1.315191730085284 1.3153248538434368;0.06919617941372
1.3117746950483884 1.3118991657622268;0.06883664915224
1.3083662743275755 1.3084826544449488;0.06847898654626
1.3049664630740405 1.305075278483687;0.06812318188693
1.3015752553107591 1.3016769977188267;0.06776922551691
1.298192644010064 1.2982877731615503;0.0674171078299
1.294818621165232 1.2949075669217445;0.06706681927047
1.2914531778578138 1.2915363421400936;0.06671835033326
1.2880963043209221 1.2881740629248637;0.06637169156308
1.284747989998118 1.2848206942927274;0.06602683355436
1.2814082235981834 1.2814762021135582;0.06568376695082
1.2780769931465026 1.2781405530583998;0.06534248244522
1.274754286033701 1.2748137145512604;0.06500297077900
1.2714400890598094 1.2714956547235765;0.06466522274199
1.2681343884769865 1.2681863423725745;0.06432922917217
1.2648371700284862 1.2648857469208583;0.06399498095531
1.2615484189854627 1.2615938383798218;0.06366246902475
1.258268120181248 1.2583105873149378;0.06333168436109
1.2549962580433212 1.2550359648132123;0.06300261799193
1.2517328166236892 1.251769942453452;0.06267526099165
1.248477779626382 1.2485124922771105;0.06234960448104
1.245231130434153 1.2452635867625248;0.06202563962719
1.2419928521325103 1.2420231987994421;0.06170335764310
1.2387629275330254 1.238791301666504;0.06138274978751
1.2355413391944776 1.2355678690093084;0.06106380736465
1.2323280694427714 1.2323528748196986;0.060746521723932
1.2291231003899878 1.2291462934174333;0.06043088425978
1.2259264139514154 1.2259480994320735;0.06011688641136
1.2227379918620758 1.2227582677865287;0.05980451966233
1.2195578156920945 1.2195767736814698;0.05949377554063
1.2163858668606293 1.216403592580679;0.05918464561823
1.21322212664922 1.213238700197484;0.05887712151088
1.210066576214634 1.2100820724823445;0.05857119487793
1.2069191966001243 1.2069336856104405;0.058266857422045
1.2037799687461088 1.2037935159707034;0.057964100888996
1.2006488735007799 1.2006615401557128;0.057662917067462
1.1975258916293403 1.1975377349515934;0.057363297788776
1.194411003822808 1.1944220773290668;0.05706523492671
1.1913041907063144 1.191314544434575;0.05676872039724
1.188205432846899 1.1882151135827754;0.056473746158360
1.185114710760436 1.1851237622484587;0.056180304209797
1.1820320049188522 1.182040468060198;0.0558883865928
1.1789572957562595 1.1789652087932765;0.055597985390265
1.175890563674152 1.1758979623635544;0.05530909272571
1.1728317890477553 1.172838706822272;0.05502170076391
1.1697809522307907 1.1697874203499168;0.05473580171025
1.1667380335602369 1.1667440812516037;0.054451387810611
1.163703013361021 1.1637086679523854;0.05416845135113
1.1606758719496275 1.160681158992489;0.05388698465803
1.1576565896384268 1.1576615330234195;0.05360698009737
1.1546451467389958 1.154649768803918;0.05332843007486
1.1516415235659423 1.1516458451965703;0.05305132703567
1.1486457004396473 1.1486497411641992;0.052775663464220
1.1456576576891515 1.145661435766616;0.052501431883918
1.1426773756552584 1.1426809081576625;0.05222862485704
1.1397048346926992 1.1397081375823246;0.0519572349844
1.136740015172731 1.1367431033744222;0.05168725490557
1.1337828974851567 1.1337857849537234;0.05141867729786
1.1308334620407074 1.1308361618237792;0.05115149487693
1.1278916892727737 1.1278942135699752;0.05088570039623
1.1249575596387769 1.1249599198565727;0.05062128664677
1.1220310536224782 1.1220332604260594;0.05035824645707
1.1191121517354226 1.11911421509684;0.0500965726928
1.1162008345178038 1.1162027637606384;0.049836258256
1.1132970825405581 1.1132988863824975;0.04957729608905
1.110400876405941 1.1104025629980372;0.0493196791653
1.1075121967491148 1.1075137737125882;0.049063400498819
1.1046310242387987 1.1046324986996767;0.04880845313840
1.101757339579 1.1017587181998698;0.048554830169368
1.0988911235090866 1.0988924125195485;0.04830252471280
1.0960323568051584 1.0960335620298254;0.048051529925541
1.09318102028048 1.0931821471655343;0.04780183899996
1.0903370947866349 1.0903381484240757;0.04755344516379
1.0875005612136708 1.087501546364623;0.047306341679942
1.0846714004912534 1.084672321607256;0.04706052184629
1.0818495935888834 1.0818504548322403;0.046815978995561
1.0790351215163292 1.0790359267788716;0.04657270649506
1.0762279653246372 1.0762287182451156;0.046330697746582
1.0734281061059154 1.0734288100865972;0.04608994618616
1.0706355249942718 1.07063618321624;0.04585044528393
1.0678502031657418 1.0678508186033284;0.04561218854394
1.0650721218392263 1.0650726972733624;0.045375169504004
1.062301262275987 1.0623018003069038;0.04513938173543
1.0595376057806567 1.0595381088395759;0.0449048188429
1.0567811337010942 1.0567816040610531;0.0446714744646
1.0540318274286737 1.0540322672152056;0.04443934227131
1.0512896683986457 1.0512900795990163;0.04420841596694
1.0485546380903528 1.0485550225625815;0.0439786892880
1.0458267180269416 1.0458270775084608;0.04375015600380
1.0431058897760122 1.0431062258911725;0.04352280991559
1.040392134949329 1.0403924492169767;0.04329664485706
1.0376854352035432 1.0376857290437311;0.0430716546939
1.034985772239831 1.034986046980386;0.042847833323677
1.0322931278039666 1.0322933846864066;0.04262517467558
1.0296074836864662 1.029607723871557;0.04240367271039
1.0269288217225876 1.0269290462956113;0.0421833214202
1.0242571237928362 1.0242573337685699;0.04196411482839
1.0215923718222426 1.0215925681495772;0.04174604698928
1.0189345477809404 1.018934731346994;0.04152911198814
1.0162836336839494 1.016283805318253;0.04131330394092
1.0136396115914281 1.0136397720694976;0.041098616994172
1.0110024636082775 1.0110026136551857;0.04088504532479
1.0083721718843568 1.0083723121782333;0.04067258313997
1.0057487186145557 1.0057488497893297;0.040461224676951
1.0031320860387587 1.0031322086871892;0.0402509642029
1.0005222564417364 1.0005223711179747;0.04004179601485
0.9979192121528934 0.9979193193751886;0.0398337144393
0.9953229355465925 0.9953230357994571;0.0396267138323
0.9927334090420469 0.9927335027784575;0.03942078857934
0.9901506151031035 0.9901507027467018;0.03921593309477
0.9875745362383153 0.9875746181850678;0.03901214182219
0.9850051550008325 0.9850052316210874;0.038809409233984
0.9824424539883674 0.9824425256282978;0.03860772983123
0.9798864158431574 0.9798864828265293;0.03840709814360
0.9773370232518934 0.9773370858812926;0.03820750872915
0.9747942589454671 0.9747943175039588;0.0380089561742
0.9722581056992234 0.9722581604513988;0.03781143509324
0.969728546332672 0.9697285975259831;0.03761494012864
0.9672055637093789 0.967205611575149;0.037419465950657
0.9646891407371471 0.9646891854916531;0.03722500725721
0.9621792603676192 0.96217930221303;0.037031558773775
0.9596759055963143 0.959675944721737;0.036839115253193
0.9571790594624828 0.9571790960446843;0.036647671475568
0.9546887050492513 0.9546887392535605;0.0364572222481
0.9522048254832975 0.9522048574643268;0.03626776240504
0.9497274039348507 0.9497274338371094;0.03607928680735
0.9472564236175828 0.947256451576163;0.035891790342748
0.9447918677884647 0.9447918939297986;0.03570526792549
0.9423337197478381 0.9423337441899506;0.03551971449625
0.9398819628390547 0.9398819856924658;0.03533512502198
0.9374365804486927 0.9374366018166338;0.03515149449577
0.9349975560062322 0.9349975759852593;0.03496881793671
0.9325648729839829 0.9325648916643738;0.03478709038977
0.930138514897048 0.9301385323631991;0.0346063069256
0.9277184653031799 0.9277184816340752;0.034426462640598
0.9253047078029246 0.9253047230723163;0.034247552656443
0.9228972260390083 0.9228972403159577;0.034069572120266
0.920496003696734 0.9204960170457201;0.03389251620437
0.9181010245035491 0.9181010369849015;0.03371638010614
0.9157122722292975 0.9157122838993406;0.03354115904790
0.9133297306856063 0.9133297415970562;0.033366848276799
0.9109533837262828 0.9109533939284999;0.03319344306464
0.9085832152468813 0.9085832247859429;0.03302093870781
0.9062192091848841 0.9062192181039083;0.03284933052713
0.9038613495192676 0.9038613578585943;0.03267861386769
0.9015096202706834 0.9015096280679826;0.032508784098797
0.8991640055012416 0.8991640127917296;0.03233983661377
0.8968244893144027 0.8968244961310226;0.03217176682989
0.8944910558548329 0.8944910622283988;0.03200457018821
0.8921636893084405 0.8921636952677822;0.031838242153486
0.8898423739021953 0.889842379474158;0.03167277821400
0.8875270939039125 0.8875270991137176;0.03150817388149
0.8852178336222881 0.8852178384934614;0.03134442469099
0.8829145774068635 0.8829145819614511;0.03118152620075
0.8806173096476643 0.8806173139062331;0.03101947399205
0.8783260147754528 0.8783260187572347;0.03085826366914
0.8760406772612593 0.8760406809842233;0.03069789085911
0.873761281616454 0.8737612850974504;0.03053835121174
0.8714878123928553 0.8714878156475439;0.03037964039942
0.8692202541821885 0.8692202572253268;0.030221754117028
0.8669585916162302 0.8669585944615656;0.030064688081759
0.8647028093668445 0.8647028120271862;0.029908438033092
0.8624528921454415 0.8624528946329132;0.029752999732614
0.8602088247035188 0.8602088270293059;0.029598368963938
0.8579705918318674 0.8579705940064699;0.029444541532562
0.855738178360969 0.8557381803941652;0.029291513265777
0.853511569160743 0.8535115710617338;0.029139280012550
0.8512907491402221 0.8512907509177033;0.02898783764339
0.8490757032479489 0.8490757049098587;0.028837182050283
0.8468664164713628 0.8468664180252424;0.02868730914651
0.8446628738370164 0.8446628752898657;0.02853821486663
0.8424650604103588 0.8424650617687448;0.02838989516626
0.8402729612956638 0.8402729625657204;0.028242346022071
0.8380865616359572 0.8380865628234576;0.028095563431600
0.8359058466127288 0.8359058477230854;0.0279495434131
0.8337308014461846 0.8337308024843767;0.027804282005826
0.8315614113948498 0.831561412365532;0.027659775269127
0.829397661755497 0.8293976626631074;0.0275160192831
0.827239537863254 0.8272395387118339;0.027373010148247
0.8250870250912433 0.8250870258847256;0.027230743985144
0.8229401088507986 0.8229401095927193;0.02708921693463
0.8207987745909594 0.8207987752846382;0.026948425157575
0.8186630077986516 0.8186630084472276;0.026808364834756
0.8165327939985794 0.8165327946050113;0.026669032166811
0.8144081187531165 0.8144081193201105;0.026530423374110
0.8122889676620542 0.8122889681922082;0.026392534696644
0.8101753263626731 0.8101753268583325;0.026255362393937
0.808067180529599 0.808067180993037;0.02611890274494
0.8059645158746946 0.8059645163080039;0.025983152047934
0.8038673181469151 0.8038673185521164;0.0258481066204
0.8017755731323805 0.8017755735112416;0.025713762799020
0.7996892666540144 0.7996892670083036;0.025580116939398
0.7976083845717251 0.7976083849029938;0.02544716541613
0.7955329127821885 0.79553291309188;0.025314904622643
0.7934628372185597 0.7934628375081534;0.02518333097106
0.7913981438508337 0.7913981441216646;0.02505244089219
0.7893388186853044 0.7893388189385272;0.02492223083533
0.7872848477646365 0.7872848480014057;0.024792697268247
0.7852362171678294 0.7852362173892637;0.02466383667703
0.7831929130101455 0.7831929132171469;0.024535645566057
0.7811549214427848 0.7811549216362914;0.02440812045781
0.7791222286530657 0.7791222288340157;0.02428125789289
0.7770948208642086 0.7770948210334319;0.024155054429819
0.7750726843351912 0.7750726844934094;0.024029506645007
0.773055805360857 0.7730558055087918;0.02390461113265
0.7710441702715186 0.7710441704098555;0.023780364504654
0.7690377654331375 0.7690377655624538;0.023656763390473
0.7670365772470721 0.7670365773679813;0.0235338044371
0.7650405921500052 0.7650405922630845;0.023411484308949
0.7630497966139803 0.7630497967196628;0.02328979968773
0.7610641771460768 0.7610641772449036;0.023168747272409
0.7590837202885902 0.7590837203809583;0.023048323779091
0.7571084126187076 0.75710841270505;0.02292852594093
0.7551382407486161 0.7551382408293297;0.022809350508074
0.7531731913252137 0.7531731914006231;0.022690794247512
0.7512132510301816 0.7512132511006477;0.022572853943050
0.7492584065797319 0.7492584066456156;0.02245552639519
0.7473086447246434 0.7473086447863055;0.022338808421050
0.745363952250298 0.7453639523079549;0.022222696854286
0.7434243159762831 0.7434243160301875;0.022107188544995
0.7414897227564287 0.741489722806797;0.02199228035963
0.7395601594788785 0.7395601595259274;0.02187796918092
0.737635613065658 0.7376356131096758;0.021764251907808
0.7357160704730702 0.7357160705142015;0.021651125455303
0.7338015186910833 0.7338015187295807;0.02153858675446
0.731891944743691 0.7318919447796987;0.021426632752282
0.7299873356885155 0.7299873357221417;0.021315260411606
0.7280876786167716 0.7280876786481968;0.021204466711057
0.7261929606533389 0.7261929606827435;0.021094248644952
0.7243031689565453 0.7243031689840376;0.020984603223216
0.7224182907181669 0.722418290743855;0.020875527471308
0.720538313163067 0.7205383131870954;0.02076701843012
0.7186632235495576 0.7186632235720705;0.020659073155952
0.7167930091690196 0.7167930091900712;0.02055168872034
0.7149276573458314 0.714927657365548;0.020444862210083
0.7130671554373326 0.7130671554557863;0.02033859072706
0.7112114908337515 0.7112114908509783;0.020232871388248
0.7093606509580792 0.7093606509742778;0.020127701325566
0.7075146232660516 0.7075146232812399;0.020023077685841
0.7056733952460588 0.7056733952602188;0.019918997630723
0.7038369544188747 0.7038369544321147;0.019815458336598
0.7020052883377836 0.7020052883501396;0.019712456994515
0.7001783845884715 0.7001783846000157;0.019609990810120
0.6983562307888999 0.6983562307997044;0.019508057003569
0.6965388145892156 0.6965388145992986;0.01940665280945
0.6947261236716429 0.6947261236810222;0.019305775476733
0.6929181457503925 0.6929181457591402;0.01920542226864
0.6911148685717163 0.6911148685799049;0.019105590462662
0.6893162799137091 0.6893162799213204;0.019006277350372
0.6875223675861637 0.6875223675932879;0.018907480237447
0.6857331194306794 0.6857331194373706;0.018809196443548
0.6839485233203733 0.6839485233266316;0.01871142330225
0.6821685671599527 0.682168567165796;0.018614158161001
0.6803932388855343 0.6803932388909806;0.018517398380994
0.6786225264645902 0.6786225264696938;0.018421141337145
0.6768564178959664 0.6768564179007273;0.018325384418007
0.6750949012095935 0.6750949012140476;0.018230125025687
0.6733379644665951 0.6733379644707604;0.018135360575792
0.6715855957590896 0.6715855957630024;0.018041088497348
0.6698377832102442 0.6698377832138863;0.01794730623273
0.6680945149739861 0.6680945149774118;0.01785401123762
0.6663557792351651 0.6663557792383743;0.017761200980889
0.6646215642092648 0.6646215642122395;0.01766887294455
0.6628918581424026 0.6628918581451788;0.01757702462373
0.6611666493112935 0.6611666493138895;0.01748565352652
0.6594459260231604 0.659445926025594;0.01739475717400
0.6577296766155711 0.6577296766178604;0.01730433310009
0.6560178894564207 0.6560178894585657;0.017214378851530
0.6543105529438771 0.6543105529459138;0.017124891987802
0.652607655506273 0.6526076555081655;0.01703587008106
0.6509091856020158 0.6509091856037821;0.01694731071608
0.6492151317195153 0.6492151317211372;0.016859211490185
0.6475254823771113 0.647525482378625;0.016771570013147
0.6458402261230018 0.6458402261243892;0.016684383907180
0.6441593515351167 0.6441593515364319;0.01659765080683
0.6424828472211355 0.6424828472223604;0.01651136835896
0.6408107018183973 0.6408107018195139;0.016425534222628
0.6391429039936664 0.639142903994729;0.016340146069045
0.6374794424433126 0.6374794424443029;0.01625520158153
0.6358203058930223 0.6358203058939405;0.01617069845545
0.6341654830977089 0.634165483098573;0.01608663439812
0.6325149628416746 0.6325149628424845;0.016003007128764
0.6308687339383038 0.6308687339390595;0.015919814378455
0.6292267852301173 0.6292267852307829;0.015837053890057
0.6275891055885741 0.6275891055891856;0.01575472341815
0.625955683914071 0.6259556839146283;0.01567282072898
0.6243265091359607 0.6243265091364278;0.015591343600407
0.6227015702122274 0.6227015702126585;0.015510289821801
0.6210808561296849 0.6210808561300799;0.015429657194041
0.6194643559037422 0.6194643559041191;0.01534944352941
0.6178520585784033 0.6178520585787441;0.015269646651591
0.6162439532261055 0.6162439532264101;0.015190264395517
0.6146400289477363 0.6146400289480229;0.015111294607401
0.6130402748724721 0.6130402748727408;0.015032735144635
0.611444680157814 0.6114446801580646;0.014954583875737
0.6098532339893707 0.6098532339896214;0.014876838680297
0.6082659255809857 0.6082659255812364;0.014799497448921
0.606682744174484 0.6066827441747166;0.01472255808316
0.6051036790396362 0.6051036790398509;0.014646018495497
0.6035287194741411 0.6035287194743377;0.01456987660920
0.6019578548034983 0.601957854803695;0.014494130358389
0.600391074380991 0.6003910743811878;0.014418777687859
0.5988283675875956 0.5988283675877563;0.014343816553108
0.5972697238318732 0.5972697238320338;0.014269244920251
0.5957151325499337 0.5957151325500583;0.014195060765962
0.5941645832053095 0.5941645832054341;0.014121262077424
0.5926180652889919 0.5926180652890984;0.014047846852277
0.5910755683192499 0.5910755683193565;0.013974813098559
0.589537081841613 0.5895370818417196;0.01390215883465
0.5880025954288527 0.5880025954289412;0.013829882089244
0.5864720986807299 0.5864720986808184;0.013757980901241
0.5849455812241756 0.5849455812242461;0.013686453319749
0.5834230327129839 0.5834230327130545;0.013615297404002
0.5819044428279205 0.5819044428279911;0.013544511223316
0.5803898012765603 0.5803898012766309;0.013474092857035
0.5788790977932328 0.5788790977933034;0.013404040394477
0.5773723221389866 0.5773723221390572;0.013334351934888
0.575869464101409 0.5758694641014797;0.013265025587379
0.5743705134947339 0.5743705134948045;0.01319605947088
0.5728754601596434 0.572875460159714;0.013127451714126
0.5713842939632139 0.5713842939633025;0.013059200455515
0.5698970047989338 0.5698970047990044;0.012991303843153
0.5684135825864514 0.568413582586522;0.012923760034752
0.5669340172717368 0.5669340172718074;0.012856567197596
0.5654582988268296 0.5654582988269002;0.012789723508486
0.5639864172498931 0.5639864172499637;0.01272322715369
0.5625183625650514 0.562518362565122;0.012657076328916
0.561054124822372 0.5610541248224427;0.012591269239209
0.5595936940978296 0.5595936940978821;0.012525804098963
0.5581370604931972 0.5581370604932497;0.012460679131840
0.556684214135921 0.5566842141359734;0.012395892570726
0.555235145179173 0.5552351451791895;0.012331442657685
0.5537898438017085 0.5537898438017249;0.012267327643917
0.5523483002078102 0.5523483002078446;0.012203545789699
0.5509105046272533 0.5509105046272877;0.012140095364346
0.5494764473152147 0.5494764473152491;0.01207697464616
0.5480461185521832 0.5480461185522176;0.012014181922405
0.5466195086439591 0.5466195086439936;0.011951715489207
0.5451966079215282 0.5451966079215447;0.011889573651565
0.5437774067409356 0.543777406740952;0.01182775472327
0.5423618954833933 0.5423618954834097;0.011766257026893
0.5409500645551368 0.5409500645551533;0.01170507889368
0.5395419043872801 0.5395419043872965;0.011644218663594
0.5381374054358881 0.5381374054359045;0.01158367468517
0.5367365581817781 0.5367365581817946;0.011523445315553
0.53533935313052 0.5353393531305364;0.011463528920408
0.5339457808123818 0.5339457808123982;0.011403923873894
0.5325558317822576 0.5325558317822741;0.011344628558612
0.5311694966196137 0.5311694966196301;0.011285641365565
0.529786765928398 0.5297867659283964;0.01122696069411
0.5284076303370044 0.5284076303370027;0.01116858495193
0.5270320804980919 0.5270320804981081;0.011110512554966
0.5256601070888012 0.5256601070888174;0.011052741927384
0.5242917008103762 0.5242917008103924;0.010995271501545
0.5229268523882539 0.5229268523882701;0.010938099717947
0.5215655525720282 0.5215655525720444;0.010881225025190
0.5202077921353419 0.5202077921353581;0.010824645879933
0.5188535618757784 0.5188535618757946;0.010768360746847
0.5175028526148978 0.517502852614914;0.010712368098582
0.5161556551980926 0.5161556551981088;0.010656666415719
0.5148119604945692 0.5148119604945854;0.010601254186730
0.5134717593972766 0.5134717593973108;0.010546129907942
0.5121350428228515 0.5121350428228857;0.01049129208348
0.5108018017114923 0.5108018017115084;0.01043673922526
0.5094720270270494 0.5094720270270654;0.010382469852922
0.5081457097567816 0.5081457097567976;0.010328482493769
0.5068228409114102 0.5068228409114262;0.01027477568278
0.5055034115250465 0.5055034115250625;0.010221347962538
0.5041874126550935 0.5041874126551005;0.010168197883193
0.5028748353822177 0.5028748353822245;0.010115324002427
0.5015656708102324 0.5015656708102393;0.010062724885412
0.500259910066125 0.5002599100661319;0.010010399104774
0.4989575442999664 0.4989575442999733;0.009958345240554
0.49765856468481184 0.49765856468480973;0.009906561880165
0.4963629624166469 0.4963629624166448;0.00985504761836
0.4950707287143783 0.4950707287143672;0.009803801057191
0.4937818548197078 0.49378185481968767;0.009752820805967
0.49249633199716825 0.49249633199714804;0.009702105481226
0.49121415153397 0.4912141515339498;0.009651653706689
0.48993530473996527 0.48993530473994507;0.009601464113225
0.4886597829476387 0.48865978294761847;0.009551535338816
0.4873875775119722 0.487387577511952;0.00950186602851
0.4861186798104361 0.4861186798104159;0.009452454834425
0.4848530812429347 0.4848530812429145;0.009403300415630
0.4835907732317073 0.4835907732316871;0.009354401438193
0.48233174722131 0.4823317472212898;0.00930575657510
0.4810759946785257 0.48107599467852347;0.009257364506237
0.47982350709236377 0.47982350709236155;0.00920922391833
0.4785742759739251 0.4785742759739229;0.009161333504958
0.47732829285638384 0.4773282928563816;0.009113691966447
0.4760855492949604 0.47608554929495817;0.009066298009899
0.4748460368667951 0.4748460368667929;0.009019150349124
0.47360974717094834 0.4736097471709461;0.008972247704613
0.47237667182831017 0.47237667182830795;0.008925588803503
0.47114680248154633 0.4711468024815441;0.008879172379543
0.4699201307950982 0.469920130795096;0.008832997173059
0.46869664845503844 0.4686966484550362;0.008787061930919
0.467476347169053 0.4674763471690508;0.00874136540650
0.46625921866642306 0.46625921866642084;0.00869590635965
0.4650452546978897 0.4650452546978875;0.008650683556680
0.46383444703567195 0.46383444703566973;0.008605695770275
0.4626267874733856 0.46262678747338337;0.008560941779517
0.4614222678259531 0.46142226782595985;0.008516420369825
0.46022087992960337 0.46022087992961014;0.008472130332927
0.4590226156417817 0.45902261564179747;0.008428070466825
0.45782746684111375 0.4578274668411295;0.008384239575766
0.45663542542732416 0.4566354254273399;0.008340636470208
0.4554464833212096 0.4554464833212254;0.008297259966786
0.4542606324645848 0.4542606324646006;0.008254108888285
0.45307786482018303 0.4530778648201988;0.008211182063600
0.45189817237164726 0.451898172371663;0.00816847832771
0.450721547123485 0.45072154712350077;0.008125996521655
0.44954798110096017 0.44954798110097594;0.008083735492478
0.4483774663500839 0.44837746635010867;0.00804169409322
0.4472099949375785 0.4472099949376033;0.0079998711828
0.4460455589507333 0.446045558950749;0.007958265626387
0.4448841504974764 0.44488415049749214;0.007916876294554
0.4437257617061859 0.4437257617062016;0.007875702064069
0.4425703847257523 0.44257038472576804;0.00783474181745
0.4414180117254708 0.44141801172548656;0.007793994443026
0.440268634894987 0.4402686348949938;0.007753458834891
0.4391222464442698 0.43912224644427655;0.007713133892890
0.4379788386035121 0.43797883860350983;0.00767301852257
0.4368384036231491 0.43683840362314685;0.007633111635200
0.43570093377371366 0.43570093377371144;0.007593412147651
0.43456642134589074 0.4345664213458885;0.0075539189824549
0.43343485865039977 0.43343485865038855;0.007514631067731
0.4323062380178958 0.4323062380178846;0.007475547337167
0.43118055179905046 0.43118055179903925;0.007436666729989
0.4300577923643805 0.4300577923643693;0.007397988190932
0.42893795210422103 0.4289379521042098;0.007359510670214
0.42782102342874323 0.427821023428732;0.007321233123504
0.42670699876781026 0.42670699876780804;0.007283154511897
0.42559587057101317 0.42559587057102;0.007245273801884
0.4244876313075267 0.42448763130753353;0.0072075899653231
0.42338227346611823 0.4233822734661341;0.00717010197941
0.42227978955510276 0.42227978955511863;0.007132808826668
0.42118017210225256 0.42118017210226844;0.007095709494883
0.42008341365477925 0.4200834136547951;0.007058802977114
0.41898950677928865 0.4189895067793045;0.00702208827164
0.41789844406166354 0.4178984440616794;0.006985564381966
0.4168102181070997 0.41681021810711555;0.006949230316739
0.4157248215400337 0.4157248215400496;0.0069130850897799
0.41464224700402585 0.41464224700404173;0.0068771277200221
0.4135624871618141 0.41356248716183;0.006841357231498
0.41248553469518784 0.4124855346952037;0.006805772653311
0.41141138230498786 0.41141138230500374;0.006770373019604
0.4103400227110162 0.4103400227110321;0.006735157369539
0.40927144865197296 0.40927144865198883;0.006700124747267
0.4082056528854834 0.4082056528854902;0.006665274201906
0.40714262818797153 0.40714262818797836;0.006630604787512
0.4060823673546784 0.4060823673546853;0.006596115563055
0.40502486319956266 0.40502486319956954;0.006561805592393
0.4039701085552465 0.4039701085552534;0.006527673944245
0.4029180962730067 0.40291809627301356;0.006493719692170
0.40186881922270223 0.4018688192227091;0.006459941914538
0.40082227029272954 0.40082227029272743;0.006426339694504
0.39977844238997706 0.39977844238996596;0.006392912119990
0.3987373284397623 0.3987373284397422;0.006359658283650
0.39769892138581364 0.39769892138578455;0.006326577282857
0.39666321419020745 0.39666321419017836;0.006293668219667
0.3956301998333047 0.39563019983327563;0.006260930200805
0.394599871313733 0.3945998713137039;0.006228362337632
0.3935722216483143 0.39357222164829425;0.00619596374612
0.39254724387202017 0.3925472438720091;0.006163733546860
0.3915249310379534 0.3915249310379333;0.006131670864970
0.3905052762172578 0.3905052762172377;0.006099774830140
0.38948827249909135 0.38948827249908025;0.006068044576572
0.388473912990581 0.38847391299057893;0.006036479242968
0.3874621908168136 0.38746219081681155;0.006005077972502
0.3864530991207007 0.3864530991206986;0.005973839912799
0.38544663106297833 0.3854466310629762;0.005942764215911
0.3844427798222073 0.3844427798222142;0.005911850038297
0.3834415385946738 0.3834415385946716;0.005881096540793
0.38244290059431707 0.38244290059431496;0.005850502888599
0.381446859052784 0.38144685905277287;0.0058200682512492
0.38045340721924836 0.38045340721923715;0.005789791802589
0.37946253836047383 0.3794625383604626;0.005759672720758
0.3784742457607422 0.37847424576073097;0.005729710188166
0.3774885227217629 0.3774885227217517;0.005699903391466
0.3765053625626913 0.37650536256267103;0.005670251521538
0.375524758620029 0.3755247586200088;0.005640753773464
0.3745467042476064 0.3745467042475862;0.005611409346509
0.37357119281657314 0.37357119281655293;0.005582217444095
0.37259821771525425 0.372598217715225;0.005553177273782
0.3716277723491948 0.37162777234916555;0.0055242880472485
0.37065985014107905 0.3706598501410498;0.005495548980263
0.3696944445307122 0.369694444530683;0.005466959292674
0.3687315489749394 0.36873154897490124;0.005438518208377
0.36777115694760054 0.3677711569475533;0.005410224955302
0.3668132619395481 0.36681326193950087;0.0053820787653885
0.3658578574585032 0.365857857458456;0.005354078874564
0.3649049370291275 0.36490493702908033;0.005326224522728
0.363954494192852 0.3639544941928048;0.00529851495372
0.36300652250795784 0.36300652250791066;0.005270949415332
0.36206101554942355 0.3620610155493854;0.005243527159226
0.3611179669089877 0.36111796690895853;0.005216247440978
0.36017737019502266 0.3601773701949935;0.005189109520023
0.3592392190325304 0.3592392190324923;0.005162112659643
0.3583035070630521 0.35830350706301395;0.005135256126946
0.357370227944695 0.3573702279446569;0.005108539192849
0.356439375352029 0.35643937535199544;0.005081961132053
0.3555109429761137 0.3555109429760801;0.005055521223030
0.3545849245243808 0.3545849245243517;0.0050292187479980
0.3536613137206209 0.3536613137205918;0.005003052992903
0.35274010430493824 0.35274010430491365;0.004977023247402
0.35182129003374635 0.35182129003372176;0.004951128804840
0.35090486467965054 0.350904864679635;0.004925368962233
0.3499908220314797 0.34999082203146414;0.004899743020250
0.34907915589420035 0.3490791558941848;0.004874250283192
0.34816986008887185 0.3481698600888563;0.004848890058971
0.3472629284526372 0.34726292845262163;0.004823661659099
0.34635835483865984 0.3463583548386443;0.004798564398661
0.3454561331160787 0.34545613311606316;0.004773597596300
0.34455625716997657 0.344556257169961;0.00474876057419
0.34365872090133487 0.3436587209013193;0.004724052658061
0.34276351822699325 0.3427635182269777;0.004699473177093
0.3418706430796044 0.34187064307959336;0.004675021463986
0.3409800894075935 0.3409800894075824;0.004650696854896
0.3400918511751355 0.34009185117511986;0.004626498689429
0.3392059223620742 0.33920592236206304;0.004602426310620
0.33832229696393107 0.3383222969639244;0.0045784790649179
0.3374409689918242 0.3374409689918175;0.004554656302165
0.33656193247244104 0.3365619324724344;0.004530957375583
0.33568518144801157 0.3356851814480049;0.004507381641751
0.33481070997624507 0.3348107099762384;0.004483928460591
0.333938512130312 0.33393851213030085;0.00446059719535
0.3330685819987764 0.3330685819987653;0.0044373872125868
0.332200913685578 0.3322009136855669;0.00441429788214
0.33133550130999584 0.33133550130998474;0.004391328577133
0.3304723390065898 0.3304723390065787;0.004368478673939
0.3296114209251691 0.3296114209251625;0.00434574755217
0.3287527412307606 0.3287527412307585;0.004323134594669
0.32789629410356375 0.32789629410356613;0.004300639187474
0.3270420737388965 0.3270420737388989;0.004278260719817
0.3261900743471726 0.326190074347175;0.004255998584104
0.32534029015387034 0.3253402901538727;0.0042338521758962
0.324492715399469 0.32449271539947133;0.004211820893892
0.3236473443394311 0.32364734433943343;0.004189904139918
0.32280417124415267 0.322804171244146;0.004168101318904
0.32196319039891824 0.3219631903989116;0.004146411838873
0.3211243961038782 0.32112439610387605;0.004124835110923
0.32028778267400826 0.32028778267400604;0.004103370549209
0.31945334443905515 0.31945334443905293;0.0040820175709318
0.31862107574351894 0.3186210757435167;0.004060775596318
0.31779097094658054 0.3177909709465783;0.004039644048606
0.3169630244221154 0.31696302442211766;0.004018622354032
0.3161372305586212 0.31613723055862347;0.00399770994181
0.315313583759164 0.3153135837591663;0.003976906244121
0.314492078441387 0.31449207844138927;0.0039562106960953
0.31367270903744293 0.3136727090374452;0.00393562273579
0.31285546999394453 0.31285546999394687;0.0039151418042053
0.31204035577196454 0.31204035577196687;0.00389476734521
0.3112273608469499 0.31122736084695224;0.0038744988055903
0.3104164797087534 0.31041647970875574;0.0038543356349910
0.30960770686151196 0.3096077068615143;0.0038342772859217
0.3088010368236735 0.3088010368236758;0.0038143232137350
0.30799646412793846 0.3079964641279363;0.0037944728766124
0.30719398332120124 0.30719398332119907;0.003774725735549
0.30639358896456803 0.30639358896456587;0.003755081254343
0.3055952756332577 0.30559527563325556;0.0037355388995746
0.3047990379166109 0.3047990379166132;0.0037160981405957
0.30400487041803115 0.3040048704180335;0.0036967584495153
0.30321276775494466 0.303212767754947;0.0036775193011845
0.3024227245587819 0.3024227245587842;0.0036583801731823
0.3016347354749327 0.301634735474935;0.0036393405458013
0.30084879516270113 0.30084879516270346;0.0036203999020339
0.3000648982952784 0.3000648982952807;0.003601557727558
0.2992830395597068 0.29928303955970914;0.0035828135107239
0.2985032136568482 0.2985032136568505;0.00356416674253
0.2977254153013431 0.29772541530134095;0.0035456169166542
0.2969496392215617 0.29694963922155954;0.0035271635293526
0.29617588015958063 0.29617588015957846;0.0035088060795320
0.29540413287116535 0.2954041328711632;0.003490544068694
0.29463439212570236 0.2946343921257002;0.0034723770009312
0.2938666527061811 0.29386665270617446;0.0034543043829093
0.29310090940914 0.2931009094091379;0.0034363257238585
0.2923371570446799 0.2923371570446778;0.003418440535558
0.2915753904363692 0.2915753904363671;0.0034006483323248
0.29081560442123966 0.29081560442123305;0.003382948630995
0.290057793849741 0.2900577938497344;0.003365340950919
0.2893019535857321 0.28930195358572547;0.003347824813940
0.2885480785064086 0.288548078506402;0.0033303997443895
0.28779616350228976 0.28779616350228315;0.003313065269065
0.28704620347718635 0.28704620347717974;0.0032958209172265
0.286298193348147 0.2862981933481404;0.0032786662205764
0.2855521280454354 0.28555212804543784;0.0032616007132511
0.28480800251252136 0.2848080025125238;0.0032446239318069
0.2840658117059906 0.28406581170599304;0.003227735415207
0.28332555059555375 0.2833255505955562;0.003210934704810
0.28258721416400123 0.2825872141640037;0.003194221344358
0.2818507974071762 0.2818507974071741;0.0031775948799624
0.2811162953339115 0.2811162953339094;0.0031610548600905
0.2803837029660476 0.2803837029660455;0.0031446008355580
0.27965301533833775 0.27965301533833564;0.0031282323595129
0.2789242274984529 0.2789242274984508;0.003111948987424
0.27819733450695877 0.27819733450695666;0.003095750277071
0.27747233143724376 0.27747233143724165;0.0030796357885287
0.27674921337550556 0.27674921337550346;0.0030636050841584
0.27602797542072843 0.2760279754207309;0.003047657728594
0.27530861268462925 0.2753086126846317;0.0030317932887334
0.2745911202916528 0.2745911202916552;0.003016011333721
0.27387549337888617 0.2738754933788886;0.003000311434941
0.27316172709609954 0.273161727096102;0.002984693166004
0.2724498166056466 0.27244981660564904;0.002969156102738
0.2717397570824693 0.2717397570824717;0.002953699823169
0.27103154371405264 0.2710315437140596;0.0029383239075209
0.2703251717003977 0.27032517170040465;0.002923027938194
0.2696206362539765 0.26962063625398347;0.002907811499760
0.2689179325997093 0.2689179325997163;0.002892674178948
0.26821705597494244 0.26821705597494944;0.002877615564634
0.26751800162941175 0.26751800162941874;0.0028626352478318
0.2668207648251798 0.2668207648251868;0.002847732821675
0.26612534083663114 0.26612534083663814;0.002832907881416
0.2654317249504545 0.26543172495046147;0.002818160024407
0.26473991246558387 0.26473991246558637;0.0028034888500914
0.26404989869317175 0.2640498986931788;0.0027888939599950
0.26336167895656637 0.2633616789565734;0.00277437495771
0.26267524859128016 0.2626752485912872;0.002759931448899
0.2619906029449447 0.26199060294495174;0.002745563041258
0.26130773737728813 0.2613077373772952;0.002731269344529
0.26062664726010365 0.2606266472601152;0.002717049970481
0.2599473279772268 0.25994732797723835;0.002702904532900
0.2592697749244861 0.25926977492449765;0.00268883264757
0.2585939835096847 0.25859398350969626;0.002674833932296
0.2579199491525601 0.25791994915257616;0.0026609080068345
0.2572476672847659 0.25724766728478193;0.002647054492938
0.2565771333498358 0.2565771333498473;0.002633273014320
0.25590834280312935 0.25590834280314084;0.0026195631966498
0.25524129111184124 0.2552412911118528;0.002605924667537
0.25457597375494695 0.2545759737549585;0.0025923570565312
0.2539123862231848 0.25391238622319406;0.002578859995102
0.2532505240190152 0.2532505240190222;0.0025654331166363
0.2525903826565691 0.25259038265657385;0.002552076056423
0.2519319576616589 0.25193195766166593;0.0025387884516495
0.25127524457174266 0.2512752445717475;0.0025255699413836
0.2506202389358541 0.25062023893585894;0.0025124201665706
0.2499669363146183 0.24996693631462313;0.0024993387700207
0.24931533228019762 0.24931533228020245;0.002486325396399
0.24866542241626918 0.248665422416274;0.002473379692218
0.24801720231798657 0.2480172023179914;0.0024605013058256
0.2473706675919617 0.24737066759196424;0.002447689887395
0.24672581385622872 0.24672581385623127;0.002434945088920
0.2460826367402036 0.24608263674020614;0.002422266564200
0.2454411318846771 0.24544113188467964;0.0024096539688332
0.24480129494177666 0.2448012949417792;0.0023971069602068
0.24416312157492798 0.24416312157493053;0.0023846251974885
0.24352660745883015 0.24352660745883498;0.0023722083416163
0.2428917482794377 0.24289174827944027;0.0023598560552896
0.2422585397339087 0.24225853973391126;0.0023475680029602
0.24162697753060025 0.24162697753060505;0.002335343850822
0.2409970573890211 0.24099705738902588;0.002323183266806
0.24036877503981138 0.24036877503981616;0.0023110859205656
0.23974212622470653 0.2397421262247113;0.0022990514834697
0.23911710669652145 0.23911710669652622;0.002287079628596
0.23849371221910776 0.23849371221911253;0.0022751700307220
0.23787193856734015 0.23787193856734268;0.0022633223663114
0.2372517815270646 0.23725178152706713;0.0022515363135106
0.23663323689509386 0.23663323689509638;0.00223981155213
0.23601630047916905 0.23601630047917155;0.0022281477636749
0.23540096809792135 0.23540096809792385;0.002216544631257
0.23478723558086984 0.23478723558087006;0.002205001839668
0.2341750987683604 0.2341750987683629;0.0021935190753268
0.23356455351156596 0.23356455351156846;0.002182096026282
0.23295559567243673 0.23295559567243698;0.0021707323822039
0.2323482211236867 0.23234822112369147;0.0021594278343737
0.2317424257487643 0.23174242574876908;0.002148182075676
0.23113820544181865 0.23113820544182118;0.0021369948005946
0.2305355561076679 0.23053555610767043;0.002125865705194
0.229934473661788 0.22993447366179054;0.0021147944871249
0.22933495403026538 0.22933495403026793;0.0021037808456025
0.22873699314978332 0.22873699314978588;0.0020928244814081
0.22814058696759498 0.2281405869675953;0.002081925096876
0.2275457314414805 0.22754573144148083;0.0020710823958895
0.22695242253973122 0.2269524225397293;0.002060296083866
0.22636065624112717 0.2263606562411275;0.002049565867756
0.22577042853490092 0.22577042853490126;0.0020388914560333
0.2251817354207106 0.22518173542071093;0.002028272558683
0.2245945729086195 0.22459457290861984;0.002017708887200
0.2240089370190601 0.22400893701906044;0.0020072001545763
0.22342482378280917 0.2234248237828095;0.0019967460752951
0.22284222924097655 0.22284222924097688;0.001986346365323
0.22226114944495326 0.22226114944495134;0.001976000742103
0.22168158045639574 0.22168158045639608;0.0019657089245458
0.22110351834721004 0.22110351834721037;0.0019554706330206
0.22052695919950668 0.22052695919950477;0.0019452855893512
0.2199518991055872 0.2199518991055853;0.0019351535168061
0.2193783341679148 0.21937833416791064;0.0019250741400915
0.2188062604990805 0.2188062604990741;0.0019150471853436
0.21823567422178286 0.21823567422177648;0.0019050723801213
0.21766657146880547 0.21766657146879909;0.0018951494533993
0.2170989483829898 0.21709894838298116;0.0018852781355599
0.2165328011171924 0.21653280111718376;0.0018754581583862
0.21596812583428715 0.21596812583427852;0.001865689255054
0.2154049187071157 0.21540491870710707;0.001855971160128
0.21484317591848062 0.21484317591846974;0.0018463036095494
0.21428289366109582 0.2142828936610827;0.001836686340630
0.2137240681375798 0.21372406813756667;0.0018271190920509
0.21316669556042178 0.21316669556040868;0.0018176016038458
0.212610772151966 0.2126107721519529;0.0018081336174020
0.21205629414437102 0.21205629414436017;0.0017987148754496
0.21150325777959178 0.21150325777958318;0.0017893451220551
0.2109516593093637 0.21095165930935733;0.0017800241026149
0.21040149499515767 0.21040149499515357;0.0017707515638478
0.20985276110817103 0.20985276110816692;0.001761527253788
0.20930545392928918 0.2093054539292828;0.0017523509217817
0.20875956974907206 0.20875956974906792;0.0017432223184726
0.2082151048677226 0.2082151048677207;0.0017341411958030
0.20767205559506643 0.2076720555950668;0.001725107307003
0.20713041825052028 0.2071304182505184;0.0017161204065854
0.20659018916306945 0.20659018916306757;0.001707180250337
0.20605136467124524 0.2060513646712456;0.0016982865953153
0.2055139411231024 0.20551394112310276;0.0016894391998380
0.2049779148761808 0.20497791487618117;0.0016806378234794
0.20444328229750547 0.20444328229750358;0.0016718822270630
0.20391003976353014 0.20391003976352826;0.0016631721726545
0.20337818366014407 0.20337818366014218;0.0016545074235559
0.20284771038263144 0.20284771038262955;0.0016458877442990
0.20231861633563522 0.20231861633563558;0.0016373129006386
0.20179089793316404 0.2017908979331644;0.001628782659546
0.2012645515985357 0.20126455159853607;0.001620296789206
0.2007395737643795 0.20073957376437987;0.0016118550590041
0.20021596087259338 0.20021596087259375;0.0016034572395254
0.19969370937432132 0.19969370937432168;0.0015951031025470
0.19917281572994663 0.199172815729947;0.0015867924210318
0.19865327640904912 0.19865327640904945;0.0015785249691220
0.19813508789038242 0.198135087890385;0.0015703005221332
0.19761824666186514 0.19761824666186772;0.0015621188565484
0.19710274922054238 0.197102749220545;0.0015539797500118
0.19658859207256557 0.19658859207257043;0.001545882981322
0.19607577173317428 0.1960757717331814;0.0015378283304304
0.19556428472666704 0.19556428472667187;0.001529815578426
0.1950541275863809 0.19505412758638574;0.0015218445075394
0.19454529685465555 0.19454529685466038;0.0015139149011306
0.19403778908283537 0.1940377890828402;0.0015060265436862
0.1935316008312199 0.19353160083122473;0.0014981792208118
0.19302672866905488 0.19302672866906423;0.0014903727192271
0.19252316917451412 0.19252316917452347;0.0014826068267600
0.19202091893466117 0.19202091893467055;0.0014748813323405
0.19151997454543135 0.19151997454544073;0.00146719602599
0.19102033261161364 0.19102033261162302;0.0014595506988421
0.1905219897468236 0.19052198974683526;0.0014519451430836
0.19002494257348096 0.19002494257349262;0.001444379152002
0.1895291877227891 0.18952918772280075;0.0014368525199544
0.18903472183470818 0.18903472183471984;0.0014293650423651
0.18854154155793929 0.18854154155795094;0.0014219165157218
0.1880496435498906 0.1880496435499;0.0014145067375697
0.1875590244766616 0.187559024476671;0.0014071355065055
0.187069681013025 0.18706968101302993;0.001399802622172
0.18658160984239308 0.186581609842398;0.0013925078852551
0.1860948076568039 0.18609480765680653;0.0013852510974729
0.18560927115689665 0.1856092711568993;0.0013780320615757
0.18512499705188915 0.18512499705189178;0.001370850581338
0.18464198205955512 0.18464198205955776;0.001363706461555
0.18416022290619957 0.1841602229062022;0.0013565995080344
0.18367971632664062 0.18367971632664326;0.001349529527593
0.18320045906418925 0.18320045906419188;0.0013424963280532
0.18272244787062222 0.18272244787062486;0.00133549971823
0.18224567950615733 0.18224567950615997;0.0013285395079464
0.18177015073944208 0.18177015073944244;0.0013216155079935
0.18129585834752207 0.18129585834752468;0.0013147275301586
0.18082279911581403 0.1808227991158189;0.001307875387203
0.18035096983811702 0.18035096983811963;0.0013010588928619
0.17988036731653692 0.17988036731653953;0.001294277861837
0.17941098836151237 0.17941098836151498;0.0012875321097942
0.17894282979177187 0.17894282979177448;0.0012808214533555
0.17847588843431242 0.17847588843431503;0.001274145710096
0.17801016112438373 0.17801016112438858;0.0012675046985412
0.17754564470546105 0.17754564470546705;0.0012608982381551
0.17708233602922732 0.17708233602923332;0.0012543261493427
0.17662023195554932 0.17662023195555532;0.001247788253441
0.1761593293524631 0.17615932935246909;0.001241284372716
0.17569962509614684 0.17569962509615283;0.001234814330357
0.17524111607089732 0.1752411160709033;0.0012283779504709
0.17478379916911171 0.1747837991691177;0.0012219750580795
0.1743276712912719 0.1743276712912779;0.001215605479113
0.17387272934591738 0.17387272934592227;0.0012092690404079
0.17341897024961933 0.17341897024962194;0.0012029655696975
0.17296639092697044 0.17296639092697305;0.0011966948956120
0.17251498831056017 0.17251498831056278;0.0011904568476717
0.17206475934095325 0.1720647593409536;0.0011842512562824
0.17161570096666492 0.17161570096666529;0.0011780779527311
0.17116781014415192 0.17116781014415228;0.0011719367691817
0.1707210838377797 0.17072108383777895;0.0011658275386698
0.17027551901980115 0.17027551901980154;0.00115975009509
0.1698311126703497 0.1698311126703501;0.0011537042732339
0.16938786177740667 0.16938786177740706;0.001147689908700
0.16894576333678663 0.16894576333678477;0.0011417068379779
0.1685048143521103 0.1685048143521073;0.0011357548983935
0.16806501183479328 0.16806501183479028;0.0011298339281211
0.16762635280402355 0.16762635280402055;0.0011239437661751
0.16718883428673323 0.16718883428673023;0.0011180842524062
0.1667524533175873 0.16675245331758431;0.0011122552274973
0.16631720693896113 0.16631720693895924;0.0011064565329590
0.16588309220091998 0.16588309220091924;0.0011006880111255
0.16545010616119898 0.16545010616119823;0.0010949495051500
0.16501824588517924 0.1650182458851785;0.0010892408590008
0.16458750844587783 0.16458750844587594;0.001083561917456
0.16415789092391947 0.1641578909239187;0.0010779125261035
0.16372939040751747 0.1637293904075167;0.0010722925313286
0.1633020039924579 0.16330200399245712;0.001066701780318
0.16287572878207818 0.16287572878207626;0.0010611401210517
0.16245056188724333 0.16245056188724144;0.0010556074022992
0.1620265004263382 0.1620265004263352;0.001050103473616
0.16160354152522907 0.16160354152522607;0.0010446281853398
0.1611816823172636 0.16118168231726174;0.0010391813885849
0.1607609199432382 0.16076091994323635;0.0010337629352398
0.1603412515513845 0.16034125155138265;0.0010283726779625
0.15992267429735016 0.1599226742973483;0.0010230104701766
0.15950518534417737 0.15950518534417552;0.0010176761660672
0.15908878186228273 0.15908878186228087;0.0010123696205769
0.1586734610294402 0.1586734610294372;0.0010070906894024
0.15825922003076529 0.1582592200307623;0.0010018392289898
0.15784605605868252 0.1578460560586818;0.000996615096531
0.15743396631292977 0.1574339663129302;0.0009914181499608
0.15702294800051778 0.15702294800051708;0.0009862482479509
0.15661299833571654 0.15661299833571585;0.0009811052499081
0.156204114540043 0.1562041145400423;0.0009759890159695
0.1557962938422384 0.1557962938422377;0.000970899406999
0.15538953347824802 0.15538953347824846;0.0009658362845835
0.1549838306912032 0.15498383069120478;0.0009607995110287
0.15457918273140545 0.15457918273140703;0.0009557889493563
0.15417558685630284 0.15417558685630556;0.0009508044632994
0.15377304033047873 0.15377304033047917;0.0009458459172991
0.15337154042562012 0.15337154042562057;0.000940913176501
0.1529710844205121 0.15297108442051255;0.0009360061067515
0.15257166960101862 0.15257166960101906;0.0009311245745936
0.1521732932600566 0.1521732932600559;0.0009262684472644
0.15177595269758126 0.15177595269758057;0.000921437592690
0.15137964522056918 0.1513796452205685;0.0009166318794842
0.15098436814299468 0.1509843681429951;0.0009118511769415
0.15059011878582296 0.15059011878582337;0.0009070953550371
PointOptimal;ValeurOptimale
[0.15059012 0.15059012];0.0009070953550371352
Temps;Nb iteration
0.05502772331237793;1000