Point;Valeur
-6.831464886925492 -3.7147077605051564;952.7836973395
-6.516663362160487 -3.399906235740462;872.1426654191
-6.2088052580602575 -3.0921715852203153;796.7453678143
-5.91023104406876 -2.7938896549682353;726.8991813591
-5.62194699594221 -2.5060873218201234;662.5240452638
-5.344378557161877 -2.2291992303810173;603.3864750848
-5.077646048144577 -1.9633486574701107;549.186867739
-4.8216920587937935 -1.7084773836511653;499.5997316461
-4.5763493432256315 -1.4644149542805416;454.2944635939
-4.341380644452595 -1.2309193294924667;412.94673272636
-4.1165036908724 -1.007702412520328;375.24483671478
-3.9014076774112554 -0.7944468900135958;340.8931710525
-3.695764533151544 -0.5908177507192754;309.61396045913
-3.4992368320672393 -0.39647037617732217;281.1479123605
-3.311483453313545 -0.21105633235153218;255.25419164538
-3.132163682705852 -0.03422756814542466;231.70996787707
-2.960940205338821 0.13436051979395144;210.3096977531
-2.797481291990953 0.2950468468651273;190.86425057631
-2.6414623888841833 0.44816301076968024;173.19994909707
-2.492567259422674 0.5940321203434713;157.1575746473
-2.350488785653099 0.7329679727862175;142.59136964717
-2.214929508945584 0.8652744980173686;129.36805966010
-2.0856019694754746 0.9912454091659162;117.36590957450
-1.9622288898285547 1.1111640128476268;106.47382314480
-1.844543237535378 1.2253031435735788;96.59049134507
-1.7322881936064014 1.333925194584213;87.62359231483
-1.6252170482567432 1.4372822233960465;79.48904378889
-1.5230930405509608 1.5356161149240282;72.11030758377
-1.4256891552493312 1.6291587885606384;65.41774480563
-1.3327878874444243 1.718132438362307;59.34801983570
-1.244180983474061 1.802749797633053;53.84355076117
-1.159669164920385 1.8832144209274224;48.852003689268
-1.079061841162132 1.9597209778516553;44.32582826937
-1.0021768148950745 2.032455554142002;40.221831719089
-0.9288399841479701 2.1015959563906943;36.50078867997
-0.8588850436381688 2.1673120174987686;33.12708430182
-0.7921531877339787 2.2297659005306034;30.068388054776
-0.728492816822494 2.2891123991149898;27.29535588807
-0.667759248504459 2.345499232935612;24.781358484699
-0.6098144347261775 2.3990673371656714;22.50223349700
-0.5545266856906228 2.449951144980957;20.43605978564
-0.5017704011963229 2.4982788624827212;18.56295182052
-0.45142580986004194 2.5441727355599815;16.864872534242
-0.40337871655186547 2.5877493083525533;15.325463046507
-0.3575202582422213 2.6291196731063757;13.929887799206
-0.31374666837407694 2.668389711305303;12.66469375693
-0.27195904978661367 2.7056603260486294;11.517682435928
-0.23206315616067802 2.741027665705838;10.477793625882
-0.1939691818983827 2.774583338934953;9.534999763228
-0.15759156031419058 2.8064146211914744;8.680210002667
-0.12284876997562338 2.836604652890747;7.905183114634
-0.0896631490126828 2.865232629411032;7.202448411819
-0.05796071719068475 2.8923739831458923;6.565233976947
-0.027671005528404995 2.9181005578291295;5.987401527861
0.0012731067658061541 2.942480775365526;5.4633873145223
0.028935548278209645 2.965579795410671;4.988148496190
0.05537720453127962 2.9874596679442735;4.5571144964167
0.08065606052702037 3.0081794790854617;4.166142878416
0.10482733693288156 3.027795490398136;3.811479324658
0.12794362015023733 3.0463612719322706;3.4897213421273
0.15005498650416707 3.063927829244916;3.197785349069
0.17120912078641215 3.0805437246400555;2.9328768303560
0.1914514293818596 3.0962551928619453;2.6924632771828
0.21082514820064474 3.111106251470925;2.474249652833
0.22937144563444542 3.125138806124651;2.2761561499382
0.24712952074743333 3.1383927509815024;2.096298026218
0.2641366969075359 3.150906064435991;1.932967325348
0.2804285110554313 3.16271490038943;1.7846163073797
0.2960387988030041 3.1738536752516975;1.6498424294446
0.31099977554601205 3.1843551508638894;1.5273747321427
0.32534211376808747 3.1942505135232375;1.4160615004703
0.3390950167081573 3.2035694492865576;1.3148590802784
0.35228628855464356 3.2123402157198133;1.2228217423273
0.36494240132497036 3.2205897102561227;1.1390924960274
0.3770885585815754 3.2283435353171455;1.0628947640717
0.38874875612958887 3.235626060346575;0.9935248374368
0.399945839835705 3.242460480898699;0.9303450377309
0.41070156070076513 3.248868874917733;0.8727775206832
0.4210366273141602 3.2548722563392105;0.8202986607424
0.4309707558117547 3.2604906261379627;0.7724339623607
0.44052271745393573 3.265743020942218;0.7287534486244
0.44971038393531965 3.2706475593279665;0.6888674825025
0.4585507705323528 3.2752214859024056;0.6524229801687
0.4670600771909023 3.279481213280953;0.6190999796434
0.4752537276506996 3.2834423620570234;0.5886085314423
0.4831464066991922 3.28711979885931;0.560685881038
0.4907520956433986 3.290527672587238;0.5350939157715
0.4980841060844651 3.2936794489113015;0.5116168513898
0.5051551120748651 3.296587943120067;0.49005913576359
0.5119771807352747 3.2992653513926977;0.47024354937712
0.518561801404706 3.3017232805722956;0.45200948414604
0.5249199133930419 3.303972776510766;0.43521138382355
0.5310619324030429 3.3060243510538654;0.41971733083103
0.5369977756849624 3.307888007731;0.40540776577115
0.5427368859845102 3.3095732662119164;0.3921743271692
0.5482882543415185 3.311089185588916;0.37991880015828
0.5536604417943112 3.312444386540937;0.3685521638807
0.5588616000422235 3.3136470724330054;0.35799372833921
0.5638994911158138 3.314705049401838;0.3481703522997
0.568781506102418 3.3156257454762628;0.33901573463712
0.5735146829724956 3.3164162287789396;0.3304697722262
0.5781057235493766 3.3170832248529534;0.3224779781329
0.582561009663695 3.3176331331554776;0.3149909544415
0.5868866185318342 3.3180720427587262;0.30796391458750
0.5910883373949806 3.318405747295584;0.3013562505492
0.5951716774548869 3.318639759186841;0.2951311406843
0.5991418871396659 3.3187793231840814;0.2892551943945
0.6030039647319605 3.31882942926123;0.2836981301600
0.606762670390027 3.3187948248861403;0.27843248381119
0.6104225375908227 3.3186800267016725;0.2734333441953
0.6139878840229444 3.318489331645053;0.26867811366858
0.6174628219559662 3.3182268275322917;0.26414629107893
0.6208512681109001 3.317896403133281;0.25981927513023
0.6241569530561449 3.3175017577621615;0.25568018621163
0.6273834301516855 3.317046410406362;0.25171370495869
0.6305340840629622 3.3165337084162694;0.24790592597503
0.6336121388654756 3.315966835776862;0.24424422529004
0.6366206657595264 3.3153488209812223;0.24071714026308
0.6395625904137661 3.314682544525124;0.2373142607650
0.6424406999558487 3.3139707460411354;0.2340261305779
0.6452576496266323 3.313216031089249;0.2308441580528
0.6480159691143809 3.312420877620684;0.227760535156
0.6507180685842856 3.3115876421307195;0.2247681641208
0.6533662444179232 3.3107185655152516;0.22186059097493
0.6559626846768744 3.3098157786456883;0.21903194532283
0.658509474303134 3.3088813076752577;0.21627688577182
0.6610086000697807 3.307917079090122;0.21359055048473
0.6634619552931931 3.306924924517248;0.21096851237444
0.6658713443188808 3.305906585300952;0.20840673850393
0.6682384867913285 3.3048637168590593;0.20590155329748
0.6705650217184537 3.303797892829374;0.20344960520485
0.6728525113407052 3.3027106090166245;0.20104783649398
0.6751024448139892 3.3016032871494096;0.19869345587862
0.6773162417153736 3.3004772784561967;0.1963839137146
0.6794952553802169 3.299333867069251;0.19411687952346
0.6816407760788328 3.298174273264686;0.19189022162463
0.6837540340402207 3.2969996565464714;0.1897019886786
0.6858362023304602 3.295811118582064;0.18755039296167
0.6878883995926297 3.2946097059966286;0.1854337952081
0.6899116926549788 3.2933964130328177;0.18335069087554
0.6919070990135588 3.292172184082338;0.1812996976966
0.6938755891955174 3.2909379160958236;0.17927954439871
0.6958180890087013 3.289694460876525;0.17728906048017
0.697735481683077 3.288442627263635;0.1753271669452
0.6996286099091389 3.2871831832104585;0.17339286790688
0.7014982777783083 3.2859168577625333;0.17148524297593
0.7033452526299946 3.284644342940483;0.16960344036342
0.7051702668098419 3.2833662955322183;0.16774667062838
0.7069740193433661 3.2820833387987856;0.16591420101096
0.7087571775292174 3.280796064098131;0.1641053502957
0.7105203784557794 3.279505032430682;0.1623194841553
0.7122642304446983 3.2782107759103467;0.16055601092996
0.7139893144252668 3.2769137991648774;0.15881437780027
0.7156961852425242 3.275614580668633;0.15709406731900
0.7173853729024656 3.2743135740111584;0.15539459426562
0.7190573837575656 3.2730112091047783;0.15371550279472
0.7207127016350442 3.271707893333892;0.15205636385043
0.7223517889110852 3.270404012648969;0.15041677282168
0.7239750875333426 3.2690999326078427;0.14879634741595
0.7255830199942581 3.2677959993667893;0.14719472573081
0.7271759902576571 3.2664925406239225;0.14561156450487
0.7287543846408173 3.2651898665171535;0.14404653753111
0.7303185726540228 3.2638882704787617;0.1424993342175
0.7318689077998735 3.2625880300489074;0.14096965828144
0.7334057283342116 3.261289407649921;0.13945722656396
0.734929357990363 3.2599926513232713;0.13796176795514
0.7364401066686326 3.2586979954309605;0.13648302241761
0.7379382710926639 3.2574056613231845;0.1350207401005
0.7394241354342916 3.2561158579737595;0.13357468053500
0.740897971908365 3.25482878258504;0.1321446119036
0.742360041338949 3.253544621163522;0.1307303103766
0.7438105936983782 3.252263549067739;0.12933155950951
0.7452498686203539 3.2509857315297905;0.12794814969440
0.7466780958885137 3.2497113241517224;0.12657987766285
0.748095495901403 3.2484404733778947;0.125226546032
0.7495022801152419 3.2471733169446773;0.12388796289652
0.7508986514652986 3.245909984308326;0.12256394144682
0.7522848047671553 3.2446505970523414;0.12125429963534
0.7536609270986568 3.2433952692751227;0.11995885986256
0.7550271981634722 3.2421441079588775;0.1186774486950
0.7563837906373796 3.240897213320847;0.11740989660786
0.7577308704977114 3.239654679147485;0.11615603774971
0.7590685973371104 3.2384165931124556;0.11491570972875
0.7603971246622873 3.2371830370795087;0.11368875341714
0.7617166001782874 3.235954087390461;0.11247501277246
0.7630271660593037 3.234729815139453;0.11127433467465
0.7643289592063253 3.233510286433894;0.11008656877682
0.7656221114925946 3.2322955626428187;0.1089115673687
0.7669067499971796 3.2310857006332427;0.10774918525191
0.7681829972274129 3.2298807529951024;0.1065992796248
0.7694509713306059 3.2286807682553107;0.10546170997813
0.7707107862957299 3.227485791081517;0.10433633799773
0.7719625521453213 3.226295862475943;0.10322302747633
0.7732063751182539 3.225111019959902;0.10212164423168
0.7744423578437465 3.2239312977493713;0.10103205603132
0.7756705995070399 3.222756726922084;0.09995413252321
0.7768911960071438 3.221587335576526;0.09888774517159
0.7781042401070334 3.220423148983248;0.09783276719773
0.7793098215766741 3.2192641897288583;0.09678907352499
0.7805080273291398 3.21811047785299;0.09575654072793
0.7816989415503897 3.2169620309787557;0.09473504698491
0.7828826458225842 3.215818864436722;0.0937244720341
0.7840592192417647 3.21468099138303;0.09272469713275
0.785228738529746 3.213548422911694;0.091735605018
0.7863912781407273 3.2124211681614465;0.09075707987256
0.7875469103628057 3.2112992344174964;0.08978900728928
0.7886957054146304 3.2101826272082494;0.08883127424120
0.7898377315374999 3.2090713503973807;0.08788376905118
0.7909730550829671 3.207965406271427;0.08694638136417
0.792101740596356 3.2068647956231264;0.08601900212080
0.793223850896289 3.2057695178306926;0.08510152353251
0.7943394471504016 3.2046795709332994;0.08419383905792
0.7954485889474073 3.2035949517027498;0.08329584338040
0.796551334365837 3.202515655711809;0.08240743238676
0.7976477400394663 3.2014416773991594;0.0815285031469
0.7987378612195953 3.200373010131149;0.08065895389450
0.7998217518344188 3.1993096462605837;0.07979868400823
0.8008994645455306 3.1982515771826066;0.07894759399423
0.8019710508017818 3.197198793387858;0.07810558546885
0.8030365608906269 3.196151284513128;0.07727256114229
0.804096043986939 3.1951090393893953;0.0764484248027
0.805149548199563 3.1940720460876073;0.07563308130127
0.8061971206156527 3.193040291962157;0.07482643653680
0.8072388073429728 3.192013763692325;0.0740283974420
0.8082746535501223 3.1909924473216034;0.07323887196974
0.8093047035048647 3.189976328295092;0.07245776907894
0.8103290006107347 3.1889653914951506;0.07168499872223
0.8113475874417904 3.187959621275161;0.07092047183298
0.8123605057758506 3.186959001491757;0.07016410031292
0.8133677966261258 3.1859635155354207;0.06941579702018
0.8143695002712652 3.1849731463594817;0.0686754757574
0.8153656562842112 3.183987876507863;0.06794305126063
0.8163563035594359 3.1830076881412794;0.06721843918739
0.817341480339162 3.1820325630622834;0.066501556106
0.8183212242381406 3.181062482738967;0.06579231948628
0.8192955722673969 3.180097428327531;0.06509064768546
0.8202645608568669 3.179137380693785;0.06439645994144
0.8212282258768525 3.1781823204333963;0.06370967636077
0.8221866026586917 3.1772322278914022;0.06303021790912
0.8231397260142551 3.176287083180531;0.06235800640140
0.8240876302546735 3.1753468661986672;0.06169296449215
0.8250303492081477 3.174411556645505;0.06103501566603
0.8259679162369511 3.173481134038294;0.06038408422851
0.8269003642536148 3.1725555777268104;0.05974009529667
0.827827725736416 3.1716348669075733;0.0591029747901
0.8287500327441224 3.1707189806373934;0.0584726494221
0.8296673169300658 3.1698078978461655;0.05784904669086
0.8305796095555735 3.168901597349049;0.05723209487050
0.8314869415027847 3.1680000578580265;0.05662172300300
0.8323893432868735 3.1671032579928635;0.0560178608894
0.8332868450677509 3.1662111762915393;0.05542043908190
0.8341794766611911 3.1653237912201075;0.054829388874937
0.835067267549459 3.1644410811820465;0.054244642297801
0.8359502468914866 3.163563024527171;0.05366613210628
0.8368284435325916 3.162689599560043;0.05309379177484
0.8377018860137216 3.161820784547984;0.05252755548879
0.8385706025803137 3.1609565577286274;0.051967358136625
0.8394346211907532 3.1600968973171035;0.05141313530235
0.8402939695244468 3.1592417815128435;0.05086482325803
0.8411486749895691 3.158391188506025;0.050322358956331
0.8419987647304285 3.1575450964836738;0.04978568002312
0.842844265634517 3.1567034836354533;0.04925472475033
0.8436852043392585 3.1558663281591217;0.048729432088666
0.8445216072384616 3.155033608265695;0.048209741640583
0.8453535004885361 3.154205302184408;0.04769559365325
0.8461809100143377 3.1533813881672996;0.04718692901167
0.8470038615148336 3.152561844493592;0.04668368923174
0.8478223804685182 3.151746649473844;0.04618581645356
0.8486364921386039 3.150935781453889;0.04569325343472
0.8494462215779548 3.1501292188184844;0.045205943543630
0.8502515936338347 3.1493269399948223;0.044723830753032
0.8510526329524827 3.14852892345584;0.04424685963349
0.8518493639834267 3.1477351477233007;0.04377497534702
0.8526418109836882 3.1469455913707285;0.04330812364072
0.853429998021785 3.146160233026176;0.04284625084053
0.8542139489815418 3.1453790513747935;0.042389303845031
0.8549936875658141 3.1446020251613143;0.041937230119310
0.8557692372999921 3.143829133192328;0.04148997768892
0.8565406215354049 3.1430603543384623;0.041047495133907
0.8573078634525477 3.142295667536356;0.04060973158280
0.8580709860642486 3.1415350517906484;0.040176636706843
0.8588300122186491 3.1407784861757158;0.03974816071414
0.8595849646020755 3.1400259498373373;0.03932425434394
0.8603358657418264 3.139277421994275;0.03890486886095
0.8610827380088574 3.138532881939757;0.0384899560497
0.8618256036203003 3.137792309042797;0.03807946820917
0.8625644846419761 3.1370556827495144;0.0376733581469
0.8632994029907516 3.1363229825843026;0.03727157917398
0.8640303804368119 3.135594188150917;0.03687408509944
0.8647574386058721 3.134869279133506;0.03648083022502
0.865480598981332 3.134148235297596;0.03609176933985
0.8661998829062899 3.13343103649093;0.0357068577
0.8669153115855169 3.1327176626442834;0.03532605109980
0.8676269060873624 3.132008093772205;0.03494930571378
0.8683346873455914 3.131302309973709;0.034576578244599
0.8690386761611989 3.1306002914329225;0.034207825841568
0.8697388932040719 3.1299020184196125;0.0338430061110
0.870435359014649 3.129207471289721;0.03348207711151
0.871128094005578 3.128516630485877;0.033124997348826
0.8718171184632034 3.127829476537735;0.03277172577136
0.872502452549104 3.1271459900624268;0.03242222176533
0.8731841163015144 3.1264661517648404;0.032076445150137
0.873862129636775 3.1257899424379616;0.03173435617368
0.8745365123506457 3.125117342963081;0.0313959155078
0.8752072841196705 3.124448334310056;0.031061084243999
0.8758744645024361 3.123782897537471;0.0307298238884
0.8765380729408264 3.123121013792799;0.030402096357952
0.8771981287612138 3.1224626643125086;0.030077863975621
0.8778546511756509 3.1218078304221697;0.029757089466265
0.8785076592829983 3.121156493536514;0.029439735952274
0.8791571720700573 3.1205086351594766;0.029125766949336
0.8798032084126074 3.1198642368841867;0.028815146362253
0.8804457870764917 3.1192232803929847;0.0285078384807
0.8810849267186442 3.118585747457389;0.028203807975531
0.8817206458880396 3.1179516199380104;0.027903019893898
0.8823529630267044 3.1173208797845047;0.02760543965605
0.8829818964706473 3.1166935090354637;0.027311033050957
0.8836074644507982 3.1160694898183237;0.02701976623243
0.8842296850938985 3.1154488043492234;0.026731605715275
0.8848485764233708 3.1148314349328494;0.02644651837139
0.8854641563601948 3.1142173639622936;0.02616447142599
0.8860764427237431 3.1136065739188736;0.025885432453856
0.8866854532325968 3.1129990473719404;0.025609369375542
0.8872912055053728 3.1123947669786993;0.025336250453751
0.8878937170614708 3.111793715483961;0.025066044289656
0.8884930053218839 3.111195875719956;0.02479871981929
0.889089087609931 3.110601230606079;0.02453424631000
0.8896819811520023 3.110009763148651;0.024272593356874
0.89027170307829 3.1094214564406766;0.024013730879261
0.8908582704234788 3.1088362936615384;0.023757629117327
0.8914417001274824 3.1082542580767982;0.023504258628623
0.8920220090360854 3.1076753330378537;0.023253590284696
0.8925992139016546 3.1070995019816956;0.02300559526774
0.8931733313837789 3.1065267484305994;0.022760245067307
0.8937443780499293 3.1059570559918166;0.022517511476974
0.8943123703760744 3.105390408357281;0.022277366591163
0.894877324747354 3.1048267893033095;0.022039782801893
0.8954392574586723 3.1042661826902784;0.021804732795619
0.8959981847152766 3.103708572462266;0.021572189550090
0.8965541226334285 3.1031539426468138;0.02134212633124
0.8971070872409227 3.1026022773545083;0.021114516690132
0.8976570944777106 3.1020535607786974;0.020889334459878
0.8982041601964634 3.1015077771951427;0.02066655375267
0.8987483001631326 3.1009649109616797;0.020446148956790
0.8992895300575274 3.100424946517875;0.020228094733655
0.8998278654738263 3.099887868384676;0.020012366014920
0.9003633219211732 3.0993536611640784;0.01979893799958
0.900895914824165 3.0988223095387646;0.019587786151153
0.9014256595234048 3.0982937982717367;0.019378886194795
0.9019525712760159 3.0977681122059932;0.019172214114577
0.9024766652561762 3.097245236264156;0.018967746150684
0.9029979565555999 3.096725155448099;0.018765458796698
0.9035164601840664 3.096207854838624;0.018565328796889
0.9040321910698992 3.095693319595065;0.01836733314354
0.9045451640604734 3.095181534954947;0.01817144907433
0.905055393922698 3.09467248623362;0.017977654069666
0.9055628953434991 3.094166158823894;0.017785925850126
0.906067682930292 3.093662538195673;0.017596242373903
0.9065697712114671 3.093161609895603;0.017408581834256
0.9070691746368437 3.0926633595466955;0.01722292265700
0.9075659075781419 3.09216777284797;0.01703924349806
0.9080599843294237 3.0916748355740724;0.016857523240973
0.9085514191075769 3.091184533574942;0.01667774099446
0.9090402260527302 3.09069685277541;0.016499876090073
0.9095264192287335 3.0902117791748713;0.01632390807977
0.9100100126235598 3.089729298846883;0.0161498167336
0.9104910201497908 3.089249397938833;0.015977582037344
0.9109694556450063 3.0887720626715582;0.015807184190232
0.9114453328722324 3.0882972793389802;0.01563860360267
0.9119186655203791 3.087825034307761;0.015471820893982
0.9123894672046421 3.0873553140169188;0.01530681689018
0.9128577514669216 3.086888104977466;0.01514357262176
0.9133235317762596 3.086423393772071;0.014982069321535
0.9137868215292342 3.08596116705468;0.01482228842245
0.914247634050369 3.085501411550163;0.014664211555472
0.9147059825925593 3.0850441140539586;0.014507820547467
0.9151618803374331 3.084589261431704;0.014353097419117
0.9156153403957923 3.0841368406188887;0.014200024382844
0.916066375807988 3.0836868386205043;0.014048583840773
0.9165149995443223 3.0832392425106847;0.013898758382707
0.9169612245054262 3.082794039432342;0.013750530784123
0.917405063522656 3.082351216596825;0.013603884004194
0.9178465293584861 3.0819107612835737;0.013458801183830
0.9182856347068785 3.0814726608397627;0.013315265643739
0.9187223921936664 3.081036902679944;0.013173260882510
0.919156814376931 3.080603474285707;0.013032770574713
0.9195889137473758 3.080172363205342;0.012893778569029
0.9200187027286942 3.07974355705348;0.012756268886387
0.9204461936779536 3.079317043510756;0.012620225718128
0.9208713988859386 3.078892810323465;0.012485633424190
0.9212943305775353 3.078470845303225;0.012352476531308
0.9217150009120766 3.0780511363266254;0.012220739731238
0.9221334219837098 3.0776336713348966;0.012090407878990
0.9225496058217649 3.077218438333585;0.011961465991097
0.922963564391082 3.0768054253921906;0.011833899243883
0.9233753095923906 3.0763946206438613;0.011707692971766
0.9237848532626481 3.075986012285036;0.011582832665566
0.9241922071753772 3.0755795885751227;0.011459303970843
0.9245973830410329 3.075175337836181;0.011337092686243
0.9250003925073317 3.074773248452567;0.01121618476186
0.9254012471595966 3.0743733088706353;0.011096566297644
0.9257999585210961 3.0739755075983854;0.01097822354176
0.926196538053382 3.0735798332051654;0.01086114288906
0.9265909971566235 3.0731862743213205;0.010745310879472
0.926983347169945 3.0727948196379047;0.010630714196480
0.9273735993717453 3.072405457906321;0.010517339665585
0.9277617649800385 3.07201817793804;0.010405174252791
0.9281478551527765 3.071632968604264;0.010294205063107
0.9285318809881717 3.0712498188356157;0.010184419339064
0.9289138535250294 3.0708687176218215;0.010075804459247
0.9292937837430598 3.070489654011413;0.009968347936846
0.9296716825632001 3.07011261711139;0.009862037418221
0.9300475608479323 3.069737596086942;0.009756860681479
0.9304214294015988 3.06936458016111;0.009652805635072
0.9307932989707165 3.0689935586145065;0.009549860316405
0.9311631802442851 3.0686245207849945;0.009448012890462
0.9315310838541142 3.068257456067393;0.009347251648443
0.9318970203750983 3.067892353913161;0.009247565006421
0.9322610003255599 3.06752920383012;0.009148941504008
0.9326230341675252 3.067167995382132;0.00905136980304
0.9329831323070495 3.0668087181888133;0.008954838686271
0.9333413050945092 3.066451361925247;0.00885933705608
0.9336975628248947 3.0660959163216686;0.008764853933211
0.9340519157381185 3.065742371163188;0.008671378455486
0.9344043740193052 3.065390716289489;0.008578899876577
0.9347549477990983 3.0650409415945545;0.008487407564763
0.9351036471539313 3.064693037026354;0.00839689100170
0.9354504821063445 3.0643469925865823;0.008307339781241
0.9357954626252492 3.0640027983303484;0.008218743608189
0.9361385986262379 3.063660444365917;0.008131092297162
0.9364798999718583 3.0633199208544006;0.008044375771399
0.9368193764719043 3.062981218009503;0.007958584061602
0.9371570378836869 3.062644326097214;0.007873707304798
0.9374928939123348 3.062309235435553;0.007789735743197
0.9378269542110617 3.0619759363942802;0.007706659723075
0.9381592283814483 3.061644419394624;0.007624469693661
0.9384897259737223 3.0613146749090094;0.007543156206044
0.9388184564870218 3.060986693460773;0.007462709912080
0.9391454293696878 3.0606604656239105;0.007383121563323
0.9394706540195271 3.060335982022797;0.007304382009959
0.9397941397840748 3.0600132333319108;0.007226482199755
0.9401158959608843 3.0596922102755855;0.007149413177018
0.9404359317977748 3.0593729036277244;0.007073166081564
0.94075425649311 3.059055304211548;0.006997732147703
0.9410708791960566 3.0587394028993273;0.006923102703228
0.9413858090068548 3.0584251906121214;0.006849269168419
0.9416990549770822 3.058112658319523;0.006776223055057
0.9420106261099009 3.057801797039393;0.006703955965448
0.9423205313603259 3.0574925978376055;0.006632459591458
0.942628779635493 3.057185051827793;0.006561725713556
0.9429353797948885 3.056879150171083;0.006491746199872
0.9432403406506322 3.0565748840758613;0.0064225130052602
0.9435436709677164 3.0562722447975;0.006354018170373
0.9438453794642621 3.0559712236381267;0.0062862538207501
0.944145474811769 3.055671811946355;0.006219212165908
0.9444439656353689 3.0553740011170563;0.006152885498448
0.9447408605140624 3.0550777825910926;0.0060872661931711
0.9450361679809824 3.054783147855089;0.006022346706195
0.9453298965236291 3.054490088441182;0.00595811957409
0.9456220545841137 3.0541985959267675;0.005894577413043
0.9459126505594126 3.053908661934279;0.0058317129179521
0.9462016928015929 3.0536202781309245;0.005769518861647
0.9464891896180633 3.053333436228468;0.005707988094028
0.9467751492718132 3.05304812798298;0.005647113541251
0.94705957998164 3.052764345194598;0.005586888204909
0.947342489922404 3.0524820797073047;0.005527305161235
0.9476238872252425 3.052201323408676;0.005468357560301
0.947903779977822 3.051922068229665;0.005410038625232
0.9481821762245607 3.05164430614436;0.005352341651427
0.9484590839668596 3.051368029169758;0.005295260005790
0.9487345111633454 3.051093229365535;0.005238787125961
0.9490084657300768 3.050819898833814;0.005182916519571
0.9492809555407902 3.0505480297189442;0.005127641763488
0.9495519884271205 3.050277614207271;0.005072956503081
0.949821572178822 3.0500086445269132;0.005018854451492
0.9500897145440093 3.0497411129475465;0.004965329388909
0.9503564232293554 3.0494750117801646;0.0049123751618544
0.9506217059003383 3.0492103333768794;0.004859985682473
0.950885570181432 3.048947070130681;0.004808154927841
0.951148023656362 3.048685214475238;0.004756876939262
0.9514090738682894 3.048424758884664;0.004706145821591
0.9516687283200436 3.0481656958733088;0.004655955742552
0.9519269944743456 3.0479080179955464;0.004606300932071
0.9521838797540119 3.0476517178455613;0.004557175681608
0.9524393915421653 3.047396788057128;0.0045085743435064
0.9526935371824521 3.047143221303399;0.00446049133033
0.9529463239792597 3.046891010296706;0.004412921114261
0.9531977591979156 3.0466401477883465;0.004365858226395
0.9534478500648961 3.046390626568358;0.004319297256177
0.9536966037680477 3.0461424394653416;0.004273232850748
0.953944027456778 3.0458955793462317;0.004227659714338
0.9541901282422701 3.0456500391161008;0.004182572607654
0.9544349131976809 3.045405811717952;0.00413796634727
0.954678389358359 3.045162890132523;0.004093835805074
0.95492056372203 3.04492126737808;0.004050175907596
0.9551614432490019 3.0446809365102117;0.004006981635503
0.9554010348623653 3.0444418906216333;0.003964248022987
0.9556393454482074 3.0442041228420034;0.00392197015719
0.955876381855784 3.043967626337699;0.0038801431776829
0.956112150897732 3.0437323943116352;0.003838762275819
0.9563466593502649 3.0434984200030732;0.0037978226942726
0.956579913953371 3.04326569668742;0.003757319726441
0.9568119214109919 3.043034217676031;0.003717248715920
0.9570426883912285 3.0428039763160255;0.0036776050559640
0.9572722215265292 3.0425749659900925;0.0036383841889558
0.9575005274138807 3.0423471801163005;0.0035995816058861
0.957727612614995 3.0421206121479063;0.003561192845832
0.9579534836565065 3.0418952555731784;0.0035232134954481
0.9581781470301473 3.0416711039151876;0.003485639188452
0.9584016091929403 3.04144815073164;0.00344846560513
0.9586238765673882 3.0412263896146903;0.0034116884718378
0.9588449555416527 3.041005814190745;0.00337530356050
0.9590648524697414 3.0407864181202946;0.0033393066881570
0.9592835736716829 3.040568195097718;0.003303693716426
0.9595011254337208 3.040351138851114;0.0032684605510832
0.9597175140084875 3.0401352431421094;0.0032336031415594
0.9599327456151806 3.0399205017656863;0.0031991174804868
0.9601468264397477 3.0397069085500035;0.0031649996032347
0.9603597626350598 3.039494457356215;0.003131245587454
0.9605715603210945 3.0392831420783035;0.003097851552628
0.9607822255851035 3.03907295664289;0.003064813659623
0.9609917644817978 3.0388638950090727;0.0030321281102500
0.9612001830335117 3.038655951168249;0.0029997911468266
0.9614074872303784 3.038449119143937;0.0029677990517455
0.9616136830305015 3.0382433929916095;0.0029361481470472
0.961818776360138 3.038038766798526;0.0029048347939963
0.9620227731138534 3.0378352346835586;0.0028738553926641
0.9622256791546931 3.03763279079702;0.002843206381514
0.9624275003143622 3.0374314293205016;0.0028128842369946
0.9626282423933779 3.0372311444667;0.0027828854731288
0.9628279111612497 3.0370319304792597;0.0027532066411195
0.9630265123566355 3.036833781632599;0.0027238443289498
0.9632240516875177 3.0366366922317516;0.00269479516099
0.9634205348313509 3.0364406566121955;0.0026660557976137
0.963615967435238 3.036245669139697;0.0026376229348076
0.9638103551160868 3.036051724210145;0.002609493303797
0.9640037034607768 3.035858816249394;0.0025816636706678
0.9641960180263145 3.035666939713101;0.002554130835994
0.964387304339995 3.035476089086566;0.0025268916344737
0.9645775678995606 3.035286258884574;0.002499942934558
0.9647668141733593 3.035097443651236;0.0024732816380989
0.9649550486004996 3.0349096379598364;0.0024469046799879
0.9651422765910126 3.034722836412672;0.0024208090278057
0.965328503526005 3.0345370336409014;0.002394991681472
0.9655137347578042 3.034352224304384;0.002369449672905
0.9656979756101293 3.0341684030915372;0.002344180065674
0.9658812313782296 3.033985564719172;0.0023191799546655
0.966063507329043 3.0338037039323473;0.002294446465748
0.96624480870135 3.0336228155042217;0.002269976755443
0.9664251407059193 3.033442894235898;0.0022457680105971
0.9666045085256596 3.033263934956277;0.0022218174480580
0.9667829173157695 3.033085932521906;0.002198122314355
0.9669603722038801 3.032908881816828;0.002174679885384
0.9671368782902113 3.0327327777524467;0.0021514874660923
0.9673124406477142 3.032557615267371;0.0021285423901682
0.9674870643222128 3.032383389327269;0.002105842019737
0.9676607543325532 3.0322100949247246;0.002083383745056
0.967833515670752 3.0320377270790995;0.002061164984216
0.9680053533021291 3.0318662808363794;0.0020391831828421
0.9681762721654609 3.031695751269043;0.0020174358138011
0.9683462771731163 3.0315261334759103;0.0019959203769120
0.9685153732111995 3.0313574225820075;0.0019746343986575
0.968683565139692 3.0311896137384258;0.0019535754318999
0.9688508577925873 3.0310227021221814;0.0019327410555998
0.9690172559780333 3.030856682936078;0.0019121288745378
0.9691827644784751 3.0306915514085677;0.0018917365190388
0.9693473880507812 3.030527302793613;0.001871561644700
0.9695111314263918 3.0303639323705553;0.0018516019321217
0.969673999311449 3.030201435443976;0.0018318550866392
0.9698359963869304 3.0300398073435546;0.0018123188380605
0.9699971273087857 3.0298790434239473;0.0017929909404051
0.9701573967080753 3.0297191390646456;0.001773869171644
0.970316809191093 3.029560089669844;0.0017549513334489
0.9704753693395101 3.029401890668313;0.0017362352509324
0.9706330817104941 3.029244537513257;0.0017177187724043
0.9707899508368555 3.0290880256822006;0.0016993997691212
0.9709459812271635 3.0289323506768384;0.0016812761350421
0.9711011773658816 3.0287775080229205;0.0016633457865870
0.9712555437135022 3.028623493270123;0.0016456066623964
0.9714090847066617 3.0284703019919097;0.0016280567230953
0.971561804758278 3.028317929785414;0.0016106939510578
0.971713708257675 3.02816637227131;0.0015935163501760
0.971864799570708 3.0280156250936865;0.0015765219456299
0.9720150830398885 3.027865683919921;0.001559708783660
0.9721645629845126 3.0277165444405583;0.001543074931346
0.9723132437007813 3.0275682023691832;0.001526618476377
0.9724611294619252 3.0274206534423;0.0015103375268425
0.9726082245183286 3.0272738934192067;0.001494230211003
0.9727545330976466 3.0271279180818707;0.001478294677084
0.9729000594049345 3.0269827232348203;0.0014625290930611
0.9730448076227631 3.026838304705009;0.001446931646444
0.9731887819113405 3.0266946583417056;0.0014315005440764
0.9733319864086315 3.0265517800163706;0.0014162340119229
0.9734744252304767 3.0264096656225394;0.0014011302948693
0.9736161024707116 3.0262683110757007;0.0013861876565187
0.9737570222012814 3.026127712313183;0.0013714043789931
0.9738971884723594 3.0259878652940353;0.0013567787627349
0.9740366053124669 3.025848765998915;0.0013423091263122
0.9741752767285847 3.0257104104299675;0.001327993806225
0.9743132067062696 3.0255727946107145;0.0013138311567155
0.9744503992097677 3.025435914585938;0.0012998195495755
0.9745868581821344 3.025299766421568;0.001285957373962
0.9747225875453369 3.0251643462045665;0.0012722430362140
0.9748575912003743 3.0250296500428178;0.001258674959662
0.9749918730273919 3.024895674065019;0.0012452515844554
0.9751254368857855 3.024762414420562;0.001231971367376
0.9752582866143159 3.024629867279427;0.0012188327816674
0.975390426031221 3.024498028832075;0.001205834316852
0.9755218589343267 3.024366895289334;0.0011929744785633
0.9756525891011468 3.0242364628822886;0.0011802517883716
0.9757826202890023 3.0241067278621783;0.0011676647836143
0.9759119562351228 3.023977686500284;0.0011552120172279
0.9760406006567609 3.023849335087825;0.0011428920575814
0.9761685572512883 3.0237216699358465;0.0011307034883121
0.9762958296963106 3.02359468737512;0.0011186449081625
0.9764224216497692 3.0234683837560343;0.001106714930819
0.9765483367500501 3.0233427554484904;0.0010949121847539
0.9766735786160861 3.023217798841802;0.0010832353130649
0.9767981508474571 3.0230935103445824;0.0010716829733219
0.976922057024501 3.0229698863846526;0.0010602538374115
0.9770453007084124 3.022846923408929;0.0010489465913841
0.9771678854413425 3.0227246178833247;0.0010377599353036
0.9772898147465067 3.0226029662926526;0.0010266925830970
0.977411092128282 3.0224819651405146;0.0010157432624072
0.9775317210723089 3.022361610949211;0.0010049107144469
0.9776517050455921 3.022241900259637;0.0009941936938531
0.977771047496597 3.022122829631176;0.0009835909685445
0.9778897518553509 3.022004395641612;0.0009731013195801
0.9780078215335465 3.0218865948870275;0.0009627235410181
0.9781252599246314 3.021769423981703;0.0009524564397784
0.9782420704039104 3.0216528795580206;0.0009422988355045
0.9783582563286409 3.021536958266369;0.0009322495604285
0.9784738210381341 3.0214216567750474;0.0009223074592363
0.9785887678538397 3.021306971770163;0.00091247138893
0.9787031000794552 3.0211928999555484;0.0009027402187224
0.9788168210010129 3.0210794380526558;0.0008931128298546
0.9789299338869739 3.0209665828004675;0.0008835881155200
0.9790424419883261 3.020854330955402;0.0008741649807106
0.9791543485386711 3.020742679291217;0.000864842342096
0.9792656567543279 3.0206316245989244;0.0008556191279018
0.9793763698344153 3.020521163686692;0.0008464942777800
0.9794864909609462 3.0204112933797522;0.0008374667426937
0.9795960232989238 3.0203020105203118;0.0008285354847929
0.9797049699964243 3.0201933119674607;0.000819699477296
0.979813334184698 3.0200851945970846;0.0008109577043739
0.9799211189782486 3.019977655301772;0.0008023091610276
0.9800283274749324 3.0198706909907256;0.0007937528529785
0.9801349627560376 3.019764298589673;0.0007852877965515
0.9802410278863779 3.0196584750407767;0.0007769130185623
0.980346525914386 3.0195532173025548;0.0007686275562050
0.9804514598721891 3.019448522349782;0.0007604304569422
0.9805558327757053 3.0193443871734074;0.000752320778395
0.9806596476247298 3.0192408087804723;0.0007442975882353
0.9807629074030155 3.019137784194018;0.0007363599640773
0.9808656150783637 3.019035310453003;0.000728506993372
0.9809677736027073 3.0189333846122177;0.0007207377733058
0.9810693859121964 3.0188320037422005;0.0007130514106886
0.9811704549272817 3.0187311649291497;0.0007054470218591
0.9812709835528017 3.0186308652748455;0.0006979237325794
0.9813709746780619 3.0185311018965653;0.0006904806779352
PointOptimal;ValeurOptimale
[0.98137097 3.0185311 ];0.0006904806779352429
Temps;Nb iteration
0.030263185501098633;659