Point;Valeur
-5.903922317083074 0.04165332370065222;445.47335720881
-5.728321323921406 0.20147201429690742;416.14549779787
-5.376714875380962 0.5218768506682735;360.4362127207
-4.864605681465642 0.9877828961428675;286.6199662376
-4.212739974944174 1.578913759734157;205.22274516308
-3.446268537504288 2.270637701322295;127.4498914800
-2.5937658898463796 3.034945430593897;63.577186698918
-1.6861456015864875 3.8415316586352124;21.53395611952
-0.7555126933100135 4.658939444796356;5.871210467187
0.1660044124586585 5.455724897217473;17.24615722630
1.0474000066131084 6.201599857499036;52.4764888761
1.8598744866266221 6.868511796279546;105.13531501220
2.5778172730463265 7.431623180511707;166.58228962061
3.179655830175026 7.870156908464857;227.2687664506
3.648542827579804 8.168079864135143;278.1221898101
3.9728598376555673 8.314603001124938;311.811061890
4.14652297976618 8.30448338108775;323.7161848472
4.1690833284863125 8.138120998533674;312.4819514619
4.0456224280358954 7.8214507480207835;280.08556471946
3.786450624164863 7.365637258458097;231.43254007639
3.4066228759484956 6.786587270041462;173.55348447025
2.9252930011081792 6.104300519989006;114.53067880837
2.3649327255468733 5.342085519770185;62.31634301164
1.7504462723939076 4.525670970551543;23.613680332668
1.1082144008742736 3.6822467379988417;2.976486216340
0.465103699088081 2.839470200690714;2.2463537126710
-0.15252249655699723 2.0244743543922405;20.394313971791
-0.7197559342240634 1.2629133020304506;53.77407460456
-1.2140244307234038 0.578078738570687;96.73557661876
-1.6158715969921005 -0.009882152063377614;142.49859576130
-1.9096091207276755 -0.48462119718070185;184.15313555709
-2.0838205099430156 -0.8340950305661233;215.64045534342
-2.1317009520752928 -1.0509068323470276;232.5768153569
-2.051224137447631 -1.1324748580133235;232.80944221860
-1.8451333018192773 -1.0810250078314998;216.6362243410
-1.520760125906417 -0.9034110718177316;186.67075191862
-1.0896812606682222 -0.6107724171380289;147.38513375081
-0.5672279099819499 -0.2180445483843565;104.40734404040
0.028131098014937184 0.2566570283901477;63.68165688532
0.6755081504456407 0.7927550370698919;30.615990437563
1.352389795278226 1.3680029524362982;9.337171811479
2.035473845714409 1.9593218616375077;2.1553254114720
2.7015196724918207 2.543650692799707;9.305220840459
3.3281808240257797 3.098778947554003;28.990718161307
3.8947903340389654 3.604132293332033;57.71462511520
4.383071339988186 4.041483634329252;90.83660673505
4.777748841875652 4.395565485721491;123.2717138657
5.067042446618469 4.654563490752909;150.22551261778
5.243024608086814 4.8104755847278735;167.8605380053
5.3018340069700205 4.859326443493261;173.80246303240
5.243739124039271 4.801232262961047;167.4204756966
5.073052545196316 4.640316400615403;149.85073377392
4.797901898038337 4.384481770919055;123.7692505702
4.429868366881254 4.045050933400395;92.95573944366
3.983508290544239 3.6362893692564793;61.71792627277
3.4757772599386376 3.1748313547975413;34.262943157504
2.9253792720390646 2.679030979358238;14.106635472564
2.352065764799158 2.1682631231124883;3.6028366710980
1.7759106889310554 1.662200541436391;3.6546207462872
1.21658813706284 1.1800935669605503;13.641488078988
0.6926784538675037 0.7400783434675653;31.56464307289
0.22102723207999153 0.35853798708958773;54.38161649846
-0.18382076892862786 0.04953870202786076;78.47580631856
-0.5100938617720179 -0.17564023835529202;100.18949062320
-0.749156644802424 -0.3088674723158623;116.34258479480
-0.8957532225022369 -0.34540053306796603;124.66435576538
-0.9481239922465237 -0.2840004034445738;124.08034850693
-0.9079942310656326 -0.12691788433905932;114.819417480
-0.7804373645767824 0.12024533228697992;98.3325032666
-0.5736202565761155 0.4487935389848041;77.0417169192
-0.29844196511948295 0.8473003830810026;53.961580054566
0.03191897197248478 1.3020636609195093;32.250763095282
0.4025306532455203 1.797633459708958;14.760291798710
0.7972869641541083 2.3173932726753215;3.6422088513323
1.1995178735095398 2.844172192315389;0.07172497490470
1.5926082830399797 3.36086558265983;4.117858196166
1.9606029598059624 3.851041754405782;14.775256396255
2.288776010446804 4.29951309644356;30.14663989632
2.564145043373288 4.692851804886749;47.74441082832
2.7759125349284077 5.0198327210779805;64.86431774683
2.915819869908012 5.271788744881234;78.97565351793
2.9784029482069267 5.442867711416155;88.07221786352
2.961142005671233 5.5301833761872485;90.93592062644
2.864502246911455 5.533857103713271;87.27906035968
2.6918658849701775 5.456950852391575;77.74973894464
2.4493600825677806 5.3052959486376805;63.80480171041
2.1455889535816217 5.087225807761534;47.47325074778
1.7912810840500881 4.813224060149632;31.047695430932
1.3988668573959644 4.495502367194655;16.75016113651
0.9820021260252705 4.147524469343639;6.420457649792
0.5550563905206292 3.7834946281485826;1.2703058169220
0.13258458212979768 3.4178295591248697;1.735500825172
-0.2711982264902018 3.064633181916047;7.443319206389
-0.6429203281272902 2.737193043859758;17.295440628776
-0.9705173919725151 2.4475161327994646;29.650318630738
-1.2436410218900358 2.2059200386650177;42.57548310780
-1.453998203019911 2.0206931258962655;54.13148414450
-1.595610723662327 1.8978346332004763;62.646155585328
-1.6649867460702774 1.8408825307804537;66.94079986176
-1.6612000096237214 1.8508336556279184;66.47813578491
-1.5858755594670404 1.926157236145061;61.41404351476
-1.4430842784522018 2.062899532860931;52.54941373444
-1.2391517387333388 2.254874083737481;41.1926656285
-0.9823898678342641 2.4939290642924354;28.95572606311
-0.6827625401540548 2.7702806568165257;17.514808559555
-0.3514983714056559 3.072899156588916;8.37112594346
-0.0006656409407567732 3.389932895676429;2.64535733264
0.35727465413330334 3.7091539860628147;0.9336463031214
0.7099211267413037 4.0184094015444725;3.243164895597
1.0453733434102255 4.306061038073269;9.013353725287
1.3526465244850971 4.561399099252056;17.216609317365
1.622045199041796 4.77501441089172;26.521195482822
1.8454831642267826 4.939117020207747;35.491009347661
2.0167392724655793 5.04779060891506;42.79257870163
2.131641079455675 5.097174758899321;47.379760374124
2.1881711343812382 5.085569857584738;48.630872605356
2.1864935778540047 5.013462314093588;46.420668342204
2.1289016263183855 4.883470670401459;41.11942806434
2.019689358609194 4.700216028510396;33.52204219119
1.8649538803582617 4.470122874507464;24.719740285753
1.672336332594635 4.201158770854801;15.934754147524
1.4507122512527248 3.9025234284330015;8.342677291397
1.2098434075763358 3.584299292928334;2.9080904344791
0.9600044150914102 3.257076935618369;0.25618544894303
0.711598044191966 2.9315691937434396;0.5971769436894
0.47477332635588454 2.618228146382219;3.7121981207430
0.2590601612894191 2.326878642771527;9.000360469587
0.07303328484903493 2.0663812442934093;15.578024449469
-0.07598284654459689 1.8443361389430122;22.41428615600
-0.18215839273397866 1.6668378933601053;28.482168526373
-0.24134384198489134 1.5382888908596986;32.90355817582
-0.2511915131142473 1.4612770430612056;35.06763954154
-0.21120968091900802 1.4365209437192614;34.70708600395
-0.12274864501667299 1.4628831462849836;31.92283062723
0.011079473763437347 1.5374497823966276;27.155852177836
0.1855430722931996 1.6556723851940638;21.111959626987
0.39448924284203657 1.8115656216778018;14.65197614506
0.6305896013467203 1.997952746349262;8.664147109435
0.8856240170713474 2.2067490271034624;3.9374757352342
1.1507913141221122 2.4292722137081006;1.0538547890939
1.4170352508271231 2.656568354467148;0.31353365843510
1.6753737540467277 2.879740937449206;1.7032012326392
1.9172194956250677 3.090271442540882;4.90959249843
2.1346804351202406 3.280319927254971;9.37498305354
2.3208298892264034 3.4429952052523314;14.385152203802
2.469936982636029 3.5725854706351554;19.17616074257
2.5776499340880568 3.6647418198408697;23.044144113927
2.6411264716633864 3.716608963069317;25.442490022722
2.65910768218255 3.726899427768351;26.053140794112
2.6319337052135716 3.6959096621674004;24.822916848348
2.561501805107925 3.6254785695860163;21.961043965552
2.451169417888682 3.5188910674901743;17.899693883541
2.305606700588846 3.3807311958978286;13.224507104660
2.130604841771497 3.2166910307383176;8.586046983367
1.932847864944385 3.0333431306337686;4.605417063236
1.7196568232879264 2.8378854121793338;1.787600460208
1.4987161083623397 2.637868172959345;0.4544782805125
1.2777920540857606 2.440913440091562;0.7062526028075
1.0644541007172488 2.254436905481077;2.4156565047580
0.865808495960691 2.08538242130708;5.254534643096
0.6882538690344131 1.9399783879709083;8.747818431023
0.5372670484314914 1.8235244016041987;12.346235299192
0.417226246025696 1.7402152801714634;15.506769706165
0.33127724946235304 1.6930081065061209;17.76921134530
0.2812466091403402 1.6835362710188895;18.81811808616
0.2676040384653084 1.7120727292393;18.521984351051
0.289474432195894 1.7775428755531986;16.944936357780
0.34469811379283644 1.8775856406608926;14.330334754833
0.429936212912969 2.008659710597585;11.059659051051
0.5408165085220282 2.1661901995869797;7.593414873611
0.6721137051506837 2.344749741157535;4.403092256882
0.8179569850818259 2.5382668373327126;1.9041282400934
0.9720568335953347 2.7402534601726143;0.3993105537885
1.1279425929524376 2.9440433586375976;0.04022836170924
1.2792019772845085 3.1430323003717566;0.8115391239808
1.4197138769626314 3.3309115745689564;2.5394164826467
1.5438661878145032 3.5018864890336174;4.922075122662
1.646751097179386 3.6508722913377816;7.577227555041
1.724331214661324 3.7736609000163757;10.099128399293
1.7735711112175938 3.8670530076951652;12.116783180496
1.792530179391725 3.928951467394598;13.345051154909
1.780414198204456 3.958413344141652;13.621687347073
1.7375845231893015 3.9556595511762795;12.92561808809
1.6655253687168081 3.9220425368826928;11.374573875785
1.566771150214796 3.859973989223352;9.203191570498
1.4447972550324915 3.772815925781695;6.725416485596
1.3038788639454861 3.664739790949122;4.287109748063
1.1489235083550269 3.5405592450362526;2.2159283776310
0.9852838864331117 3.4055431684613304;0.7756649728340
0.8185580489036683 3.265215991789151;0.13133306349435
0.6543843854405864 3.125152782855494;0.32952881273539
0.4982388893487926 2.990776569067414;1.2962700907904
0.3552419547906783 2.8671651497303965;2.8519608787054
0.22998148049772044 2.7588741730895783;4.7407217419091
0.1263583388369232 2.669782537855212;6.669400479511
0.04745934948523618 2.6029652595118544;8.3503852200
-0.00453819021070144 2.5605978546750507;9.542025991255
-0.028427578523020657 2.543895084480071;10.081041881705
-0.023997838238654826 2.553085606485602;9.902635221930
0.007977324041307993 2.587422761855186;9.045932641849
0.06578564756743481 2.6452304188510647;7.644536236124
0.14685521329357334 2.7239815516259616;5.904080656756
0.24786264817901713 2.8204060984329784;4.0704570796442
0.3648661912631684 2.930623654511192;2.393546261942
0.4934583647312978 3.0502957448735097;1.0917553402230
0.6289323876909445 3.174791816785804;0.32234010375316
0.7664560873919749 3.299362708793009;0.16148924625711
0.9012469117101582 3.419315202277938;0.5966176870062
1.0287417288956562 3.530181343753721;1.5314983488036
1.1447554084766804 3.62787653400401;2.8030235444020
1.2456226954320981 3.708840898423876;4.206788935775
1.3283185956519412 3.7701591588243804;5.527551738489
1.3905533553133615 3.809655091570198;6.570074554534
1.4308391059698877 3.8259576460774873;7.1859806721741
1.44852632290735 3.818536873432132;7.292975049580
1.4438093662899887 3.7877089368317733;6.8840014464669
1.4177015015332406 3.7346106024294;6.025420021340
1.3719808865371816 3.661144700307404;4.84487600746
1.309110030290426 3.5698990621349025;3.510961890113
1.232132134712416 3.4640423493602666;2.207856279061
1.1445484988663992 3.34720095298577;1.1087128638663
1.0501817668763547 3.22332174810078;0.3516075037210
0.9530302194869928 3.0965259048765614;0.02134664844142
0.8571185326302655 2.970959181064278;0.13948757299616
0.7663504502741818 2.8506441448610653;0.6636718441738
0.6843686461595873 2.7393396042441087;1.4960157160538
0.6144266897320817 2.640412159475475;2.499030755245
0.5592775021304592 2.556724265932262;3.516541192814
0.5210820107957352 2.4905425170136297;4.396453663466
0.5013409133082257 2.443469058811419;5.012091552993
0.5008515734658394 2.41639816052591;5.27913281291
0.5196911290426959 2.409499020921888;5.165922957543
0.5572259261480449 2.4222249264872855;4.695955164795
0.6121464447615981 2.4533479264988545;3.9424619503577
0.6825259778022646 2.501017287864074;3.0161798979360
0.7659005035533063 2.562839169961299;2.0482738692098
0.8593664765246748 2.635974244842643;1.1710164883832
0.9596926785616254 2.717249404780003;0.49903824932138
1.063441838712169 2.8032792657259735;0.11377697020124
1.1670974597939914 2.8905929045800636;0.05320418616427
1.267191188406102 2.9757611668476236;0.3080820398877
1.3604261337369026 3.0555199497806504;0.8250340402785
1.4437917732351828 3.1268850987025187;1.5157393349223
1.5146664685390512 3.1872549394490517;2.270720638154
1.5709041362301657 3.2344969909357477;2.975604274083
1.610902253655547 3.267016037445699;3.5274612311751
1.6336491051776494 3.2838014652646033;3.848916656998
1.6387489609730868 3.2844525549668475;3.8981176473065
1.6264246994094693 3.2691812394898254;3.6733064348902
1.5974982049955195 3.2387926590264997;3.211555675964
1.5533496673311278 3.1946446371315447;2.5820643071339
1.4958576443416662 3.138587940232661;1.8751662197734
1.4273224098584716 3.0728898394607316;1.1887665481397
1.3503756592019103 3.0001440472564846;0.6142193817735
1.2678800788676718 2.9231705336117324;0.22366384967467
1.1828225844446487 2.844909024792112;0.06055347657739
1.0982051863300915 2.7683101427931036;0.1345970779910
1.0169374527684156 2.6962281537149257;0.4216600891180
0.9417344066296145 2.6313191601106687;0.8684534685650
0.8750234236730879 2.575948303676632;1.4011671624625
0.8188633080604264 2.5321091526625485;1.9366793331489
0.7748782220405961 2.501357949535553;2.3946600267419
0.7442085610218064 2.4847648087246528;2.7088248208
0.7274802154023341 2.482883304438354;2.835779793019
0.7247929711705601 2.49573919919832;2.7602982536616
0.7357280979686275 2.522838360435172;2.4964176548910
0.7593744816311637 2.563193220832337;2.0843588733994
0.7943720028381432 2.6153664827592262;1.583860437341
0.8389702673612818 2.677530171008948;1.0650046697879
0.8911002767751173 2.747537621483971;0.597926676582
0.9484562085308313 2.8230055735418933;0.24290265764975
1.0085841642359055 2.901403223703388;0.04220409349167
1.0689745539186102 2.980144907409977;0.01480259971487
1.12715471660041 3.05668300811524;0.15456652147723
1.1807784337294116 3.1285977492791908;0.43207271367322
1.2277091675699194 3.193680700435769;0.7996413621480
1.2660941429091057 3.2500091148305343;1.198760940986
1.2944267750214002 3.296008600768639;1.5687639495158
1.3115954140108605 3.3305020960581997;1.85548018727
1.3169169070423608 3.3527436463918763;2.018645433342
1.310154055223176 3.362436063828653;2.037065311319
1.2915166394628579 3.359732139174014;1.9108890497424
1.2616462875859418 3.345219680072849;1.660780618126
1.2215860317618246 3.3198912234917626;1.3242212361668
1.1727359405872508 3.285099806607654;0.949573890536
1.1167966854275437 3.242502655462787;0.5888330690902
1.0557032999199147 3.1939950501135543;0.2901340011282
0.9915517019367134 3.141636935464951;0.09108924775971
0.9265207593090243 3.087575059054381;0.013863358162237
0.8627927884602128 3.03396352496558;0.06261637519634
0.802475376888881 2.9828856549097984;0.22358842422516
0.7475273181210748 2.9362799452566732;0.46771408724230
0.6996912469833141 2.8958727080918885;0.7553018977962
0.6604352729280173 2.8631196943196695;1.042039898892
0.6309055418121085 2.839158629555914;1.2854285953827
0.6118912266782414 2.8247741637625623;1.4507160429232
0.603802972378128 2.8203762599171807;1.515514998777
0.606665315303453 2.825992543488472;1.4724991898691
0.6201230867113217 2.841274621757321;1.3298699287193
0.6434613047801347 2.8655178787165947;1.1096110510921
0.6756375845505502 2.897693775342829;0.8438620539615
0.7153256629088371 2.9364932530735266;0.5699928541742
0.7609682624709493 2.9803794650593303;0.3251251291525
0.8108372159510018 3.0276477575166822;0.140895372547
0.8630985508756513 3.0764906018118015;0.039190700829957
0.9158800997902271 3.125065043215065;0.029423441588583
0.9673391565881827 3.17156018777072;0.10767174017362
1.0157277451708722 3.214262294318984;0.2577373657931
1.0594531989579787 3.251615171033728;0.453899000397
1.0971319624074238 3.282273788486884;0.6649080050345
1.1276348094873887 3.3051493050401506;0.8586151021089
1.150122017402443 3.3194440437262775;1.0065502602369
1.164067423319434 3.324675349224398;1.0878101926439
1.1692707124700412 3.3206876741604456;1.0917300409767
1.1658577220908377 3.3076526800399675;1.0190073592172
1.1542689812063838 3.286057573653498;0.8811777536660
1.1352371255961473 3.256682319115975;0.6985782976600
1.10975421562472 3.2205667540227774;0.4971434527829
1.0790303285659044 3.178968982135914;0.30453026669045
1.0444450850757117 3.133316703015112;0.14614572211119
1.0074939922620645 3.0851533617760807;0.0416413837828
0.9697316365782181 3.0360811529088707;0.0023531775059512
0.9327138344742594 2.9877029867667084;0.030012573971185
0.8979408461325249 2.9415655246943304;0.11686347881306
0.866803679251526 2.8991053103693307;0.24711540281791
0.8405353599903167 2.861599875041098;0.39947723884122
0.8201688335946103 2.8301254797234545;0.5503728702406
0.8065028868529602 2.805522886984867;0.677358480947
0.8000771691705687 2.7883722395789743;0.7622510039020
0.8011570409074737 2.778977774975511;0.7935364376699
0.8097286098636236 2.7773627370455127;0.7677447759495
0.8255039430196323 2.7832744723374843;0.6896361414042
0.8479360744278883 2.79619933212387;0.571216585167
0.8762430845368344 2.8153866557409954;0.42976672932792
0.9094402132711377 2.8398807977420057;0.2851990559820
0.9463786995301969 2.868559891677835;0.15714264603608
0.985789822292889 2.9001798258028466;0.06217768094885
1.0263324600643824 2.9334217475067423;0.011604957391010
1.066642390556821 2.9669413183871014;0.01004554667483
1.1053815234645716 2.9994179128040797;0.055037291682126
1.1412852957729158 3.0296019892956134;0.13764766936426
1.17320655866321 3.0563589638155246;0.24397816121
1.200154442964286 3.078708071604635;0.3573139697008
1.2213268994586757 3.0958549138262117;0.460590971643
1.2361358626692736 3.1072166373776944;0.5388193101231
1.2442242721274335 3.1124389816314117;0.5811227260138
1.2454744926572527 3.1114047333576385;0.5821198690037
1.2400079934101311 3.104233449251375;0.5424771322262
1.228176462592494 3.091272622663537;0.46858606201276
1.2105448396459397 3.073080775926131;0.37144388854604
1.1878670283276274 3.0504032413238584;0.2649253926677
1.1610553029966137 3.024141642599293;0.16371326416293
1.1311446281053767 2.995318296550562;0.08119231707822
1.0992532707301625 2.9650369140960597;0.027606540586520
1.0665411931049347 2.9344410872945845;0.00872956091407
1.0341677636957725 2.904672100366766;0.02521709343600
1.0032503205655996 2.876827597964112;0.07270722770373
0.9748250608761578 2.8519225840187796;0.1426262128813
0.9498116185590036 2.8308541126840248;0.22355929063219
0.9289825334717426 2.81437087415401;0.3029715464236
0.91293861634523 2.803048679137442;0.36902237262237
0.9020909824510351 2.7972726143819506;0.4122135562337
0.8966502721216862 2.797226386849963;0.42664430413188
0.8966233076565632 2.802889105550155;0.4107106044980
0.9018171636743312 2.8140394775615394;0.36717097857358
0.9118503615132929 2.8302671283347056;0.30259316265827
0.9261706473096947 2.850990505392276;0.22628321026237
0.9440785866434952 2.875480597820965;0.1488678376353
0.9647560138319603 2.9028895091508056;0.0807434163400
0.987298217480801 2.9322827647610596;0.030615832896306
1.010748630674521 2.9626741217398096;0.0043341546061916
1.0341347274562325 2.9930615824103763;0.004171878338601
1.0565038085314 3.0224632940406937;0.028640493112238
1.0769573881908587 3.0499520463327134;0.0728416648143
1.0946829693316464 3.0746871531934694;0.12928798915029
1.108982110593038 3.0959426224506936;0.18905867208420
1.119293843999388 3.113130671573515;0.24311419182401
1.1252126868458512 3.1258198328275393;0.2835781510141
1.1265007006160717 3.1337471003716364;0.3048063857899
1.1230932745064013 3.1368237966151025;0.30410024099040
1.1150985432568556 3.135135067305536;0.2819766004958
1.1027905799590219 3.128933145814613;0.2419731997636
1.0865967260316305 3.1186247486363663;0.19003423860806
1.0670796248300425 3.10475316841526;0.13357893769830
1.0449147053600383 3.0879758108527575;0.08039663124999
1.0208640122791244 3.0690380715811245;0.03753110106568
0.9957473929758652 3.0487445637275568;0.010312254004688
0.9704121285602068 3.0279287829610393;0.0016664693523439
0.9457021310698648 3.0074223323129017;0.011792613319931
0.922427823593437 2.9880248234837063;0.03823576106700
0.901337774311455 2.9704755256751025;0.07633324960332
0.8830930720688022 2.9554277496223853;0.1199560154111
0.8682453137334185 2.943426837169122;0.16242933508859
0.8572189271370242 2.934892480289355;0.19749609157973
0.850298383658582 2.9301059237503253;0.2201848286482
0.8476206680530673 2.929202419172008;0.22746349583867
0.8491731769762475 2.932169102108404;0.21859455691579
0.8547970190566186 2.9388482651952215;0.19515251519049
0.8641954955132104 2.9489458065745926;0.16071408604698
0.8769473581016723 2.9620444506080648;0.12027712705804
0.8925242769291836 2.9776211736631137;0.07950065892532
0.9103118099817729 2.995068127075988;0.043880120044057
0.9296330536735108 3.013716236872793;0.017976853815693
0.9497740728716682 3.032860578987226;0.0048086826715234
0.9700101619838304 3.0517865818557928;0.005481632612583
0.9896319768534902 3.0697960964409985;0.01910577456434
1.0079706001604982 3.086232396690603;0.042996375168838
1.024420659274417 3.1005032296990827;0.07312117992439
1.0384607024044972 3.1121011217380294;0.10472133868087
1.049670152719204 3.1206202601550017;0.13301167009847
1.0577422962610665 3.1257694072954334;0.15385829795
1.0624929126336842 3.1273804557540994;0.1643387287292
1.0638643217504904 3.1254123985748268;0.16310962873737
1.0619247892818693 3.1199506573624554;0.15053755209757
1.0568634016267227 3.1112018794573566;0.12858305926289
1.0489806822331784 3.099484476317277;0.10046388147379
1.0386753692423702 3.0852153233947734;0.07015305041575
1.026427904639223 3.068893172002016;0.04178913390029
1.0127812930187186 3.051079431571447;0.01908523836161
0.9983200702534846 3.032377062889325;0.004820352298042
0.9836481763094913 3.0134083768303195;0.0004818222249043
0.9693665507949587 2.9947925574488763;0.006103803755629
0.9560512642301218 2.977123722673986;0.02031714494113
0.9442329632626315 2.9609503010786615;0.04059569481620
0.9343783459310081 2.9467564410598737;0.06365683350617
0.9268742963531087 2.934946082025357;0.0859538121035
0.9220152004777232 2.925830209430348;0.10418686393384
0.9199938400635236 2.9196176910183955;0.11576014507253
0.9208961256396222 2.916409955194888;0.11912196386305
0.9246997859938574 2.9161996292378967;0.1139446086636
0.931276987013689 2.9188731103134393;0.10112439806840
0.9404007117088486 2.9242169012500603;0.08260871610472
0.9517546009806165 2.9319274107465443;0.06108099351757
0.9649458357646589 2.941623798731976;0.03955350809709
0.9795205395928058 2.9528633459988165;0.020929028159744
0.9949810997203812 2.96515874631413;0.007594429815029
1.0108047472700974 2.9779966615016447;0.0011025232506343
1.0264627039869403 2.9908568471142427;0.0019837393483787
1.0414391958925975 3.003231148994126;0.009709406129242
1.055249652150288 3.014641689024124;0.022806101404839
1.067457449671694 3.024657600578665;0.039099234713010
1.0776886284375047 3.0329097386073482;0.05604656905565
1.085644086420302 3.039102873186339;0.07111115995459
1.0911088630020442 3.0430249753618765;0.08211951979936
1.0939582319629002 3.0445533162807994;0.08755494333267
1.0941604452137552 3.0436572206852395;0.0867469784
1.091776091977603 3.0403974393688613;0.07993417372062
1.0869541605834896 3.034922227638475;0.06819600405013
1.0799250070319772 3.0274603338088584;0.0532685223919
1.0709905419163623 3.018311209173315;0.03727416841369
1.060512041452842 3.0078328450517122;0.02240715466767
1.0488960661482427 2.996427720284136;0.010620568933413
1.0365790295269206 2.9845274014230894;0.0033593524176437
1.0240109975880969 2.9725763761195108;0.0013751672247602
1.0116393162864368 2.9610157168129008;0.004646236878420
0.9998926591347727 2.950267166636277;0.012409538105133
0.9891660606201124 2.9407182130341285;0.02329656483232
0.9798074548562796 2.9327086683198176;0.03554957701523
0.9721061748117137 2.9265192123109833;0.047284740187125
0.9662837881947804 2.922362272923112;0.056763198422400
0.962487554792899 2.920375529314033;0.06263146813719
0.9607866902607715 2.9206182223705666;0.0640983292722
0.9611715167916107 2.92307035276745;0.06102560078431
0.9635554756382533 2.9276347413627852;0.05392320951870
0.9677798738922356 2.934141824137343;0.04385284912396
0.9736211419153507 2.942356957874162;0.03225728331929
0.9808002916817335 2.951989926641853;0.020742214955
0.9889941929426553 2.9627062658032166;0.010843333140760
0.9978482259679131 2.974139962117369;0.003812018117758
1.0069898284524548 2.98590704734372;0.0004492865101867
1.0160424311632414 2.9976195797486573;0.0010096281668276
1.0246392725232794 3.0088995035443147;0.005185692914260
1.032436596390302 3.0193918903565953;0.012172946350882
1.0391257689303388 3.0287770984700626;0.020802144795532
1.0444438982379902 3.03678143335709;0.029718351901313
1.0481826021903218 3.043185954842309;0.03757944270637
1.0501946434462746 3.0478331496874165;0.04324530534636
1.050398232654444 3.050631270541577;0.045931349475485
1.0487788886859086 3.05155622996621;0.04530596896949
1.0453888347995965 3.0506510283434696;0.041520294246871
1.040343998787641 3.0480227836278972;0.03516857892344
1.0338187701461126 3.043837515908755;0.027187432070587
1.0260387451913096 3.038312917635763;0.018710441943339
1.0172717591246452 3.031709408454177;0.010900419357312
1.0078175600754846 3.02431982963196;0.004783815627694
0.9979965223326382 3.016458175253518;0.0011106385846680
0.9881378230561975 3.008447784445873;0.0002587086084096
0.9785675180537514 3.000609430205757;0.00219412062270
0.9695969476019844 2.993249735803229;0.006491387397812
0.9615118832639105 2.986650329716655;0.012408173478853
0.9545627922075128 2.9810581156191702;0.019002004872
0.948956548187127 2.9766769866018348;0.025270881518882
0.9448498600537615 2.9736612545328027;0.03029702123257
0.94234462172133 2.972110998521567;0.03337330268003
0.9414853145064445 2.9720694634565774;0.03409518894210
0.9422585164232078 2.9735225632565885;0.03240643974175
0.9445944961629844 2.976400466632502;0.028593891445343
0.9483707948983258 2.9805811685730195;0.023233959811728
0.9534176293625621 2.9858958810868383;0.017100243480420
0.9595248872873384 2.992136014371361;0.011046750732869
0.9664504333358532 2.999061466639453;0.005884170441473
0.9739294018764988 3.006409899048291;0.002266935244830
0.9816841235925701 3.0139066428303725;0.0006066314063320
0.9894343168388992 3.021274869646506;0.0010230004398533
0.9969071721624262 3.02824565369078;0.0033380411300591
1.0038469693325043 3.0345675650097976;0.007112421518695
1.0100238899295455 3.040015457204237;0.011717460230884
1.0152417239213862 3.044398148064024;0.016431163021355
1.0193442142199296 3.0475647372534485;0.020543834002843
1.0222198371223465 3.049409359075686;0.023457972917918
1.0238048767019547 3.049874228507825;0.02476855300210
1.0240847153393893 3.0489509028233646;0.024313070481864
1.0230933282907495 3.046679746825006;0.022185428619626
1.0209110350810215 3.0431476546014626;0.01871305438111
1.0176606222670344 3.038484142476837;0.014401865233614
1.0135020085715425 3.0328559842767664;0.009858073941956
1.0086256726164076 3.0264606092598165;0.005698754774077
1.0032451038439327 3.0195185234211275;0.0024642343605493
0.9975885674265176 3.012265045083446;0.0005446210559414
0.9918904931311678 3.004941664853687;0.00013032504531347
0.9863828057471472 2.9977873476611205;0.001192659982163
0.9812865107459013 2.991030090650036;0.003496136186895
0.9768038336843593 2.9848790355372277;0.006639515742387
0.9731111862447043 2.9795174084218705;0.010118745035978
0.9703531968467594 2.9750965250733556;0.013402047355000
0.9686380009092672 2.971731056857451;0.016006105219879
0.9680339367666835 2.9694957033859546;0.01756252474838
0.9685677398533006 2.9684233645744347;0.017865554567675
0.9702242720510157 2.9685048490711963;0.016895020900746
0.9729477671108122 2.9696901000282803;0.014812170485996
0.9766445188218045 2.9718908649428415;0.011930028871735
0.9811868880347668 2.9749846857240234;0.008663422917266
0.9864184595004036 2.9788200399873292;0.005466496619937
0.9921601412783866 2.9832224263678797;0.0027670222645186
0.998216969455133 2.9880011566193883;0.0009069116359875
1.004385360001508 2.9929565963524483;9.710170138226937e
1.0104605383858323 2.9978875850435074;0.00039264981943582
1.0162438762524413 3.002598764634392;0.0016907975556902
1.0215498729403865 3.0069075545003234;0.003751412039094
1.0262125373604478 3.0106505283017477;0.006236073308040
1.0300909519564905 3.0136889744371405;0.008759581230915
1.0330738340450836 3.0159134553759133;0.010946134659708
1.0350829494070763 3.0172472207246064;0.012482066785866
1.0360752770574584 3.0176483729266685;0.013157812952198
1.0360438709745063 3.0171107313454355;0.012893584753167
1.0350174124861158 3.0156633883917445;0.01174573522361
1.0330584942450165 3.013368998586563;0.00989364252746
1.0302607215882127 3.010320886308026;0.007609699562998
1.026744757999193 3.006639098891207;0.005217287318037
1.0226534769761209 3.002465567329494;0.003043124588673
1.018146411675694 2.9979585658892454;0.0013709409194011
1.0133937153282342 2.9932866835717657;0.00040297114561185
1.0085698589676628 2.9886225339016304;0.0002344198487467
1.0038472981561628 2.9841364346537125;0.0008440171173361
0.9993903370824981 2.979990285827932;0.0021013951963683
0.9953494069543368 2.9763318627199626;0.003789610687022
0.9918559565560046 2.973289721885378;0.005639059325824
0.9890181270339546 2.970968891984049;0.007367561354738
0.9869173514603999 2.9694474899786236;0.00872071981198
0.9856059837538771 2.9687743671883626;0.009506837368793
0.9851060224836851 2.968967850647288;0.00962166137646
0.9854089544175945 2.9700156045478097;0.009059842355536
0.986476701883641 2.9718755957625844;0.00791198615104
0.9882436185779613 2.974478107998891;0.006348258153100
0.9906194417555482 2.977728712445485;0.00459136249223
0.9934930760585224 2.9815120700905977;0.0028831144876225
0.9967370566671208 2.985696413321705;0.0014495712975909
1.0002125178976653 2.9901385328583125;0.0004697025840982
1.0037744784811429 2.9946890811801956;5.189514217223134e
1.0072772469450286 2.999197995804661;0.00022131660849792
1.0105797499363256 3.0035198451840484;0.0009195147490687
1.0135505928491164 3.007518906522564;0.002015847736950
1.0160726753852207 3.011073798079609;0.0033286839842535
1.0180472040761621 3.014081507929315;0.004653006981053
1.0193969685135829 3.0164606858680694;0.005790282077780
1.0200687770825334 3.018154094212408;0.006576278510380
1.0200349802396262 3.0191301454806356;0.006902991190048
1.0192940436042532 3.0193834891813194;0.006731785940961
1.0178701680659636 3.0189346448703933;0.006096240704194
1.0158119884836536 3.0178287130149073;0.005094669176836
1.0131904151354956 3.016133227788637;0.003873772227694
1.0100957117336242 3.0139352455837227;0.0026060621032397
1.0066339295323758 3.011337788741288;0.0014644851054143
1.002922837982443 3.0084557849315154;0.0005979355183519
0.9990875078534063 3.005411658087779;0.00011108866184189
0.9952557123103484 3.002330736366663;5.124151764786393e
0.9915533148545349 2.9993366460339494;0.0004037577788842
0.9880998103167477 2.996546857459206;0.0010964379494321
0.9850041764394953 2.9940685407531302;0.0020118615958544
0.9823611794250722 2.991994874426377;0.0030056579230030
0.9802482577746 2.990401931400505;0.003927899823607
0.9787230855775855 2.989346243539721;0.0046444805861292
0.9778218900441256 2.9888631195082564;0.0050554530224017
0.9775585695127869 2.9889657622025205;0.005107853674510
0.9779246284860477 2.9896452023293403;0.0048014073556494
0.9788899165318247 2.990871034991387;0.004186573837288
0.9804041292142333 2.992592917468518;0.003355500974894
0.9823990025918956 2.9947427597617877;0.0024274297978642
0.9847911091673549 2.997237515814779;0.0015308229593640
0.9874851432814961 2.9999824634397902;0.0007848654713850
0.9903775684668014 3.0028748454986265;0.0002829755944278
0.9933604886762715 3.0058077342929033;8.05803003509069e
0.9963255998795495 3.00867397569541;0.00018872209432866
0.9991680783612474 3.011370069399288;0.0005741808046491
1.0017902670741798 3.0137998466810263;0.0011658474122177
1.0041050313131854 3.015877816987602;0.00186621325922
1.0060386693335832 3.0175320690175877;0.002566157797035
1.0075332817406413 3.018706630169314;0.003160820254244
1.0085485247944417 3.0193632095479193;0.0035642708161519
1.0090626963815654 3.019482273330661;0.0037209526233228
1.0090731284076118 3.0190634262928127;0.0036123987227624
1.0085958848363255 3.0181250987683046;0.003258452300675
1.0076647896158741 3.0167035633340133;0.002713024529870
1.0063298323989507 3.014851329172439;0.0020551951784401
1.0046550214544117 3.012634983558102;0.0013770891275854
1.0027157717518005 3.010132568496003;0.0007703637490273
1.000595931262567 3.007430595602135;0.00031326941911130
0.9983845595877433 3.0046208133810057;6.009063075277745e
0.9961725797688901 3.001796847801054;3.437070522048119e
0.9940494264064005 2.999050839334798;0.0002267355634295
0.9920998110003131 2.996470197420203;0.0005974513225114
0.9904007189082126 2.9941345867775766;0.0010831763506768
0.9890187417992566 2.992113249499077;0.0016067958745998
0.9880078354274008 2.990462752770101;0.0020888333861067
0.9874075755237396 2.989225235056735;0.0024587668792448
0.9872419652868657 2.98842720427041;0.002664654290870
0.9875188270704288 2.988078920539029;0.0026797715001396
0.9882297892100714 2.988174374554638;0.002505437229783
0.9893508572919856 2.988691850825497;0.002169769145424
0.9908435383212947 2.989595044314028;0.0017227000905610
0.9926564669355958 2.990834679626856;0.001228099542700
0.9947274656934829 2.9923505648052338;0.0007542226599807
0.9969859571242162 2.994073997418022;0.0003638996122060
0.9993556341165931 2.99593042954882;0.000105861394114
1.001757287691002 2.997842290732291;8.385119069271965e
1.0041116874419602 2.9997318641355744;7.60694253788388e
1.0063424100226421 3.001524111362412;0.0002900777151463
1.0083785148920394 3.003149345104329;0.0006116841107657
1.0101569739494078 3.00454565626479;0.000988496451548
1.011624772305462 3.0056610128047154;0.0013623758646299
1.0127406108417656 3.0064549609573987;0.0016778695923703
1.0134761568537265 3.006899875102565;0.0018899457931124
1.0138168063527455 3.0069817198672615;0.001969963321791
1.0137619398663518 3.0067003062824385;0.001909099162978
1.013324672145353 3.006069042392215;0.001718844817598
1.0125311143898716 3.005114196913737;0.001428611881929
1.011419184793327 3.0038737117308365;0.0010808941603128
1.0100370187755563 3.0023956145751005;0.0007247622032207
1.008441043703411 3.000736096673413;0.0004086726790992
1.0066937937367937 2.998957330979134;0.0001736348754976
1.0048615483491399 2.997125114513675;4.768693623245298e
1.0030118828246497 2.9953064230971997;4.2413482181865286e
1.0012112205190766 2.993566968230499;0.0001519202038334
0.9995224748952397 2.9919688441133503;0.0003543181039556
0.9980028644345379 2.9905683478738374;0.0006154133646967
0.9967019757179167 2.9894140482744462;0.0008939984972235
0.9956601396001614 2.988545167790468;0.0011479368277366
0.994907172891992 2.9879903304462734;0.0013401506190003
0.9944615238062988 2.9877667136364225;0.0014436701913706
0.9943298441589252 2.9878796268923304;0.001445065792635
0.994506995511396 2.988322524751988;0.0013458380240219
0.9949764806819102 2.989077445129091;0.0011616470794114
0.9957112768984812 2.9901158494255378;0.0009195709713614
0.9966750328581584 2.991399826621466;0.0006538542943579
0.9978235795714947 2.9928836111925117;0.00040080500952721
0.9991066945267671 2.994515354359713;0.00019359237409383
1.0004700507375988 2.9962390802071153;5.7684741940581284e
1.0018572768823586 2.997996752847473;7.547705850945705e
1.0032120521471612 2.999730378220597;4.502156077643394e
1.00448015958746 3.001384064312865;0.00015954395176383
1.0056114247656378 3.002905966529723;0.0003301165472854
1.006561471945642 3.0042500504776157;0.0005286719115901
1.0072932379826718 3.005377612269816;0.0007243118184802
1.007778193909028 3.006258506334845;0.0008877850169751
1.0079972356932445 3.0068720421833954;0.0009955624407946
1.0079412182947616 3.0072075242360636;0.001032948954679
1.0076111204731781 3.0072644221522933;0.000995828057672
1.0070178413463042 3.007052172637497;0.0008908444100883
1.006181642933715 3.00658962694919;0.0007340572303773
1.0051312654011033 3.0059041708030367;0.000548312526350
1.0039027530007412 3.005030554661182;0.0003597539043142
1.002538038401392 3.0040094820847867;0.00019399768358287
1.0010833408980455 3.0028860116312246;7.252572864343071e
0.9995874396432018 3.0017078334292866;9.797830399444087e
0.9980998863844677 3.0005234849103086;1.1464894571432439e
0.9966692231513951 2.9993805711328334;7.389426732433625e
0.9953412689185974 2.998324053724051;0.00018502512009565
0.9941575355782659 2.9973946687688575;0.0003263831469142
0.9931538277595342 2.9966275281831836;0.00047592638597906
0.9923590733832369 2.996050951460822;0.000611288840388
0.9917944226490508 2.995685565492837;0.000712948632488
0.9914726427779487 2.995543699786003;0.0007668758744563
0.9913978246722627 2.9956290932474325;0.0007663056808580
PointOptimal;ValeurOptimale
[0.99139782 2.99562909];0.0007663056808580522
Temps;Nb iteration
0.04062819480895996;692