Point;Valeur
-12.54778830762697 -2.8848833244093024;211.19728562595
-12.541836342127308 -2.8612057886398228;210.60040208577
-12.535870362049845 -2.8374611438486435;210.00015721977
-12.529890198834234 -2.813648627360224;209.39650301823
-12.52389568049588 -2.7897674611959227;208.78939036588
-12.517886631526178 -2.7658168516309027;208.17876900658
-12.511862872788779 -2.7417959887345527;207.56458750655
-12.505824221413572 -2.7177040458952755;206.94679321619
-12.499770490683286 -2.6935401793236773;206.32533223011
-12.49370148991866 -2.6693035275398396;205.70014934569
-12.487617024358226 -2.64499321083757;205.0711880197
-12.481516895032964 -2.6206083307293264;204.43839032332
-12.475400898634714 -2.5961479693681193;203.80169689469
-12.469268827382873 -2.5716111889463926;203.1610468901
-12.463120468882007 -2.5469970310696093;202.51637793250
-12.45695560597434 -2.5223045161062467;201.86762605784
-12.450774016589119 -2.497532642508518;201.21472565918
-12.444575473579757 -2.472680386104103;200.5576094279
-12.438359744561549 -2.4477466993617307;199.89620829299
-12.432126591734598 -2.4227305106209522;199.23045135608
-12.425875771705616 -2.3976307232915;198.5602658252
-12.4196070352975 -2.3724462150159846;197.88557694413
-12.413320127353213 -2.3471758367967803;197.20630791892
-12.407014786529171 -2.3218184120848244;196.52237984075
-12.400690745080365 -2.296372735824648;195.83371160504
-12.394347728635832 -2.2708375734590485;195.14021982660
-12.387985455962191 -2.245211659886011;194.44181875057
-12.381603638718357 -2.2194936983693063;193.7384201588
-12.375201981196621 -2.1936823593950843;193.0299332718
-12.36878018005265 -2.1677762794767412;192.3162646450
-12.362337924023816 -2.1417740599012385;191.59731806039
-12.355874893629359 -2.115674265415735;190.87299441186
-12.349390760862004 -2.089475422848566;190.143191584
-12.34288518885742 -2.063176019661726;189.4078043297
-12.336357831554292 -2.036774502433148;188.66672412712
-12.329808333329392 -2.010269275258268;187.91983904736
-12.323236328621842 -1.9836586980728592;187.1670336013
-12.316641441530944 -1.9569410848874762;186.40818858303
-12.310023285396962 -1.9301147019272529;185.64318090295
-12.30338146235746 -1.9031777656759212;184.87188341230
-12.296715562880902 -1.8761284408129635;184.0941647167
-12.290025165274098 -1.8489648380370776;183.30988897883
-12.283309835162381 -1.8216850117702714;182.51891570935
-12.27656912494049 -1.794286957734628;181.7210995451
-12.269802573193058 -1.7667686103898044;180.91629001398
-12.263009704080982 -1.7391278402241577;180.104331284
-12.256190026690572 -1.711362450887564;179.28506189932
-12.24934303434716 -1.6834701761565478;178.4583144946
-12.242468203886371 -1.6554486767155234;177.62391549636
-12.235564994878782 -1.6272955367444846;176.78168480073
-12.228632848810232 -1.599008260295805;175.93143543125
-12.221671188209566 -1.5705842674467911;175.07297317336
-12.214679415717821 -1.5420208902046832;174.2060961836
-12.207656913104554 -1.5133153681524485;173.33059457194
-12.200603040211117 -1.4844648438086532;172.44624995383
-12.19351713383227 -1.45546635768038;171.5528349710
-12.186398506515356 -1.4263168429833266;170.65011277697
-12.179246445281333 -1.3970131200018026;169.7378364835
-12.172060210256259 -1.367551890056789;168.81574856748
-12.164839033203602 -1.3379297290488106;167.88358022975
-12.157582115955076 -1.3081430805369658;166.94105070647
-12.150288628723526 -1.2781882483160283;165.98786652449
-12.142957708291046 -1.248061388440747;165.0237206973
-12.135588456061807 -1.2177585006487428;164.04829185538
-12.128179935963114 -1.1872754191271477;163.06124330322
-12.120731172182754 -1.1566078025561959;162.06222199749
-12.113241146727002 -1.1257511233604172;161.05085743601
-12.105708796777403 -1.094700656089274;160.02676044922
-12.09813301183183 -1.0634514648379971;158.98952188320
-12.090512630601975 -1.031998389610565;157.93871116216
-12.082846437647927 -1.000336031509435;156.87387471682
-12.075133159709505 -0.9684587366300983;155.79453426304
-12.067371461717268 -0.9363605785157896;154.70018491330
-12.059559942434046 -0.9040353390106342;153.59029310066
-12.051697129690037 -0.8714764873279117;152.46429429217
-12.043781475165442 -0.838677157124537;151.32159046534
-12.035811348658935 -0.8056301213438681;150.16154731714
-12.027785031788564 -0.77232776454973;148.98349117021
-12.019700711048042 -0.7387620524427101;147.78670553574
-12.011556470134021 -0.7049244981903806;146.57042728537
-12.003350281454257 -0.6708061251587631;145.33384237697
-11.995079996701545 -0.6363974255541942;144.07608106962
-11.98674333636384 -0.6016883144131251;142.7962125515
-11.978337878020763 -0.5666680782759252;141.49323889168
-11.969861043250571 -0.5313253177741766;140.16608820793
-11.961310082936418 -0.4956478832123006;138.81360692671
-11.952682060723784 -0.4596228020651987;137.43455098145
-11.943973834337466 -0.42323619710838134;136.0275757693
-11.935182034407685 -0.38647319364524524;134.59122464634
-11.926303040379846 -0.34931781398749795;133.12391569503
-11.91733295300261 -0.3117528569692789;131.62392643884
-11.90826756277411 -0.27375975979264044;130.08937610417
-11.899102313594565 -0.23531843891173398;128.51820493534
-11.88983226069163 -0.19640710589736532;126.90814994665
-11.880452021676799 -0.157002053271456;125.25671633868
-11.870955719291143 -0.11707740404740807;123.56114360076
-11.861336914044866 -0.07660481711620637;121.81836505201
-11.851588524460023 -0.035553138496838166;120.02495921342
-11.841702731992935 0.006112014311596248;118.17709092040
-11.831670866851251 0.04842875137843716;116.27043942634
-11.821483269761554 0.09143951435963427;114.30010983855
-11.811129123149524 0.13519181399492108;112.26052295643
-11.800596242971235 0.17973913927978824;110.14527677290
-11.789870819292585 0.22514209019835985;107.94697028567
-11.77893708918796 0.27146980561160117;105.65697641333
-11.767776918893926 0.31880178681878046;103.26514501704
-11.756369262190073 0.3672302606510831;100.759408108
-11.744689446709994 0.4168632924946243;98.12524523394
-11.732708215777674 0.46782896453724643;95.34494407894
-11.720390414191623 0.5202811050488227;92.39655276317
-11.707693140420698 0.5744073415316526;89.25235275721
-11.694563072039667 0.6304407536648133;85.8765578354
-11.680932458654151 0.6886773266765962;82.22170603760
-11.666712863019281 0.7495032043226919;78.2227209837
-11.65178486938424 0.8134394873332402;73.7865265982
-11.635980022934486 0.8812208228682001;68.772413211
-11.619046315636805 0.9539455386731239;62.95082593330
-11.600574038614734 1.0333980626739665;55.902955700090
-11.579806528168827 1.1228715493976145;46.711369900371
-11.554997465710112 1.2299603632655183;32.45307470453
-11.519363347961768 1.384139469146219;23.92798304052
-11.567520682628338 1.1751376740227633;40.38121414879
-11.538852868014697 1.2990247205255363;18.022757734
-11.474753236283785 1.5769032249297217;51.024904030227
-11.49723767861482 1.4788929453599016;39.64175662359
-11.5262402947812 1.3527357435318939;15.569551265353
-11.600315623135106 1.0316124805731226;56.05712600279
-11.579605681239801 1.120839780483542;46.92346033957
-11.554909181560522 1.2274442832329475;32.83550928499
-11.51969048862033 1.3798259735073577;22.99198605638
-11.569811008938633 1.1623180144346597;42.002273749323
-11.542244246996606 1.2814205893656512;22.557257595715
-11.491024993791338 1.5033396287425722;42.782079277499
-11.517882832637707 1.3864434937316679;24.474787220114
-11.564957496322219 1.1821101979913058;39.432932703825
-11.535606717306461 1.3089785253256698;14.75431737317
-11.457310189049956 1.6486067571164282;57.972073861960
-11.47706823399843 1.5623430662529953;49.52356927152
-11.500239466175366 1.4613612150316042;37.27169806642
-11.531095631031711 1.327181312666343;4.995624052535
-11.299012377701027 2.3414625893269276;103.20144791884
-11.309952151222442 2.293008695181517;100.70364120999
-11.321174426746447 2.2433528225355888;98.07762519417
-11.332708938553006 2.192367252462863;95.30573673481
-11.344591373916623 2.1398986206929367;92.3660899625
-11.35686523004683 2.085759905970794;89.23105726503
-11.369584499150315 2.0297188421872265;85.86498152866
-11.382817686736397 1.9714805714917434;82.22059107366
-11.396654080177095 1.9106605748123302;78.23310311109
-11.411214041490789 1.8467402104543469;73.80992174009
-11.426667039391456 1.778988795917333;68.81118517886
-11.443266037814121 1.706314960605046;63.00900262344
-11.461421176584887 1.6269480398128495;55.98838359905
-11.481887127498604 1.537627610837366;46.843260095725
-11.506395425041129 1.4308670615102743;32.709972538952
-11.541576611416284 1.2779738007876391;23.276135012146
-11.491943219594384 1.4930278736992948;41.53362414169
-11.519611130710496 1.372617684983159;21.370120357313
-11.573537667421443 1.1386078653908145;44.83312887533
-11.547703271548182 1.2501855830798876;28.878762604070
-11.507682394484002 1.423468050466032;31.511189209898
-11.544206951087725 1.264758286566054;26.078606637415
-11.499900188802636 1.4566705734743097;36.6474340765
-11.531281379320115 1.3202049291291447;9.761888295162
-11.412888890947299 1.83456284002897;72.95400218588
-11.428525636636435 1.7660164490960613;67.83054192270
-11.4453675453162 1.6922918219969647;61.847085798240
-11.463867425688987 1.6114336581727757;54.53354316022
-11.484884253850522 1.519730063434925;44.81489350674
-11.510509285606629 1.408136930300718;28.8627549382
-11.550397382742103 1.2348646234691758;31.519816936242
-11.513722499577545 1.3936130481398452;26.083315175720
-11.557876296912275 1.2018788230324136;36.61697517278
-11.526287379044168 1.338511135183606;9.994304781948
-11.64171505889515 0.8387126455699674;71.89010145542
-11.625507480668366 0.9082825033922122;66.59265768403
-11.608035422812028 0.9833884245444553;60.35482737702
-11.588787087492866 1.0662596081267823;52.621995260191
-11.566747364487659 1.1613141943121947;42.03735849466
-11.5392109229383 1.2803172130965352;22.646493307370
-11.488207111341337 1.501360058213554;42.62603458812
-11.515156705304063 1.3840360371909428;24.108241388379
-11.56293619545652 1.176596954515678;40.06784279471
-11.534055623871799 1.3014534612792135;17.012672719396
-11.466174332252008 1.5958722602661597;53.03736651120
-11.487788824199596 1.501581418564652;42.663265650336
-11.51471390118081 1.3843598020637389;24.196429115630
-11.562317300645566 1.1776766283545443;39.91489450138
-11.533327605460661 1.303011885862941;16.497011189989
-11.463326388238341 1.6066587655988203;54.105320703219
-11.484508671743098 1.514229309134902;44.206463615741
-11.51048577379859 1.401100162563222;27.61715823697
-11.552173999088621 1.220013621118274;33.85538284105
-11.518024654627423 1.3678006358211166;20.30106607267
-11.574784979168895 1.1214734018260915;46.73652174255
-11.550000043067838 1.2285044367485627;32.49943036609
-11.514432208492577 1.3824631821487516;23.814659298033
-11.562798035100014 1.1724675122378132;40.57613485185
-11.534279628052017 1.2957588718307962;18.62641303690
-11.472284204456377 1.564610366754093;49.86222208482
-11.49528833666688 1.4643145221656058;37.81680240617
-11.525686309185039 1.3320689939938264;6.060540162054
-11.716031635227663 0.5105597474799302;92.8661896756
-11.703403235953173 0.5644121683255028;89.75466854027
-11.690351396434322 0.6201318812612717;86.41778756383
-11.67681098750313 0.6780035976418892;82.8102189823
-11.662697383510105 0.7383970504544086;78.87016539405
-11.647896979686633 0.8018082955233004;74.50988438065
-11.632250737577065 0.868931354909221;69.59801674583
-11.615523207768687 0.9407930458303033;63.92317738706
-11.597337367310542 1.0190364991048702;57.10764010423
-11.57701355558123 1.1066216729925733;48.353204456022
-11.553052655950024 1.2100722423352712;35.322472390202
-11.520319521495692 1.3517158648586465;15.67989153718
-11.593835188001693 1.032851157443086;55.811904713470
-11.573045906212515 1.1224705673753972;46.58646677465
-11.548184882568721 1.229846505039613;32.22716230487
-11.512322119132394 1.3851071192673698;24.463336554831
-11.559395983776357 1.180678665451242;39.45132517484
-11.530073035208945 1.307487624522909;14.826856168460
-11.452197786134183 1.6454474602365705;57.80025714746
-11.472005741857762 1.5589273926244713;49.29536891803
-11.495274016531473 1.4574781317489878;36.90192667373
-11.526426069836495 1.3219538226233736;8.158455779194
-11.38474666228124 1.9382961847014775;80.1494587176
-11.398943324675097 1.875904380545001;75.94456900126
-11.413945432718615 1.810057613160871;71.23745794975
-11.429960755981094 1.7398593450124684;65.84888901007
-11.447312085567527 1.6639158072106914;59.470866163731
-11.466554980273608 1.579826507581081;51.493561849617
-11.488818684151136 1.482708489055475;40.36076052621
-11.517283377133973 1.358799101717529;17.993197704558
-11.581324807516362 1.0808965765384633;51.04269502949
-11.558617883898316 1.1788935537356044;39.6543197766
-11.52944703032791 1.305052877075183;15.580836920275
-11.455349400192587 1.6266073542272315;56.082106982834
-11.475770273268166 1.5374363076037119;46.97253383783
-11.500198018442857 1.4309697400832695;32.94283146366
-11.535111480981099 1.279157497048799;22.693638470300
-11.484231875360377 1.4997399754817726;42.54296922452
-11.511224751182267 1.382186971662846;23.911559460546
-11.559380968763923 1.173042370282153;40.407488235186
-11.53075200781709 1.29684855639234;18.107809355213
-11.466998841125664 1.5734175221017983;50.85726019367
-11.489542165943282 1.475084283993204;39.38347326787
-11.518715506975303 1.3480999217915786;14.606915114857
-11.597623860479748 1.0058414196013983;58.25748828030
-11.577700620382762 1.0916971672491256;49.889051342564
-11.554475942311148 1.1919613410328962;37.8438148733
-11.523920288423374 1.324160720458127;6.217390185593
-11.337826720518429 2.1356412939051124;92.21848368225
-11.350112895520319 2.081415956185057;89.07333094995
-11.362847116692542 2.02527569156081;85.69517523518
-11.376098676049573 1.9669220561340834;82.03606559117
-11.389958016287444 1.9059652927543054;78.03017074370
-11.404547280360255 1.841878730155801;73.58317918090
-11.420038859019776 1.7739185841147416;68.55219778416
-11.436690930397113 1.7009702325886762;62.703380158389
-11.454924118366982 1.6212165132672025;55.60804235789
-11.475518439497556 1.5312852040852816;46.31917932861
-11.500290437282807 1.423316748953158;31.756135136001
-11.536509718812013 1.2658315060375598;25.525962676406
-11.491273485325657 1.4619038325413554;37.61945626297
-11.521820315823199 1.3289646743975565;3.8115855410150
-11.824101409956286 0.03400210627757705;116.81257457749
-11.8139675432451 0.07681318697704231;114.86086274274
-11.80367045657576 0.1203518165659796;112.84155135946
-11.793198386483256 0.1646696896528761;110.7484874857
-11.782538024396276 0.20982526508218147;108.57457357588
-11.771674210955185 0.2558851016057213;106.31155643580
-11.760589547015316 0.3029255571450813;103.94975240407
-11.749263891595804 0.35103498135908584;101.47768377733
-11.73767370353403 0.40031659001497477;98.88158915443
-11.725791162505177 0.4508923016184747;96.14475045399
-11.713582971071903 0.5029079648715902;93.24654617485
-11.701008682765776 0.556540652290189;90.16108308396
-11.688018303092635 0.6120091226101261;86.85515491970
-11.674548732507619 0.6695893289092476;83.28507993492
-11.660518280319396 0.7296383298566207;79.39157200484
-11.645817784496161 0.7926329819050943;75.09093698334
-11.630295338338643 0.8592364652826996;70.25882791420
-11.613727872017991 0.9304220237743062;64.69725717305
-11.595762340184878 1.007728953930191;58.058018972935
-11.575773876911912 1.0938797725247236;49.624792799858
-11.552429425615289 1.1946781051073936;37.41982234017
-11.521532984710989 1.328376477326409;3.0471357585128
-11.899177080392935 -0.2781791890079548;130.1759485926
-11.890024911460745 -0.23976346455911557;128.607017449
-11.880768320158001 -0.20087903488687875;126.99934137477
-11.87140195525264 -0.1615023101169415;125.35044000897
-11.861919974618235 -0.12160754651959582;123.65756942830
-11.852315978571728 -0.08116655470886958;121.91768210962
-11.842582930972913 -0.0401483543561314;120.12737883140
-11.832713065206281 0.001481237161999438;118.28285045328
-11.822697771322812 0.04376009843524553;116.37980686923
-11.81252745947565 0.08673040123624087;114.4133895372
-11.802191393226781 0.1304393393273413;112.37806274234
-11.791677484121312 0.1749400263929486;110.26747697815
-11.780972035850585 0.22029261404624645;108.0742952753
-11.770059421899408 0.26656570014792447;105.78996954040
-11.758921674095053 0.3138381259351659;103.40444831594
-11.747537949757902 0.36220130277796425;100.90578867851
-11.735883830277533 0.41176227422225775;98.27963128075
-11.723930380506335 0.4626478210619096;95.50847526856
-11.71164286034345 0.515010082789888;92.57065240062
-11.698978916009015 0.5690344469492343;89.43883442585
-11.685885966820042 0.6249509442328245;86.07778867467
-11.672297298564775 0.6830512784168148;82.44086772705
-11.658125977746796 0.7437153474390241;78.46424952921
-11.64325487777906 0.8074546942610423;74.05690440223
-11.627519250653837 0.8749884081198784;69.08172466786
-11.610673609883595 0.9473873010246221;63.31619486619
-11.592321152272948 1.0263810615140896;56.35756282737
-11.571735814203993 1.1151323629275707;47.335727354943
-11.547271075432281 1.2208077075494712;33.56945687741
-11.512845450641837 1.3698544115461315;21.08603442517
-11.56746671888887 1.132693857058082;45.33333191775
-11.54193081307935 1.2430395614063157;29.868745342726
-11.503256349796526 1.4105720953591812;29.565502757361
-11.5421711070199 1.2414184636351662;30.148240198905
-11.503854518444012 1.4073962141964698;28.99943544786
-11.543531447348851 1.2349409109103489;31.254877026669
-11.506567636376214 1.3950360101799104;26.66558583543
-11.549729723274151 1.207488402669365;35.578703583710
-11.517241754219693 1.3481109521320418;14.726520377748
-11.595498741884882 1.008628967706044;57.97515986675
-11.575482171923383 1.0949029628466596;49.51473584946
-11.552086426645218 1.1959254520644853;37.24206462303
-11.52104341421878 1.3302624550890547;5.417100442199
-11.733891121343325 0.41245744776189774;98.22042240218
-11.721932502126029 0.4633736659223927;95.44590211597
-11.70963902759697 0.5157702528172933;92.50418785437
-11.696968158938594 0.5698334313885197;89.36780681945
-11.683867062959925 0.6257943685380837;86.00132139345
-11.670268670013703 0.6839463620650462;82.35778272807
-11.656085526908148 0.7446716327974797;78.3729049065
-11.64119971013408 0.8084852737932976;73.95490218448
-11.625445172173292 0.87611214387137;68.96533788585
-11.608574125237416 0.9486332379367354;63.179104531
-11.590185185724684 1.0277984433404326;56.18755689721
-11.569541383759747 1.1168183631428148;47.10332809615
-11.544960615203356 1.2230153326009114;33.158446372445
-11.510115149202724 1.3739111164717484;22.16992206990
-11.562051928450236 1.1483414341743865;43.42863858845
-11.535408542633283 1.2635295421986;25.924225202472
-11.490871902312582 1.4565855618429664;36.91805100926
-11.521998375927984 1.3211206081271127;8.042584197346
-11.378326428537042 1.9464255249582214;80.74558627987
-11.392410226378848 1.884494439063082;76.6053290640
-11.40727428387047 1.8192157444484343;71.98327994799
-11.42311425515141 1.7497449404125183;66.71277292197
-11.440230443066872 1.6747849950081735;60.5120278035
-11.45913027887888 1.5921427677825113;52.83751249229
-11.480813219612093 1.4974953688710064;42.37099387109
-11.507907633512053 1.3794653017639353;23.498247676310
-11.556897227005704 1.166643283383066;41.12219274176
-11.528771946786646 1.2882961829118917;20.221634024095
-11.471698933679006 1.535894891783129;46.907800438115
-11.49615170915956 1.429281478645847;32.82752579447
-11.53117550879925 1.2769361909260075;22.98135086097
-11.480950553462447 1.4947522526671326;42.04218112887
-11.508257340134149 1.3757990011765804;22.68645904441
-11.559002614327005 1.1553637566938653;42.52931224454
-11.531802987898152 1.272989114467726;23.85555440648
-11.483417112263671 1.482810912386305;40.52683568228
-11.511751713802829 1.3594094901418492;18.509769430441
-11.573974651726344 1.0892583706694188;50.04678228198
-11.550830630013904 1.189206307511916;38.09576236542
-11.520486691889841 1.3205305968846721;8.191719586184
-11.379458419872448 1.9343420307454435;79.97761711972
-11.393678989152944 1.8718161988445443;75.75408398844
-11.408711890792615 1.8058038882843048;71.02231327709
-11.424768385397341 1.7353930023087;65.59928223511
-11.442177857300477 1.6591605284722162;59.16898096814
-11.461510306891595 1.5746422275781553;51.10082091523
-11.483935342845639 1.476777822727004;39.76029357657
-11.51281787452801 1.3509971753762668;15.998688875833
-11.58482045787313 1.038481285731911;55.115699808702
-11.563785008338494 1.1292331053659472;45.62025733372
-11.538417804105558 1.2388843035532977;30.423697295953
-11.500460655402167 1.4033575037695263;28.431821969692
-11.540918212682387 1.2274597972822638;32.33693987545
-11.505199799403202 1.382192478651418;24.20105092496
-11.552754585251927 1.175549579563266;39.90434872514
-11.523781272523232 1.30091768296215;16.46445214272
-11.453699924202107 1.6051649387417362;54.17102499514
-11.474838685343764 1.512847765638667;44.301150034768
-11.500738338427576 1.3999606797778759;27.816240537346
-11.542092808719852 1.2201706772959815;33.48606280347
-11.50759695246155 1.3695886748808723;21.308454911780
-11.561622937261442 1.1349032287325818;44.9386638443
-11.535875805096618 1.2462184626616297;29.092126674121
-11.496189411397852 1.4182279300577312;31.096181340971
-11.533164625179355 1.2574006903641495;26.985346913347
-11.490388505169806 1.4428555232671831;35.0242231114
-11.523197766461168 1.300065527308731;16.681167397263
-11.454031497874412 1.6003492130783732;53.71750462193
-11.475349471487066 1.5072525523053732;43.65144646952
-11.50163604195207 1.3926851235110567;26.436372702543
-11.545153855428866 1.2035119935769663;35.986798730211
-11.513047145529855 1.3425383800551023;13.067269875848
-11.601215099451123 0.9600199416958928;62.13380156283
-11.582528743430826 1.0405173972453836;54.88223793475
-11.561408010988059 1.1316554007254238;45.29321905651
-11.53586290585663 1.2420987399692391;29.791622642186
-11.497108745555968 1.410065098430901;29.718506796105
-11.535802251689573 1.2417826387359794;29.842308447406
-11.497114143182136 1.4094634029672788;29.616840466474
-11.53594057571466 1.240603313132584;30.044667844616
-11.497512679523593 1.4071535005412867;29.208385750295
-11.536883782992772 1.2359321853094114;30.847930994323
-11.49945381818034 1.3981410721597127;27.54074448165
-11.54121754394547 1.2165528757760198;33.99248506153
-11.507238330245732 1.3637428135511582;19.909160364507
-11.565062174974747 1.1125704237311025;47.44309071492
-11.540666904606118 1.2180063449372254;33.759084757464
-11.506454344405432 1.3662147967294542;20.564974745337
-11.562429198253296 1.1230485998487678;46.25944439774
-11.537415442582725 1.231183798230357;31.62799073659
-11.500907256893582 1.3893880840668045;25.837365035983
-11.545431789725297 1.1958299606437235;37.04787139648
-11.514244057549218 1.3308714244303017;7.151851950025
-11.675389678011367 0.6336739585547475;85.42596199399
-11.661709684608478 0.6922176622098659;81.73179717197
-11.64742845433268 0.7534080947446382;77.68357164522
-11.632421768090506 0.8177880884496842;73.18354867356
-11.616513258565544 0.8861278888671604;68.08274386232
-11.599436720025277 0.959589342675808;62.13523289625
-11.580753662633978 1.0400849201378533;54.884162150943
-11.559636912684194 1.1312196974157969;45.296095274849
-11.534097351236394 1.2416559763753794;29.797557261526
-11.49535686434125 1.4095887461326724;29.706105743508
-11.534060611182728 1.24123613925003;29.86653866822
-11.49540975949905 1.408780622633567;29.56764724825
-11.534295041493554 1.2396397073858507;30.141729002574
-11.495996419583047 1.4056529162259563;29.01040433659
-11.53563113211207 1.2332632805825723;31.23147003147
-11.49866501350947 1.3934780813086673;26.714258246865
-11.541718689354472 1.2062726855030332;35.489353751491
-11.509171567345337 1.3472492503813767;15.061336667645
-11.585633787516116 1.0153065816838298;57.19649299929
-11.565362052542653 1.102755456989228;48.47393847200
-11.541484932797019 1.2059479750511732;35.52749300432
-11.508973418645382 1.3467730645732408;14.917563710805
-11.586171692103335 1.0116351447506728;57.52747793819
-11.566015632254604 1.098580675146212;48.91826754175
-11.54235403993755 1.2008354028349428;36.267866906010
-11.510503948997368 1.3387833869715733;11.790662509407
-11.608202108770193 0.9149378272327509;65.78581174136
-11.59054218392199 0.9909650365292917;59.382701246058
-11.571008336267276 1.0751931753322337;51.366383287073
-11.548464625415484 1.1725721154885944;40.15252944979
-11.519681135392112 1.2971646506258478;17.296945561188
-11.453000488863331 1.586729813945193;52.45665162159
-11.474829254477676 1.4913952734625253;41.8092705733
-11.502273575662365 1.3717794881784569;22.095900001990
-11.554348766859583 1.145455198362579;43.55570378821
-11.527800851478524 1.2603068551004766;26.205938483770
-11.483772413402946 1.451284231277607;36.417302317793
-11.515307598576598 1.3139567971438977;10.999821370687
-11.41041725779327 1.7700836871479693;68.43248380689
-11.427084396677955 1.6970078115930916;62.56227109218
-11.445343354077082 1.6170743123293603;55.432452982621
-11.465985633460704 1.5268582616980337;46.076574300999
-11.490867403530444 1.418321500930399;31.30726621948
-11.527576091969777 1.2585788510826985;26.5240015844
-11.484076744988727 1.4472631402236287;35.8509891899
-11.51611124146963 1.3077663680372238;13.595224890544
-11.431273516791489 1.6764536287608207;60.81838222100
-11.450063322293229 1.594227850316254;53.22994477033
-11.471569222500488 1.5002784573037315;42.945992523636
-11.498279047985644 1.3838290445284214;24.859465855129
-11.544545552353515 1.182658567004597;38.75905823221
-11.514737248337614 1.3117335979523288;11.913946064035
-11.417916017606082 1.7326887120142649;65.51232036763
-11.435338136850596 1.6563551158703822;59.063953958280
-11.454693383217595 1.571686608152489;50.96418904417
-11.47716517149582 1.4735599412950924;39.55041854880
-11.506183895543096 1.3471120154747913;15.243107378104
-11.581713994977846 1.0191236882781025;56.78176664637
-11.56130114391327 1.1072114947282925;47.91397902471
-11.537153488666576 1.211610566649159;34.57669957090
-11.503760336566444 1.3563112248186;18.166127379741
-11.567116794582113 1.0810543810119695;50.703690302951
-11.544286160864907 1.1797066207041125;39.13050504170
-11.514761515931362 1.307555510318596;13.558344198367
-11.42970270123308 1.6772491523391748;60.91323905012
-11.448460640714028 1.595151453556471;53.35105209407
-11.469914677166894 1.5014153750484267;43.12223306296
-11.496511420062642 1.3854419696065774;25.26258307912
-11.542032150574403 1.187481093395692;38.055395118190
-11.511679221697808 1.3189444857324046;7.916445351570
-11.365842328453299 1.9543039757684761;81.40654861744
-11.379796318188442 1.8928758667845154;77.33638356079
-11.394503412726708 1.8282144110640326;72.80593160116
-11.410146689189633 1.7595287720266635;67.66129633396
-11.42700354444692 1.6856199146990543;61.64671397944
-11.44553374980582 1.6044991501935408;54.2820075223
-11.466614182091208 1.5123708816828492;44.45996664406
-11.492402705828654 1.39988728239343;28.14570483101
-11.533243041305747 1.2222021539716872;32.87180767146
-11.498129430561443 1.3744144163019962;22.893926261800
-11.548370073164344 1.1559771472288611;42.16656509121
-11.520961735976593 1.2746147617149512;22.97404920114
-11.470765527646451 1.4924991919358073;42.052140264010
-11.498041550013413 1.3735744019457181;22.714056847674
-11.548679905493808 1.1534078964746337;42.478668394518
-11.52147222663782 1.2711732933795767;23.736498269387
-11.472887275089862 1.482048198244585;40.730422895497
-11.501054224004081 1.3592639421655557;19.125599107413
-11.56121606988606 1.097807733451412;48.88374458813
-11.537547613225671 1.2001346137950515;36.21142988534
-11.505661195051077 1.3382975857532893;12.05465394751
-11.601178048521225 0.9237151101581604;64.98971499776
-11.583312690305709 1.0006738778594455;58.41595735232
-11.563468041748754 1.0862964108117596;50.09971605501
-11.540369498913298 1.186138482079106;38.181199852724
-11.510120966391943 1.3171683293374388;8.767539311310
-11.378504996738831 1.8903143211327285;77.18959483027
-11.393238407070447 1.8255299001700616;72.64113707808
-11.40891545631485 1.7566884369235476;67.4718476431
-11.425817851119097 1.6825720498676384;61.421009777836
-11.444414265648694 1.6011531762399551;53.99657057373
-11.465604133651246 1.5085378709379933;44.05294500014
-11.491628785548633 1.3950149402018548;27.298541185100
-11.533734494008831 1.2118163391196441;34.432480553412
-11.500211410172858 1.3571234518441395;18.609309591778
-11.562038881063136 1.0884181032969815;49.854292880679
-11.538829511159554 1.188751902203344;37.79024271875
-11.508272084148052 1.3211382842029247;5.729082567611
-11.306501916560602 2.2029868988481;96.17007427778
-11.318250167857695 2.1509900152639334;93.28494385750
-11.330374737184325 2.097384762707539;90.21368322868
-11.342925932503373 2.04195432658192;86.92341944913
-11.355967125744552 1.9844254451438887;83.37095595580
-11.369580181211926 1.924444923442043;79.49774379082
-11.383874218520173 1.8615417084476933;75.2212709691
-11.399000634331468 1.795061855680264;70.41922426242
-11.415180935651687 1.7240479899589518;64.89746492007
-11.432764020267864 1.6469911494175067;58.31614733617
-11.452363222552588 1.5612368395865746;49.98157335239
-11.475272427592113 1.4611809133596028;38.00977088258
-11.505463140586311 1.3296074949459653;7.664024596089
-11.655723342025281 0.6786942840714323;82.47045842595
-11.641577233134994 0.7393364586847246;78.4974164072
-11.626733531782547 0.8030487320022734;74.09464435509
-11.611028254468946 0.8705478863837675;69.1255803193
-11.59421720045165 0.942900658637817;63.368768965658
-11.575905989196526 1.02182865182258;56.42385625210
-11.555373994763995 1.110475373853041;47.42771544300
-11.530991300936703 1.2159452789453757;33.73360240794
-11.496781686262578 1.364265361971639;20.631822706930
-11.552527898205708 1.1218878178239384;46.13723281071
-11.527469407527901 1.2303093839239727;31.402553246212
-11.490730852416624 1.389650037299936;26.336207062362
-11.534372678955782 1.1997583107001182;36.16215828496
-11.50245161852654 1.3381095627973556;12.281087630288
-11.59617999301661 0.931155889970678;64.32443825006
-11.578137700518615 1.0089108387367913;57.602401991946
-11.55802183269744 1.0957431087807619;49.01921049918
-11.53442531486528 1.1977869904080292;36.435487448092
-11.502743619338764 1.3350995405002193;10.955060698406
-11.607826274092742 0.8790132430574245;68.45605671377
-11.590855543873301 0.9520738577132688;62.578314573439
-11.572318479606222 1.0319991630361143;55.4401209621
-11.551428710179918 1.1222194845163598;46.07369140553
-11.526338053600808 1.2307906372977824;31.28410601359
-11.48946398520975 1.3907351280708253;26.59633579651
-11.532673914243558 1.2027004719005658;35.697984182524
-11.500342481149614 1.3428520884586943;14.253443164245
-11.58107891613984 0.9921219866237037;59.09981048407
-11.561467634776045 1.0767533275792003;50.99816179990
-11.53877992362528 1.174835539789913;39.587964347733
-11.509610449900018 1.3012058423791357;15.346594630520
-11.434510727498834 1.6276794249522792;56.60048026240
-11.45470754413026 1.5393254551133024;47.68237751671
-11.478727101860075 1.434444449360572;34.19558459507
-11.512297691467525 1.2881947728474215;19.285620770760
-11.452538157137548 1.5478336608062078;48.617751447265
-11.476090812304102 1.4449707159891174;35.78683278921
-11.508160380691843 1.305224168410379;13.854657127237
-11.42497174776601 1.6669797255573;60.154081042880
-11.443958710433721 1.5838458968096232;52.3789301459
-11.465802584676227 1.4883700473407542;41.694840155136
-11.493300560060435 1.3684262174799384;21.801773033719
-11.546037353230647 1.139050624900821;44.06760682761
-11.51981675560876 1.2525670980355015;27.30891224104
-11.47759682564619 1.4358209815423235;34.43405728287
-11.510931481473394 1.290584209504348;18.570762417684
-11.448876743988558 1.5602398060655416;49.961662769090
-11.471788088947116 1.460144072079916;37.97849700031
-11.501994473722343 1.3284624241214145;7.433682483241
-11.656863478678058 0.6575204828032861;83.76047461021
-11.642933766883072 0.717228448341964;79.91327650063
-11.628351239481002 0.7798115916078325;75.67168212211
-11.612970995486204 0.8459036154377282;70.91798708917
-11.596581939194277 0.9164271371504435;65.46670986207
-11.578853746565738 0.9928249215334768;58.996600613
-11.559211944216809 1.077604347275149;50.86335120852
-11.53646855231366 1.175946607575093;39.37961991919
-11.507150623175317 1.302985895359023;14.561294138041
-11.428011961480522 1.6471248314302196;58.42063743735
-11.447567931817872 1.5615239849751967;50.11995137203
-11.470404251100021 1.4617444272947617;38.23023628507
-11.500407973705038 1.3309299629805489;9.145243596838
-11.626270203485564 0.7849317677304564;75.30037926815
-11.610816920119522 0.85134976923763;70.49737704879
-11.594333177809279 0.9222941738279085;64.97681190298
-11.576474828927036 0.9992681484625061;58.40065544659
-11.556636717120174 1.084913024944016;50.08007447130
-11.533542792822164 1.1847941383554579;38.15087727318
-11.503288171654493 1.3159279721005541;8.575649390302
-11.368798598389517 1.902004251211335;78.08470921050
-11.383350522129334 1.8379626278907297;73.64507258172
-11.398800238906361 1.7700597985619;68.62399672538
-11.4154038677989 1.6971880036425064;62.78943173562
-11.43357807813426 1.6175438662687442;55.71683030129
-11.454093761094725 1.527788510752825;46.47160411139
-11.478738224931277 1.420174713797377;32.039840299050
-11.514569058581714 1.2640849857702081;24.86831858224
-11.46822456217133 1.46534803425659;38.76339682722
-11.497809702938284 1.3363329737652636;11.988571590816
-11.593787201669478 0.919473040080871;65.18387298546
-11.575986404036122 0.9962024064644455;58.652966976917
-11.556234448635358 1.0814786985748244;50.41267017255
-11.533293673722078 1.1807005083944917;38.676440169806
-11.503450879223529 1.310051086702015;11.522742623386
-11.403434853983622 1.7453658249785393;66.7210474946
-11.420519366546966 1.6704153979414444;60.52311130877
-11.439383102647664 1.5877885755213201;52.85317862306
-11.461022159882301 1.493169587177225;42.396127146325
-11.488053680265377 1.375210046318533;23.56403608683
-11.536821709726983 1.1629838375613817;41.00301441188
-11.508663794603155 1.2849899720701758;19.890561802560
-11.450741766837009 1.5367156918561138;47.50354001976
-11.474843441581807 1.4314398928691192;33.885026375553
-11.508710398946828 1.2838499950304056;20.177962751541
-11.451613850196917 1.5319831775817478;46.98137464974
-11.475985439645992 1.4255371937306878;32.96241161002
-11.51080441318258 1.2738162433353013;22.635881472583
-11.459902919920257 1.4949601067950953;42.636935597614
-11.486779037413559 1.377666862988069;24.140774290324
-11.534375935952294 1.1705097020522333;40.00391465987
-11.505520839225706 1.2955649823120625;16.80943388296
-11.436988992220815 1.5935480033580847;53.44664770738
-11.458383114207049 1.4999797997594628;43.262053565221
-11.484867108465988 1.384381548972475;25.580416136180
-11.529776151487116 1.188880745846423;37.49551056608
-11.499002720644402 1.3223082205147891;0.6280546315960
-13.151837304795398 -4.276701353531586;245.11129310873
-13.14646096980575 -4.256299748312721;244.66576532443
-13.14107706051694 -4.23586099188119;244.21863514947
-13.135685517082512 -4.215384814323692;243.76988795685
-13.13028627887754 -4.194870942273121;243.31950890504
-13.124879284483276 -4.174319098842909;242.86748293358
-13.1194644716738 -4.153729003566775;242.4137947587
-13.114041777398958 -4.133100372325964;241.95842886865
-13.108611137771296 -4.112432917285298;241.50136951905
-13.103172488047866 -4.09172634682269;241.04260072807
-13.097725762615445 -4.070980365455818;240.58210627145
-13.092270894973487 -4.050194673770215;240.11986967744
-13.086807817717348 -4.029368968344806;239.6558742215
-13.081336462518683 -4.008502941672611;239.19010292137
-13.07585676011009 -3.9875962820834383;238.72253853064
-13.070368640266073 -3.9666486736623137;238.25316353405
-13.064872031782576 -3.9456597961656366;237.7819601411
-13.059366862459362 -3.924629324938473;237.3089102806
-13.053853059080117 -3.903556930825027;236.8339955937
-13.04833054739 -3.8824422800785436;236.35719742848
-13.042799252077165 -3.8612850342717815;235.87849683285
-13.037259096750025 -3.8400848501998093;235.39787454817
-13.031710003914517 -3.818841379785362;234.9153110023
-13.026151894953633 -3.7975542699790816;234.4307863025
-13.020584690101847 -3.7762231626554916;233.94428022842
-13.015008308422372 -3.754847694510681;233.45577222413
-13.009422667781868 -3.733427496953163;232.9652413909
-13.003827684827419 -3.7119621959933164;232.4726664791
-12.998223274957828 -3.6904514121308347;231.97802588018
-12.992609352297753 -3.668894760236207;231.48129761787
-12.986985829672411 -3.647291849433338;230.98245934008
-12.981352618575462 -3.625642282973069;230.4814883096
-12.975709629144566 -3.603945658108409;229.97836139532
-12.97005677012813 -3.582201565964078;229.47305506217
-12.964393948857454 -3.5604095914023555;228.96554536200
-12.958721071212343 -3.5385693128841007;228.45580792319
-12.953038041591546 -3.516680302328063;227.94381794039
-12.947344762877227 -3.494742124964511;227.42955016381
-12.941641136402003 -3.472754339184882;226.91297888822
-12.935927061914262 -3.4507164963865984;226.39407794157
-12.930202437538943 -3.428628140815328;225.87282067329
-12.924467159742866 -3.4064888093990016;225.34917994213
-12.918721123295787 -3.3842980315809763;224.8231281036
-12.912964221228625 -3.3620553291441064;224.29463699747
-12.907196344794235 -3.33976021603197;223.76367793361
-12.901417383426482 -3.3174121981649813;223.230221679
-12.895627224693632 -3.295010773248543;222.69423844329
-12.889825754254295 -3.2725554305772215;222.15569786370
-12.884012855813372 -3.2500456508326687;221.61456899033
-12.878188411071752 -3.2274809058730165;221.07082027010
-12.872352299678274 -3.2048606585199986;220.52441953065
-12.866504399178003 -3.1821843623324293;219.97533396337
-12.860644584960218 -3.1594514613805353;219.42353010606
-12.854772730204976 -3.136661390006645;218.8689738249
-12.848888705825138 -3.113813572579624;218.31163029578
-12.842992380410086 -3.0909074232439133;217.7514639848
-12.837083620165194 -3.067942345656342;217.18843862877
-12.831162288850143 -3.0449177327181127;216.62251721357
-12.825228247714696 -3.0218329662917194;216.05366195345
-12.819281355433892 -2.9986874169164475;215.48183426837
-12.813321468038415 -2.9754804435073874;214.90699476090
-12.807348438844107 -2.952211393045638;214.32910319225
-12.801362118378071 -2.928879600260836;213.74811845737
-12.79536235430506 -2.905484387299759;213.1639985591
-12.789348991345909 -2.882025063380717;212.5767005814
-12.783321871198515 -2.8585009244416932;211.98618066151
-12.777280832453433 -2.834911252772849;211.39239396065
-12.771225710505481 -2.8112553166334004;210.7952946344
-12.765156337463074 -2.7875323698568417;210.1948358014
-12.75907254205642 -2.7637416514436604;209.5909695104
-12.752974149537485 -2.739882385133307;208.9836467067
-12.746860981581355 -2.7159537789670702;208.37281719731
-12.74073285617853 -2.6919550248267905;207.7584296134
-12.734589587529191 -2.667885297962777;207.14043137312
-12.728430985927806 -2.64374375649927;206.5187686411
-12.722256857646604 -2.619529540921996;205.89338628766
-12.71606700481279 -2.595241773547536;205.264227844
-12.709861225281506 -2.5708795579656902;204.63123546253
-12.70363931250508 -2.5464419784684873;203.99434986003
-12.697401055392922 -2.521928099447927;203.35351027827
-12.691146238170253 -2.4973369647741146;202.70865442805
-12.684874640230325 -2.4726675971452545;202.05971843667
-12.67858603597667 -2.447918997413489;201.40663679212
-12.672280194661388 -2.4230901438789028;200.74934228462
-12.665956880219445 -2.3981799915565256;200.08776594563
-12.659615851090186 -2.373187471411506;199.42183698394
-12.653256860034295 -2.3481114895596074;198.75148271879
-12.646879653943094 -2.3229509264350208;198.07662850988
-12.640483973638444 -2.2977046359195237;197.39719768400
-12.634069553663286 -2.272371444435259;196.7131114581
-12.627636122063924 -2.246950149994597;196.02428885897
-12.62118340016294 -2.2214395212087874;195.3306466380
-12.614711102318457 -2.195838296248575;194.63209918336
-12.608218935675174 -2.1701451817599144;193.92855842571
-12.601706599902874 -2.1443588517253938;193.2199337410
-12.595173786922734 -2.118477946274788;192.50613184747
-12.588620180620543 -2.09250107043706;191.78705669667
-12.582045456544298 -2.0664267928315434;191.0626093601
-12.575449281589576 -2.040253644296592;190.33268790920
-12.56883131366728 -2.0139801164480327;189.59718728812
-12.56219120135548 -1.9876046601674142;188.85599918117
-12.555528583534189 -1.961125684013802;188.10901187182
-12.548843088999964 -1.9345415525514449;187.35611009416
-12.542134336060334 -1.9078505845933131;186.59717487618
-12.535401932109457 -1.8810510513516983;185.83208337396
-12.528645473177354 -1.8541411744896203;185.06070869640
-12.521864543458113 -1.8271191240682123;184.28291971964
-12.515058714810513 -1.799983016381554;183.49858089064
-12.508227546230804 -1.772730911672988;182.70755201889
-12.501370583299055 -1.7453608117224002;181.90968805560
-12.494487357586555 -1.7178706572973619;181.10483885924
-12.487577386039638 -1.6902583254587507;180.2928489466
-12.480640170317733 -1.6625216267086325;179.47355722817
-12.473675196098744 -1.6346583019698864;178.64679672629
-12.466681932339801 -1.6066660193864886;177.81239427562
-12.459659830494806 -1.5785423709293918;176.97017020346
-12.45260832368111 -1.550284868792084;176.1199379888
-12.445526825797307 -1.5218909415644584;175.2615038989
-12.438414730582187 -1.4933579301622553;174.39466659996
-12.431271410616565 -1.4646830834967313;173.5192167413
-12.424096216254915 -1.4358635538606785;172.63493651050
-12.416888474492188 -1.4068963920114692;171.74159915585
-12.409647487749643 -1.3777785419218498;170.8389684744
-12.402372532578246 -1.3485068351726222;169.92679826244
-12.395062858273965 -1.319077984958505;169.0048317235
-12.387717685394724 -1.289488579670512;168.0728008330
-12.38033620417078 -1.2597350760198873;167.1304256516
-12.372917572796288 -1.2298137916589775;166.17741358540
-12.36546091559895 -1.1997208972592484;165.21345858662
-12.357965321068113 -1.169452407990172;164.23824028853
-12.35042983973195 -1.1390041743464048;163.25142306868
-12.342853481870085 -1.1083718722587372;162.25265503263
-12.335235215042323 -1.0775509924191846;161.24156691004
-12.327573961417007 -1.0465368287426253;160.21777085366
-12.319868594880537 -1.015324465877165;159.1808591308
-12.31211793789989 -0.9839087656631813;158.13040269515
-12.304320758119124 -0.9522843524341846;157.06594962557
-12.296475764656881 -0.920445597030743;155.98702341664
-12.288581604068801 -0.8883865993879221;154.89312110308
-12.280636855948122 -0.856101169536509;153.78371119853
-12.272640028110194 -0.8235828068375435;152.65823142559
-12.264589551321384 -0.790824677240118;151.5160862110
-12.256483773513272 -0.7578195883308121;150.35664391612
-12.248320953418746 -0.7245599618985006;149.17923376672
-12.240099253563491 -0.6910378037118443;147.98314244386
-12.231816732521358 -0.6572446701431085;146.76761028680
-12.223471336342945 -0.6231716312307407;145.5318270547
-12.215060889043704 -0.5888092296992449;144.27492718285
-12.20658308202396 -0.5541474353772964;142.99598445798
-12.198035462264235 -0.5191755943623884;141.69400602479
-12.189415419123085 -0.4838823721688863;140.36792561815
-12.180720169523132 -0.4482556899545438;139.01659589669
-12.171946741280598 -0.41228265276449694;137.63877972849
-12.163091954280182 -0.375949468524845;136.23314024998
-12.154152399147128 -0.3392413562743508;134.79822948193
-12.145124412991569 -0.3021424418237979;133.33247524043
-12.136004051711572 -0.2646356386494171;131.83416602237
-12.12678705824438 -0.22670251137204733;130.30143347272
-12.117468826002456 -0.18832311857826145;128.7322319471
-12.108044356570039 -0.14947583100214334;127.12431456484
-12.098508210509143 -0.11013712014024524;125.475204992
-12.088854449844822 -0.0702813111619145;123.78216400080
-12.079076570424624 -0.029880292396648578;122.04214956564
-12.06916742187723 0.011096828374610901;120.25176894621
-12.059119112249098 0.05268413332638655;118.40722068566
-12.048922893549237 0.09491938583915438;116.50422384917
-12.038569023282056 0.1378446246728009;114.53793092285
-12.028046595466511 0.18150688890936006;112.50281956059
-12.017343332436146 0.22595911091878573;110.39255660854
-12.0064453256169 0.27126122789989093;108.19982529928
-11.995336708998328 0.3174815816606218;105.91610277592
-11.983999242483568 0.3646987042919596;103.53136950225
-11.972411772497159 0.4130036292792232;101.03372350509
-11.960549522231721 0.4625029317457523;98.40885882056
-11.948383140303141 0.513322802452854;95.63934548273
-11.93587739830385 0.5656146237897479;92.70361142154
-11.922989363492823 0.6195627905753502;89.57446218322
-11.90966576060824 0.6753959980776818;86.21685690787
-11.895839031290697 0.7334040975046667;82.58443332258
-11.881421201827115 0.7939643181189586;78.61381275730
-11.866293846157069 0.8575841726497861;74.21469543236
-11.850290576248105 0.9249762813211708;69.25126871025
-11.83316384412017 0.9972001879719476;63.5035643816
-11.814514410905593 1.0759635470599198;56.574662062589
-11.793614364538177 1.164377599492446;47.61161201575
-11.76882403147737 1.269445171351598;34.01872050217
-11.734199279103597 1.4165313444595489;19.921366018699
-11.793134204067824 1.165484181353718;47.48328314710
-11.768277884752264 1.2708358696641247;33.79456452707
-11.733425015048239 1.4188985643011014;20.5516807124
-11.79054730794587 1.1755482808555788;46.34519520100
-11.765086172648905 1.283488602532528;31.748381071732
-11.727996270754351 1.4411036997219844;25.63850835904
-11.773756514989953 1.246027289551697;37.45917653202
-11.742299537266772 1.3795929891561292;2.8049038063823
-12.16040326725249 -0.3598678799859263;135.61739881289
-12.151425147333441 -0.3229930787010167;134.1693584314
-12.14235692038443 -0.2857202511448227;132.68975313451
-12.13319451088097 -0.24803174600162858;131.17680595936
-12.123933515150611 -0.20990849795066335;129.62857465027
-12.114569162453392 -0.1713298603807507;128.042929787
-12.10509626985214 -0.13227341146756455;126.41752909763
-12.095509189613267 -0.09271472820157012;124.74978711407
-12.085801747559799 -0.05262712159333116;123.03683910962
-12.075967170377737 -0.011981324521712189;121.27549795116
-12.065997999351481 0.02925487863353826;119.46220210709
-12.055885987262656 0.07111709451922454;117.59295250989
-12.045621974236838 0.11364485358984755;115.66323523
-12.035195736988271 0.15688225687756674;113.66792594813
-12.02459580410391 0.20087876827733542;111.60117059318
-12.013809227452583 0.24569019477812137;109.45623482265
-12.00282129618131 0.2913799125852572;107.22531157602
-11.99161517450122 0.33802041956380524;104.89927185959
-11.980171436699578 0.3856953276629165;102.46733701240
-11.968467461069707 0.43450195917262224;99.91664030861
-11.95647662626314 0.48455478843595845;97.2316290745
-11.944167224590387 0.5359900944867784;94.39323106331
-11.931500959125145 0.5889723937930862;91.37766206025
-11.918430810131753 0.6437035698322129;88.15466864481
-11.904897911455805 0.700436235084994;84.68484536330
-11.89082680617247 0.7594940199831806;80.91536068476
-11.876117910881305 0.821303788804955;76.77278241100
-11.86063486148555 0.8864497201759329;72.1502133596
-11.844181695248324 0.9557707914474927;66.88215461044
-11.826457619713722 1.0305539498621679;60.689266582648
-11.806954621053691 1.1129712409093466;53.034155154907
-11.784673733865887 1.207290630014442;42.620043878125
-11.757000826450508 1.3246716396968177;24.017370973014
-11.707998124444217 1.5330972040646822;40.30665719977
-11.73704657264814 1.4090147360372578;17.746474659718
-11.803226076183897 1.1272165450902287;51.587879358154
-11.78032782136686 1.224181542893981;40.4627897282
-11.751190102291211 1.3478251592261552;18.20529048327
-11.68655853224724 1.6229431166993828;50.730435112912
-11.709592153780868 1.52435975700626;39.15969074193
-11.73949609991947 1.3966425109169416;13.613285559520
-11.82580424585991 1.0293803672781126;60.77318322024
-11.806329249969831 1.111683796639416;53.14153333611
-11.784094560564693 1.205812493550103;42.77720864125
-11.756524694812267 1.3227619277443141;24.389024221123
-11.708271221068198 1.5280063601417142;39.66178100602
-11.73779300126041 1.4019061461925135;15.557101475859
-11.813298448335363 1.080482516757571;56.14813258691
-11.792241824404872 1.169568510898487;47.028683053863
-11.76714712829261 1.2759391730250806;32.99013609917
-11.731447548717444 1.4276157415045825;22.677218628306
-11.783203247397527 1.2070690029526014;42.605363628258
-11.755524266378803 1.3244904453883715;23.98275133738
-11.706456968749723 1.5332172308391216;40.36627561863
-11.735458654048276 1.409318093279233;17.936114328907
-11.80092899412438 1.1304978492774191;51.215802403144
-11.777868889949676 1.228167624968635;39.89437971253
-11.748322132057556 1.3535741594167243;16.3443230163
-11.676339464279284 1.660106112614657;54.49034228971
-11.697763818300704 1.5683262273190772;44.73268447947
-11.723913243001594 1.4565226721165496;28.656592271470
-11.764836519041513 1.2819909042783388;31.974318861252
-11.728009591372217 1.4384910821018986;25.1228556417
-11.774709807784856 1.2394110670567509;38.361826630477
-11.743990682734786 1.3698314744603417;9.703356023165
-11.62265710066631 1.8874278733336718;73.26691206520
-11.638513820746788 1.8191723065065384;68.17959126507
-11.655578014755399 1.745822895918388;62.249819179867
-11.674296508168602 1.66548519515245;55.02521554395
-11.69550873225429 1.5745976147853407;45.48654599410
-11.721219500178712 1.4646473063092396;30.146507008445
-11.76010988916076 1.2987415393546735;29.045227026048
-11.719583724668219 1.4710423810271616;31.251144391997
-11.757093252007813 1.3110011575623597;26.717994113008
-11.713046448573614 1.4983298215166778;35.56642728625
-11.745983524158099 1.3577078762082389;14.840891721851
-11.666713372393929 1.6953963219480288;57.83312783585
-11.68688181231559 1.608922227013399;49.32104329281
-11.710574776661815 1.5075213629586175;36.915038882393
-11.74230102903934 1.3720372916671169;8.250917346637
-11.599551654802287 1.9815690705765414;79.77018566680
-11.61408558769141 1.9188789036056457;75.51508543283
-11.62945847461275 1.8526557166127882;70.74200932029
-11.645891254067795 1.7819636048404002;65.26182455828
-11.663730310233564 1.705334309440219;58.745528144119
-11.683580183178268 1.6202035064279423;50.52852231697
-11.70670000420559 1.5212262098920641;38.84462937619
-11.736839194113333 1.3924730555520464;12.23993476210
-11.832817074255022 0.984075961235285;64.52256352723
-11.814462642656256 1.0615949091265202;57.82993980878
-11.794016291514371 1.1480889203387017;49.30275349383
-11.770075486391836 1.2495504940890294;36.86824694682
-11.73812420783472 1.3852586816844275;8.633112493035
-11.874246682732679 0.8068663236989453;77.67896517607
-11.85894659836011 0.8712520169334441;73.16871778399
-11.842724695136031 0.9396077907448346;68.05470369584
-11.825308060309982 1.0131019666564116;62.08894991541
-11.806246494684931 1.0936605029524786;54.80985564422
-11.784688689870624 1.1849226454886024;45.16939499801
-11.758577748015089 1.2956744027767302;29.507771226952
-11.71869237052407 1.4652711033675319;30.347632785535
-11.757316474773187 1.30046502136872;28.632234705819
-11.716215264584893 1.4752540033118438;32.04168432721
-11.752788155804286 1.3191616896706764;24.941132091515
-11.705618643614297 1.5198555322941347;38.70044461051
-11.735867396335546 1.3906226717033592;11.557218404325
-11.837510717706436 0.9581522100513178;66.58521293704
-11.819717660523139 1.0332689241547337;60.33306529302
-11.800110735172069 1.116172921291672;52.577796800596
-11.777649520116924 1.2113112775083517;41.94855333975
-11.749550381526674 1.3305723915870198;22.36630981091
-11.696960935838412 1.5544100008232258;43.170306615658
-11.724055545625838 1.438559656870411;25.32037721896
-11.770375502536545 1.2410327959351557;38.015677223615
-11.739388047084951 1.3726415525804052;7.427363259628
-11.580782055792698 2.0505087528400017;84.23953503577
-11.594521907419422 1.991145151115588;80.44080260155
-11.608928305991215 1.9289777202584295;76.25948611990
-11.624144230954103 1.8634010907703518;71.58395761029
-11.64037613855382 1.7935405971947054;66.24004234494
-11.65794320304454 1.718043159817582;59.930414442273
-11.677390652070772 1.634595792010372;52.072635017415
-11.699812495112356 1.5385539882268366;41.211398717624
-11.728202857871795 1.417196144884783;20.43509830036
-11.785625559998936 1.1724586513426365;46.55290187310
-11.760288634602789 1.2799169614842603;32.13098424169
-11.723655554867607 1.4356530588842835;24.75830831739
-11.771026214865552 1.2336424251776128;38.99567279649
-11.740815990235385 1.3619411535623476;12.87293133218
-11.64944495223998 1.7514691826562538;62.81565891080
-11.66798491703907 1.6718553354871117;55.73351888770
-11.688916011066715 1.5821230841171312;46.47283700098
-11.714066512635943 1.4745067041249653;32.0035692717
-11.7506762495693 1.3182285863338477;25.028571691457
-11.703680125104325 1.5182200638563286;38.5473857678
-11.734044022959038 1.3884740731509408;10.785897364689
-11.842944282549306 0.9251560209621372;69.11237069917
-11.82579379097306 0.9975250561183229;63.340365589807
-11.807107978334495 1.0764913440255723;56.372897323409
-11.7861463079067 1.1652218749962655;47.33705132486
-11.76122800631867 1.2708990515897538;33.53861921249
-11.726130177340304 1.4200924497350824;21.24723077320
-11.781346611903283 1.1847068224948059;45.10600010111
-11.755206401564289 1.2956142551536258;29.383266814410
-11.715163465810763 1.4659302314239069;30.591598664364
-11.75346774656398 1.3024386882764842;28.124713906038
-11.711638209683892 1.4803855115033953;32.99602114834
-11.74713866036904 1.3288082759185853;22.632597108293
-11.695179190006622 1.550007420005957;42.70597346519
-11.722564415950965 1.4328973512897418;24.247823331493
-11.770928560651237 1.2266344746666773;39.8816174147
-11.741389808738285 1.3520809518341919;16.302804459336
-11.669266463147965 1.6593945568575945;54.57645430066
-11.690643997477226 1.5677596229424067;44.8552886794
-11.716705977641455 1.4562618800940923;28.904861746113
-11.757252462645669 1.2832296237584044;31.49776168312
-11.719892305947477 1.4420997614456992;26.197535975059
PointOptimal;ValeurOptimale
[-11.71989231   1.44209976];26.197535975059115
Temps;Nb iteration
0.05363821983337402;1000