Point;Valeur
-13.59390218186089 -1.5368946067277784;184.01518709148
0.737595315363853 51.10530083050436;714.9490392745
0.9181044028963807 37.55685260909446;612.8768650169
1.1889692070218754 21.75152572015351;466.3456212302
1.6635854005710708 0.9787068380382102;97.63748871062
4.948600560507293 -98.33077557250402;993.0022547864
3.9637766504691623 -88.57605386514973;942.1224885578
3.1293247146996688 -78.29454744315893;885.5265393088
2.4253340637816105 -67.35592637778308;821.1891035869
1.8337840673692423 -55.560264207459056;745.7314536555
1.3380092893138222 -42.57094823216829;652.714720275
0.9214870565202542 -27.730332548511967;526.7858132918
0.5631961226280051 -9.341422243932527;305.79492098944
0.18692526116499236 22.341159575930927;472.7625315188
0.2441791726667813 1.8507952726152403;136.12446346217
0.5725998707996265 -69.34994869741911;832.8915772446
0.42003563033833835 -57.72030408124249;759.8546092443
0.2935638978883386 -44.972691073486544;670.7261746570
0.18938769371945874 -30.530893024271222;552.6528119040
0.10360918788453512 -13.00308225696665;360.7003927968
0.02855749006901044 13.855031714817752;372.323653453
0.024074440606545636 -12.164244236321451;348.8730899185
-0.008693690254768058 15.604602815926565;395.1265205229
-0.03230209470725674 -8.912693741975318;298.6412013308
-0.030746260394176148 23.528445517248883;485.1608852123
-0.06237423019197229 3.56191375576077;188.82867579316
-0.14570993807179808 -47.75461233735694;691.1472000241
-0.12425165575333527 -33.73967291175102;580.9587001244
-0.10220399302508018 -17.06610590171902;413.21167878492
-0.07367609992510357 6.3778941673787735;252.64311855331
-0.14951698806950195 -31.97173039564046;565.5359810283
-0.11768458831735448 -14.843386448199961;385.37177762695
-0.07791256986930681 10.29467787640175;320.9514792848
-0.14428856594346404 -19.89048126370488;446.0883491007
-0.1010136094475573 1.825289696262928;135.19849610911
-0.2651409894630436 -69.86162919163615;835.9342476863
-0.22307780127416693 -58.274436190140875;763.4779748023
-0.18585675137583196 -45.58743686038878;675.2853916654
-0.1519218832376285 -31.24326003090613;559.0572523689
-0.1186626280931708 -13.916386847850333;373.1474383014
-0.07644476891894131 12.045422823211592;347.16355790747
-0.13845143820528877 -15.860009326595844;398.34729426061
-0.09050581323119816 8.459004852675374;290.9413707487
-0.17011908789609181 -24.840732435856527;498.50598174445
-0.12339383378755459 -5.408829440355422;232.67094197136
-0.040035721048889486 36.23434961127218;602.049212008
-0.07227263593872553 20.144974156491614;448.93022454836
-0.12281144288774642 -1.4332793924886111;119.82471807075
0.05642957874161961 79.4612069530156;891.5105435423
0.04933237657215808 68.59640043558174;828.329785843
0.04151154871639132 56.90278303002815;754.4396345515
0.03281376637747793 44.06373728473072;663.9054691037
0.023033495240872198 29.473620534405015;542.9963090552
0.01189945907927917 11.634125711575095;341.1884403367
-0.0006845844006537448 -16.760218456684992;409.4924510887
-0.01975433821311331 6.896823236534303;262.71776327033
-0.05365773263630477 -29.981708846525365;547.6552837556
-0.05406378925382602 -12.293999728756674;350.72788031069
-0.043594591141948386 15.327890328229199;391.60781841592
-0.08450842113799159 -9.409734218661313;306.8532198504
-0.05054711111537277 22.162873412422794;470.87383391367
-0.09069413637288368 1.590407446670536;126.20718924626
-0.24929206251951005 -75.20757816141112;867.3241189100
-0.21299242998903797 -64.0397898498908;800.3493524713
-0.18081994895620743 -51.93733956658447;720.776112408
-0.151603557192141 -38.49859753557338;620.5727168859
-0.12366148258248619 -22.88955887666488;478.5307000103
-0.09298560780333706 -2.64632292889884;162.776954078
-0.0016974952029275986 56.8890684801032;754.3484066315
-0.02149059173003741 44.04847718326423;663.7900182963
-0.047118092530775244 29.455834383511366;542.8316191027
-0.08328660238245254 11.610949305194119;340.84658001649
-0.14997296881457522 -16.8118025053242;410.12322421068
-0.09851777742934509 6.808759467578945;261.0331522986
-0.19098364998850492 -30.30775020942783;550.6261544524
-0.14317478950939666 -12.715535357699672;356.6899358972
-0.08479957584878584 14.444457621387276;380.15685435622
-0.14736299792215313 -11.038470832469464;332.34373688480
-0.08084905812094156 18.11175203884361;425.67746484044
-0.13699437806618597 -4.645487317511218;215.63690953593
-0.03329516501249864 40.28876817718171;634.8339192476
-0.06281049596051426 25.030423513244813;500.403120248
-0.10647915080991233 5.672202915720703;238.26042532864
-0.21240943515945254 -34.9933022776743;591.6530589220
-0.1622440417903821 -18.621191613286356;431.6242150777
-0.10880962773594582 3.822454075901046;195.60685753637
-0.23593350745241004 -45.71485053170747;676.229337732
-0.1877269738039562 -31.39071022043865;560.3753990373
-0.14221297380881914 -14.104612563606196;375.66235153467
-0.08826128977116277 11.683330377638438;341.90684809379
-0.1576199975718513 -16.65125192116065;408.160923446
-0.10219432629494385 7.082893090345831;266.23406881972
-0.19590760727592205 -29.30827121444381;541.4727264454
-0.1452011522834713 -11.41861268506418;338.016045594
-0.081368066122673 17.24229204071107;415.3367789466
-0.13867131268650645 -6.081670264296552;246.71293893780
-0.04916301307044969 33.1903379030301;576.2098600648
-0.085045805230914 16.37933515621839;404.8121692031
-0.1450957123102743 -7.551165587823473;274.8962221676
-0.062225563821096244 27.693063207427574;526.3409998840
-0.10448126081993259 9.288986355444283;304.87554864734
-0.19022228557272491 -22.488302786287157;474.32024647400
-0.13191482655710196 -2.065362203068865;143.81841569297
0.02643758369234739 65.32355439184201;808.3301042257
0.013415584871870225 53.34058145992529;730.4464880191
-0.0023831190071295066 40.079756086493745;633.1857209909
-0.02246696505604895 24.781679896581892;497.9117363049
-0.050559468278345676 5.326562324906519;230.89240509167
-0.11232108135882335 -36.63726799929477;605.387189575
-0.09576289917472458 -20.63661772337823;454.3754937605
-0.07432165351158382 0.6830252014849272;82.74125363755
-0.26777285982913135 -116.50491648446574;1079.475075921
-0.23909858670318762 -107.53215227120732;1037.0774735850
-0.21381611533339573 -98.19252805748589;991.0215987167
-0.1914003582316699 -88.41881681603068;940.4128373270
-0.17135317077528534 -78.1190712016729;883.9498849890
-0.15318131905584131 -67.16134581479933;819.6201607609
-0.1363576037578813 -55.343472421928354;744.0318212993
-0.12023680546573168 -42.32482428092963;650.6752255005
-0.10382287276225988 -27.438017279848154;523.9130993404
-0.08481894564394032 -8.948617836711591;299.2427591172
-0.04929977316120393 23.42722714449623;484.11606498164
-0.0883791838003507 3.4176024631688193;184.96459038783
-0.20029952445067956 -48.971461508080814;699.8969874804
-0.164241703861558 -35.13176599900218;592.8211912276
-0.12995435874270278 -18.79190807169349;433.5969928757
-0.09127920669495815 3.5496168060180544;188.50114364793
-0.2044438150019463 -47.85604176732616;691.881590378
-0.16658337468381923 -33.855992369663255;581.9597426637
-0.13051488925636967 -17.211122970761863;414.9636525436
-0.08897097387343855 6.133856854629325;247.76375646099
-0.17788659816656072 -32.97128259908018;574.3072339115
-0.13726633639830688 -16.10458923804427;401.4062108497
-0.09040582954608034 8.029056455233981;283.45355105215
-0.17154272159555184 -26.15064204222475;511.4781464296
-0.12595486269528955 -7.21166931112376;268.647208281
-0.0545115643714329 28.852709129586483;537.2463567136
-0.09352089603421554 10.822275414730338;329.0700050448
-0.16792710247298182 -18.61794693394384;431.5867786170
-0.11193519170174149 3.82764304027236;195.7393096345
-0.24208066587245902 -45.67611644365567;675.9429940194
-0.1920837078025901 -31.345908546256823;559.9755435045
-0.14501608331581828 -14.047466758562422;374.9008584660
-0.08946677214364662 11.792868300924535;343.50539907034
-0.15927273921672658 -16.409816521768306;405.191855748
-0.10250859109160082 7.498283672971436;273.9269974548
-0.194355573811686 -27.870513206412372;528.0269432017
-0.14243379630013386 -9.525222903174583;308.731460770
-0.07244280209956777 21.855183677701596;467.59399423846
-0.12180776224649925 1.1383957982860942;106.78746112390
-0.3622366174235143 -89.6377518162421;946.8754646964
-0.3075074439899712 -79.40832994102261;891.2157472455
-0.2600462841061475 -68.53996670330953;827.9901639940
-0.2185856031288953 -56.84158745735199;754.0345837341
-0.1818098515203932 -43.99567696504387;663.3930447887
-0.14810107002713302 -29.39431933858937;542.2658241438
-0.11457689395651904 -11.530814575629577;339.67131857815
-0.06861810105672284 16.990405530821175;412.2929387864
-0.12020995123546108 -6.505799073838105;255.1663101038
-0.04832966705176922 31.464686201856907;561.0332279766
-0.08437146285697317 14.198845140313992;376.9117616328
-0.14708679556573578 -11.50354063618489;339.2704174341
-0.08248454289909013 17.051364358821715;413.0313284415
-0.14052329445345357 -6.402817455430874;253.14038822010
-0.052362925911745975 31.871641803810224;564.6489815963
-0.0896817738970075 14.716383825490073;383.71744733806
-0.15430944997032192 -10.530019780066716;324.602045393
-0.08160017279689136 19.315637824416616;439.59402172147
-0.1369120476283232 -2.7209974973421893;165.05877595796
0.004424523332636099 55.99069298294101;748.3693325845
-0.013787182246824514 43.047497496279206;656.2057651302
-0.0372127649890448 28.286169589507367;531.9469343580
-0.07011753042061208 10.076071837373533;317.52681295497
-0.13224400351955445 -20.4347551689258;452.1487859958
-0.09496988707692289 0.9898870740019987;99.587586384
-0.29914491066772975 -96.35555364409024;981.7102140491
-0.25949503908162264 -86.48913939982899;930.0963984715
-0.22482787773622626 -76.0751466223031;872.3113270458
-0.19427951306777835 -64.97121123689007;806.1476132631
-0.1669746465828954 -52.9558163354296;727.8077168960
-0.1419130296350719 -39.646925795262945;629.7582285234
-0.11764220285197702 -24.265590588845583;492.70139143287
-0.09077287929170019 -4.6046902810378185;214.6864329554
-0.028250714926054243 40.52869247573047;636.721147345
-0.05620113114371783 25.315579044930324;503.2450179082
-0.09718808453879468 6.066695973084016;246.4037482900
-0.19294982705883434 -33.25435350748601;576.7671766955
-0.1475258318690127 -16.459614240541875;405.805708302
-0.09648527323445855 7.412318775524131;272.35306507969
-0.18446587219596644 -28.16095570204946;530.7703326657
-0.13652246034649274 -9.910500878211888;314.9110751590
-0.07192272910043052 20.85392640763463;456.75970908728
-0.1217787232438301 -0.3543670829027228;59.63997664797
0.254860425828161 162.3175974756635;1274.13923542
0.27424610262915466 154.71577673683788;1243.947687088
0.2975913610594087 146.92943770861467;1212.243859237
0.3257844238196465 138.93944373805772;1178.824524230
0.35995900088028593 130.72291407186532;1143.4391512415
0.4015804934379101 122.25208664944267;1105.7733785916
0.4525713338425756 113.49268863540038;1065.4243857895
0.5154984515666055 104.40152434714611;1021.8627923947
0.5938636990156336 94.92276213606152;974.3709713418
0.6925735646568736 84.98193790102852;921.9373945291
0.8187413723367225 74.47567077320633;863.0622267394
0.9831585555155069 63.25259711352038;795.3640746177
1.2032685704473405 51.07410670249811;714.6722341381
1.5100891536012622 37.52032181624833;612.4672718171
1.968408255315131 21.704270198083634;465.5820766288
2.7682029987095174 0.8970278097337463;90.7035249083
8.668860828393324 -106.0266792094459;1033.5219231283
7.024492563628289 -96.65411361133842;985.8048048366
5.624637443590107 -86.82795401185025;933.6674647085
4.438166390721424 -76.45314266780623;875.6449006638
3.4368638036247354 -65.39089547478319;809.5107693492
2.5949714441904668 -53.424888453072654;731.5097560776
1.8883348695650035 -40.18286088668255;634.2996065852
1.2921889950738183 -24.91117938547781;499.39117005892
0.7714819390369918 -5.51315884669954;235.03559078395
0.11597744180480529 35.71244637789582;597.6989498491
0.13421553751900117 19.505905155063694;441.75420376682
0.17373168242645332 -2.4230540545873005;155.7730539285
-0.06187282644046008 59.79200345197759;773.3520254282
-0.09672946208265984 47.26699493907367;687.6083153567
-0.14333809333234257 33.179919866083395;576.116920562
-0.21089215215593157 16.36623218291183;404.64439554877
-0.3312150063348119 -7.574118552298412;275.32778322439
-0.11752026821877934 27.614608759495443;525.5935502642
-0.18019040143567708 9.184373853576265;303.1501601052
-0.31469971582705714 -22.773754951543104;477.325784550
-0.20635815788605416 -2.4794894711275433;157.57540490267
0.028034442289058686 59.02199216673543;768.3579474551
0.01574534225713728 46.41554993442546;681.3897247834
0.0008661751406045821 32.199869483068454;567.5492969295
-0.018191087179925264 15.13227827713385;389.1020670283
-0.046594269056153964 -9.76470888881445;312.5852233148
-0.03711294701301063 21.228789786253145;460.8465877595
-0.07206436825012111 0.20859983708325913;45.76632484335
-0.3968883467665697 -211.84451572490048;1455.5893870907
-0.3634462985393262 -205.19041379632768;1432.5478820933
-0.3336768568430094 -198.42927663469595;1408.7498854161
-0.30717075437781804 -191.55391435966408;1384.1303740530
-0.2835582033445795 -184.55625018065007;1358.6149384393
-0.26250507697899284 -177.42715588569922;1332.117813887
-0.24370933331841715 -170.15624540650492;1304.5393567361
-0.22689771643502954 -162.731612533413;1275.7627629146
-0.21182261622119458 -155.13949293495784;1245.6497338585
-0.1982591351735542 -147.36382181921385;1214.0346503762
-0.18600219041094224 -139.38564455558776;1180.7165818285
-0.17486365533035186 -131.18231535634663;1145.4480718520
-0.16466940877411307 -122.72638191906594;1107.9189754248
-0.1552560670926474 -113.98399007427884;1067.7324255364
-0.1464671524660267 -104.91252707861918;1024.367746058
-0.13814814255159635 -95.45700288080866;977.1205923241
-0.13013941931479767 -85.54422425497933;925.0008210904
-0.12226510871517948 -75.07284290777875;866.5455004389
-0.11431309652142463 -63.89500246093007;799.4431702645
-0.10599444995581198 -51.77881719813627;719.6747147058
-0.09684564603265844 -38.31949155349548;619.1271839266
-0.08592733556941912 -22.673989354303785;476.2720419859
-0.07036372277969949 -2.3347162610286887;152.89869988135
-0.0005987656765106264 61.04971773133712;781.4431819122
-0.02010481003129516 48.654401324667155;697.6268398803
-0.04504393878950086 34.76964208625673;589.7572621082
-0.07919425075546005 18.344870850509373;428.4076031796
-0.134356783717532 -4.26730979455073;206.67770454701
-0.027793275418058885 42.61574454303768;652.9070199613
-0.05539522030052159 27.779828415191602;527.1648853329
-0.09510495195275927 9.404517565394869;306.7654330860
-0.17451460814232778 -22.176949316939567;471.02557271118
-0.1221245015311857 -1.6111198347633255;127.03454907612
0.0447873619601645 74.68849413493173;864.325384310
0.035466826173081584 63.48192469902939;796.8557256578
0.02473135723913708 51.3263791712741;716.5245144547
0.012061502880090643 37.807859868659776;614.9810718068
-0.003493129688546672 22.056853795325665;469.74721219473
-0.02428320362174565 1.4350166991029205;119.89169355615
-0.08283757302326568 -79.41208846454701;891.2341618764
-0.08421259945937355 -68.54392241293412;828.0121565070
-0.0838917668575724 -56.84582907625172;754.0613581090
-0.08172202388739071 -44.00035181244634;663.4272961394
-0.07724278298116961 -29.399726107041758;542.3149205534
-0.06903659617780623 -11.537815505088972;339.77361195326
-0.049066840556587624 16.97485359983359;412.1047219719
-0.09148160175829989 -6.532095923031008;255.68037581116
-0.04155740043547585 31.362059172945877;560.1178154039
-0.07528404767999664 14.067993115786933;375.1717260073
-0.13350743218343186 -11.753636929340285;342.9370404276
-0.0774754154101166 16.495886145640227;406.249765332
-0.1337708931079752 -7.349915757153138;271.2092431187
-0.05760151230806432 28.37363627904934;532.7682056842
-0.09789957836592211 10.191621867141254;319.34071664980
-0.17663984033181268 -20.145819560249414;448.942656275
-0.11980202598654077 1.4318397119204356;119.75230951989
-0.3330315033736432 -79.50879535524167;891.7799343875
-0.28006806646093796 -68.64731188075497;828.6386663683
-0.23397423222040092 -56.958091832698884;754.8071359641
-0.19330639598028287 -44.12533358324653;664.3699032867
-0.15632331753640105 -29.545450834241947;543.6579570039
-0.12000458386868817 -11.727699815433553;342.5581964734
-0.07152653065933723 16.553085421866722;406.9534878765
-0.12492592999937446 -7.251474780372305;269.3872734306
-0.05447231788199847 28.713791368264182;535.9516895348
-0.09351491027534198 10.639794567906037;326.2847039817
-0.1683875156607363 -19.051816837223907;436.58543369852
-0.11305433207273186 3.1367250900615176;177.20328152034
-0.25601774451420656 -51.54809441716623;718.0720206262
-0.2063310488987148 -38.05875237695148;617.0191480444
-0.16093323464279397 -22.359816785486267;472.96280866235
-0.11440044970616359 -1.8782358948152549;137.15237727256
0.027842929798073013 68.78852855631436;829.4887326775
0.014987199396575447 57.111254256870154;755.8200186772
-0.0005285878802786491 44.29566456496701;665.649876857
-0.020037875949053926 29.74379581161685;545.478491875
-0.04650689261158535 11.985507859616575;346.3001448483
-0.09186962608968573 -15.989543372653255;399.9694074462
-0.06676155334393373 8.23084636208165;286.99307213895
-0.1311727175641798 -25.52719447793578;505.3448316599
-0.1002732192046486 -6.358301035257625;252.2577088453
-0.04265504996258674 32.050199781824915;566.2283714035
-0.07660229618384651 14.94279863703838;386.65763781687
-0.1343317762351538 -10.111588230851961;318.0887301297
-0.07190557559543354 20.345412642739973;451.15760243517
-0.12213283735864511 -1.1262854444655055;106.2324024091
0.08130541172288383 90.12863092034875;949.4614653599
0.07853452464967256 79.92703125426713;894.1196306586
0.07619081687191817 69.09392967161806;831.327996912
0.07458713392377456 57.442486975915;758.0085987367
0.07429229287406622 44.66389423797635;668.4108434341
0.07646932924597047 30.17212676152097;549.3918376768
0.08408282586212942 12.540323785484574;354.223038470
0.11073232999403979 -14.808938014447232;384.92653048211
0.03560058313080469 10.358360627126885;321.94423047156
0.03768669421372203 -19.733797073071752;444.3279230180
0.0018620686936864084 2.068120330754354;143.9096252567
-0.014932528050234511 -65.27705329511492;808.0420238834
-0.030734519685505918 -53.289804668097545;730.098419463
-0.04196259932957594 -40.022652017630676;632.7343061536
-0.048499806099083914 -24.713650384608187;497.22800852167
-0.04899193454623321 -5.231745959644641;228.83013683931
-0.026915571115079393 37.11084024015262;609.2863442532
-0.05482788195127944 21.212602715476386;460.67053911714
-0.097235531425678 0.18438611565924745;43.028221461193
-0.5551144061807313 -225.38906823025508;1501.4010456252
-0.5028694706349447 -218.93802012854047;1479.7589497327
-0.45641632405175503 -212.39261438195052;1457.4721803354
-0.4151306626947039 -205.74711164707077;1434.4906164673
-0.3784483666042283 -198.99513416119925;1410.7576433325
-0.3458599282491227 -192.12955959604523;1386.2089314576
-0.31690528196275725 -185.14239078506642;1360.770910492
-0.2911690605894214 -178.02459420721215;1334.3588392467
-0.2682761648308619 -170.76589751574937;1306.8743343179
-0.24788772897334954 -163.35453253834083;1278.2021608983
-0.2296972892092376 -155.77690455915325;1248.206000281
-0.2134272118079784 -148.01716001304038;1216.722768994
-0.19882522698861382 -140.05661144309778;1183.5548413693
-0.18566107289796807 -131.87295700978547;1148.4591567910
-0.17372309114233164 -123.43919643422504;1111.1315576407
-0.16281454485277524 -114.7220841716341;1071.183565746
-0.15274944788114542 -105.67985096319825;1028.1066645309
-0.14334742066165151 -96.25871758564352;981.2148851673
-0.13442647168102073 -86.38730648916516;929.5473482080
-0.125791997918835 -75.96714786938259;871.6909982735
-0.11721748111579788 -64.85529697842247;805.4275456653
-0.10840601904345337 -52.82914726025405;726.9363446603
-0.09889946627862034 -39.504290558647824;628.6241765292
-0.08780586313303818 -24.095192148738477;490.9684451571
-0.07254686767833707 -4.364869654990514;209.02323882145
-0.024702734837486313 41.99197363023165;648.1118479830
-0.05144178793710441 27.046273835008257;520.1595530015
-0.08995301681732915 8.423442254778926;290.32937696293
-0.1693243870520823 -24.946512709169276;499.56601759087
-0.12304760337866216 -5.555850417765903;235.81049653161
-0.04134229229248011 35.53265927299724;596.1922151269
-0.07413020254216098 19.285195836720895;439.24776300889
-0.12617556159295507 -2.7688185801047815;166.50119564295
0.001270310138355879 55.43397238202009;744.639953645
-0.017756195255284157 42.42594541142783;651.4518183557
-0.04239168992239317 27.556881750491343;525.0458950523
-0.07738535431326088 9.10739298411589;301.88280918544
-0.14639310459198984 -22.985053254187406;479.5280675289
-0.10663729370332564 -2.7839394330916463;166.95375520006
-0.0022712276655702107 55.261053685972605;743.4777657263
-0.022220007049437288 42.2326907603048;649.9665781753
-0.048198022747211314 27.329645610273623;522.8769312634
-0.08540787489561898 8.803613506697197;296.8067555581
-0.16050216269786322 -23.8378563526663;488.3413054451
-0.1162161760050785 -4.001398004469898;200.13716082824
-0.02310078660468297 44.4146273055637;666.5427295604
-0.049170441076395024 29.88225901420921;546.7459647634
-0.08594589539950083 12.165155421915614;348.8839102048
-0.1530187669795814 -15.60262843535693;395.1030594412
-0.09737685250751926 8.916113302829302;298.69605368344
-0.17988281647671645 -23.51881388515804;485.0635346074
-0.12742579202392423 -3.5482930513293525;188.4721693230
-0.015818246259126215 47.86589809350007;691.9516727129
-0.039602932143164696 33.86724331007772;582.0551660727
-0.07213786132905033 17.225091430015617;415.1298725696
-0.12515217258151867 -6.110503787979244;247.29624884270
-0.04649411333087616 33.068855264474195;575.1546076166
-0.08150822435066718 16.227002822314233;402.92590183717
-0.14004756707646127 -7.815556104257237;279.66526845086
-0.062419133774763824 26.82745415320628;518.0512576637
-0.10511350510438067 8.128823422601133;285.207926873
-0.1958625313777097 -25.84053903521831;508.4377177381
-0.14061925790411667 -6.788299322831474;260.646037866
-0.0554851985428363 30.383570477325495;551.312105482
-0.09433551775242312 12.813233785001078;358.0535899741
-0.16472625621059567 -14.243222276837422;377.50388560933
-0.09957764583628748 11.41887367941965;338.0157768517
-0.17599868973473665 -17.241967037506605;415.33644626217
-0.1132922788910341 6.082028435742789;246.71395348390
-0.2216066721036859 -33.18953572813709;576.2056455643
-0.16648449838680424 -16.378434996058758;404.804551649
-0.1061958182834778 7.552541076502191;274.9157552307
-0.20038090770423966 -27.688999233682214;526.3051869320
-0.14600790860083268 -9.283684912518854;304.7934380667
-0.07258985239399951 22.502295552751;474.46456435661
-0.1215804212223438 2.0855630494378588;144.50845255111
-0.30396195752029687 -64.9797796601683;806.2030550657
-0.25030466309896926 -52.9652274923387;727.8739325198
-0.20306859450453973 -39.65756308046477;629.8437549212
-0.15999323322159487 -24.27833176720125;492.8314692394
-0.11648739607846526 -4.622638697182396;215.10521620150
-0.03095853730667021 40.42277962359096;635.8887280621
-0.05974515788704683 25.189748795734225;501.9929480428
-0.10215381262650769 5.8928471428754605;242.8487011982
-0.20299664868599254 -34.004042552694195;583.2313563962
-0.15495365723932852 -17.39548034838291;417.1802224787
-0.10238371608562236 5.8254191688442525;241.4558560024
-0.2038812307416683 -34.3017089356445;585.778118024
-0.15583882285522666 -17.765367475010677;421.59115011807
-0.10361495163135348 5.212523799106929;228.40613497143
-0.21085135881900985 -37.20819168446239;610.0867132480
-0.16328206192281047 -21.33084088340381;461.95448648193
-0.11419340432848546 -0.36108223837941367;60.199826420496
0.2343105503748753 160.79556248014143;1268.1520797712
0.25074011808807845 153.1578506339727;1237.669563878
0.2706229749858445 145.33201334310917;1205.636948693
0.2947435273042807 137.29823214046775;1171.84252346
0.3241057804964563 129.03274514085325;1136.0244297645
0.36001160236562063 120.50662711822298;1097.8528020500
0.4041751845491213 111.68403087098369;1056.9029691509
0.4588953579425557 102.51956487852141;1012.6136458465
0.5273247835250636 92.95422067624969;964.2185444041
0.6139096528752539 82.9087232397265;910.627717034
0.725150487744731 72.27196589567853;850.2055250202
0.8710217791226746 60.879169376122775;780.3111364298
1.0679118160944832 48.465729352839446;696.2020883193
1.3457214735333487 34.552333964301454;587.7717278232
1.7699356995003832 18.071679350074703;424.857062099
2.557757774539727 -4.7305081279276315;219.12168202391
0.2760313951614144 39.494253359782476;628.5412332488
0.3417563868662974 24.08304878413759;490.8363470668
0.45730274116802505 4.3472834341051225;208.5558185534
0.8629205147957073 -42.114152925934995;649.1201795190
0.5859936386337559 -27.19145125228777;521.593013543
0.3489449272211296 -8.619548117763706;293.7148949393
0.0993375638045855 24.366323360841598;493.72255572199
0.11896782721062851 4.746049851777634;217.95224701650
0.20542129091036898 -39.71069550981154;630.2696310437
0.1228938232975061 -24.341758018297227;493.4764314688
0.0552558562213399 -4.711647106449831;217.1645440114
-0.013467074828707112 39.906768522357375;631.817893477
-0.036951077454471445 24.575570896608674;495.8370331812
-0.0707394719768608 5.039037854446356;224.57619149951
-0.15110706594417067 -38.10549950286968;617.3968595437
-0.12307736921659895 -22.416155716812497;473.55739674512
-0.09211477368328858 -1.9602800857913252;140.11211171373
0.015881563242846383 67.21273413576229;819.9338713056
0.00027567206554478425 55.39936729001171;744.4075150743
-0.019009572920122522 42.38727824259401;651.1549122493
-0.04402036947997702 27.511434010456256;524.6128068409
-0.07962839726449646 9.0467121862264;300.87567851766
-0.15024687175103324 -23.153190557260345;481.2784669656
-0.10915480814933787 -3.025564569658158;174.04383414334
-0.007028871803566275 52.653438344848105;725.7268162776
-0.028261822802203806 39.30636482732525;627.0475369012
-0.0563480676163799 23.85851807150147;488.55093176
-0.09804359194508194 4.030572112965565;200.85947352616
-0.21196089054062028 -44.210701186023854;665.0125400295
-0.16959794838559716 -29.64491392900156;544.5723765312
-0.12865022345014765 -11.857091410587074;344.4423923912
-0.0756801031213108 16.26893794215648;403.4462484856
-0.1313700721260993 -7.742607925236186;278.3572082926
-0.059326167015040454 27.06326684883409;520.3227400567
-0.10076706199758334 8.446279809209344;290.7220862018
-0.1872648839816229 -24.8785713039902;498.8858776554
-0.13393156678095508 -5.4614751009253695;233.80048946560
-0.042335982905722616 35.98040998292249;599.9361548810
-0.07536102780651889 19.834356836115326;445.45640691675
-0.12748618926825017 -1.9122067095750488;138.38716416536
0.03164311910946438 68.12348594410481;825.4697847981
0.019710948732797107 56.389351333518235;751.0286054701
0.0054382328141464615 43.49198908292068;659.5846166518
-0.012319797633647765 28.80628605342112;536.8147409118
-0.0361179582535378 10.761338460328616;328.14423053409
-0.07678495108397597 -18.76201825748863;433.2513672805
-0.06184008059168987 3.597361091154326;189.76547897030
-0.14431433907337163 -47.465706204940524;689.0536676673
-0.12312436233035481 -33.408179162089745;578.0981697783
-0.10124950389556983 -16.652093895887937;408.1700157648
-0.07258290623813576 7.081555075115791;266.2101982671
-0.1447490253756136 -29.31291404352093;541.5145068953
-0.11235069332404277 -11.42461913582876;338.10398536883
-0.06736472944769997 17.228856622780043;415.17535845661
-0.11814792260939197 -6.104184066947749;247.1681135831
-0.04493026318503365 33.09550548759633;575.3863078916
-0.07941152206261035 16.26043573507134;403.3407299515
-0.13690340611990945 -7.757391128626789;278.6229306967
-0.061098567683512045 27.015270435402687;519.8611912377
-0.10321957898302611 8.38175216526766;289.6096864737
-0.19161620243128746 -25.071140898903916;500.812653893
-0.13687936233769088 -5.72876454938152;239.4509219616
-0.04551782189598082 34.73478076850712;589.4615732031
-0.0798312973001138 18.301769199975993;427.9041276710
-0.13532439070278807 -4.337022881270496;208.35824457039
-0.028877140812294713 42.1677045228097;649.4662963245
-0.05684600634144128 27.253179382298086;522.1448995560
-0.09728962332932761 8.701172500131534;295.07492183795
-0.18051336637203613 -24.131924529710872;491.34406386133
-0.12872601691246283 -4.416725593696341;210.26272720402
-0.029500334132745068 41.666591015982995;645.5962759657
-0.057707763485023336 26.662647345584965;516.4579615728
-0.09870674262490903 7.9063177916592124;281.2790328744
-0.18603964699455483 -26.537699167685382;515.2490424969
-0.1354763624468482 -7.737364995582816;278.263138549
-0.06054213750620002 27.08027537655341;520.4861615419
-0.1024287095421918 8.469135213976251;291.1149597682
-0.18994189328143912 -24.810725485975517;498.2053808451
-0.1354682421513011 -5.367103314073624;231.77270149392
-0.04161661445639804 36.437513360231435;603.7343744217
-0.07432490066637949 20.39305484406242;451.68534602029
-0.12555382703542856 -1.053549374032908;102.74897639852
0.09190070095822381 93.29820816372175;966.010457764
0.09097016023186558 83.27139196753505;912.6320555362
0.09092071176094765 72.65805878586575;852.497390429
0.09222305081660312 61.295979189596025;783.0178663483
0.09568215138013517 48.92557882692272;699.568520588
0.10282277043014079 35.07933984165588;592.3782784782
0.11709656758678835 18.72721236468378;432.8490796679
0.15016192438732293 -3.652993006303131;191.23544659863
-0.02143665548832624 47.0186251574202;685.801036632
-0.04684805623132243 32.894405846471656;573.6357893015
-0.08202313077735462 16.007953581133435;400.1977464143
-0.14107884061960968 -8.198543724060709;286.4330572110
-0.06504542494728222 25.625639580038342;506.3166672163
-0.10928540617446098 6.493558921920613;254.92118813644
-0.2116893462059401 -31.513175320064885;561.4678452870
-0.15803345673337427 -14.260724468427963;377.73547047165
-0.09636957512587324 11.385638772499632;337.5237820113
-0.17103220563374671 -17.316994502708678;416.2387349949
-0.11081548511218026 5.956431790933706;244.15439762644
-0.21809693929530377 -33.72699726830946;580.8514064586
-0.1647412706370623 -17.05037677390864;413.0226576453
-0.10685570914635528 6.404319598423722;253.16424745831
-0.2079764052036061 -31.866283207492092;564.6040384432
-0.15600024208144342 -14.70967978813805;383.63361633598
-0.09660937708762768 10.542284197226742;324.7864353173
-0.17358417229165107 -19.28633554847922;439.2638008654
-0.11641453899759918 2.766880709908129;166.43419548867
-0.2712927724602245 -55.45833676829717;744.8057720916
-0.22011204596342887 -42.453242075514495;651.6630417266
-0.17406109569183664 -27.589027311156556;525.3537237471
-0.12926051458439852 -9.150363778489933;302.5971513792
-0.06589264483498519 22.86641730807729;478.28731551112
-0.11193357989189318 2.612897919327665;161.73961278530
-0.26537776200403224 -57.303357129190154;757.0918071185
-0.21685560155138356 -44.50933454808166;667.2545207726
-0.17327900387759237 -29.992496756327974;547.7550667884
-0.13137986878096436 -12.308048978270854;350.92943720484
-0.07824027375509596 15.297911001116223;391.22387529237
-0.13633310923044556 -9.463974965126177;307.7373993808
-0.0698945510962225 22.017836684006785;469.33045764497
-0.11809658802779305 1.377713223932055;117.46890704171
-0.33228303150981364 -81.13755458297192;900.8666739119
-0.28021022420848485 -70.38563897749441;839.0633721574
-0.23489700416366677 -58.84166529167942;767.1844587493
-0.1949648986307685 -46.215970238311;679.9241336357
-0.15879861071216428 -31.96967184208802;565.5179377828
-0.12378491148769999 -14.84078411781752;385.33813377404
-0.08094046938897381 10.299471598737565;321.02606832825
-0.14913306751527589 -19.87866916607402;445.956014749
-0.10373486458622583 1.8435448768036586;135.87220256196
-0.2710261903142842 -69.48765901607459;833.6942761052
-0.22743040782291846 -57.86933068301806;760.820066165
-0.18890335014692627 -45.13800459002738;671.9489979554
-0.1538254152557207 -30.722595530448018;554.3802687089
-0.11945687158562268 -13.249519994592731;364.0996666120
-0.07528550713108106 13.357610117427893;365.5791157882
-0.13452943386301885 -13.141747862605087;362.61663831876
-0.08204460882144449 13.574218962609446;368.53033525916
-0.14452267695436294 -12.712868903958281;356.65258675155
-0.08540707511532364 14.449968076792455;380.2293227517
-0.14827182016109564 -11.028101894683289;332.18768813820
-0.08118743042349397 18.135817934416135;425.96010462810
-0.1374622511905378 -4.606317525780526;214.72636087515
-0.03281867363956427 40.51857064156564;636.6415782963
-0.0621601961301045 25.30355663219523;503.1254015150
-0.10544694054250303 6.050098588039809;246.06616687252
-0.2078173798129902 -33.324904010694645;577.3789269816
-0.15747342582433166 -16.547966644714343;406.89339356688
-0.10188449091306129 7.260131749216317;269.54337142368
-0.194461955601536 -28.684081601169577;535.6768054787
-0.14351998891602225 -10.600824118484137;325.69079594754
-0.07753740822370137 19.14504176466805;437.6490120121
-0.13121050061119977 -2.989553274784111;173.0069131689
-0.003648279083176109 53.02328805645713;728.2708769939
-0.023975454330024234 39.72284546218445;630.3603390060
-0.050698542102803994 24.356195172201453;493.61919341953
-0.08994742964109637 4.731872068995514;217.62590723224
-0.18936793950633646 -39.79114087529013;630.9031433760
-0.15060446947263617 -24.437734486755865;494.44615809278
-0.11098278714844045 -4.846239251158984;220.24344320375
-0.03274564327984908 39.147808419836835;625.7816820105
-0.06223762961685597 23.66870934294097;486.60395733201
-0.10636740494551222 3.761415198026995;194.03970196790
-0.23192282177536672 -46.17618093436875;679.6322186454
-0.18519792551036207 -31.923770343791496;565.1124250660
-0.14109492128217116 -14.782597141966683;384.58260978162
-0.08940760835845285 10.407048868956384;322.69744646137
-0.16243122850358904 -19.614732143372756;442.98657808661
-0.11078275426531181 2.2531168798224037;150.19866404556
-0.27305059871214243 -62.26991612242729;789.2148886657
-0.22540876858347392 -49.99670912194007;707.1848495499
-0.18304380929198405 -36.299662755551495;602.5929646092
-0.14358192997992691 -20.224824017132065;449.82103609908
-0.10113128312771014 1.310706395403809;114.58060817429
-0.29152824699867697 -83.28641327691045;912.7156422983
-0.24903303926766884 -72.674090275422;852.5921457229
-0.21183023388421052 -61.31331107374123;783.1289142514
-0.17881172045367666 -48.94470300288205;699.7054069515
-0.14868802467067244 -35.101213376821505;592.5631488416
-0.11946240604875047 -18.75423447772434;433.1620477596
-0.08542176927182854 3.6097344806798013;190.0902379917
-0.19183012101980157 -47.365986598715466;688.3302706195
-0.15722442728378982 -33.29369345629388;577.1074454625
-0.12383149721035724 -16.50884785614707;406.4114639051
-0.08419158688714024 7.327509248866729;270.79157332020
-0.1637709765221408 -28.45098475875702;533.4955217135
-0.12368667848324921 -10.29376674778732;320.9401527906
-0.06841411138755038 19.892561555224823;446.1095707894
-0.11747430005148007 -1.822158500867065;135.0912881198
0.031647237337996015 69.923572085021;836.3034142276
0.01961965596602877 58.34146175212723;763.9159979630
0.005237785658312901 45.66170856012391;675.8345289718
-0.012616466162750471 31.329163702224747;559.8244678141
-0.03633525598605646 14.026025023278095;374.6128115928
-0.07447216291428649 -11.834167315551976;344.1083071444
-0.051937529089979395 16.31922111201689;404.0697039945
-0.09618712034285781 -7.655281468931744;276.78250327539
-0.04825363892667756 27.348731595042896;523.059442418
-0.08547786647558187 8.829165019423758;297.23702491302
-0.160537088914804 -23.76503867615369;487.5950243376
-0.11613977764956107 -3.898213764319248;197.54120104
-0.02162038749748864 45.15439070432379;672.0699172835
-0.04720819959676338 30.741555733289516;554.550007646
-0.0830531484273357 13.273824208526577;364.4308209932
-0.14655247337476485 -13.309048069183827;364.91715852642
-0.0881371636215923 13.238440337234039;363.94472675958
-0.154402009090301 -13.37994255444286;365.88775262822
-0.09203647338939536 13.09709814702856;361.997040943
-0.16064073691769554 -13.664537862259035;369.75764096407
-0.09586181855059894 12.53531453687927;354.1502049443
-0.1676500879493793 -14.819434384031492;385.06215880772
-0.10268973190069264 10.33881542959719;321.6376174020
-0.18389154007014585 -19.7819080125366;444.8705317813
-0.12319787467778187 1.9933030340781954;141.27777697495
-0.31152884708081874 -66.60668641437198;816.2320261960
-0.25697303067137145 -54.73977474056866;739.965223135
-0.20907967507629255 -41.64959225704294;645.4662489918
-0.16571178496338834 -26.642649375578884;516.2661836039
-0.12291462555641519 -7.879355107473174;280.80335199778
-0.057501976202626426 26.62321941048461;516.0760363272
-0.09843971234876026 7.853006397329665;280.32944745423
-0.18581834031341404 -26.707726724441585;516.8966713133
-0.13556095803427215 -7.967330780305559;282.36650561516
-0.06193959605230848 26.344157417393745;513.3646049496
-0.10466597070536554 7.474788621513682;273.497546457
-0.19815527466665717 -27.949561946845023;528.7751846079
-0.1449422435415605 -9.630237256998697;310.428171135
-0.07387412158994866 21.578595223802633;464.6263395862
-0.1240275431660044 0.7294580451271315;85.49806983960
-0.424599441083341 -112.67506495643984;1061.5893611615
-0.36649819903761827 -103.55112667970089;1017.7036752480
-0.31611534470432534 -94.03370089748633;969.8117463662
-0.2723514726456634 -84.04622674596949;916.8686138383
-0.23418826366725998 -73.48197534799552;857.3171387022
-0.20065164785439638 -62.18381482493483;788.6676951318
-0.17074694350487707 -49.90208009375961;706.5143996441
-0.14331167223037855 -36.19202343719094;601.6983409818
-0.11655501763318543 -20.093269570661917;448.3555178510
-0.08558104707976699 1.51268168213009;123.08729162552
-0.23965803886913395 -77.23344252605882;878.9264655185
-0.20621676138180678 -66.21309083464423;813.8148178844
-0.17651010636118858 -54.31091220749052;737.0597248403
-0.14950004128796113 -41.16910685040337;641.7318142
-0.12375319251223604 -26.07480650549276;510.7352246798
-0.09619879567626899 -7.108261806887825;266.71401037801
-0.04571517150314353 29.21765783902019;540.6329547688
-0.08144927251894873 11.300186875686947;336.2557046445
-0.14772313454362151 -17.51073310390252;418.5594089354
-0.09873719786217439 5.633637485656934;237.44980776708
-0.19864499482683218 -35.17076350834044;593.1507777007
-0.15315086670885225 -18.839995876986805;434.1518111678
-0.10419830086366833 3.4729594667491988;186.45482440949
-0.23182100015081264 -48.49712588230388;696.500318861
-0.18672535998437556 -34.5899341551292;588.2331752215
-0.14461455328135375 -18.122615765982587;425.807666978
-0.0982068814542848 4.6276920411308815;215.21748750586
-0.20596068194354789 -40.39376844868782;635.6621987236
-0.16257558010725492 -25.15533131413447;501.65191697245
-0.1191781926766956 -5.845309950250751;241.87250374070
-0.04310716049222296 34.212982580099705;585.018058957
-0.07673584889549179 17.655132063003848;420.2786369332
-0.13145753073704813 -5.394513366462785;232.36332279522
-0.041238575335892494 36.30380537945159;602.6258391025
-0.07384986943268847 20.229828011154197;449.8744661660
-0.12500249144896347 -1.3031242972816237;114.26006362863
0.06763714638150384 83.5345976799978;914.0730607035
0.0626122172102904 72.938000600317;854.137870025
0.05745432879716725 61.59774963350188;784.9427027671
0.052276467209640826 49.257693305738854;701.9385808482
0.047348025867496174 35.45822065832127;595.5683419665
0.043396151637399155 19.19371054049762;438.2064908500
0.043235015245205316 -2.9127799611789804;170.76966372606
-0.025261047409411846 53.8349011993823;733.8224117401
-0.051286668408646735 40.63509700515894;637.5559225227
-0.08622564329716545 25.441911237671064;504.4981552788
-0.1386889316633634 6.240861776964692;249.91193202636
-0.26555664550859237 -32.52793263488016;570.4361721333
-0.1947545675613006 -15.546785686707523;394.39698702203
-0.11847562718333993 9.015836032202596;300.3602957479
-0.2142425182460207 -23.239294154860918;482.1741290654
-0.1475491854261114 -3.14909060929509;177.56143096795
-0.005924454078932828 51.42612782049311;717.2200664631
-0.026881191710582782 37.92072622057573;615.8977418587
-0.05469097431888403 22.19317685246166;471.19548301870
-0.09652763874317914 1.6347588757885347;127.95308041392
-0.26206210329580043 -74.11452096339703;860.9992769773
-0.2224802704273932 -62.86468716096523;792.9734409587
-0.18751042189994022 -50.64965235904255;711.786286667
-0.1558593640374218 -37.04115737407109;608.7149076269
-0.12564103460537607 -21.128005045466708;459.75255791259
-0.09208645835034784 -0.057775324725657384;24.153210565125
0.6296834249695458 402.749879956642;2006.9593431345
0.6710948402513459 397.9239165373029;1994.8984616192
0.7168949322970839 393.06877345085564;1982.690418317
0.7675710377537435 388.18373299309866;1970.3306106599
0.8236687435890708 383.26804593876983;1957.8141942734
0.8857993963004738 378.3209294759636;1945.1360636398
0.9546487474147689 373.341565004017;1932.2908305850
1.0309867176618646 368.32909571118404;1919.272800056
1.1156786762029078 363.2826239409074;1906.0759427988
1.2096983097847733 358.20120827621946;1892.6938642423
1.3141423769041758 353.0838603819107;1879.1197690864
1.4302477213407947 347.9295415119769;1865.3464205433
1.5594108049088682 342.7371586427067;1851.3660931549
1.7032102659134871 337.5055601653467;1837.170517750
1.8634330362231886 332.2335311515563;1822.7508169847
2.042104461785886 326.91978800667454;1808.0974289192
2.241523369092949 321.56297251079974;1793.2000160102
2.464302821905978 316.1616450671077;1778.0473555866
2.7134175812187387 310.7142771001541;1762.6272072267
2.992259580914226 305.2192423090774;1746.926150365
3.304702965000917 299.67480670083074;1730.9293842223
3.6551804437152278 294.0791170290832;1714.6204787874
4.048773280709913 288.4301873348987;1697.9810623572
4.491317716821715 282.725883113536;1680.990425903
4.989531234886574 276.96390257445825;1663.6250179247
5.551162946512097 271.1417541137062;1645.8577933715
6.185173553241686 265.25672909136443;1627.6573674667
6.90195170425962 259.30586840787424;1608.9869055271
7.713575541476377 253.28592099418398;1589.8026530324
8.634130878583012 247.19329166568838;1570.0519709261
9.680101014875465 241.0239744730448;1549.670682417
10.870848403659995 234.77346641013224;1528.579451988
12.229215503475036 228.43665382900878;1506.6787857541
13.78228307606317 222.0076603795324;1483.8420392970
15.562340424607402 215.47963976840816;1459.905497084
17.608147279951783 208.84448770505384;1434.6540623367
19.966607948996927 202.09243284129894;1407.8002114129
22.695046362763907 195.21144170731856;1378.9523180426
25.864389210227575 188.18632889900624;1347.5656161381
29.563781309508915 180.99738253600304;1312.8635836420
33.907576624105175 173.61815577032854;1273.7062050251
39.04651773086637 166.01174052313905;1228.3562357486
45.18687733960344 158.12407183365036;1174.0318771101
52.62627033572865 149.8708436770208;1105.9569841733
61.82922651146721 141.10876204348284;1015.0172104022
73.6173564916299 131.56029711584648;880.410760212
89.81002653642288 120.54929586933196;632.5904308442
117.33410595223002 105.21504708024264;570.9914916905
77.42205409641822 122.21469409862704;790.0063355479
96.40668938543111 109.94172240063205;413.36522888642
141.6795477219943 86.451646093286;1070.5317454840
115.98858063792926 95.5113904113237;625.9367460524
80.00347251794545 111.01541628513911;686.5374034255
102.58598538851055 96.88988099303839;290.07158119750
33.79663020197421 130.40838736209463;1091.2462227431
39.77869798172031 121.52965188155332;1028.6330103349
47.25361935296286 112.10968698975404;948.0990084897
56.89417805093734 101.88833952683336;834.4486762782
70.09222750599741 90.27256606006841;642.2318421140
91.23941698590778 75.17352138156053;285.1389634611
29.018947918402155 109.2605482200035;1004.5791898027
34.59711055706118 99.61595183802086;936.6422712961
41.7359309071008 89.27090215340212;848.1730846279
51.25376051739347 77.84527693824242;718.7754527330
65.05836808957889 64.35948548321716;470.14991152900
91.88572206802968 43.72675672431325;639.0086884509
63.96895764334994 58.90725878614472;424.8503280468
93.16559330530418 36.07126822001402;713.260618692
67.80862896247692 49.66943015918088;192.85433525008
136.17179919282984 -0.7529121402176244;1365.94147634
116.82163488530699 6.345032146081855;1142.0044331258
96.96564544811275 14.835164850525878;890.9471711786
75.83972606446076 25.718688590839754;564.7551245475
49.769225784966636 42.89383280630273;426.3214812801
72.3944018614423 20.144372026942516;568.8479063812
47.688063485419946 37.194722267615944;380.7506340387
71.96601211674471 11.719572651704329;633.8401680683
49.92553294215719 27.01924449565651;145.2939718906
116.74136571813017 -39.913982825445814;1328.6688130943
99.68660255321504 -32.61777131106031;1149.9743990858
82.86013453782482 -24.187802445571137;964.4939670670
66.183865947855 -14.136587495190028;761.9426884791
49.322483698327574 -1.4129303238239448;507.93930302761
30.472248468019757 17.67662180527408;290.0776852945
50.82928803574896 -15.757534600158905;645.5400708411
35.54375020315797 -0.7404333335658624;366.1604431911
16.698209263405715 25.742710056834547;479.3745705400
23.429836481561438 5.528065821635671;19.95404507791
254.79729875875617 -487.787075639524;3374.596534557
240.14121647980826 -484.9148490660017;3260.71087073
225.84549052174023 -481.94235747407936;3151.968293225
211.93669344241496 -478.8673733461227;3048.5926100206
198.44158056635277 -475.6881830498313;2950.7769939266
185.38655545237614 -472.4036764378551;2858.6747582264
172.79704550619297 -469.0134256394348;2772.3903952997
160.69680942433732 -465.5177454071353;2691.9716223592
149.10721039083253 -461.9177277164616;2617.403239714
138.0464997471088 -458.2152446109902;2548.6035588727
127.5291628848552 -454.4129154701458;2485.4239814319
117.56537993067266 -450.5140384353698;2427.652013760
108.16064751096545 -446.52248932427744;2375.01762866
99.3155941443163 -442.4425948681645;2327.20249832
91.02600306419643 -438.2789898828904;2283.8513018496
83.28303574234977 -434.03646914587887;2244.584116922
76.07363026003239 -429.71984447891634;2209.0088669503
69.38103461599238 -425.3338160477987;2176.7329080500
63.18542782833245 -420.8828640359369;2147.3730607551
57.46458047183094 -416.3711643210062;2120.563662732
52.19451192090017 -411.80252866552826;2095.9624888307
47.350109513588706 -407.18036803845996;2073.254607169
42.905685704052104 -402.5076759760194;2052.1543994412
38.83545883690002 -397.7870282117309;2032.4060616878
35.113951848752805 -393.02059473079714;2013.782932530
31.71631012578726 -388.210160289398;1996.0859822427
28.618544225151055 -383.35715035559394;1979.1417567326
25.797705674131322 -378.46265972359595;1962.80001672
23.232005642080622 -373.5274818062866;1946.9312583789
20.90088617880636 -368.55213715259686;1931.4242503302
18.785053396025233 -363.5369001327243;1916.1836787136
16.86648074851317 -358.48182327589745;1901.1279573494
15.12838966871439 -353.3867587894341;1886.1872333104
13.555213615027498 -348.2513772370729;1871.3015996036
12.13255028152642 -343.0751833237267;1856.4195128930
10.847106078261078 -337.8575288879555;1841.496406150
9.68663583737478 -332.59762329154034;1826.4934809037
8.63988013653423 -327.2945412810308;1811.3766609460
7.696502054214108 -321.9472285590931;1796.1156889134
6.847024603232768 -316.55450517576617;1780.6833470020
6.082769877532684 -311.11506690258045;1765.0547842763
5.395800453925659 -305.6274846379873;1749.2069339414
4.778863515651011 -300.0902019321828;1733.118005624
4.225338041276501 -294.5015306973895;1716.7670391534
3.729184962049004 -288.8596450022991;1700.1335071604
3.2849006003951047 -283.1625730035265;1683.196955696
2.8874731517433077 -277.4081868114812;1665.9366722384
2.5323421920509475 -271.594190211379;1648.33137177
2.2153611229512364 -265.71810396192893;1630.3588916679
1.932762400372468 -259.77724845588716;1611.9958866720
1.6811253792687069 -253.76872325360898;1593.2175145334
1.4573466643562654 -247.6893831768988;1573.997103295
1.258612751048787 -241.53581021884327;1554.3057893021
1.0823748773148338 -235.3042805869726;1534.112114298
0.9263259146930807 -228.99072590201092;1513.3815675686
0.7883790914663962 -222.59068736747884;1492.076056318
0.6666485215694422 -216.0992612982003;1470.1532830954
0.5594313058057026 -209.51103408747065;1447.5660038625
0.4651911833528004 -202.8200040011783;1424.2611321819
0.38254357500389347 -196.01948641202887;1400.178644179
0.31024185078447886 -189.1019980652394;1375.25022387
0.24716487039111712 -182.05911434191;1349.3975663060
0.19230558064489855 -174.88129136784698;1322.5302242585
0.14476069198079244 -167.55764185156556;1294.5428383548
0.10372124459107113 -160.07564883588918;1265.311519372
0.06846416992428317 -152.42079484432713;1234.6890440463
0.03834468017910808 -144.57607354907202;1202.498355219
0.012789503410004958 -136.52133468170894;1168.5235798910
-0.008709013734204511 -128.23238622251017;1132.4973121517
-0.02659785636271294 -119.67973333340103;1094.0820940613
-0.04126730514801124 -110.82675510001798;1052.842538525
-0.05305350399086705 -101.6269763942754;1008.2016693485
-0.0622392417708113 -92.01981316981608;959.3691619073
-0.06905171499826677 -81.92358915538227;905.2160800532
-0.07365496355279787 -71.22330906800505;844.0386174239
-0.0761312363940476 -59.74736194862464;773.0637909685
-0.07643576234133319 -47.217674751547406;687.2508431920
-0.07427351096313826 -33.1232521797009;575.6277738932
-0.06866283046608145 -16.295228839787;403.77338964647
-0.055109474738827643 7.696935699979914;277.5324197187
-0.11292126540897127 -27.21228404516899;521.7540400063
-0.09038012433765627 -8.646362592305994;294.14746429446
-0.050246494539891245 24.29049084389612;492.9530822515
-0.08934458791460995 4.639644563032672;215.49559534813
-0.18901469749752658 -40.323705897204206;635.1104181019
-0.1507441442678043 -25.072023561954836;500.8204792929
-0.11181941011929547 -5.729933714076253;239.47429303021
-0.04074680851718421 34.72970333088989;589.4185785476
-0.07349321552342752 18.29549153973568;427.83092776314
-0.12612227022660244 -4.347178178072166;208.60143051873
-0.028370525138569705 42.10332859833238;648.9704318418
-0.05619472939176258 27.177405733916885;521.4186699580
-0.09642571685364483 8.599554588055526;293.3474220788
-0.17945498019432188 -24.426959096384508;494.33783495479
-0.12851345062844638 -4.831181394186274;219.9019575908
-0.034675973167878696 39.23118090728786;626.4475508423
-0.06475416006199448 23.768538078918986;487.628799239
-0.10983172747845055 3.9030922542189543;197.65830095634
-0.23683882468279188 -45.11982439903966;671.8147247791
-0.18792710805317364 -30.701544046997128;554.1910480703
-0.1416189640736149 -13.222512266100125;363.72906693038
-0.08557749582681135 13.411718803251002;366.3182803740
-0.1501845524052498 -13.034146501396208;361.1299656942
-0.08900461288592959 13.79182144555352;371.4714598581
-0.15477146567778272 -12.287078738514538;350.63116517503
-0.08864431509724108 15.342353120860476;391.79127001028
-0.1518260643695441 -9.383656983274363;306.42979738979
-0.07522473339409425 22.232522321556527;471.6124048750
-0.12547689666294554 1.692291444040503;130.18079624209
-0.3316150848320659 -72.75961671998863;853.0956076798
-0.27569289189048607 -61.40555394412905;783.7190524270
-0.22692795056630632 -49.04627064152015;700.4318338774
-0.18354753042447658 -35.217149807412;593.5413943653
-0.14302389521847647 -18.897127285847603;434.80918435647
-0.09868704629755587 3.3820913194562614;184.00099593899
-0.2219493224945096 -49.28144313910286;702.1087188412
-0.1800925010192883 -35.48535480845578;595.7967733686
-0.14091907882831822 -19.22712079273913;438.5882642863
-0.09806106730283648 2.8600871340150853;169.21409779116
-0.22969038537527797 -54.40810818950416;737.7197998790
-0.18875668350207764 -41.278072508798175;642.581021152
-0.1512341421696134 -26.20373242289196;511.99653552113
-0.11339671834750209 -7.283931339622484;269.9888422783
-0.0514177934960286 28.60118516322865;534.8999974648
-0.08939275035092453 10.491644645624604;324.005955876
-0.16219073638555404 -19.40885584615847;440.65619387290
-0.11027233801800651 2.574666243182776;160.5527736179
-0.2627027967477885 -57.7847727238049;760.2648732731
-0.21514564230844246 -45.04415412573683;671.2507149027
-0.17243734701170854 -30.61375255843307;553.3979223354
-0.13145771564583686 -13.109660576547576;362.17372443903
-0.08052827018079245 13.6389893592081;369.40834043650
-0.14210854522534067 -12.585604208545128;354.86337644851
-0.08391521077018627 14.714227413430141;383.6895282426
-0.14563427074935464 -10.534017506302625;324.66332301128
-0.07811969362850835 19.306013207922152;439.48460978752
-0.1319061739693267 -2.7361112156171927;165.5158870567
0.0031245812092778324 55.813351174984064;747.1833671418
-0.015422332372480585 42.84960911645294;654.695955893
-0.039341122597733036 28.05423499384824;529.7619472984
-0.07308006864920447 9.769016987684381;312.65268192616
-0.13770929060657966 -21.217607443755693;460.72642365562
-0.09919176257912443 -0.19193032295822832;43.92008896998
0.3196694262429816 220.84919900025645;1486.1993480749
0.34197213341589366 214.33212478976222;1464.1080486086
0.36785450469427877 207.71670931889068;1441.3370258886
0.3979304234109265 200.99677125351283;1417.8316956422
0.43293532959400244 194.1654180383218;1393.5301210922
0.47375458760019745 187.2149232170593;1368.3615803314
0.5214596800611986 180.13657476411274;1342.244758616
0.5773548971057068 172.92048557058044;1315.085439489
0.6430381719620897 165.55535373094492;1286.773515334
0.7204812291012246 158.02815523805768;1257.179057595
0.8121366201918505 150.32374403518608;1226.1470619235
0.9210827289063133 142.4243225176908;1193.4902840128
1.0512235687280196 134.30872681929506;1158.9792541964
1.207569490833194 125.9514402253537;1122.3279995910
1.3966405673419473 117.3211954822593;1083.1730111189
1.6270620869987766 108.37893330559402;1041.0411478105
1.9104724471559535 99.07470974437521;995.2985392721
2.2629632262543424 89.34279887540376;945.0648969151
2.7074794132623907 79.09349833611165;889.0601087645
3.2780846207139263 68.19841786604704;825.3052445060
4.028220045174649 56.46148180304428;750.4683186999
5.04876312149112 43.55379979199617;658.1694820487
6.515604260630326 28.835388179001228;533.183515859
8.86403708146294 10.66529835118692;314.506740666
14.307204671121568 -20.147357628181705;471.35153814762
8.405294798391665 0.4105639688631051;54.58311889728
PointOptimal;ValeurOptimale
[8.4052948  0.41056397];54.58311889728077
Temps;Nb iteration
0.051715850830078125;1000