Point;Valeur
-7.300804910876554 1.3386423350360745;89.78359680921
-7.317092731706584 1.2272333783702196;83.20344344993
-7.334706628966007 1.1070116220134354;75.46088976841
-7.354172996203449 0.9744516450599052;65.87575898606
-7.376529028792977 0.8225984984537762;52.79617817448
-7.404505781622323 0.633113694582538;29.15440081245
-7.455363596685277 0.28990776842959054;51.592557506524
-7.42646819714459 0.48384805516063967;26.040393430592
-7.369390958527195 0.8683888300922762;57.06222451872
-7.39525171885305 0.6930741881098514;38.259110171780
-7.433955591624372 0.4315651793418498;34.821030544225
-7.391244999547414 0.7190191054016895;41.58497095275
-7.426833986249054 0.47843148318370243;27.071460973531
-7.371931000316824 0.8483020823673018;55.2393602665
-7.398654063884965 0.6672004279868462;34.638093491689
-7.441424315293904 0.378344223939199;41.90681478170
-7.405907955246324 0.6171487175637127;26.23166379693
-7.462445828890839 0.23569149515458765;56.69895689464
-7.436130868784051 0.4121542885619691;37.549782174523
-7.396516241360377 0.678696711470427;36.30442873579
-7.437311246102997 0.40310289027764146;38.75973271644
-7.398928678486744 0.6613163339735353;33.77136270133
-7.442798500116869 0.36504425552826536;43.48914752428
-7.408569614533111 0.5951524237365549;21.53948825211
-7.477457082033471 0.13058041235466522;65.48843889917
-7.454632275243899 0.283346873237055;52.21439411044
-7.426084213772629 0.47497594176177405;27.682804392383
-7.372400795438526 0.8366654557354183;54.16891361246
-7.399653521499662 0.6519838857676676;32.3424332467
-7.445466583702686 0.3426178022269868;46.039882693658
-7.4131247246730005 0.5599670370776879;10.235107334599
-7.558315989468166 -0.4171997269179526;99.44680530892
-7.5431315772577925 -0.31661621569811427;94.13113357830
-7.527120573023648 -0.21035070361393604;88.16814288870
-7.510061345692133 -0.09689558159096645;81.32101219346
-7.491605544683363 0.02611618308093444;73.17734660883
-7.471143312933076 0.1628237415306346;62.90263603741
-7.447399066488639 0.32187358735966587;48.271141478068
-7.416545926461321 0.5291685753733946;14.476772025793
-7.31390388988633 1.2219956146579039;82.91616748208
-7.331571075678948 1.10135718035436;75.11582038608
-7.351118463506236 0.968188027408833;65.43280355360
-7.3736164316823185 0.8153065247408522;52.14193632727
-7.401932972789535 0.6234433243876838;27.513651915940
-7.455806355880451 0.2597641553810961;54.442932578952
-7.428423952244042 0.44354411764657176;32.93023011582
-7.383291310164889 0.7475239906226152;45.014397204902
-7.416133702275584 0.525271079919766;15.748214749469
-7.321801596061558 1.161951821054882;79.13835098213
-7.34033142682858 1.035553107051638;70.50698065849
-7.361180561919522 0.8936767974435869;59.339709193273
-7.3860214737422005 0.7250925854035275;42.40059592309
-7.4209012465697946 0.48913420381327644;24.837793990140
-7.3611010171972815 0.8923287441686769;59.226951682664
-7.385988935273357 0.7234234784000906;42.20375892445
-7.421031232988437 0.48636421915577177;25.39364857527
-7.362540901484319 0.8807170850753723;58.219759078835
-7.3878641586652485 0.7088889302921588;40.40972719336
-7.424471514729984 0.46130164068240465;30.013441432330
-7.374973002440623 0.7948646090672442;50.12239195773
-7.40443564770349 0.5952683188910415;21.708124880298
-7.472749576777428 0.13430485587224172;65.14938528130
-7.449820272466891 0.28786686394869054;51.71025360783
-7.421012140787266 0.48136563668211085;26.359907531365
-7.364669065797397 0.8612381545369887;56.493569466140
-7.39077334803515 0.6841581292202195;37.16405429999
-7.430593729825613 0.4149406627400767;37.06574927826
-7.390490976681615 0.6849678754205515;37.278518723659
-7.430187558642881 0.41657730677054605;36.83596364852
-7.3898365307227145 0.6882907965566689;37.73471564377
-7.429049668482758 0.42314600885300724;35.909101332242
-7.3876621336163275 0.7018805936966546;39.53625824200
-7.42507728480707 0.44882149729199927;32.04078156534
-7.378710973729351 0.7612509897576105;46.58770270956
-7.410424699341757 0.5465059901143379;5.161995568825
-7.12147786870862 2.512318738325935;141.63260819162
-7.131556093230142 2.4417000564615323;139.06497946136
-7.141834555507852 2.369777320917156;136.40010774162
-7.152328546739749 2.2964492159844854;133.6282963094
-7.163055543558311 2.2215998638689785;130.7382090385
-7.1740356832852505 2.1450956488173647;127.71646461789
-7.1852923827156125 2.06678108035148;124.5470939919
-7.196853157693578 1.9864733118207214;121.21080079173
-7.208750729997643 1.9039547341141274;117.68393075108
-7.221024556138115 1.8189627417190382;113.93699857073
-7.233722994586071 1.731175218325082;109.93251865463
-7.246906473627245 1.640189310935928;105.62169633093
-7.26065229436092 1.5454892320072036;100.93916259300
-7.275062244064724 1.4463951957328804;95.79414810476
-7.290275350423666 1.3419778285817943;90.0546864473
-7.306490813677907 1.2309041937665102;83.51682152506
-7.324013298909517 1.1111335029470029;75.83716778841
-7.343354964189825 0.9792312309643494;66.35775139857
-7.365516114513081 0.828481144589678;53.50277593313
-7.393082347926207 0.6414992211628503;30.835573413147
-7.4410923734119585 0.31700949281087265;48.67628940890
-7.410522230650866 0.5225780949662253;16.329361385590
-7.319622848894593 1.1365225667825642;77.5351117314
-7.338529929392731 1.0075095080026744;68.50794739486
-7.3599818210480485 0.8614920959653363;56.577153660744
-7.386030995474723 0.684673614062409;37.32749025557
-7.425651625785687 0.4166349578104347;36.736513410958
-7.385215889097022 0.6890851338021422;37.930104958596
-7.424202670665036 0.4253063286615246;35.50554437197
-7.382371394964732 0.7072129520897521;40.302581035955
-7.419048854683833 0.458966878259365;30.267499415043
-7.370002153577214 0.7897266698874619;49.68084181001
-7.399706616410636 0.588355639688122;20.224780025186
-7.4729883358997675 0.09357915591492816;68.20711453067
-7.451087549024148 0.24025365439995472;56.14441661179
-7.424552780331592 0.4184608011233495;36.46461268097
-7.383821172120232 0.6929448005763463;38.4626873281
-7.422260808442015 0.4328196141359699;34.38853935153
-7.379080299107951 0.7238939497342658;42.38015696193
-7.41394417518816 0.4878213456257088;24.894382167373
-7.354335872923311 0.8900988044986393;59.122669987048
-7.379244805814803 0.7208953363144035;42.021778422327
-7.4144067995196075 0.48280873189411455;25.895828872367
-7.357103449684853 0.8695017644146832;57.31796871798
-7.382806023524221 0.6949692155787703;38.74450968416
-7.420960792065369 0.4367367220898801;33.785214066637
-7.377015868505946 0.7330153144474751;43.47869619313
-7.410989392356878 0.5029092440819385;21.547598601064
-7.342134448122803 0.967807430972333;65.50467029151
-7.364580335620413 0.8150934970210857;52.24924781840
-7.392804176475746 0.6236241472063044;27.790907864311
-7.44607426414046 0.2635730698522467;53.957640052590
-7.418481323188185 0.44900733811238513;31.85839493025
-7.371890568085927 0.7632284428159766;46.90705938752
-7.403359350330344 0.5499456619958822;4.325228313667
-7.747091469168112 -1.745398309682563;153.17515139387
-7.736994692653155 -1.6801032697722382;150.97673362477
-7.726763950679668 -1.6138572421598871;148.7132180566
-7.716390915218966 -1.5466026829156396;146.37957732542
-7.705866331144961 -1.478275685264797;143.97013458475
-7.695179862354479 -1.4088049270722456;141.47844252100
-7.684319903063027 -1.3381103806321368;138.89713220162
-7.67327334406238 -1.2661017152041074;136.21772212178
-7.662025279993458 -1.1926762971651703;133.43037398205
-7.650558638207116 -1.1177166555731253;130.52357603579
-7.638853701751231 -1.0410872260936719;127.48372619936
-7.62688748680651 -0.9626301031835203;124.29457366462
-7.614632915935061 -0.8821594015773746;120.93645624070
-7.60205769825879 -0.799453622414311;117.38523516318
-7.5891227777801475 -0.7142450802143605;113.61076844564
-7.575780125652244 -0.6262048666388784;109.5746557881
-7.5619694995722 -0.5349207902770479;105.22678604753
-7.54761350639987 -0.43986378254685743;100.49981828932
-7.5326097301296215 -0.34033436379870974;95.29987829834
-7.516817450257832 -0.2353723698681085;89.48978673372
-7.500033545859054 -0.12359326737537568;82.85605056126
-7.481944335707652 -0.0028611953135202484;75.03558688401
-7.462015252779878 0.130459564435065;65.32140973383
-7.439179251992897 0.2836172135147388;51.96756291829
-7.410554847460759 0.4761576531497349;27.04543891891
-7.355719141066913 0.8463869423680928;55.28229331742
-7.382362857724786 0.6654254472258794;34.72958162144
-7.424926732349832 0.377329079159602;41.73501716689
-7.38934296455119 0.6171184192327752;26.689663113912
-7.444786246024563 0.24220646743160845;55.88626776653
-7.418151288339118 0.4212374946946875;35.949653286896
-7.376871051082276 0.6996581590641506;39.456662940841
-7.414307055662789 0.44608770264617537;32.21774853437
-7.368262522461237 0.7567999054137511;46.274234021331
-7.4001459496032 0.5405992166785802;8.405965172720
-7.223458822937928 1.7382001908578895;110.31904417809
-7.236577569197053 1.6475330538131852;106.03954415253
-7.2502498169039455 1.5532061280220768;101.39538708955
-7.264574493204194 1.4545579589211224;96.29871724780
-7.279686200223651 1.3506877117007656;90.62242376047
-7.295776813810008 1.2403099748824156;84.17134576532
-7.313137712525716 1.1214707129142534;76.62000675486
-7.332253527919889 0.9909162777211913;67.35400176505
-7.354054117910053 0.8423963617767862;54.942326208357
-7.380856594052133 0.6603147203724626;34.017996292412
-7.424302183849804 0.3661897892373469;43.03887589946
-7.389800617697929 0.598708422474993;22.964473946013
-7.454247437362568 0.16296463017277407;62.6907125240
-7.430476683818256 0.32255285350765295;47.938844157023
-7.399479949976126 0.531286561657617;12.768247406395
-7.283333318292641 1.3172899093989878;88.7300678113
-7.299774989998177 1.2045576068847987;81.98372606448
-7.31760850177681 1.0825465336372355;73.99117964018
-7.337415085439595 0.9473524531105051;63.97784567724
-7.360381635285215 0.7909928274683233;49.950403364349
-7.38988734116122 0.5907084809350573;21.145791414210
-7.459882091570215 0.11748177750960398;66.2837312736
-7.437384483712627 0.2684147923484739;53.38591918633
-7.4095282064395676 0.4558365174638448;30.550413715852
-7.360998545308938 0.7835300629087607;49.188068898445
-7.390963968741765 0.5801406334689654;18.4318366360
-7.471286150494997 0.03723239620094265;72.2034535896
-7.45060379660837 0.17578509728743885;61.615255453
-7.426429427975968 0.3381604483482983;46.216437382440
-7.394293567994289 0.5546796102280718;8.927650478565
-7.560369158641954 -0.5651926071955335;106.64448941215
-7.546207320905815 -0.47139959279163346;102.0466944464
-7.53143409376117 -0.3733793142511308;97.00944267467
-7.515922963968315 -0.2702675871260771;91.41185117824
-7.499494440814324 -0.16083956975634006;85.06991897961
-7.481877916828189 -0.04325057803597243;77.68054482561
-7.462628483312649 0.08552886667204351;68.68244706725
-7.440909608667091 0.2311880089335796;56.81320831387
-7.414723383459098 0.4072963897773798;37.773016733114
-7.375456371997252 0.6722634531935592;35.843822998311
-7.41665835514349 0.39312531130961137;39.64185293628
-7.3792349991696895 0.6455886724687412;31.815762654605
-7.425678521645217 0.33109772144428806;46.96286004399
-7.3940572357306635 0.5441729101545514;5.073745925493
-7.100684722756924 2.545108099998136;142.8894448067
-7.110645363834593 2.4751105786906082;140.36769088296
-7.120798816113293 2.4038553502206996;137.7530670117
-7.131159383090008 2.3312474660813978;135.03658167952
-7.141743351255755 2.2571787386674105;132.2077699491
-7.152569407634374 2.1815249454293353;129.25434068410
-7.163659179175411 2.1041422156547087;126.16170901121
-7.1750379408372424 2.024862285200716;122.91236538321
-7.186735562229231 1.9434861497573666;119.48500642497
-7.1987877998695495 1.8597753971125899;115.85330898054
-7.211238104269583 1.7734400806786157;111.9841527725
-7.224140219174856 1.6841212690873322;107.83495919333
-7.237562047119596 1.5913650816342697;103.34955030888
-7.25159163404625 1.4945824700224266;98.4513967143
-7.266346903756883 1.3929837662594382;93.03194894357
-7.2819925081118555 1.285465324590537;86.92891628936
-7.298771453830128 1.1703966341882124;79.88162936148
-7.317071372892045 1.0451739689467745;71.42561318255
-7.337587433083698 0.9051224289417705;60.58407912175
-7.361840499114564 0.7400012497980315;44.527425903429
-7.394945806589121 0.515315783054139;17.784556044864
-7.311673178016761 1.0788733372790817;73.8013836499
-7.331514590643579 0.943331372810893;63.73071226859
-7.354551654603213 0.7863650953944203;49.571463817609
-7.384259373238379 0.5845489712141374;19.844357703355
-7.458791844088054 0.08028305668232338;69.02198453642
-7.437191059138954 0.22522540455979811;57.28754422409
-7.4112348924080464 0.3998748615791117;38.67678217181
-7.372904583429957 0.6586443975973468;33.944876119137
-7.41639699814867 0.36388499125734075;43.17029721383
-7.382037174917272 0.595695590565545;22.55413160949
-7.447588656732677 0.1520210465682128;63.479816437176
-7.4241347284540495 0.3096245845739434;49.1738186437
-7.393943164367073 0.5131124777865539;18.354038468919
-7.313270060888669 1.059133076275022;72.43500817043
-7.333489914022721 0.9210336430709178;61.932472573195
-7.357201939212018 0.7595084461861648;46.740905655383
-7.388719788663053 0.5454665656058824;2.183044761929
-6.69810211656689 5.461832259289236;223.93448256604
-6.704105148150536 5.417169978070388;222.9167789017
-6.7101408837255185 5.372303779718618;221.88969638929
-6.716209908479488 5.327229888326838;220.85301662059
-6.722312826555669 5.281944404053957;219.80651294302
-6.728450261940754 5.236443297233632;218.74995002542
-6.7346228594210125 5.190722402117513;217.68308339494
-6.740831285590122 5.1447774102154655;216.60565894176
-6.747076229925785 5.098603863214589;215.51741238940
-6.753358405935121 5.052197145424725;214.41806872716
-6.759678552373391 5.00555247573227;213.3073416019
-6.766037434550828 4.958664898998632;212.18493266522
-6.772435845724164 4.911529276885699;211.05053087177
-6.778874608583084 4.864140278022501;209.90381172509
-6.785354576846959 4.816492367493152;208.74443646509
-6.791876636971285 4.76857979555457;207.5720511920
-6.798441709984861 4.7203965855373555;206.3862859214
-6.80505075345032 4.67193652084286;205.18675356179
-6.811704763590644 4.623193130955156;203.9730488088
-6.818404777561188 4.574159676375257;202.744746947
-6.82515187591385 4.524829132371861;201.50140255050
-6.831947185247106 4.475194171437193;200.24254806577
-6.838791881077174 4.425247144308696;198.9676922773
-6.845687190941664 4.374980059420705;197.67631862844
-6.852634397770391 4.324384560617273;196.3678833899
-6.859634843543251 4.273451902940292;195.0418136576
-6.866689933266418 4.222172926287681;193.69750515690
-6.873801139308927 4.170538026709164;192.33431983432
-6.880970006132049 4.118537125061107;190.95158320777
-6.888198155462607 4.0661596327327745;189.54858144711
-6.895487291958563 4.013394414083064;188.12455815045
-6.90283920942996 3.9602297452057202;186.6787107769
-6.910255797678321 3.9066532685574886;185.21018669068
-6.917739050035795 3.8526519429398833;183.71807876234
-6.925291071693852 3.798211988221806;182.20142046853
-6.932914088927266 3.743318824119183;180.659180416
-6.940610459329907 3.6879570022159216;179.09025620756
-6.948382683206166 3.6321101302899708;177.49346755083
-6.956233416284551 3.575760787843433;175.86754849358
-6.964165483945596 3.5188904315406946;174.21113864720
-6.97218189718804 3.46147928903913;172.52277323412
-6.980285870611244 3.403506239399076;170.8008717621
-6.988480842727615 3.3449486779357587;169.04372508864
-6.996770498998405 3.2857823629285123;167.24948058892
-7.005158798040799 3.225981241123418;165.41612507941
-7.013650001582125 3.165517248278843;163.54146507100
-7.022248708823401 3.104360080230845;161.6231038276
-7.0309598960484045 3.042476928927681;159.65841458090
-7.039788962501991 2.979832176598575;157.64450909042
-7.048741783797897 2.9163870395904725;155.57820053046
-7.0578247744402525 2.8520991512862794;153.45595941179
-7.067044961450012 2.786922070767969;151.27386088611
-7.076410071627567 2.7208047002812465;149.02752130092
-7.08592863568818 2.6536905897699627;146.71202122358
-7.095610113487471 2.585517100302991;144.32181126704
-7.105465045829153 2.516214389497077;141.85059582372
-7.115505240166801 2.4457041699764206;139.29118808988
-7.125743999993194 2.373898175105137;136.63532730505
-7.136196411298744 2.300696242302206;133.8734455592
-7.14687970460098 2.2259838897150077;130.99436623616
-7.157813718646441 2.1496292110566175;127.98490816765
-7.169021503306187 2.0714788366458494;124.82935719632
-7.180530116828624 1.991352590095187;121.50874715511
-7.192371700617816 1.9090362818593123;117.99985998828
-7.204584960548818 1.8242717724114756;114.27379993367
-7.217217261727246 1.7367429139315052;110.29389984873
-7.2303276814899 1.6460550512965257;106.01253844497
-7.2439916220654545 1.551704035767;101.36609616761
-7.258308090819202 1.4530272938386704;96.26654256070
-7.273411830623861 1.349122254937595;90.5864762558
-7.2894949777018105 1.2387006298447547;84.13021198126
-7.306849432238 1.1198031604208838;76.57121111995
-7.325961006181746 0.9891653989219664;67.29250822774
-7.347762818641929 0.8405095839713796;54.854744993125
-7.374585157553145 0.6581369293909747;33.83333431381
-7.418230914173382 0.3624055759216107;43.37278102606
-7.38402324614292 0.5931329466177262;21.91107549091
-7.451518069742637 0.1364354746324894;64.74145972538
-7.4285096463305 0.2909660523919202;51.10031752209
-7.399440568639196 0.48677684746311645;24.671564996591
-7.339410470366591 0.8926965958348179;59.52678533280
-7.3641002594829565 0.7246417423253861;42.727883092947
-7.398610370641666 0.4904901625464477;23.880613372959
-7.336595865196717 0.9098808642768121;60.98764415310
-7.36068526114288 0.7458526214693508;45.19892311121
-7.393293661732731 0.5245062600254871;14.8926913139
-7.293836059941409 1.1979165019963647;81.63074153824
-7.311732082505639 1.075377608923195;73.56349590413
-7.331637775718004 0.9393972136510955;63.41975019168
-7.354788131435978 0.7816610679835536;49.09089784065
-7.38478758265455 0.5778686564075644;18.05883911149
-7.466702191560341 0.023745818029529353;73.08493865351
-7.44628215675068 0.1606267704711586;62.78256141542
-7.4225715779356385 0.31998159920347735;48.0844976434
-7.391701698504004 0.528082896006187;13.550004008547
-7.282387342962483 1.2685269147723846;85.9454664169
-7.2993590336870575 1.1521412031228708;78.72483230696
-7.3179291421229955 1.0250780185981414;69.99518136586
-7.3388666665022875 0.8821635742321989;58.64179151263
-7.3639270682081595 0.7115717168011217;41.17213792968
-7.399740373981633 0.4685692891932449;28.131569096527
-7.347101503053256 0.824483370153918;53.382350147448
-7.374660978747375 0.6370788513815642;30.558630609645
-7.422985892938531 0.3096454644370441;49.15434952523
-7.392787025902269 0.5132140619766448;18.279547997872
-7.31179716888747 1.0614666026712074;72.6108213180
-7.331964040229341 0.923701614740712;62.16560921008
-7.355582272661682 0.7627823197113672;47.115340321950
-7.386842802291941 0.5504419675687346;6.945309059953
-7.600214835213443 -0.8873472882614051;121.06035369878
-7.587676320052331 -0.8047260742746785;117.51686316797
-7.574780377880494 -0.7196128910071407;113.7513759943
-7.561479452658965 -0.6316814199151208;109.72584987413
-7.547713942628626 -0.5405230404308368;105.39068906340
-7.533407352090386 -0.4456137772906841;100.6793250643
-7.518458575831936 -0.3462617268600452;95.499100979
-7.502728911851214 -0.2415186097077635;89.71488412543
-7.486018571098917 -0.13001988436131295;83.1169339235
-7.4680199226023305 -0.009666698713753696;75.34994488166
-7.448211031153868 0.12309786068455697;65.72640182297
-7.42555789543902 0.27531163053210594;52.568819136279
-7.397313056358449 0.4656489063991289;28.583599969856
-7.345524742374842 0.8159261277203358;52.59638309281
-7.373489957187992 0.6257201872379072;28.668305137825
-7.424994478650454 0.27668937713193476;52.4295717620
-7.39667667955262 0.4675325294437629;28.235203652522
-7.344252950349052 0.8221386198849858;53.201561551161
-7.371895355660264 0.6340969604393978;30.13417853054
-7.420882877436007 0.30204974188513223;49.89013563910
-7.3911383485023165 0.5026140079423316;20.92471367288
-7.320419591047717 0.9813885972127325;66.77281945514
-7.342374409179747 0.8315753446359411;54.10713884452
-7.369547352482847 0.6466818287205358;32.21008101645
-7.415362072752551 0.33604123116375195;46.268112277087
-7.383309939147246 0.552318898500336;8.503337375024
-7.557432159069592 -0.6232444923652833;109.31268217263
-7.5436219337356505 -0.5317414375908056;104.94375918275
-7.5292621098111425 -0.4364278290681609;100.19085476665
-7.514248606862552 -0.3365912131600721;94.958020024
-7.498438037788432 -0.23125102276240295;89.10457291690
-7.481622697125076 -0.11898828396497674;82.41056268132
-7.463480217251387 0.00239694836479476;74.49941579051
-7.443457046848025 0.1366779590678293;64.62994368788
-7.420433799249494 0.29147550261810284;50.93285559207
-7.391300711063863 0.487930864241112;24.188536738852
-7.330137191042624 0.9019735581313784;60.41415144209
-7.354433802094164 0.7363875950502221;44.24303960470
-7.387718450012372 0.5102570184093382;18.87468258997
-7.309340558427365 1.0411754003941;71.224575545
-7.329892797669672 0.9007282900800719;60.31393071701
-7.354228955275474 0.734867090113899;44.074188054674
-7.38764018577028 0.5078698821181051;19.494660529810
-7.311760180412378 1.0218584083359774;69.82946393909
-7.332729707374156 0.8786045810738488;58.41462792142
-7.357866534374281 0.7073489385322675;40.76546147499
-7.394007431769424 0.4619211107019696;29.145185652366
-7.343241017997059 0.8054393266334516;51.62186196338
-7.371725201914842 0.6116414002819583;26.14487301554
-7.428189878876012 0.22891255223483586;56.84714861220
-7.402064020657221 0.40491611887246837;37.839918428159
-7.362933348709916 0.6694151168454612;35.70370827318
-7.404227002538008 0.38918017275775174;39.90647957878
-7.367114342213753 0.6399685753890951;31.20722654676
-7.414386254730999 0.31934182302697867;48.0247532410
-7.3835119800323525 0.5277025554261785;13.239770053139
-7.271752890163391 1.2855850193456932;87.0215994343
-7.288490460251985 1.170638778796648;79.99072224920
-7.306739750253207 1.0455867781950348;71.56030386484
-7.327188362676459 0.9057987141633008;60.76566300511
-7.3513347837784195 0.7411708282811604;44.831575341869
-7.384168691326586 0.5180096814121429;16.533669090770
-7.294712821436725 1.1243513273203023;76.98307770
-7.3136907078709115 0.9944124704378412;67.81415930200
-7.3352887406745495 0.8469002290197993;55.59962795122
-7.361707006599637 0.6669712331658575;35.385106415896
-7.403365615458547 0.3842121232078357;40.50881470629
-7.366809716580413 0.6312680078556712;29.786902101107
-7.41633450312856 0.2953477323833811;50.490917873527
-7.386962328137322 0.493524008026033;22.86209244254
-7.322282311835714 0.9316399328226668;62.91411694256
-7.345588921051153 0.772635465838424;48.30269763069
-7.376039776166458 0.5655160743811551;14.674258780699
-7.476752194928785 -0.11637650379634135;82.20763556046
-7.458576709523349 0.00530855050022172;74.25445941187
-7.438500594388579 0.14003281836074155;64.31247932623
-7.415378953826227 0.29559500192198573;50.45237180627
-7.38598809519177 0.4939228309766621;22.742955575111
-7.320977266064212 0.9343388380455666;63.14348823533
-7.3441951209255265 0.7759121009092143;48.66194446310
-7.3744154818342125 0.5703222196067417;16.305746813753
-7.465019884065306 -0.04336923973341822;77.52596001993
-7.445775477623421 0.08566737343584396;68.48928091000
-7.424044446314703 0.23173788623465885;56.54358622765
-7.397792803690301 0.4086870607539952;37.25320607899
-7.358067974971711 0.6773564443703508;36.89711244192
-7.397999450651959 0.406188184490607;37.59139957603
-7.358631357344144 0.6724379159544371;36.21251066047
-7.3993209803230755 0.39614142801226127;38.93077278181
-7.36130218656394 0.6532218140060211;33.393154155508
-7.405443984793671 0.3535896841829258;44.1639475466
-7.371907709455549 0.5801809012602535;19.19152772354
-7.448849422672787 0.058757772616421455;70.45958029354
-7.427718137583405 0.2007416755460314;59.2682997179
-7.402662433165709 0.3695512199643405;42.26847460721
-7.367633533263977 0.6063128015369204;25.22405426330
-7.426128292267954 0.20960780504878063;58.495047681990
-7.400746387984277 0.38065021284636646;40.89899807110
-7.364552460370483 0.6253470924411788;28.832736238069
-7.41570123976404 0.2783063168982993;52.14301212370
-7.387263237938718 0.47019932910493356;27.50652990489
-7.333517107129403 0.8342155651091234;54.470290121843
-7.360476446130683 0.6505548212757519;33.0095251863
-7.405126397733305 0.34743916677597486;44.85002740899
-7.37210517041833 0.5705613119127309;16.482878073158
-7.461706887807033 -0.036537742554481945;77.05190040075
-7.442352511154219 0.09329314854673942;67.8925758527
-7.420440312274174 0.2406481654062178;55.7017490125
-7.393804355170438 0.42027340785231093;35.58024885097
-7.3522316694986 0.7015898813137413;40.155865430186
-7.388893214545597 0.452434621221788;30.607610072610
-7.340588996578624 0.7795171678703996;49.08520188721
-7.370534130576324 0.5757005101562997;18.040948820346
-7.452372491160752 0.021023842195607934;73.12504640203
-7.432002837855002 0.15782995309925685;62.83624506377
-7.408357956539952 0.3170489276838042;48.170360382171
-7.377602125557722 0.5247796226107129;13.994226205127
-7.271967109489545 1.2416213289992486;84.45513548253
-7.289213367347948 1.1231811615925738;76.95921081726
-7.3081828518996375 0.9932019038930564;67.78431909013
-7.329774147692326 0.8456245855808122;55.55765714127
-7.356192530554132 0.6655594411092993;35.30018973843
-7.397920172881193 0.38211945888902665;40.6674737686
-7.361533817743528 0.6282109072513622;29.401392024127
-7.411672408304376 0.2878840328726442;51.157560933466
-7.382701662036219 0.4834762149739804;24.838795442995
-7.323210867754874 0.8866606812320201;59.218533120616
-7.347974459397356 0.7177303152502548;42.19321667458
-7.382845530307399 0.48060966805578165;25.414045261890
-7.32470218441707 0.8746513996948027;58.1764545071
-7.349914309781148 0.7026941840088243;40.33552967149
-7.386401068211249 0.4546489660196942;30.182435726690
-7.337431960634454 0.7863458471900389;49.82288753011
-7.366921134158865 0.5855478026739194;20.72235279887
-7.438126192973108 0.10264485091140774;67.15328529326
-7.4159850246673855 0.25162299025935386;54.646838731027
-7.388850533214914 0.4347181067036745;33.377725446353
-7.344560557897729 0.7346210906936692;44.207477065569
-7.377827361925945 0.508308036200579;19.003926967861
-7.300087347261076 1.0356084139266999;70.92803305060
-7.320699386443671 0.8945737607317641;59.91396739806
-7.345167274487586 0.7276047371445928;43.39588245202
-7.379059013636272 0.49705770654219794;21.80863643833
-7.311321799217318 0.9563855187229722;64.97542442573
-7.333855650045415 0.8024265878685712;51.46324384469
-7.362391168245942 0.6080307942504151;25.71348513308
-7.419731207313326 0.21887785445023145;57.61453921144
-7.3939830982883095 0.39253601284406603;39.29103791428
-7.3563404745864815 0.6472572083345698;32.59939417576
-7.401526993190991 0.3403263804549441;45.578112875128
-7.369049679436465 0.559881547667719;13.008072052140
-7.4825733622511805 -0.2092905366296547;87.72805779048
-7.465529932962291 -0.09526549388422989;80.80943135663
-7.447067276431717 0.02852600419830953;72.55566830398
-7.4265521717353025 0.1664062759766951;62.08461745391
-7.402638212824208 0.3275540236544119;46.97663936876
-7.371124208380969 0.5405677096331631;5.28652765043
-7.090513668718174 2.4591156813511086;139.89910024289
-7.100672298226684 2.3876216380938056;137.26696787682
-7.111040175968512 2.3147564759846952;134.53121493658
-7.1216339354665905 2.2404093463904653;131.68107749871
-7.1324726900766535 2.164452783284191;128.70389108940
-7.14357859699787 2.0867389131308025;125.58459797648
-7.154977599978153 2.007094461809772;122.30507993090
-7.166700425771907 1.9253140527231674;118.84323537737
-7.1787839499444175 1.8411510166552327;115.17167166452
-7.191273115880094 1.7543044733517101;111.2557988824
-7.2042237104440545 1.6644006374513944;107.05095738214
-7.217706519523389 1.5709648173074422;102.49791336551
-7.231813814036329 1.473377688450598;97.51544407034
-7.246670007084774 1.370803409008631;91.98736948360
-7.262450341725341 1.2620634981325631;85.73803110440
-7.279416576457422 1.14539586042011;78.48081017999
-7.297993591375288 1.0179371675988316;69.6926545621
-7.3189647784991365 0.8744017643578852;58.22726654190
-7.34413521954194 0.7025944846371326;40.42844763928
-7.380509559391427 0.4551192019412733;29.959455939817
-7.331214761753756 0.7892889980246744;50.208547044237
-7.360452722860117 0.5900335779792423;21.997042965426
-7.427469761977207 0.13511634074160472;64.56693151277
-7.404473501771761 0.2900654161863949;50.83903057026
-7.3753493115012105 0.48688421490891276;23.91631970846
-7.313621690677422 0.9056516280196982;60.91701123538
-7.337663637954307 0.7414325183527106;45.08430214483
-7.370252919114279 0.5195220878893716;15.415967066922
-7.274476840008205 1.169995955687292;80.07822791333
-7.292671223923136 1.0450804228992263;71.66853384635
-7.313049740788514 0.9055032440241542;60.91170167873
-7.337091906396566 0.7412697998805209;45.075560638900
-7.369684973180014 0.5193162913242668;15.455585283564
-7.274162277669966 1.168116634765867;79.96362471614
-7.2923819312377915 1.0430220221205824;71.52768315784
-7.312799743873931 0.9031699081679259;60.72279503103
-7.336915850502258 0.7384253753881334;44.761632061414
-7.369736705150579 0.5149146835004084;16.823774922560
-7.2819976746968464 1.1107707706155603;76.21745953925
-7.301132716793383 0.9795260838352684;66.84470296724
-7.3230062719370395 0.8298735521889435;54.21250086348
-7.350055029610537 0.6453388323925404;32.44651533642
-7.395415834388167 0.33696074248742125;45.84754856120
-7.36315624667521 0.5552248845890952;11.456235216972
-7.491979715639538 -0.3180080932539573;93.7963814548
-7.47602049484906 -0.2113626249936038;87.7903495703
-7.459004096686307 -0.09741843227735725;80.88243522098
-7.4405742548277445 0.02626138880239015;72.6451552320
-7.42010231947328 0.16397186198852243;62.203554028431
-7.396254865525357 0.3248114858428943;47.167778458140
-7.364895761620808 0.5369615884495085;7.412356286013
-7.165353924487036 1.8971355251134172;117.65965846915
-7.177556540237745 1.812125682390108;113.91204696910
-7.190181467820608 1.724318590695252;109.90673556735
-7.203288834444791 1.6333109737590847;105.59487828341
-7.216955564229991 1.5385864471946933;100.91102879938
-7.231282961485718 1.4394643482396576;95.764295400
-7.246409417771375 1.3350139458527268;90.02250528484
-7.262533266799792 1.223900053469781;83.48132358264
-7.279957944459298 1.1040777898668965;75.79658164647
-7.299193785134278 0.9721041032421498;66.30836321672
-7.32123832924016 0.821240697047533;53.434220649215
-7.3486743421761815 0.6340172504828603;30.6838296116
-7.396632896183618 0.3079175567273653;48.932497996492
-7.366404554299052 0.5124108803795382;17.41261795965
-7.281676678618808 1.0880534534323418;74.71488643212
-7.301195414934639 0.9541686043488697;64.91874865366
-7.3237177543752665 0.8000749831365441;51.379130409455
-7.352260552465125 0.6053604524122749;25.482930426845
-7.410040315927006 0.21268417811440532;58.02614069308
-7.384508449975641 0.38511006942413406;40.051094772229
-7.34762831381579 0.6349932941448246;30.867547656567
-7.395294556415152 0.3108350218738467;48.61295824331
-7.3648727760540424 0.5166735696016547;16.070023069233
-7.273069946488761 1.140578843370709;78.23234451343
-7.291689702790393 1.0127151306313822;69.38324673776
-7.312736195769446 0.8685393312585079;57.80041542099
-7.338070918527023 0.6954626835373192;39.6485621361
-7.3751302401888665 0.4431174594219458;31.776524472075
-7.328691745834192 0.7581535008009768;47.043335009940
-7.35988591346603 0.5454868116155511;6.196980548987
-7.598221835433513 -1.0646035172190969;128.1619617258
-7.586382445182402 -0.9865614326001824;125.00787186327
-7.574262704239082 -0.9065497415447785;121.68954809603
-7.561831770965192 -0.8243556429870855;118.1839619248
-7.549052466442582 -0.7397228180620905;114.46247299588
-7.535879249800267 -0.652337560609225;110.4887675691
-7.522255268233117 -0.561808578786894;106.21572913301
-7.508107902298228 -0.46763650903204645;101.58048754021
-7.493341740725462 -0.36916586337826995;96.49617976219
-7.477826889597189 -0.2655051061920508;90.8373385492
-7.461378138390863 -0.1553843038680034;84.41175603676
-7.443714317546174 -0.0368775933940233;76.89990329669
-7.424368398684486 0.09321032689837327;67.70161126410
-7.402447401912887 0.24098158026856797;55.43181412736
-7.375746439501846 0.4214826748927871;35.03105370570
-7.333624127118291 0.7072159999412699;41.18435703261
-7.3692798239025805 0.4642839062155426;28.09389438239
-7.316786763345483 0.8206798938050222;53.4427668712
-7.344201745717335 0.633486240594693;30.70444053279
-7.392099008462715 0.3076050452487502;48.89592986505
-7.361866559231011 0.5122516081170838;17.265634288684
-7.276468373047415 1.0928119307569242;75.08334838624
-7.295877523598854 0.9595841915332395;65.39415093138
-7.3182199584442245 0.8066110063184775;52.08904717227
-7.346352742916288 0.6145508901186227;27.38743994542
-7.400069378585265 0.2491878546389339;54.654051938521
-7.372996664223898 0.43225932428097824;33.39563829612
-7.328825292569 0.7320026719255859;44.172591536200
-7.362047201928327 0.5055100167856788;19.128047844787
-7.284977180902764 1.0293836871161668;70.64405768337
-7.305629276623144 0.8877816390818518;59.529838410543
-7.330204397659607 0.7197344532526708;42.7368241719
-7.364548843762243 0.48563002032932534;23.8456274627
-7.302728359465881 0.905643271732445;61.04703964614
-7.326683458575992 0.7417737584282671;45.30044003889
-7.359068833646013 0.5209219373088994;14.391994463164
-7.256617109552671 1.2178753503378994;83.17131102929
-7.2740924634949735 1.0976062611352768;75.42500767971
-7.2934074585338 0.964982138318228;65.83316098934
-7.315593478367525 0.8130293025105653;52.73834405366
-7.343370029316269 0.6233344465735593;29.023740765325
-7.3940363390585375 0.278575734044332;51.808489068690
-7.365498048661031 0.47170944031123785;26.633895590179
-7.310151575074023 0.8476754178573112;55.99941471782
-7.336291595345038 0.6690305610020966;36.195521125829
-7.376877048746188 0.39260263255237593;38.95957392838
-7.339001476228496 0.6494942616652901;33.325984601654
-7.383098632099085 0.3492559977403511;44.28059889054
-7.3497516321299585 0.5752509291078747;18.751469390967
-7.428265030989415 0.04158483175829364;71.4544498001
-7.407485924379124 0.18159137678211668;60.61611414992
-7.383054735901048 0.3466458391949425;44.57379937143
-7.349927553474792 0.5711529589766053;17.615874949640
-7.433509420272223 0.0030865578538277205;74.15285729556
-7.413473326249566 0.1379959573771652;64.18191799857
-7.3903825213476395 0.29387536444638673;50.25578596797
-7.360975938017326 0.4929805373614551;22.13049172411
-7.294388566428388 0.9456169859109389;64.33381628234
-7.317094437140334 0.7901217393055129;50.49692210935
-7.346109586166229 0.5920040397050821;22.906831556429
-7.410338067732759 0.15515520960541895;62.79339562760
-7.386745982255029 0.31448344149532037;48.104892982631
-7.3560380103178815 0.5224979921887831;13.6701047812
-7.248206609482736 1.256425872629067;85.52961627608
-7.265180861645376 1.1394736779054861;78.23509386796
-7.28377980840213 1.0116143308143402;69.38708202896
-7.304802354795527 0.867446338482595;57.806270426597
-7.330107085166077 0.6943869890519219;39.66030717415
-7.367115320118728 0.44211601432583425;31.74822460878
-7.320685794717207 0.7574340429684137;47.091603554788
-7.351814025113782 0.5449850487424337;6.72973043326
-7.571004163319465 -0.938619922512852;122.98041883866
-7.558709245487826 -0.8572887561855067;119.54970775193
-7.546081413493319 -0.7736229931180914;115.91485112386
-7.533078663815566 -0.6873328970585488;112.04277661617
-7.5196489609947506 -0.5980598368916743;107.89097252818
-7.505726455520069 -0.5053503713825434;103.40335767944
-7.491225623842816 -0.40861611652538965;98.50354884052
-7.476031729406948 -0.3070684513120012;93.0832299631
-7.459984298814341 -0.19960547390248973;86.98051106419
-7.442846086901461 -0.08459980542292111;79.93548232346
-7.424238010885865 0.04054601740157171;71.48533241720
-7.403479152343614 0.1804921289092123;60.657879798290
-7.379078007962882 0.34543298893075747;44.64402332429
-7.346020794662088 0.5695868683800756;17.331641127785
-7.43092986734441 -0.007795808396347859;74.8577022558
-7.411089572219701 0.12584280794242364;65.09505834226
-7.388330414224548 0.2795344970402782;51.63423292356
-7.359717774892992 0.47332066010794893;26.167136773846
-7.303426699957946 0.8560054466051428;56.825295901109
-7.329163280042245 0.6799575742633737;37.81443526472
-7.367973256571808 0.41536770273942114;35.73382597087
-7.326723859526275 0.6954758009285102;39.85975622071
-7.363529943389885 0.4444673661971068;31.291099798578
-7.316444108075565 0.7643983960055225;47.890689576286
-7.347035308132298 0.5554952645650149;12.558882329311
-7.464276198768424 -0.24117342391240282;89.37453829902
-7.447588130479254 -0.12924947502431205;82.72468763543
-7.429596875311994 -0.008324847206085728;74.87982512705
-7.4097660079889 0.12527429298610304;65.12367725929
-7.387020926391891 0.2788984379253181;51.67710691065
-7.358437118253271 0.47252376365629534;26.283263226459
-7.302404845999128 0.8535150011182226;56.61883364940
-7.328231638333683 0.676824927277079;37.41590566976
-7.367450080280896 0.4094157417153612;36.5472051626
-7.327122730289894 0.6832830519983704;38.291043342680
-7.36543893126845 0.4219875543804621;34.7408025590
-7.32302350421913 0.7101117616479771;41.72149715518
-7.358169380962728 0.47030776299176313;26.69452723757
-7.303003615197191 0.8454193895434772;55.89115988079
-7.32916869375439 0.6664281776683625;35.979599748003
-7.369958215381253 0.3883402053814935;39.37380803690
-7.332516713589378 0.642526960219695;32.41015004307
-7.377820367303748 0.3338010701407059;45.90881801551
-7.34568046242638 0.5517745205280535;11.06479757155
-7.4787544271647235 -0.35231458921150516;95.50464830606
-7.463108781390794 -0.2475771223493437;89.72247305596
-7.446488125114094 -0.13608733854032362;83.12723140197
-7.428586762241686 -0.01574849489178387;75.36411786734
-7.408886181484128 0.11699178103323238;65.74684870519
-7.38635963848234 0.2691591000418727;52.602175342293
-7.358281636142102 0.4593770162879709;28.673593323685
-7.306927905567612 0.8085579664276112;52.43361085391
-7.3348328266918585 0.6177599636219613;28.268860803951
-7.3867924294126155 0.2637909238358107;53.1162535783
-7.3589848825285955 0.45216659244874524;29.922896995635
-7.309773426753544 0.7867476642776952;50.26829842198
-7.338891414267103 0.5877283187284634;22.193037686559
-7.405122297611534 0.13682491724177925;64.17682134973
-7.382055662544381 0.29271691304468295;50.24873861794
-7.352678061899404 0.4918503605952198;22.11003865255
-7.286103902256919 0.9449081589152799;64.3726949979
-7.308770345129808 0.7895066537428876;50.556647518930
-7.337718324702202 0.5916227541923549;23.092106133963
-7.401358603378178 0.1582780385636342;62.43776841018
-7.377660713313382 0.3185144806755149;47.54298836399
-7.346627541847418 0.5289898255953576;10.389707365389
-7.204816625998255 1.4962019780799354;98.87673290550
-7.219413922724861 1.395039939988604;93.50724563831
-7.234879745075368 1.28806760525097;87.47093316256
-7.251447146672824 1.1737115010098167;80.51827033026
-7.2694850019694215 1.0494784701293982;72.2093214830
-7.289646817506416 0.9109464543999737;61.63529674994
-7.313330964879178 0.7486410709479943;46.26461889884
-7.344983799677912 0.5323928659582835;8.449734961724
-7.170515414370605 1.7238052384331481;110.01203570585
-7.183574512887695 1.6328845872746356;105.70915400480
-7.197189202770765 1.5382623076260316;101.03629427570
-7.2114597469905775 1.4392629350248753;95.90339938812
-7.22652296534735 1.3349638535720387;90.1796904831
-7.2425746549126515 1.2240434377312581;83.66336571927
-7.259913764432348 1.104481675364174;76.01543917722
-7.279041556361129 0.9728877127159208;66.58870392790
-7.300932855477832 0.8226591776849446;53.84362119426
-7.328084954851896 0.636859047490067;31.625889461521
-7.374484438874113 0.32047423681716647;47.286806419302
-7.343296355240859 0.5320908869143082;8.481817887030
-7.1695303450512995 1.7189528988427483;109.79766495507
-7.1826131141127405 1.6278546861511145;105.47746854079
-7.196255850877748 1.5330245100739048;100.78336123934
-7.210560317591529 1.433776615576211;95.62364820628
-7.2256656777340424 1.3291723204056793;89.86481116836
-7.241771650947641 1.217863141480383;83.30006123276
-7.259184393253321 1.097779776293909;75.58018413030
-7.278420333747903 0.965427762159824;66.03280166730
-7.3004939507031565 0.8139341255221566;53.032844386734
-7.328059397854844 0.6252924852996855;29.740005982029
-7.377402149731211 0.2888379523046225;50.5655841544
-7.348227245170648 0.486722914092671;23.100642277357
-7.284550922634011 0.9203124952065067;62.45036121407
-7.307909783987711 0.7601259390911863;47.57379093396
-7.338668891178187 0.5498304056937442;10.64254226256
-7.476900650383044 -0.3900698829941007;97.4475239428
-7.461571227012399 -0.28742126822924097;91.90420230293
-7.445349062900192 -0.17857903035694567;85.63578287402
-7.427975495971765 -0.06176658416682135;78.35290478874
-7.4090289762246755 0.06590821455882856;69.52618950438
-7.387728095731546 0.20979997514696147;57.990360747127
-7.362257346368523 0.38233298051660536;39.98827826032
-7.325430365092473 0.6326105139275284;31.00919453264
-7.372735851879696 0.30993114782932873;48.36271764797
-7.342249668897892 0.5168365221179527;14.942937611044
-7.243808496853589 1.1879963302005947;81.46887298071
-7.261617304147862 1.065213150799157;73.36920628046
-7.281439152662287 0.9288716345910941;63.16814483874
-7.3045228588512 0.7705057635592893;48.70397415473
-7.334554393513017 0.5650916841216158;16.499299236914
-7.423613081653983 -0.04141709515651404;77.0009161598
-7.40434475453624 0.08850043883383729;67.83029075067
-7.382524397375633 0.23599165690611268;55.61619255350
-7.355983648255332 0.4158946237188743;35.41151196154
-7.314425946910447 0.6985561227591475;40.467905854342
-7.3506181648553905 0.4513204096799839;29.858601416547
-7.301356552918733 0.7866239305039968;50.37833749633
-7.330377567853063 0.5880391082332082;22.542192079481
-7.395506484118272 0.1441193542293362;63.49381686209
-7.372221666101723 0.3016894154506289;49.200163890780
-7.342257116846639 0.5050704147460905;18.470270375950
-7.262650984727074 1.0476602378142885;72.15221280052
-7.282809817222343 0.9090184112716926;61.55970174851
-7.306500840649036 0.7465134756130609;46.142434584356
-7.338207910707112 0.5296921291918621;9.40788873874
-7.181719908804588 1.5986911129543457;104.0916300083
-7.1955423462373815 1.502598109870651;99.26714036573
-7.210063619154518 1.4018339293327997;93.9418895575
-7.225438060243427 1.2953565392920907;87.96448354319
-7.2418911335530325 1.181642101370376;81.09497462441
-7.259777259298325 1.0582926363561185;72.91423079127
-7.279717669609717 0.9211000920767176;62.56976421828
-7.303016536893047 0.7612191929030032;47.76361063828
-7.333632948355792 0.5517594781562607;11.832491021517
-7.457856943574818 -0.2937659451944541;92.21881854243
-7.441698258558226 -0.18529511689988287;85.99556886213
-7.424405970671039 -0.06897151650318567;78.77787062152
-7.405570856900162 0.05801431969362336;70.05525797306
-7.384440923014942 0.20081894397580125;58.71863666621
-7.359297665519357 0.371210886045813;41.303729520252
-7.3236593128933904 0.6135102194126574;27.802717413773
-7.37641025953851 0.25360316922120485;53.925318816230
-7.349058907340996 0.4391510516497277;31.796875569652
-7.302813929300619 0.7539877772991133;47.003228037550
-7.333924713003007 0.5411383892845378;5.748436984579
-7.590007808716045 -1.1934247715438062;133.04691589374
-7.57861627148332 -1.1182486356814991;130.12428615030
-7.566985880975089 -1.0413835922721149;127.0666988809
-7.555093392733049 -0.9626684754106407;123.85751561696
-7.542911382051777 -0.8819132836548704;120.47656982474
-7.530407088464862 -0.7988912300182449;116.89905321925
-7.517540809523545 -0.7133276961530044;113.09391384186
-7.504263606970078 -0.624884465369081;109.02147970285
-7.490513924879728 -0.533136488206668;104.62980205860
-7.476212409598752 -0.43753631157320005;99.84877375335
-7.46125359645719 -0.337357022096586;94.58013744535
-7.445491766921911 -0.2315952318018788;88.6792933570
-7.428715010601813 -0.11879325442625377;81.91901669786
-7.410592608708434 0.0033214036694573235;73.9073819076
-7.390551851595596 0.13867950674277263;63.86362732607
-7.367417545539347 0.2953367754664782;49.77083682191
-7.337816278488155 0.49638429411923535;20.533007001164
-7.266264360402722 0.9843275437643484;67.58039548197
-7.287796803255112 0.8363038642710563;55.27058696816
-7.314200592898267 0.6553018042464742;34.714968509770
-7.356390248144557 0.3670784610325739;41.750088118571
-7.321147296191647 0.6067851021673476;26.633765965673
-7.376195859997544 0.231076470900885;55.97319352152
-7.3498471944999935 0.40983148532577895;36.13343334165
-7.309154766093563 0.686839744876292;39.091254207670
-7.346594718191447 0.4308937640068933;33.01604382891
-7.302074543169418 0.7340900912093928;44.84741710041
-7.334677410221552 0.5110053488351951;16.44907030894
-7.245360682204684 1.1204946145449213;77.1989206450
-7.264157765494964 0.9909183261018739;68.08898091857
-7.285523277239271 0.844000576970555;55.992498579975
-7.3115786296525656 0.665332860875506;36.1850147377
-7.352039460475858 0.38882275349169215;38.975431939475
-7.314306621544468 0.6456113937702213;33.28652924583
-7.3583079016891375 0.3450148951090426;44.34707312681
-7.32512263644589 0.5706720465352333;18.492346555866
-7.404471625268364 0.029520928411227443;72.04963695046
-7.383930403460987 0.16837084209295194;61.41455047274
-7.359893891245143 0.33127890194360243;45.89594203985
-7.327822998411214 0.5493144059756616;11.137305469902
-7.459710046650322 -0.3489129025191773;95.17715760327
-7.444050481305261 -0.2438147235960486;89.3538080663
-7.427403782197736 -0.1318645456734402;82.70146696953
-7.409456252555721 -0.010905656712029144;74.85277736844
-7.389671989495049 0.1227421396646633;65.08994742250
-7.3669768038665 0.27644640901544615;51.62837120628
-7.338443558391482 0.4702553913580487;26.15555493036
-7.282289919727795 0.8531130481318427;56.84227926406
-7.30794450455074 0.6771171376211782;37.84974551624
-7.346606292220152 0.41277270907012276;35.65707295331
-7.305387685828698 0.6934861160679417;40.00184120309
-7.341956478236774 0.4433682356795543;30.957958290669
-7.294502432718083 0.7667490571105418;48.467884830377
-7.324638923617307 0.5603336251965174;15.463810189924
-7.419540529720855 -0.08678009396583808;79.85536745756
-7.400972093420201 0.038491697171484374;71.38789763196
-7.380250002443866 0.17862936073845925;60.52839086908
-7.355873285592999 0.34392391454452276;44.42968477395
-7.322760748754241 0.569161250977207;18.174224318953
-7.4034741359090575 0.018537374183925648;72.79800100224
-7.383147100648792 0.1559592838136481;62.408003007031
-7.359496212476792 0.3162726601858068;47.497362983633
-7.328509606724175 0.5269511480111688;10.08622908072
-7.182774751418023 1.5235030406453276;100.406482128
-7.197106008817954 1.4238823964487934;95.20675804611
-7.212249193351838 1.318819803785577;89.39534471596
-7.228409667854109 1.2069257633084518;82.75780112297
-7.245904136734666 1.0860551667057095;74.92906958911
-7.265271692060068 0.9525524918107109;65.19718418760
-7.287587772264587 0.7991163024880776;51.79844312261
-7.315760188865838 0.6059771740091591;26.63016974624
-7.370775806732638 0.23021703028574758;55.97862281407
-7.34444904869639 0.4089548697666501;36.14503395508
-7.30379952929232 0.6858745392277299;39.06792300553
-7.341234461493457 0.42977530208786585;33.066250501474
-7.296814351065763 0.732511176598355;44.75690776277
-7.3294596653632595 0.5089748804311867;16.82995194402
-7.242230320974684 1.1046258445198631;76.19363603640
-7.261267020209189 0.9733394248876592;66.81656590686
-7.2830305363812755 0.8236229612699375;54.174895716263
-7.309950613705482 0.6389587433458288;32.36959110514
-7.355171832786297 0.32984373130523603;45.97661646339
-7.323177804389317 0.5474965651175168;10.613190455417
-7.461502070631084 -0.3950118411750936;97.58316133133
-7.446225532317911 -0.2925057872118686;92.05643114430
-7.43006355691945 -0.18384341506302637;85.8104217607
-7.41276100610078 -0.06726858142170333;78.55986749762
-7.393903179899567 0.06006997258910185;69.78479302005
-7.3727246599879805 0.20342856724826386;58.34797727853
-7.347461604137052 0.37490392408801365;40.64031567182
-7.311298942040011 0.6211630399674817;29.45682377040
-7.361002639582409 0.2814710007168031;51.05310825751
-7.332170865687203 0.4774655832267427;24.550485664909
-7.272391277859128 0.8854022529195305;59.73703273860
-7.2967700008459815 0.717937177745992;43.09774779132
-7.330671845715017 0.48579214363132617;22.741303880067
-7.266141827109379 0.9262509424047749;63.1369869635
-7.289188498101623 0.7678065105240506;48.65671030498
-7.3191862311562375 0.5621921806016672;16.301730484107
-7.409137539218435 -0.05167122717741113;77.52587107156
-7.3900371861146965 0.07736646461476648;68.49215191004
-7.368469712637719 0.22343204084573354;56.55165636463
-7.34241820368409 0.40035768833884045;37.27618822387
-7.303014639213913 0.6688652448391508;36.840692381141
-7.342708800819921 0.39727749668638235;37.69303394166
-7.3037400101780605 0.6628124698995463;35.99448802725
-7.344371554959807 0.3848375986656094;39.34071870811
-7.307028449135785 0.6392400174932333;32.47895121316
-7.35207938797258 0.3311659192595584;45.78287701134
-7.319963298456557 0.549740694657953;11.825981588796
-7.444025634076418 -0.29625928730142026;92.24239463346
-7.4279010586877305 -0.18781602951194576;86.02299832355
-7.410646352811575 -0.07152934724943383;78.81079950924
-7.391854016871896 0.05540363154934336;70.09686185495
-7.370775751326114 0.19812373783806403;58.77657853330
-7.345703773337057 0.36834800462769546;41.40837890854
-7.310221185500957 0.6100352108361917;27.529965440085
-7.363397568475229 0.2465594974482499;54.39885355854
-7.3363324024172485 0.4304915967317313;32.84829636220
-7.291646971342182 0.7352391894191512;45.14448969158
-7.323989159168413 0.5136224565146008;15.121698174383
-7.2269552121994565 1.1768246428861928;80.93111891182
-7.244840632802422 1.0532251463881337;72.71510131445
-7.2647945581868925 0.9156565131051664;62.307695131391
-7.288143512939612 0.755102555521735;47.34859327453
-7.318965490107118 0.5438055935991215;9.045144529044
-7.481224439259208 -0.5616589523023052;105.91882039742
-7.467114790084949 -0.46722246252721367;101.2577591998
-7.45238241879774 -0.3684374790253131;96.1409024187
-7.436895308714199 -0.2643930917531023;90.4395243421
-7.420464564550841 -0.1537872381958849;83.95553869564
-7.402802028293806 -0.03463573684620802;76.35751955654
-7.383425594470609 0.09637731644523195;67.01664407087
-7.361402353350556 0.24566057859067736;54.45449153678
-7.334372197033886 0.4294046928591555;32.96985927759
-7.289863618277209 0.7330274058335007;44.92769045824
-7.322353935371368 0.5103407892784773;16.09783189269
-7.231236894479508 1.1331809187267694;78.14766257254
-7.249769814021278 1.0051779286035056;69.27967230689
-7.270726818648171 0.8607856478851417;57.659832426940
-7.295977694408634 0.6872856165421737;39.39361378097
-7.3330634347124715 0.4333039658830884;32.3429543458
-7.287699066386665 0.7428195863857112;46.03951368441
-7.3193954193666 0.5255124807594924;10.137697347247
-7.174582144321583 1.516975515507174;100.13965343213
-7.188935190344829 1.4170892823401615;94.91126988251
-7.2041082618619825 1.3116994280696914;89.06209111304
-7.220310877112318 1.1993864937091459;82.37205000507
-7.237867553108991 1.0779495876855705;74.46432735866
-7.257334330556681 0.9436133256855939;64.59710296305
-7.279833059223527 0.7887511517566892;50.898751484117
-7.308472909409595 0.5921966100880283;24.12231886003
-7.369151474016839 0.17735824926176202;60.49825943843
-7.344799263071401 0.34273547925137815;44.38027596565
-7.311699670302353 0.5682243500431994;18.36123037542
-7.3914700372694355 0.023205013099375504;72.35403840346
-7.371051266536902 0.1614707527782755;61.82056227704
-7.347214452378829 0.32330864383324776;46.55683607057
-7.315653792798166 0.5382471505332276;5.557888907921
-7.579887051704247 -1.2551912802282947;135.29201538676
-7.5686998731254675 -1.181262853941397;132.46732080598
-7.5572905552213 -1.1057576031029646;129.51898329135
-7.545638624282617 -1.028533128313419;126.43260311931
-7.533720134807481 -0.94942301065685;123.19090822948
-7.5215067687330475 -0.868230596531979;119.77290547092
-7.508964606653365 -0.7847205230265706;116.15268557012
-7.496052411064284 -0.6986068833705792;112.29769424386
-7.482719160060526 -0.6095362333516539;108.16614994634
-7.468900385348206 -0.5170623714533837;103.70303768399
-7.454512514781925 -0.42060739593920626;98.83360050412
-7.439443696089029 -0.3193985733574243;93.45214346476
-7.423537973983002 -0.21235953864105905;87.40131607218
-7.406565751461528 -0.09790729980863144;80.42988089462
-7.388162381722395 0.02646951462197311;72.09413619025
-7.367679070672807 0.16523399979690456;61.47491547041
-7.343719022701464 0.327982434029658;45.99608062475
-7.31178829979703 0.5455436310410358;10.477312553375
-7.451693300086774 -0.409174254001484;98.23197900220
-7.436537782385798 -0.30734535630098403;92.78156694941
-7.420523185494105 -0.19953240741581535;86.63838339591
-7.4034082400919345 -0.08407190177076895;79.53548971603
-7.384805561356117 0.04170416897839946;70.99440983564
-7.364013976230396 0.18261923049355833;59.998669131067
-7.339475844474194 0.34937444309268617;43.535755270430
-7.30575780030874 0.5792415162288913;21.357799381146
PointOptimal;ValeurOptimale
[-7.3057578   0.57924152];21.357799381146787
Temps;Nb iteration
0.051844120025634766;1000