Point;Valeur
-65.24742142152336 -68.7120778499346;13699.967176488
-61.86011237223752 -65.32476880064343;12361.414663059
-59.45257880164065 -62.926151471530225;11453.712703013
-57.39374622193517 -60.926307929416986;10717.65114966
-55.59971565540642 -59.15605351001022;10090.5544586
-53.96425979110283 -57.504907283022234;9525.207449498
-52.47141260635005 -55.985509456607254;9021.808163018
-51.077091356753286 -54.553000718028876;8560.933114377
-49.73066223433487 -53.16879924530005;8127.374706837
-48.42931214073978 -51.833353374271255;7719.116662391
-47.17521442288794 -50.57373536863753;7340.713973212
-45.960572523441314 -49.31433618482659;6976.095577736
-44.75186391722922 -48.11489547959502;6632.571826981
-43.53346263327481 -46.905412044331214;6295.386358174
-42.33480942154728 -45.757021411532975;5980.224987421
-41.19330066765715 -44.60838328338024;5676.571177356
-40.10229799672898 -43.45517096891793;5384.490300786
-38.96059668163366 -42.34969959491452;5105.289284341
-37.85332890741748 -41.264739870268;4838.651030861
-36.809492301428456 -40.17379620082428;4582.900817172
-35.7013545223674 -39.07271236734789;4328.053505537
-34.65752366785166 -37.984878904951984;4086.2721504839
-33.61379962301988 -36.930317132559914;3857.66835964
-32.55754529959696 -35.89747834485635;3637.018769152
-31.567016088433675 -34.87611005619798;3429.335838232
-30.513288564616914 -33.8621886431363;3224.3638274095
-29.54889618444813 -32.854401276710156;3032.1657129032
-28.506880798815235 -31.852656365386995;2841.883835594
-27.562931854500622 -30.857466345636354;2664.310551570
-26.53927270387703 -29.86952197221901;2488.6204182171
-25.61226309904137 -28.889143678864627;2325.3651827925
-24.620494663738366 -27.915502883379418;2164.310880385
-23.68656308330669 -26.94603136946235;2013.3071860320
-22.747987130596393 -25.977155862787054;1866.6115120915
-21.77137746625745 -25.00653090575747;1724.5323847613
-20.893270275266225 -24.034301898901248;1591.7302881373
-19.925046510907308 -23.062195262122685;1460.3102252665
-19.060853820766276 -22.09250932396796;1339.6149101756
-18.197998328002505 -21.128255509916603;1224.072262847
-17.248478642659002 -20.17441058104083;1111.4775289189
-16.427886700353184 -19.240752745602776;1010.7552621944
-15.620655375260124 -18.34627436741394;917.5475653435
-14.73639524793015 -17.504294792110144;829.4449088444
-13.855262017076928 -16.63028478666677;745.0580495865
-13.117710326730911 -15.728748605294156;667.2650257262
-12.383676782255625 -14.875505943441368;596.1818842987
-11.623696072756625 -14.09454291474571;532.5937539254
-10.802892972362386 -13.231498321091195;467.03516617555
-9.952200288245825 -12.421510490461928;407.2095760431
-9.266015333679716 -11.683756945339912;358.82623639106
-8.613983736899963 -10.872817090423819;310.38092557901
-7.967124701437752 -10.182791631858825;270.753788141
-7.320675771703745 -9.401472169575941;229.978347720
-6.6746020265696275 -8.75122892384186;197.69913279845
-6.029628528252432 -8.055171417076508;165.62425519014
-5.386495691855226 -7.33565715843405;136.5078033758
-4.746349703287675 -6.75656708035717;113.88997693394
-4.111244835558732 -6.134479275695329;92.04960842889
-3.4855740896733725 -5.449328110078094;71.27379056814
-2.8808680721744553 -4.938621000866257;57.00854671117
-2.3363774816855076 -4.462370754250135;45.334766730933
-2.0150343454561215 -3.9873830769316227;35.28532953969
-1.6842871429816673 -3.5094412789331795;27.48702035772
-1.4522703741391787 -3.0328324726980447;20.118283656195
-0.9892975651472193 -2.5585388171916654;14.161830500503
-0.7833186028348463 -2.089869152503991;9.09282530339
-0.3874587570438438 -1.6333887766818784;5.77730981727
-0.45029851959108214 -1.2109787325395653;3.5181586121722
-0.6308591487574157 -0.9183769965552692;1.6565591028224
-0.592144444668518 -0.8863519803811856;1.6530703465259
-0.6745467024279906 -0.8831390884306707;1.687121363413
-0.4609962768631775 -0.8813652718054178;1.8515676276694
-0.7127239579109972 -0.8803075644532428;1.7670197497690
-0.3045244826297427 -0.8796605165177639;1.9129609091460
-0.07573458264558344 -0.8792654180925998;1.3101825921080
0.28120733451599833 -0.8790290441883281;1.8748107040835
-0.07930132576240018 -0.8788925192289989;1.317463997902
0.3417313971626291 -0.878817385990126;1.9470544869551
0.24214899820769714 -0.8787784921630869;1.7857188770714
-0.3595219511799204 -0.8787598084517882;1.9513774955522
-0.3522867396705517 -0.8787516069477699;1.950545590499
-0.2986485250253304 -0.8787483779456702;1.9045172845594
0.12415524702229014 -0.8787472648915756;1.429619805126
-0.7083490310161282 -0.8787469399773727;1.7558247959447
0.05361760284783956 -0.8787468635642317;1.271584315213
-0.4249607724192509 -0.878746850247019;1.9067237162824
-0.8723142786590492 -0.8787468487964886;2.3998988584650
0.5891115160890192 -0.8787468487403609;1.654901546277
0.8416697258463421 -0.8787468487407677;2.26316759689
-0.6935752338888261 -0.8787468487416406;1.7218558229275
0.0539613618686442 -0.8787468487416406;1.2720931968301
-0.5069246774806427 -0.8787468487416406;1.768620778134
-1.2223882052440316 -0.8787468487416406;2.87503999497
-1.2234096216547055 -0.878746848739329;2.875046372755
-1.2173134780891388 -0.8787468487442884;2.8752413254105
-1.2551621356645948 -0.8787468487402983;2.8844477076714
-0.9371385605883489 -0.878746848741725;2.6583136743734
0.741890216087749 -0.8787468487401945;1.8539036242203
-0.8017451690746624 -0.8787468487426573;2.08600870863
1.0098840355950367 -0.878746848740896;2.849778350545
0.23840813678685757 -0.8787468487427854;1.7757895701960
-0.9458902189486598 -0.8787468487397453;2.6877489785993
0.4641050089659817 -0.8787468487440937;1.8461726122546
1.2461544243963814 -0.8787468487370967;2.879808212408
1.0425505032167695 -0.8787468487496064;2.894322802802
0.5418383892674942 -0.8787468487200835;1.7095487036209
1.3537316982868666 -0.8787468488050171;3.069329787048
-0.27271773053086146 -0.8787468485363176;1.857949750741
0.785878717451618 -0.8787468494639925;2.019072589015
-1.09144420232529 -0.878746845963218;2.9177760482164
-1.0731155587177346 -0.8787468604052396;2.914336295351
-0.8902756237550964 -0.8787467953846915;2.477186695753
1.048396571022476 -0.8787471144693043;2.8996782516327
0.6316669663562425 -0.8787454097425045;1.6463905916523
0.44852857083239944 -0.8787553120357472;1.872282049146
1.321686459705159 -0.8786928088622508;2.979873985503
0.0572273786825408 -0.8791197041423285;1.2770768469921
-0.8222762987989747 -0.8758980789939299;2.176166827454
1.2802945300690804 -0.8984665091236123;2.908968661813
0.6792887240623479 -0.5350851503169056;0.4829617675080
-0.1959164288026115 2.4450055446474135;11.860389566476
1.3402413824648014 -0.5706627977869947;1.9715190051568
-0.04438702880535339 1.2445827814991335;3.105164647997
0.5850929486938607 -0.49471014765275734;0.3368077298925
1.0156690549975842 0.11840922135397125;1.3331960633353
0.11148957225861378 -1.2548735562393967;3.292247939135
-1.3418087268688383 0.3199207729183391;1.8847992660564
0.17268460380966122 0.8172508528960183;1.568448075386
-1.3961782108192025 0.5807296463943581;2.2270520556438
0.51853306583393 -1.2164735844988424;3.4318731928783
1.3166088632525987 0.6799696620481903;2.540291944585
0.29318512393313756 -0.8760528408912136;1.8959686864510
-0.5007650032542971 -0.8804459446128791;1.7798256758086
-1.419236766737379 -0.8767906434685852;3.338524754656
0.660928538348192 -0.8806032618985992;1.6684900830810
0.13276396132361512 -0.8759767532844572;1.4546252866590
-1.1832234718706292 -0.881934648968583;2.8846424489884
-1.387135746248966 -0.8722788874598799;3.193208598931
0.41250419507904734 -0.8851753709811709;1.9218138754451
0.916783995168934 -0.8598724387512411;2.5845281801450
-0.734776185817148 -0.8682210513908852;1.8310502706526
0.607845182093748 -0.8872718585932574;1.6459016635469
0.7314499889822079 -0.8427947073039163;1.8200772294816
-0.6452947996941769 -0.7513564118003174;1.5315028816242
-0.300743573863387 1.0350814585383046;2.265964165525
0.42647531534055017 -1.4539081746462426;4.366891756379
1.1196646156881074 0.1623759986471458;1.561700387378
1.296826101824637 -1.3488697687585098;5.128538710737
0.3482391609747476 -0.4932121649925647;0.6258494883063
0.16291634532517008 0.23204013453340044;0.3965245681309
-1.6176096140022873 -0.5446800006737874;3.241502031433
0.505930174989712 1.1577924367125139;3.03231854028
1.3913051645376475 -1.2902098997019853;5.253697828166
-0.47156050963891105 -0.195670335584732;0.5956339481748
-1.2848816074836198 0.7806834505695321;2.860035776091
-0.6496288438145317 0.16443456042276383;0.31309874506233
-0.21714070532168112 -1.1135021075598392;2.623998306266
1.2423168873362322 1.0890957128107859;3.5972920416530
1.0583769054114114 -0.7794933511940365;2.852097486211
0.6978834687035549 -0.2929516512988983;0.6117682769686
-0.5522531346207809 -0.47222603931419616;0.346017610217
-1.3669833385599799 -0.2655752636541169;1.9993188547882
0.5224048639203875 -0.14239035794573912;0.3112818887617
1.4497698486111017 1.145680227564979;4.662171180629
-0.8506206593732375 -0.9913153854906454;2.4592964679894
0.9007742540792762 -0.007652042323977759;0.7109067946673
-0.6222324470751708 0.10019107079295314;0.04728920904259
-0.5848080733581388 -1.0186888384675694;1.9300807535233
-0.9281683221870928 0.40219599701539877;1.3250172960207
0.5660031384559455 0.9272144470272972;1.694179488930
1.0747432351904425 0.6237946084613148;2.157663950817
0.9261386857573893 -1.174405861052027;4.00927469372
-0.6905935775526971 0.7975119202802878;1.6881246592961
0.22611516767516338 0.460586560342973;0.3884838491821
-1.0609073542163174 0.40917413693116106;1.5957033202722
-0.777001111875804 0.9039231015173691;1.986444468952
0.9888428610080962 0.7924998744676499;2.7732732353550
-0.03911528813045617 0.2959851262210959;0.13143674921264
0.4860101766418109 0.5810443718816917;0.8039557888553
1.3929001349865557 -1.263764983313823;5.156243627978
-0.4989065768182308 0.22368513114691035;0.6168992541277
-1.3370258734389857 -0.4895170432411793;1.6894996894725
-0.07357967265055487 0.06433983345561378;-0.41037604309540
0.8459598570894138 -0.9951474998714727;2.4524220331114
-1.0409474682761348 0.3958686226468444;1.6023419694123
-0.5867720615643996 1.099381626041796;2.454095463696
-0.9486264179438189 -1.2338168392738287;4.484246488087
0.5272177741330648 0.37435975634296126;0.4843865440427
1.3310326466627953 0.9816265753877422;3.1263300506024
0.08855625918662757 0.01643769580509824;-0.46710220558591
-1.0126096379462481 -0.24456338310055192;1.7222315325800
-0.16200223633732713 0.18462067160466278;0.271928253057
1.3564966441696211 -0.9880711521002552;3.22291284127
-0.17792321218493523 0.2256715711174988;0.43229598217784
1.2444052262797218 -0.5020727682838444;1.5721367115844
1.0578294139159163 0.3091448320282649;1.7728369191634
0.7247211951445194 0.7798927297986329;1.7459592222891
-0.7288365281271465 -0.0034365806579162994;0.0015290912057463
0.7265507394016415 0.07163162549684413;0.11064631121747
-0.6706145365885026 -1.3013812647940766;3.7607519745562
0.042997399508689194 0.06612861036352813;-0.45386666306945
-0.5828331634760638 -1.1961442512349183;3.2083746203410
-1.0497643162554189 1.1688501711435364;4.248630396809
-0.566612820023553 -0.9822626569353987;1.8014442559942
-1.2786662524760284 -0.07015325925716875;1.205712912567
-0.5292632317763354 0.8270634386748927;1.7251439810398
-1.617603344578987 0.6960406296036158;4.072138718204
0.69243074740996 -0.8369959878416876;1.7180807217936
-0.38660906577806564 -0.7632211625344829;1.853594517352
-0.7136554907822366 0.0831552316334443;0.11153235543407
0.7165895596025444 -1.0811955184834954;2.4376042188189
-0.7153035415409414 1.034011148620022;2.1261742571832
0.668275875499952 -0.5097351841625768;0.38837970358154
-0.07755949809114548 0.20354991264653266;0.09916346237689
1.0392251067431602 -0.6243959992777284;2.137336389356
0.4298626124702173 1.0601695821005204;2.413177561121
1.2543679308262448 -0.6617510621507403;2.3533489711196
0.8737868882780245 0.7914987616926208;2.3708547677772
-1.3729301477044702 0.4143460354700239;1.8160817894711
0.4004453562444683 0.8236836723376185;1.9275331165381
0.8359827712800196 0.6768132133174221;1.7922079610843
-1.128499101120376 -0.9132730500787412;2.9177145544638
-1.3105075466391578 -0.7484819841436647;2.8247449225043
-0.34118145202362504 0.22551175068956175;0.7841423360470
-0.09700667500108728 -0.4323051204534042;0.015421755871386
1.1510566009497536 -0.7600803293202026;2.802109435842
1.422526333557867 0.19511711159742873;2.1156293179724
-0.7867281743255101 -0.9278947537349426;2.0406327958301
0.9208267929230416 -0.5547294473360647;1.4673064382258
-0.5748458590020333 1.0985783704368022;2.4584258272607
-0.9998365777432836 -1.1790308584044376;4.255738448224
-0.12044389027986824 0.7568160770155425;1.3124243463676
1.1085862867418488 0.016363973294473477;1.1115376399948
1.2015310325111768 -0.21236627147313009;1.686331219078
1.3388677363437929 0.5345491910370432;1.8104376254261
-0.05380986691194889 -0.581578311092166;0.27180851547379
0.7081747610623635 0.982636801822869;1.8819652410818
-0.5688807055908288 0.025429499257622057;-0.12226768069084
-1.1713658879990558 -0.3635612786678803;1.663278898843
-1.4497573065525287 -1.048816120950936;3.9360704920154
0.9337494963787738 0.8278345117493993;2.6423114185688
-0.5581650652986876 0.7010710608232841;1.3669251016105
-1.1394695704387499 -0.8017564293658398;2.882913590629
-1.3580942200770292 -0.44410278006817905;1.7332886804500
0.1847072382363184 -0.6213446133460141;0.8441608557497
-1.225124077099626 1.2743030273558442;4.858620251238
-1.205765703771048 0.0055643822624944494;1.0665522026734
-1.322219139942113 -0.08558830914233828;1.3314851227554
-0.113678534620689 1.0808401163720136;2.058156151435
1.2548057163018134 -1.0127856608157546;3.1280940023046
0.9289980028642026 0.2935319866234267;1.5097980457169
-0.8494376558887304 0.49306431242298;0.9741912370550
1.0947637908113326 -0.04298493776775203;1.1501619982597
1.1012060870471254 0.6258090098693418;2.172340588994
1.1531967516131083 -1.2089288110842826;4.534391491319
1.4184972552933792 0.6054574462341564;2.4687781167813
-0.7313511770768653 -0.9336465581287978;1.844135444304
0.6080822516761797 -0.6160878979634605;0.8421797497396
0.7319024316938139 0.974147727501576;1.9231938619564
-0.6760952196278562 0.20069334372586178;0.4667941680278
0.08531823324683752 -0.6239548405827228;0.5741143689964
-0.9831832858164341 1.0133465922369607;3.0405607378403
0.1920443473283403 -0.24557041177386418;0.5081285376178
-1.280520789425399 0.09590291651278354;1.294415600403
-0.6797776649966573 -0.9840534645240122;1.8267106477969
0.198219626517379 -0.006899861545219932;-0.15165714617564
-1.328678527702574 0.09999271634668676;1.3991232316881
-0.08422901269265637 -1.1156754793618735;2.253490229078
1.0057980373088555 1.0282171369261819;3.1630616599253
0.05212587793419221 -0.3756272809301928;0.018182045095321
-0.7203767151437299 -0.9366966266413141;1.8153854991802
0.7396364936319237 -0.5710556319964437;0.7918623018872
-0.8671659963904779 0.8750927047706991;2.3772719486054
1.0502391516318215 0.8806537869706464;2.9012221662637
0.6755381039794355 0.8762589206447335;1.6886297063028
-0.09220147067166551 0.880833364621498;1.346047021368
1.051020308836598 0.8752819667377352;2.901868532478
0.6388893488255614 0.882326224844959;1.6496591131303
0.3350115952133727 0.8709086922262215;1.9435484103386
-0.03441847325579961 0.8851265383002842;1.2481936870258
0.5707999315562887 0.859454730058899;1.671833535005
1.2777143695918727 0.8670741985612576;2.904312920630
0.49668386454280555 0.8861672933715307;1.7874902140216
1.7468252904907584 0.8480427888370978;4.801182550654
0.6686627993169578 0.7992416711156543;1.6528203289490
-0.3218971734184778 -0.004775977306050727;0.12242664085826
0.3866688938734306 0.1651632819359431;0.6023538242868
0.8545372894356651 -2.077901135385006;9.268920763091
-1.677444547473521 0.9891377619429682;4.791665242128
-0.04647429386492141 0.01283407152644378;-0.5455563898166
0.6725625306787887 -0.17308486401899692;0.37180125920414
-0.19585043011708525 0.921680549471554;1.6638358027201
1.4802539557534096 0.6743770215807706;3.2080130772626
-0.8889110838707222 -1.0131016943447015;2.7167537012317
0.7492724965265247 0.36346883222305704;0.6524784650419
-0.5829541851488282 0.9992184349706313;1.8453513962752
-0.9262677350625844 -0.24144228452743677;1.4833765250577
0.5229687635888397 0.20623264641502542;0.5328308568006
1.234477037070607 -0.7087393484735249;2.5928132996518
1.1453025840249633 0.8025152127561854;2.880988116336
1.3737839056211913 0.4326062314722291;1.7976695303233
-0.31054422166253426 0.7721125512916118;1.8511195251726
0.26332328540965244 -0.05643776435301562;0.10025467444214
-0.8130677347629397 0.9498657071036332;2.182370290996
1.0611944714194865 0.225233051673577;1.7456143647753
0.7972693461348472 -0.6345435990511309;1.3744126327443
-0.9760641830170071 1.5302115236767961;5.668132096327
0.11668486789204913 -0.6548085385662281;0.8374607201020
-1.054599469793604 0.9757342959297273;3.0103606858853
-0.7281931611570334 0.15551323746797074;0.43242620553650
0.6154951637799422 -0.9753792894995711;1.7490766917059
0.6534397110788206 -0.12079465404795309;0.1437042190783
0.16618900335470993 1.0893039875392008;2.27800506765
-1.3718938878443494 -0.8934262679910705;3.1338517984594
0.3224893089872809 -0.8515283773170348;1.9340296649707
-0.12567843814382196 -0.8394314288993195;1.4330801526261
1.230535882856591 -0.7791229208207243;2.8198652240510
1.163901561004724 -0.14245986598993576;1.4640160235596
1.434134605817173 1.2067770398926752;5.034568956811
-0.8139041037284824 -0.752289158956005;2.019573645956
0.9438593232659664 0.13595017250686303;1.2252194241065
-0.3639095347920913 -1.0933684483499957;2.702578160123
-0.3954744137700719 0.9144536749407361;1.94565097193
-0.7436976867263976 0.7551010764075289;1.7485157258866
0.7248982874154588 -0.06597196208974909;0.08907399890775
-0.5456013721448767 0.8045421805191304;1.6840220292867
-1.2210014714847253 0.48252335955431747;1.5362265947576
-1.2324985464057943 0.07839277852298937;1.2021475365781
-1.1465580782151572 -1.0589166576264692;3.407018756555
-1.4180362466023348 0.9434237152443781;3.369380891570
0.7966793864429076 0.46723687435725675;0.7131289012668
-0.9756378300102444 0.30751851318586476;1.6431191663732
0.12190223074353845 0.71117179596183;1.1508693272919
-1.0760804228375112 -0.8577329256693274;2.915766684491
-0.9419401595822816 -0.8595567323189314;2.675120049294
0.5319888258002408 -0.8652150174174295;1.725466444897
1.2832979549507377 -0.8786159968238842;2.910810441465
0.6615674338480204 -0.8789801075036965;1.6692314100820
0.053845102825279545 -0.878272138926623;1.271921290337
-0.7369887945805641 -0.8797680923899943;1.8378822010346
0.8783213165440465 -0.8760737817959466;2.4261041411863
-1.0454351093088916 -0.8847680503729577;2.8971925378716
-0.611892122532609 -0.8542264997664996;1.6451790517725
-0.6995827100513352 -0.8416108530138529;1.7344199186568
0.4552790767286816 -0.7254456599274898;1.6493327813727
1.3386051328440636 1.6080415589510393;6.6046101559720
-0.10788552533622187 -1.3668568359397257;3.6190091941055
1.2187726176693576 -0.7418167386132867;2.7230362550734
1.24866080467763 0.3344661140139974;1.7099853513203
0.9733485228603533 0.9266466558749629;2.7861093591625
-0.510116306505966 0.5968773875308759;0.8472791167827
-1.5376749236650717 -1.2623194757664924;5.932295469072
0.902264101771739 0.1699191023362887;1.2030906419753
-0.7236931120956853 -0.9980508793572724;1.978323519431
0.4445360636926283 0.24754437123774187;0.749811043300
1.1076412030743223 -0.12557486219130853;1.4188446086150
1.1925438473098993 1.2208616996271937;4.592162847263
1.367341727630295 -0.6278143607440632;2.3831042764735
-0.2886595603511559 1.0597916864298877;2.39882817641
0.5351702384460258 -0.6593293032306222;1.1752856461690
1.3291962863336075 0.8018851360734138;2.9755931034508
0.07106667572335179 0.5151823025254163;0.025770512207593
-0.8924414738017438 -0.24870335931458698;1.3587346029122
0.9981442897442802 0.06630392489709103;1.116735438551
0.04729182886441019 -0.821810243536379;1.2558150545595
-0.5967008927459082 -0.6471679098448679;1.0335935008847
-0.8794321919372857 1.1517602789363324;3.6451774392
1.0943505487114376 -0.8914965074547399;2.918508027397
1.098165476084558 -0.857746336461305;2.9181642799067
1.1311180718534255 -0.8592121283605947;2.9097477043650
1.3606597355269827 -0.8631817242908819;3.0928857555437
-0.4094834947434365 -0.8723949516895194;1.9249834997874
-0.9748211330945632 -0.882369164601381;2.773127447078
0.416339018145082 -0.8723294206634771;1.9174363964402
1.0666068447214117 -0.8838763134832768;2.9117619867523
0.7843092159388696 -0.8665492858637807;2.0129020448953
-1.2944746423150064 -0.8823185651193204;2.926817286180
-0.46398969548128677 -0.8692359581914342;1.8465656109447
-1.4079774126470799 -0.8873390518945683;3.285125284883
0.7062347990662516 -0.8439914249113103;1.7503965574063
-0.4194964838951878 -0.7658401040492223;1.8298702666671
-1.0092677931090104 0.7037719788536797;2.5421362907632
-0.11649722978557542 -1.605503746553138;4.964317337236
1.2436013430909467 1.222046018593666;4.597277139473
1.046519791298486 -0.42203006208380356;1.567034074986
0.5454102814550981 -0.777324971133283;1.6450845381022
1.4087809726390907 -0.19175266167377625;2.039187116130
-0.8014997044621679 0.7825356123321673;2.03538405655
1.03631938016805 0.21148750292963092;1.693851430859
0.5279577729780226 -0.6392396937350223;1.0676935945773
1.3185602597701065 1.2139409350387518;4.640552080731
0.23954061687762684 -0.5780760432473306;0.760245274457
-1.03305287524212 0.8492615219314428;2.884241729080
-0.42784088570642675 0.8315948408806282;1.9000688728066
-1.1373793884702987 0.7320557691223074;2.720114936959
-1.3892934130769965 -0.43987684071732003;1.8540712804928
0.6472318340410861 -0.6611452618744063;1.1210056489348
0.24398662277382688 1.1265821475384132;2.803246039051
-1.0799732236493993 -0.9605627310485547;2.984132483792
-0.9565319444515177 -0.36537636271128027;1.4909071148
0.6211019620882805 -0.9547793498935002;1.700219890157
0.5842064159583232 -0.365214060548515;0.4285353002605
1.064904942527483 -1.0204280469335094;3.191343887735
0.746080307816853 0.5137803962792606;0.5889420665918
-1.1645902118919098 -0.3394056271860596;1.713640553127
-1.461996831176726 -0.9523997298882636;3.6150124691413
0.9955010024999942 -0.3027202392489763;1.694799279310
0.03800202617799375 -0.663899614490576;0.7334919503137
-0.476208846953182 1.264626428452166;3.7673242130572
-1.374200982531458 -0.17049487195683177;1.820043580711
0.3696315964245842 1.019008799868512;2.2239511950252
0.47290812583668107 -0.5150124701023076;0.5548564181751
1.381002687243991 0.36438129283487264;1.9397389898107
-0.44733103742804103 1.0542520457768574;2.3484652906341
-1.2091076479658112 -0.8746268399683359;2.8763738873436
-1.3049363441088295 -0.8811294223096306;2.944771732137
-0.32399937346644125 -0.8756125044309367;1.9350549100778
0.1780153515915004 -0.8816226054352413;1.5949575032648
-1.4792048845441141 -0.8738039266120587;3.6609009101212
0.8534208644587435 -0.8836535581674221;2.316083578324
-0.8414361149178065 -0.8670420072917964;2.262380450098
0.7656283222442184 -0.8831174166011959;1.9387649208107
-0.5722955111184334 -0.8664316457850092;1.6700628851117
-0.9667577154591807 -0.8847197857462189;2.7513601733215
0.10365993786346128 -0.8568791145041453;1.3745788217540
-0.8941242011685886 -0.8568371432159296;2.4937835560781
0.6585965740102644 -0.8566162950276779;1.6663105095981
0.22085810077650075 -0.855375209091702;1.7271129363587
-0.9411174458080769 -0.8475979154942994;2.672046135285
0.3887313551984266 -0.7798314247604982;1.8879713946981
0.6558953886604413 0.731363342213844;1.4738843631392
0.19585607258535054 -1.635274448932964;5.504149812496
-1.1727222348576154 1.3974635185917985;5.185979354076
-1.3974787067107184 0.695787578358488;2.8918605804484
0.46035444568300043 -0.8243682359575951;1.8469701893833
1.2161075681911455 -0.6716492018090908;2.4012546134591
1.260179671068873 1.0279091313493054;3.2068142091813
0.8951239883237376 -0.510756049094357;1.2105440088623
-0.9782938587614936 0.2491839160367696;1.6549735879428
0.17447063272297725 -0.08335712924869915;-0.07354535432853
-1.2330669992077763 1.0222285233533586;3.1654835725771
-1.150348185508842 -0.550717775709364;1.750807742072
-1.401710820975789 0.7680595373406558;3.177614179327
0.588982772761768 0.03524655385403952;-0.12671662265892
0.9246665004417743 -0.5265161183681245;1.372355734522
-0.7121472949617619 0.5943834270556255;0.8357892550434
0.44883399405176794 -1.1803832223333615;3.306703001784
1.2003413638036484 0.834092800567293;2.8762978524272
1.343123512030655 0.7550315846590375;2.9248428044089
-0.0919625311914507 -0.0902218700897579;-0.2879718403305
1.0565847521568885 0.9992085439133676;3.091561044401
0.7029735865724025 -0.2192822438292561;0.5671312560546
-0.5306309028319238 0.49117243475128414;0.4003820414061
-1.4243603103284115 -0.04746834131751876;1.605457429196
0.777745254957602 0.7244359146564661;1.770098649451
-0.8773658002454974 -0.6721158923386514;1.950469940266
0.7965271947486892 1.111000048400534;2.9520991760209
-0.7641399044124675 -0.9989148669305554;2.117532796484
0.5966568855607439 0.07221175943484348;-0.043015258593553
0.8045954747415089 -0.7903969114636792;2.061253886416
-0.7812107121615717 -0.3550898502974557;0.7902777124842
0.659251191494177 -0.9830757150167704;1.7945288019371
0.23485609763462473 0.045773352072679074;0.004205679093408
-0.818410479706277 -0.6649800715993861;1.646967874359
0.7946161423969686 1.1114690118517432;2.947703688155
-0.6890397390079659 -0.9636230906591847;1.7873084275786
0.034335379997986526 -0.3283823948059006;0.0872260014522
-0.34529130086412807 -0.8029847978267428;1.9270858419709
-0.18837283059578744 -0.47712034965036426;0.28321103106582
1.118342627833908 -0.1730272062474842;1.6014393432516
1.2532782996509508 1.031886074403495;3.2238786590379
0.9813774659154165 -0.6781075041085571;2.3514503762978
-0.19468636379116522 0.9292537634447033;1.6667863429023
1.2540158069784177 0.619972566269583;2.1036029374777
0.9626778807977975 -1.1117630063513395;3.6340527674039
-0.4418101885836133 0.87574356506985;1.8828369942236
-1.215390005821646 0.8798464403566453;2.875419190642
-1.272078192350312 0.8776331973021558;2.8980204082193
-0.6983195379266298 0.8794464551340515;1.7321158555708
0.57216605364882 0.8777782855307783;1.6699171154241
1.2054238140280251 0.879578700018763;2.877099746290
1.3533180524493595 0.8773284942637805;3.067994223627
-0.5141196417596761 0.8804056613813236;1.7557369941464
-1.5586145056657983 0.8753407023311466;4.117949945350
0.8715512162101569 0.8833589312570853;2.3966270169574
-0.895298702416172 0.8657907774683735;2.498490331054
0.6888849450194512 0.8831481548939699;1.712397301462
-0.09470426633366891 0.8639895934150821;1.3523178435478
0.8832458777986217 0.882189425289275;2.447354228661
-0.7614361772644523 0.865469797608143;1.9232327535969
0.6352956405222089 0.8881838728328555;1.6481825120243
0.45528795169067604 0.8242063491030481;1.8554620027438
1.159178353129394 0.4377226664043357;1.549508735034
1.3856688239894386 1.0691348334162607;3.7611234381074
-0.32997427535622004 -1.932440001712276;7.692372502999
0.0044182205751306936 -0.0006169638054023263;-0.5797112476255
-0.05672257285270558 0.01051914397410641;-0.5322606190498
0.7180074466075581 -0.21110058360858533;0.5863099408134
-0.6330205963801159 0.8937047803130265;1.647879096032
-0.4317105449735019 0.8208109685530968;1.8901329857423
-1.199203738175783 0.5428486858189587;1.6965167530764
-1.3742924806782344 -1.280507428862805;5.149830003663
0.5869918963990883 0.35815638590780696;0.440616562204
1.0001231530050703 1.2521402692339128;4.715855361996
-0.10815732054846627 -0.6766091674902597;0.9392508123342
1.311088027113865 1.2384297200584338;4.769983048014
0.19603930847961237 -0.5063464109393849;0.35408725011370
-1.4132316197540886 0.2624005177750114;2.192651596061
0.6691626312609604 0.08308580531410636;0.020914546841490
0.021248954634145112 -1.1261727813742848;2.247104096628
-0.27727752034347647 1.1539581634438858;3.098876996988
0.7222769646813261 -0.8095204403221441;1.7778630913291
-0.686092812788341 -0.5844597916005693;0.7223703834963
0.2692553399505355 0.8195270370771236;1.8424399992056
-0.8322659716750205 0.6584290946906299;1.6709005415029
1.1669293632226205 -0.8923383717633824;2.8929919462461
1.401968247633753 -0.8544122007037181;3.2577974287120
-0.5030749682291913 -0.8493661082602615;1.7758801730097
-1.304594210232355 -0.8296009930316874;2.94059430859
-0.4578701342702851 -0.7039161982666915;1.5510016018374
-1.2638458858705368 0.8759181736880273;2.890609153515
-0.8556368887482445 0.8810815459209312;2.325944688933
1.1225916921179229 0.8748021986156419;2.9125317790601
1.2846370149489181 0.8826839540473819;2.9126043632634
0.6278894289345429 0.8699118018741197;1.6454421710947
0.4961513840415194 0.8849045583284731;1.7883975610987
1.4994146859236666 0.860172204733536;3.778253377160
-0.9074124686947673 0.8695361861803136;2.5476407767100
0.657376185249404 0.8882839685287116;1.6648655856056
0.2106484286245166 0.8356420132997314;1.694699745232
-1.0425544734539738 0.6713347463178588;2.4184695930220
-0.6072562007205913 -1.9266919716551416;7.36949771990
-0.744247069426516 0.04788543953186952;0.104355702020
0.7891414422900989 -0.8615275999335806;2.0330131646895
-0.9518060164260083 -0.8713462009035678;2.7068561553514
0.35027142777774567 -0.8855149080685095;1.9502588368070
0.23936365162262346 -0.8579527508982692;1.7788226878284
-0.9497990639365699 -0.861299900237177;2.700804024038
0.44090650832560896 -0.873824833767496;1.884251107827
1.1363249324472866 -0.8884514506339262;2.907446090762
1.3521008167478068 -0.830778574655094;3.060954761780
-0.15593521809492228 -0.5870507096291014;0.5547582448910
1.2745147959505339 2.0672038659246876;9.73003140734
0.7590820379521958 -0.8408772696117834;1.9135528831519
-0.9093694636415922 -0.7938933033823746;2.5230141445961
0.7614728345568827 -0.3875557839990117;0.6482441491143
-0.7512333284142466 -1.0063160790717784;2.100925131752
0.6462716630986148 0.3523199425408803;0.450176589484
0.3270073843219841 1.006449919443571;2.1532028925871
-0.04387901200772021 -0.3939766735314023;-0.02848936397330
0.5395963892371878 -1.024954773724371;2.016508358802
1.3135942118929982 0.6339146691626645;2.2657033132564
0.24533132389364254 -1.133062458627887;2.8587641087647
-1.0496996407723642 0.8909385558749534;2.9013918548
-0.6089594456649614 0.859545125033239;1.6457927540300
-0.7502160016530551 0.8637434352754244;1.8827049624486
1.0674792482985058 0.8726316389209678;2.9121634921973
0.8151215825925933 0.8814277555698693;2.1444209111607
-1.262236815118961 0.8746351788924704;2.8893651550794
-0.8775394172998852 0.8822429996001909;2.4227359250079
1.0446773155590452 0.8718005104697313;2.896472763710
0.6054541917848033 0.8843594393438319;1.6464569531405
0.77201874130306 0.8636851797081674;1.9637213272820
-1.0240337468045686 0.8781479812025904;2.8721959693177
-0.34196958012672796 0.8797572382333347;1.9471668010305
-0.10699852482729788 0.8756247355765453;1.3827328626795
1.220033806651934 0.8855142655420168;2.8752558825885
1.2399531023774015 0.8487358087161141;2.8778077505653
1.063476003404289 0.8012590294083756;2.886803110539
0.730065618152395 -0.018349870375492072;0.013060601446347
-1.0211735602122964 0.672463083422998;2.39853093417
-0.13975840080834823 -2.0837405494012984;8.489456037720
1.5324760456726243 0.8675853828380125;3.970339651771
-0.8763592018743482 0.8767539490949178;2.417575538789
0.8148000692259203 0.8798740205794556;2.142981296255
-0.8023597486832534 0.8773642441169934;2.088662417163
0.7131497397707218 0.8798716398478851;1.7681314578009
-0.2374928190449408 0.87698942216727;1.7733367524089
0.7625094145634068 0.8806499003619216;1.926938871331
-0.6018250511241221 0.8750425816284051;1.647740463077
-0.7656549865074703 0.8833171818725126;1.9388729113997
0.6746644622281078 0.8665903847530186;1.6875166771516
0.05008994179042414 0.8836488299550598;1.2666213453461
-0.5353590760017122 0.8627768113867303;1.7200811941794
-1.2444162661535787 0.878533120646577;2.879105267668
-1.0613079068948865 0.8789751359125612;2.908885705753
-0.7677344629045575 0.8775785392825158;1.9467490059979
1.0089555828987113 0.8821463017616493;2.8481765051754
0.15456027290773355 0.8625636251880068;1.5213456170514
-1.2974924884560257 0.8844356510316225;2.931770599601
-0.4936522237817339 0.8437995453622408;1.7926153542118
-1.4130067602189604 0.7229469789450325;3.086546336782
0.6267676910548996 -1.9340417660019997;7.4056333304466
0.5271501636229441 0.534877131875604;0.5206087472795
1.3327791877280273 -1.1040341294223512;3.8411674875394
0.06763991787285284 1.4182114978884754;3.641464714277
-0.8300111796179566 0.5287328572944905;0.9766981499464
1.1142727007917892 -0.606203852589513;2.0532402945001
1.2358444700607365 1.1894899015976692;4.377932659572
1.123695728188157 -0.7506221202281689;2.7877539671034
1.3113756994800951 0.08541605659031326;1.3070927836392
0.20592676909912955 -0.904277886134885;1.6856241481707
-1.361949956540266 -0.8014056265354873;3.0738372993890
0.3072609195565972 -0.4425310592976066;0.5669616349396
-0.3502733640622955 -0.6393005212809119;1.2863335424389
-0.2136319131156116 1.2513870871845327;3.586032492233
1.3292606965372062 -0.2430487029756514;1.8642327254850
0.022960536493318084 0.16943490438855868;-0.08671067069122
-0.33444710352176127 -1.0151247311573899;2.197836921629
0.03849365032398505 0.46046858688962855;-0.1010841729949
-0.6241821770713938 0.4044666757276617;0.33919142800175
-0.5289837186799706 0.9925881037659718;1.8905655474322
-1.6376793770241824 -0.28896867352768996;3.384966764498
0.5587746495195351 -0.4762433193213488;0.34041724785240
1.291302273628671 -0.12759392513908507;1.4323793596726
0.41059577526355295 1.4170499689234277;4.267399545555
1.0694322401027996 0.38590692533289883;1.6413037453717
0.7927364946409591 1.1794745622144531;3.475797321881
-1.4516099517624506 -1.170679152949687;4.868068740634
0.8401590469821216 0.8854903034372685;2.256535122422
-0.9037041578970353 0.8697822423729493;2.5327689230799
0.5993091632383014 0.8796445163355958;1.6488357360617
0.7895515357451768 0.8775459464892283;2.03430179120
-0.7889510336116807 0.8798015407225788;2.031800408830
0.723051819376473 0.8769872967126142;1.7953987511742
-0.342654493200963 0.8807944663931028;1.9474826869199
-0.168845240335037 0.8745109984843986;1.5659276092179
1.0817212431899526 0.8840866166524958;2.9167670230875
0.9995467139468532 0.8632609130971713;2.830685017980
0.11730162859698068 0.8781703252927421;1.4103787225403
-1.0968911096804197 0.8798143732572928;2.9177576000270
-1.1172965823611982 0.8751604499200519;2.914206559708
-1.2647309859455862 0.8870482153737401;2.8915747220538
-0.8213829137587658 0.8364210782204223;2.1706407693892
1.224365772121446 0.6578978595117468;2.3219977195641
1.2096024825655438 -2.116779028167047;10.277658301515
1.3043475216526006 0.8429076015190367;2.9433176836730
0.30369261928185165 0.8071838777078805;1.894455719823
-0.4797798710247507 0.5486997735886094;0.6599737627420
-1.5274213133116314 -0.6519789119277346;3.3529601110143
0.9334735513672292 0.9442024811113183;2.6834032353218
-0.5187899010208223 0.5118635655754975;0.4634074418316
-1.271178605952188 -0.2581622555779419;1.7777370275260
-0.8230664293740799 -0.04205653630461198;0.410193832631
1.0173901771070166 0.6123743005137745;2.036828507444
0.3356696036101172 -1.1989438842934632;3.511854881711
0.05391288369416486 0.6833499340459661;0.8621421718741
-0.6674169627285884 -0.7364932836680316;1.5062741123226
0.023115718828928156 0.23063833834237635;0.08576691141006
-0.3354167788631104 -0.28130667011381705;0.8293233637557
0.022533681345852985 -0.35016169731123803;0.038457753182377
-0.37481343560193414 -0.9872625616243653;2.090804326919
-0.591101566890595 0.13398830001946171;0.18978479173321
-1.060015756312222 -1.1852646395460504;4.378963351293
-0.6070677590548125 0.8580639227225864;1.6463165948259
-0.8416091473364706 0.8602285184833957;2.263344492988
1.7058198827598994 0.8658439953764296;4.721143682804
0.3719571577626153 0.8769006927123635;1.949916499624
0.5297335233133214 0.8805051948064961;1.7288678199471
1.5438449236484402 0.8756509552276446;4.035166421841
-0.9626874327060404 0.8823239359092019;2.739665019485
0.31042049083092604 0.8704229747244885;1.9207610412950
-0.25841215821707764 0.8856397743752216;1.8264334376530
0.8486011118096998 0.8562191128892342;2.2948363651793
-1.0367118041892658 0.8542339756233688;2.8886642538375
-0.5401899715697158 0.8438687766451463;1.7118627575491
-1.261882250115523 0.7645398217000154;2.802218570213
-0.8843318500998611 -0.743920890473301;2.306769397053
1.007683547345573 1.0853454790730017;3.5367649624601
0.1751604384108848 -1.6195006870647253;5.280901666684
-1.2446674225225527 0.9375141283280015;2.907830169066
-1.0569526439147292 0.5921201617485713;1.963744822198
-0.7142363595635896 -0.8831486310069868;1.7710638468190
0.624622465493735 -0.8740878916666923;1.6446681591775
0.5384175914558398 -0.8808197874029956;1.714856063681
1.4169184797796865 -0.8763451314395403;3.327258836734
-0.7906875138286993 -0.8808646404943098;2.0390573639510
0.9613156294468799 -0.8755941654794172;2.7356482611558
-0.26563515599466814 -0.8821568057420367;1.842794772174
0.6896582938504978 -0.871864746358218;1.7139693636336
-0.19771389404091888 -0.8850518905255006;1.6569866479822
1.1625796817581473 -0.8606471441501432;2.8947997095758
1.3972093943115598 -0.8706129745617934;3.2362978949149
-0.4552963520876876 -0.8882371593818799;1.8615538608346
-1.1916573588217556 -0.8377875048032157;2.8800302099020
-1.364859640333523 -0.6991916216393689;2.778566573914
0.22670504541707026 1.7169897748219332;6.364595630531
-1.03797890616207 -0.963938735658957;2.965002679164
-0.5248546127514001 -0.18258726277618076;0.4579122788934
-1.359958177599125 0.9657106744728642;3.169669977610
0.23063411986852023 0.11761738926856358;0.22502560147609
-1.0565019550629984 -1.2611332455512407;4.832834079678
-0.7222817693370007 0.2549955801243582;0.6714615086366
0.6571172676324388 -0.02861065925498385;-0.12744278019537
0.11468022380923781 0.4807553735343153;0.06237361727257
-1.2520088533828506 0.046190489912668886;1.1215422648837
-0.9615363383512952 -0.8337490219679862;2.7340611535925
0.5457404178099954 -0.7091458624254209;1.4221529433125
1.3387916855969273 1.12599066584158;4.031955668764
-0.12797805011511199 -1.2939863708358068;3.496501925976
1.3289604197086564 -0.26706259389699194;1.8826237021738
0.0574092125210246 -0.16075312733812738;-0.08055804227619
-0.7610288809742347 1.0952536770065828;2.6871049954492
1.0087062172603884 -1.0188399230773477;3.1203589027376
0.12862316462320822 0.3146687443753309;0.30182245024345
-1.2711595223228263 0.6912517913084681;2.528653463470
-0.7714919468437802 -0.7537373778626135;1.8460116292060
1.0377344666606307 0.08111712535542992;1.2245820293270
0.5025767147754745 -0.9161420412668997;1.7855327208662
1.4256555921385499 -0.721823837902043;3.14376320270
-0.6979417655672024 0.585260260490811;0.7510325282724
0.267179663989355 -1.040574694708588;2.236145863237
-0.7099475232231626 0.6081574432174521;0.9095306657899
0.43705989906590237 -0.9587743488544811;1.9539628765295
1.1342887376265498 -0.3695874743259022;1.668962733191
1.351740237358132 -0.9740913966491825;3.1641222428946
-0.19462850296886658 -0.11920574780698456;0.12407900005831
1.267262403312449 1.1108693848170148;3.7808653659291
0.8253151281714608 -0.9604810306609877;2.257366539101
-1.127626999387397 -0.3621258879858267;1.6868225430190
-1.306665096355475 -0.9534237466592624;3.0014396657353
-0.38459154311748434 -0.3766068385318059;0.6915907929949
-0.665090831713973 -1.0304956208585303;2.0065309452101
0.03248328814935064 0.6234523106930274;0.4869449039386
-0.49514097730297335 -1.0746098018254462;2.4027821776859
-1.5673220358668072 0.7474119585045338;4.031430891924
0.8301985456268581 -0.07699164152066462;0.5333634118852
-0.974151526282413 0.8049244196943258;2.7518325824301
0.10224073911851517 0.5172053739732634;0.1008039285379
-0.9516936504198203 -0.3453066872917768;1.5157068352653
0.34853778633681753 -0.955464794687327;2.0069455474974
0.21921059946481883 -0.29414915912475315;0.6016693758451
-1.066459435219614 -0.5389187630296773;1.7140756710458
-0.8423512013291405 0.8175009261661993;2.256802687979
1.0442918377956751 0.577520447227085;1.8745201949331
0.6244533728550781 -1.2292490006206704;3.4060135649782
0.5504043238500895 0.5933620002997768;0.761475718892
1.2594217518127349 -1.0541397063433584;3.360795250859
0.8818057955104275 0.681998924720234;2.0240025868153
-1.1129374847366387 -0.7341696646208609;2.7366239392530
-1.235346523779845 0.24778436424658357;1.747858079543
-1.1211083289097659 -0.06596901893681795;1.2013055303481
-1.308452686402768 0.7896812101812954;2.9133559670608
-0.17762223689182566 0.32048362362520083;0.4450545679062
1.5201183396840137 0.8083218673394907;3.88217882377
-0.8597347668135298 0.4915737233185796;1.0178819282781
0.8350852484967104 -0.11647182419223445;0.6995022470246
-0.7771946598009123 1.3443688173288302;4.172397528689
0.6218178054250285 0.5323191231037671;0.4225647326506
0.5898485714193533 -0.8006334716526097;1.6304067676376
0.8678157524437149 -0.3525423879696548;1.175440275184
-0.7907503629464112 -1.1770010234937898;3.4489780031322
0.7186593564527142 1.2121860729297609;3.439542743648
-0.30320544674218475 -0.6361273287154257;1.2282614905814
0.24357318258134186 0.9884102209957266;1.9351035265313
-0.7947229592024223 0.03293582877392798;0.2706208639269
0.8019909303718924 -0.42367775513648726;0.7540663184437
-0.7489357529156526 -0.796838645146904;1.8494418749954
0.498673276183895 -0.38340580172036054;0.5169046326353
1.1884312832492137 -1.074216665999795;3.492342755793
1.3463398335868797 1.0297397666697876;3.3749370054930
0.11868551216704626 -0.4990750055140374;0.10117008504071
-1.016558181823816 0.08456082254471686;1.2078028243049
-0.3326089584055618 -0.9567312639041993;2.0016714938716
-0.01850134769361156 -0.31272573709556417;0.09791378634142
0.23926318005190433 -0.7376565632770608;1.6117770384021
-1.056673098235606 0.461622166317189;1.552897014871
-0.7069627390235723 0.3818834004544384;0.4886528536958
0.5612511672223454 1.1423344084423468;2.8216463531283
1.2362510633637314 -1.2221192229245157;4.595515038965
1.1012168918724068 0.4563038536806576;1.5638073281940
1.1663571437645703 0.45899735336580194;1.5389744190542
1.4952575391434566 0.42596095970756626;2.417972792234
-1.1284479674938979 0.802784249479463;2.888688103440
-1.3162931605155919 0.4272995425511935;1.6306019067025
-0.24471846484495208 0.8392859181940795;1.7914899139678
1.020931087678068 0.76272928822057;2.7764191384506
0.26056508510174614 -0.2811536658629884;0.716973852920
-0.9269595420248787 -0.37836094496616923;1.3654266841105
0.8033571416928281 -1.3074562129992011;4.190766463727
-1.0401815978964595 0.022768976044666767;1.0931414754782
-0.5707010481905679 -0.5042613770012191;0.3692258176912
-1.0904454152417924 0.581593642980376;1.9177533938874
-1.0631658540377797 -1.5862398443752599;6.279973424161
-0.7648996717124111 1.0302832445201986;2.267716913257
1.1019491300974829 -0.4255640698641605;1.5821675925696
1.1623871605000793 -0.7493787683745068;2.766369194044
1.4450668445568002 0.14706453949669496;2.0596457231943
-0.8967860048715175 -1.0354219291834792;2.864610354789
0.7870282796468617 0.5580683945700531;0.9067830933876
-0.8086624810971026 -0.7235102173276204;1.8963701441490
0.7859176182001255 0.4196897785137381;0.691189868145
-0.671303308405977 0.8105253414494316;1.6676786097646
-0.12319964997301736 0.5480143793100266;0.265766084750
0.9570367648933821 -0.7831438117891675;2.6743513616344
-0.20354093127818473 -0.2085835349906222;0.47354263376168
0.9782605674819417 0.6895752669440338;2.404832173756
-0.021540130914926237 -0.987212704786897;1.3794098423013
0.23697248804885074 0.1229743264630958;0.2638291879014
-0.9150266793355654 -1.1797791830930775;4.007739039813
0.6506286217678369 0.8788528607843293;1.6579516430202
0.2715516594102 0.8784790912322065;1.855517289051
-0.6631111406799876 0.8788000490284102;1.67109815014
-0.08364435741218579 0.8784809626442895;1.3267005347144
0.9602621235806567 0.8788462155833896;2.7325216490501
-0.42901471870365826 0.8783673720833015;1.9013326486841
-1.1011509827748325 0.8790717801724295;2.9174396738063
-1.1554452781529263 0.8778852825050707;2.897937661192
-1.439341521440604 0.8800446723942587;3.4406061439056
0.8855232689307886 0.8753568671404439;2.457079857018
-0.8511619780791073 0.8848015557083926;2.305996266038
0.8468205495104901 0.8561926751555493;2.286829244196
-0.7596753014768172 0.8538265686732894;1.9168370572063
0.5453985137696471 0.8399289558520978;1.703384801324
1.0995396200262504 0.7094148483169154;2.6372805955962
1.1323758301644153 -1.7607585025179817;7.855537096960
1.311492489050779 0.7747195465175538;2.8933258285799
0.40231078430594547 -0.03762179905582763;0.1542052928393
0.8314068703755473 0.6989407296857924;1.887141026806
-1.0582741589538422 -1.1529826872810345;4.131004611507
-0.7696561191997001 1.1767064058488188;3.361617282496
0.8663490350017372 -0.765261975293388;2.288529204582
-0.8592403667396883 -0.11380480082599287;0.7974603721724
0.7759003128733274 0.975580134346151;2.084041475272
-0.6431836247823207 0.1573632548379691;0.28128883242746
-0.38954934940444635 -0.9673363655903355;2.0253547841185
-0.6544650693222688 -0.21667892139627287;0.48001577355748
-0.22729155320776684 0.5171372179864723;0.4752279683830
1.003260888024074 -0.4122372101886115;1.5199769956527
0.13910682614668768 -0.9331241587675544;1.4969327868670
-1.1978382195962074 -0.5207360993600345;1.6197278662145
-1.3458658762134055 0.6025682835450719;2.161735561818
0.05851690598494841 -1.3204742651177297;3.4123980963110
-0.7174060062714609 -0.44029127809054935;0.43122632852611
0.5944095783766716 -0.6758493641584497;1.2007739815856
0.8968675059613695 1.1593105458433;3.7784863160925
-0.9888022563212999 -0.9938090382463227;2.9722205012382
0.07069129335520485 0.04450010025877993;-0.4642353596776
-0.8382252883057123 -0.5617867834934654;1.147900775108
1.076935942343122 0.807453130553519;2.898421363658
0.9502280168049078 0.5268684943161944;1.461517143426
-0.4628508861737455 -0.5122093519072836;0.565140676573
-1.2646129014276966 0.3390104648597364;1.7122146319757
-0.858771354910173 0.9673264878806912;2.4234383558814
1.079771303139108 0.08045329016938751;1.2493018321784
0.9738020552874337 -1.112307251349141;3.6691756078593
-0.2538987835040677 1.1613989522497095;3.1055949662302
0.8897398763781516 -0.7978862919125249;2.4477768745416
-0.9108340254543982 -0.4757152096033548;1.2153221231196
0.6785413546927136 -0.23371148872412162;0.5456921945525
-0.031919645871980706 0.26916944832958656;0.131311743266
0.3749237334621584 0.19234906049650283;0.7014899411087
0.5354049177400633 -0.8414342899577862;1.7190568090378
1.3426364499047525 -0.7855431767001922;2.9905131495466
-0.09515956596543051 -0.1726202003533973;0.039163293322873
1.086458612222382 1.1657100785076895;4.241019906344
1.025806920717157 -1.114651201061844;3.7920338099091
0.26921442303293264 0.9045421297212459;1.8541629807564
-0.920452079097322 0.8118304432028769;2.5845817095737
0.9498153289275827 0.5846737980947403;1.7170048729556
-0.5670533238031706 -0.9306962886831223;1.6963621971146
-1.1447575176933138 -0.622913884436167;2.1406812443148
-1.401844727239687 1.0517169837291533;3.714861800021
0.6607929912195549 -0.6019651860595825;0.7819083072780
0.09572323076994338 0.8577141667704888;1.3548820325408
-1.079268979620901 0.859154784136822;2.916600740975
-0.9548492800115176 0.8628400912710744;2.7165878805875
0.5823255681112087 0.8710587715325193;1.6603440340464
1.0349445429012152 0.8810734131194431;2.8862182121656
0.38958482320643084 0.8752173201107741;1.9418405769294
0.7778343252943211 0.8819505352167349;1.98641325869
-1.2646627981523157 0.8724442818716985;2.8913492686261
-0.8182528606384649 0.8843413934999393;2.1583684850930
1.233998145200286 0.8636953869618593;2.876480621676
1.1387792793178408 0.8782052962581555;2.9059773034476
1.3792998405836294 0.8796369997780705;3.161399017060
-0.49369005605852934 0.8759623124236037;1.7927943544829
-1.3942435478844235 0.8849270649756757;3.2233581192164
0.4946979419543174 0.851898137066383;1.7913207782859
1.328191018365906 0.825976577461869;2.9907058842111
0.1731827525676708 0.4928494519296119;0.25533527513149
-1.241774251201351 -0.780806185631373;2.8255341097991
-1.0817354926967542 0.5758151294380522;1.8863292868952
-0.9814957215082953 -2.0582317642597925;9.523099641944
0.2734977285775799 0.864325614794121;1.8599118660436
-0.7969409526264701 0.8731449157554141;2.065514287423
1.1479985145476734 0.881057967532326;2.901643042511
1.3865896193960934 0.8755323463022935;3.1908745775548
-0.4399891940293361 0.8814423273563747;1.885602362522
-1.1385714868767927 0.8739532942972691;2.906128786038
-1.3626662280096429 0.8833358075133113;3.099538278999
0.26853584105923267 0.867770660040134;1.8493391012512
-0.760389827087224 0.8837475443246388;1.9191184738667
0.893733634271553 0.8639618113979571;2.4920367202049
-0.8261426829254073 0.8801481278741302;2.1934161741650
0.8831147985442984 0.8743417226245298;2.4468011360543
-0.6769506626977375 0.8877530827665291;1.691200362434
-0.0531174268382153 0.8340550629824616;1.268726635718
0.5393014070884871 0.633478252539911;1.0146119708406
1.2027539527843152 -2.1276086008932644;10.409152169609
1.3212987102172549 0.8106196820783715;2.9645789436998
0.2414938909128974 0.5980955772131267;0.875346346298
-0.9831123402918902 -0.850739500430429;2.7942797958839
0.15150155786621022 -0.8379279558966464;1.510240577285
-1.2676657168699081 -0.7769771880151537;2.834072864205
-0.8326131819926741 -0.17933764870666413;0.9322093757754
1.0957995028829937 0.9008650878582273;2.9202811625436
1.1091526126112814 0.8101609282739934;2.901433969780
1.2100730034145846 0.513856158852789;1.5972730573355
1.3018487503410239 -0.4691058185497511;1.5888790514331
0.3339393453112538 -0.2551851420884905;0.8211553301715
-0.04349793254944584 0.07906092770277157;-0.4135587194423
0.6931964890952065 -1.2737052178659878;3.7021687409125
-0.5691921002404179 0.3197360236277813;0.525573434923
-1.2734192529450952 0.9102982119967649;2.905287016489
-0.5852084240206888 0.7044137489363181;1.3543189050266
-1.1453148735632661 -1.167983983971066;4.244078210515
-1.5060287168233353 1.1848056097421025;5.283861805973
1.2435436137024822 -0.772718170254999;2.81041536356
1.0563443410094484 -0.1781946281283836;1.6115939868575
0.6904514761236229 0.8286238258615554;1.71156147127
-0.4078972009063777 0.7119361011331091;1.6575816648989
-0.9912664794622174 -0.6503086778142013;2.2149533382883
0.28055424883575164 1.0364575125199296;2.239716762905
-0.8298178221127553 -0.5088112667527738;0.9181520436130
1.327569013752187 0.18021201409173704;1.7068877156018
0.12082646478504477 -0.8186156059335267;1.411451270037
-1.2146884725624414 -0.6299375799732464;2.1552827582773
-1.2728330027762458 1.1056956220637475;3.745432084374
-0.7234110787632325 -0.8633198804515663;1.7968054542571
0.7751183159748417 -0.8706884146414782;1.9757040496079
-1.0741210849575684 -0.8795753790907324;2.9146796849089
-0.9087692381898318 -0.8779612270834768;2.5528464015917
0.8907308101093496 -0.8794860472007191;2.4791039708087
-0.8626074753917818 -0.8778353750637272;2.3570317176691
0.8524558580257249 -0.8798589598553211;2.311673974780
-0.775581069105223 -0.8769539482079344;1.977401615499
0.6301858951943966 -0.8813411967337696;1.6459286059860
0.5129994999908776 -0.8730389888303944;1.757798585933
1.2219519518181832 -0.885965699112775;2.875237551982
1.2251797946206902 -0.8543612328830645;2.8755568178704
1.2055259969812906 -0.8445015387662835;2.876929826693
1.3177052255938715 -0.7723718531112806;2.9017196361167
0.21078938460660424 0.5366525796476718;0.49079223651693
-1.2413498295925975 -1.4563454984936144;5.349766829624
-1.0725738232803577 0.44460762481950944;1.5634223123611
-0.8734552432770197 0.6872709699429388;2.0157838632653
1.1889299701696427 -1.501608410191435;5.580780181045
1.3843970307838656 0.6196313192422078;2.3996420997183
-0.4659008058534413 -1.250767965239481;3.7206536307999
-1.2920287639735377 0.2436910061513451;1.7896753918948
-0.5465195795789325 -0.1570496948762674;0.3304010108613
-1.3042932744733118 1.0793344177136093;3.590269412775
-0.3269296985534741 -0.9297661729075246;1.9574230811407
0.13831048740526064 -0.6346583729557889;0.779388493358
-1.4621463081774824 1.028950419753419;3.888902761771
0.8582265418396808 -0.4095748041354901;1.0239330021272
-0.8606269638087847 -0.8524416826950829;2.348629610626
0.7559584495165894 -0.842652159843504;1.9024171757423
-0.5452448614660323 -0.796948631023595;1.6761286866777
-1.1094240797849233 -0.3672478796767094;1.6819089424469
-1.1935542870761924 -1.1094296268967903;3.7565913601973
-1.3466297693718188 1.173196978081932;4.427952162519
-0.03167832517030056 -0.7599914337088916;1.1472451572931
0.37921801051221843 -0.06389742769041473;0.22987147448738
0.5897397004802875 0.7142130605570678;1.3956078344945
0.9543272301021608 -0.5108786780637438;1.427979516821
-0.5925729969439539 0.2265087519819039;0.4918658061916
-0.9315242325573759 -0.36903770824526017;1.400737635024
0.8191509530482638 -1.0296955533798289;2.490843861700
-1.1058774685000459 0.6158161983960118;2.1118094754907
-1.1819202056318432 -1.072948378556537;3.4860271940223
-1.3982744761455257 0.7441985111269265;3.096550029149
0.5379338739819073 -0.11592944779532122;0.17942052150024
1.259793393566489 0.9564737890544932;2.9468327117727
0.9099118242245166 0.38425313346961554;1.288962341601
-0.8572196127424194 0.976353020510552;2.440595343219
0.9581155861151205 0.07618487111127503;1.0453325117
-0.2619269800728856 -0.942612492934288;1.8699383267863
0.6944979200870158 -0.4516005409541877;0.370685968315
-0.22250490201977735 -0.5266910348649705;0.4906097949295
1.0226842789928692 0.6666332741526515;2.367751089061
0.3678365537607603 -1.2027917079370127;3.5451549139994
0.4499192597673022 0.7443849290067284;1.7263489498607
1.2692979385235845 -0.20864957047460064;1.6942250983073
0.7672147392621379 0.587722535439947;0.9779552916387
-1.081774124613121 -1.0127326825422482;3.1602930904194
-0.981021549675432 0.3132375594699335;1.6499989148528
0.288281373558531 0.6993520833283132;1.5598305787755
-0.6360261180230469 -0.7527900451190562;1.5301652729162
-0.37162610378662875 0.1360586509272249;0.49458927299744
-0.5262474487289702 -1.1013600183451575;2.547504625936
-1.5751033689519174 0.9408588823039761;4.240270038323
0.8687991384113576 0.5530334557730174;1.2448362508162
-0.9648780200406148 -0.6760506199817673;2.29634830826
0.22565330456947885 0.8141830706684066;1.7287875482562
-0.9702670712121053 0.6075701876269478;1.907160051136
0.1817495046081019 -0.9938739993393745;1.7719354279238
-1.139424267548526 0.03890051484267254;1.1302906063405
-1.3432683396361254 -0.49593170489207916;1.7179463458571
-0.037268457494116 0.06713822434691452;-0.4573995532953
PointOptimal;ValeurOptimale
[-0.03726846  0.06713822];-0.4573995532953072
Temps;Nb iteration
0.06941795349121094;1000