Point;Valeur
-7.006046671175669 1.5635421968272318;18.655671891182
-6.933499047134874 1.4909945728902048;18.039231737982
-6.88238149360697 1.4398995569739315;17.611296567520
-6.840659402112144 1.398207505191217;17.265934805567
-6.804497906568098 1.3620799724178485;16.969447693085
-6.7721079759717995 1.3297265281866162;16.706125741424
-6.742486520732427 1.300143390924084;16.467164961393
-6.715005299247203 1.272701925459584;16.24705333703
-6.689240415194359 1.246977989687175;16.042072845575
-6.664890065756518 1.2226696166713265;15.849577070129
-6.641730461201785 1.19955290145508;15.667604159287
-6.6195902872225485 1.1774564456255745;15.494652646052
-6.598334991689947 1.1562456337383933;15.329543534866
-6.577856640730883 1.1358124830495497;15.171331283932
-6.558067108086815 1.116068828798637;15.019244047166
-6.538893350477524 1.0969415968535778;14.872642224608
-6.5202740380851605 1.0783694323217012;14.730988904971
-6.502157093756666 1.060300237427471;14.593828281942
-6.484497858462239 1.0426893360111604;14.460769565111
-6.467257698740994 1.0254980802652496;14.331474768410
-6.450402932671411 1.0086927761693834;14.20564929268
-6.433903989680574 0.9922438428910115;14.083034559333
-6.417734744881617 0.9761251468046069;13.963402174650
-6.401871985615827 0.960313467784365;13.84654925359
-6.386294979491183 0.9447880670423273;13.73229463357
-6.370985121290649 0.9295303338775083;13.620475779821
-6.355925641853093 0.9145234944261845;13.510946234106
-6.341101366143391 0.8997523696251656;13.403573494717
-6.326498510731967 0.8852031726031498;13.298237241922
-6.312104513119208 0.8708633379312973;13.194827842571
-6.297907886998237 0.8567213768248488;13.093245082073
-6.283898098801235 0.8427667536367562;12.993397082897
-6.270065461829923 0.8289897799438515;12.895199377199
-6.256401045005132 0.8153815232590791;12.798574107561
-6.24289659384738 0.801933727979182;12.703449334909
-6.229544461743297 0.7886387466235322;12.609758436558
-6.216337549910951 0.7754894797743884;12.517439580482
-6.203269254756332 0.7624793234131886;12.426435264337
-6.190333421540786 0.7496021225685761;12.336691909774
-6.177524303460206 0.7368521303798948;12.248159504160
-6.164836525383303 0.724223971821173;12.160791283115
-6.152265051618333 0.7117126114551201;12.074543448334
-6.139805157175661 0.6993133246841661;11.989374916023
-6.127452402073324 0.6870216720468031;11.90524709199
-6.1152026083028765 0.6748334761740914;11.822123670063
-6.1030518391262225 0.6627448010785466;11.739970450833
-6.090996380421835 0.6507519334936716;11.65875517846
-6.079032723838782 0.6388513660214442;11.578447393258
-6.067157551549428 0.6270397818791567;11.499018298199
-6.055367722418934 0.6153140410635928;11.420440637974
-6.0436602594341835 0.6036711677760086;11.342688588967
-6.03203233825622 0.5921083389697743;11.265737659100
-6.020481276774384 0.5806228739010145;11.189564596449
-6.00900452555902 0.5692122245776656;11.114147305722
-5.997599659118638 0.5578739670138726;11.03946477178
-5.986264367881882 0.5466057932085969;10.96549698950
-5.974996450830968 0.535405503776719;10.892224899352
-5.963793808724209 0.5242710011694168;10.819630328084
-5.952654437850848 0.5132002834266329;10.7476959341
-5.9415764242677005 0.5021914384118258;10.67640515726
-5.930557938473794 0.49124263848504024;10.605742171884
-5.919597230482735 0.48035213557312295;10.535691844044
-5.908692625256448 0.4695182566025868;10.466239691492
-5.897842518470139 0.4587393992630792;10.397371846626
-5.88704537257822 0.44801402807160484;10.329075022105
-5.8762997131558 0.4373406707135117;10.261336478860
-5.865604125493016 0.4267179146359419;10.194143996319
-5.854957251421404 0.41614440387221663;10.12748584466
-5.844357786351654 0.405618836080188;10.061350758928
-5.833804476508801 0.39513995977540195;9.995727914834
-5.823296116345601 0.3847065717448385;9.930606906180
-5.812831546123267 0.3743175146262292;9.865977723691
-5.802409649644565 0.3639716746411992;9.80183073520
-5.792029352129126 0.3536679794695132;9.738156667101
-5.781689618218526 0.3434053962544095;9.674946586868
-5.771389450103969 0.33318292972928254;9.612191886738
-5.761127885765312 0.322999620456598;9.549884268291
-5.750903997314421 0.3128545431712568;9.488015727985
-5.740716889435844 0.3027468052204271;9.426578543525
-5.730565697917022 0.2926755450939126;9.365565261018
-5.720449588262218 0.28263993103801555;9.304968682865
-5.710367754385068 0.27263915974737696;9.244781856328
-5.7003194173727945 0.26267245512995374;9.184998062743
-5.690303824319373 0.2527390671393573;9.125610807314
-5.680320247221173 0.24283827067090666;9.066613809472
-5.670367981932831 0.23296936451685893;9.008000993743
-5.660446347176985 0.22313167037707085;8.949766481106
-5.6505546836074965 0.21332453192149925;8.89190458080
-5.640692352920388 0.20354731390144148;8.834409782566
-5.630858737010175 0.19379940130604079;8.777276749263
-5.6210532371696385 0.18408019856188626;8.7205003098
-5.611275273328982 0.17438912877269327;8.664075452925
-5.601524283333269 0.16472563299641407;8.607997320036
-5.5917997222549385 0.1550891695583243;8.552261200049
-5.582101061739849 0.14547921339695072;8.49686252325
-5.572427789384637 0.13589525544167738;8.441796855949
-5.5627794081437045 0.12633680202025496;8.387059895284
-5.553155435764313 0.11680337429333827;8.33264746430
-5.54355540424753 0.1072945077164634;8.278555507237
-5.533978859334227 0.09780975152611424;8.224780085040
-5.524425360014704 0.08834866824950728;8.171317371076
-5.514894478060322 0.07891083323620993;8.118163647040
-5.505385797575959 0.06949583421150395;8.065315299048
-5.495898914572567 0.06010327084889712;8.012768813905
-5.486433436558264 0.05073275436141185;7.960520775530
-5.476988982147328 0.041383907111305455;7.9085678615437
-5.467565180685995 0.03205636223587065;7.856906839997
-5.458161671894112 0.02274976328976869;7.8055345662443
-5.448778105522321 0.013463763902045574;7.75444797994
-5.439414141023001 0.004198027448103372;7.703644102194
-5.430069447235396 -0.005047773265104754;7.653120032767
-5.420743702083421 -0.014273956300947474;7.602872947484
-5.411436592285881 -0.023480830882126574;7.55290009567
-5.402147813078479 -0.03266869766863526;7.503198797760
-5.392877067946777 -0.04183784902406881;7.453766442899
-5.383624068370006 -0.0509885692716936;7.404600486773
-5.374388533574652 -0.0601211349398688;7.355698449419
-5.365170190298023 -0.06923581499851834;7.307057913173
-5.3559687725607334 -0.07833287108581509;7.258676520675
-5.346784021448055 -0.08741255772657411;7.210551972963
-5.337615684899469 -0.09647512254203444;7.162682027632
-5.328463517506328 -0.10552080645163554;7.115064497070
-5.3193272803170855 -0.11454984386756349;7.067697246750
-5.310206740649635 -0.12356246288149603;7.020578193598
-5.301101671910709 -0.13255888544498712;6.9737053044073
-5.292011853421778 -0.14153932754256557;6.92707659432
-5.282937070251515 -0.15050399935928024;6.8806901253664
-5.2738771130539694 -0.1594531054414452;6.834544005042
-5.264831777912779 -0.16838684485210464;6.788636384957
-5.255800866190883 -0.17730541132058;6.742965459511
-5.246784184385454 -0.18620899338705363;6.697529464634
-5.237781543988008 -0.1950977745418472;6.65232667655
-5.22879276134916 -0.2039719333598477;6.607355410629
-5.219817657548388 -0.21283164363016896;6.562614020189
-5.210856058267986 -0.22167707448154783;6.518100895448
-5.201907793671498 -0.23050839050341473;6.47381446243
-5.192972698286104 -0.23932575186260271;6.429753181967
-5.1840506108889715 -0.2481293144163669;6.385915548651
-5.175141374397642 -0.256919229821564;6.342300089928
-5.166244835763501 -0.26569564563983483;6.298905365140
-5.157360845869415 -0.27445870543986955;6.255729964632
-5.148489259430276 -0.2832085488958295;6.212772508884
-5.139629934896864 -0.2919453118828329;6.170031647665
-5.130782734362967 -0.3006691265691226;6.127506059225
-5.121947523475195 -0.3093801215052543;6.085194449497
-5.113124171345998 -0.3180784217105738;6.0430955513424
-5.10431255046911 -0.3267641487568144;6.001208123804
-5.095512536637852 -0.3354374208489081;5.959530951395
-5.086724008866082 -0.3440983529035331;5.918062843399
-5.077946849311423 -0.35274705662481354;5.876802633201
-5.06918094320075 -0.36138364057795686;5.835749177631
-5.060426178758361 -0.3700082102604014;5.794901356336
-5.051682447135971 -0.3786208681708188;5.754258071162
-5.042949642345057 -0.38722171387587173;5.713818245561
-5.0342276611911 -0.3958108440751686;5.673580824012
-5.025516403209985 -0.40438835266396916;5.633544771464
-5.016815770605989 -0.41295433079414673;5.59370907278
-5.008125668192108 -0.4215088669331237;5.554072732248
-4.9994460033315065 -0.4300520469210775;5.514634772997
-4.99077668588143 -0.4385839540266764;5.475394236569
-4.982117628138055 -0.44710466900060625;5.4363501824036
-4.973468744783445 -0.45561427012828354;5.397501687368
-4.964829952833608 -0.46411283327993375;5.358847845309
-4.95620117158882 -0.47260043196023127;5.320387766606
-4.947582322584211 -0.48107713735580665;5.282120577738
-4.938973329542833 -0.48954301838153347;5.244045420867
-4.930374118329676 -0.49799814172563656;5.206161453431
-4.9217846169067885 -0.5064425718932034;5.168467847748
-4.9132047552897244 -0.5148763712484875;5.1309637906285
-4.904634465505678 -0.5232996000560746;5.093648483001
-4.8960736815521155 -0.5317123165207688;5.056521139553
-4.88752233935703 -0.5401145768263739;5.019580988367
-4.878980376740024 -0.5485064351731866;4.982827270582
-4.870447733374784 -0.5568879438148399;4.9462592400560
-4.861924350752289 -0.5652591530934148;4.909876163037
-4.853410172145025 -0.5736201114741055;4.873677317847
-4.844905142572444 -0.581970865578564;4.8376619945707
-4.836409208767204 -0.5903114602174917;4.801829494751
-4.827922319142166 -0.5986419384223581;4.766179131100
-4.819444423758664 -0.6069623414755809;4.730710227206
-4.810975474295318 -0.6152727089407172;4.695422117261
-4.80251542401766 -0.6235730786912306;4.660314145782
-4.794064227748842 -0.631863486938585;4.625385667350
-4.785621841841011 -0.6401439682594298;4.590636046349
-4.77718822414728 -0.6484145556222631;4.556064656714
-4.768763333994703 -0.6566752804131505;4.521670881689
-4.760347132157706 -0.6649261724605147;4.4874541135797
-4.751939580832524 -0.6731672600595356;4.453413753526
-4.743540643612082 -0.681398569995805;4.419549211274
-4.735150285461443 -0.6896201275679508;4.385859904947
-4.72676847269436 -0.6978319566101869;4.3523452608352
-4.718395172949905 -0.706034079513635;4.319004713180
-4.710030355170038 -0.7142265172474521;4.285837703968
-4.7016739895776745 -0.7224092893787947;4.252843682732
-4.693326047655246 -0.7305824140929971;4.220022106348
-4.684986502124048 -0.7387459082125334;4.187372438848
-4.676655326923843 -0.7468997872156511;4.154894151227
-4.6683324971931155 -0.7550440652541902;4.12258672126
-4.6600179892500595 -0.7631787551714083;4.090449633350
-4.651711780573413 -0.7713038685186646;4.058482378287
-4.64341384978474 -0.7794194155721729;4.02668445314
-4.6351241766302635 -0.7875254053485921;3.9950553610814
-4.626842741963673 -0.7956218456207876;3.963594611179
-4.618569527729404 -0.8037087429327977;3.9323017182897
-4.610304516946083 -0.8117861026141489;3.901176202871
-4.602047693690461 -0.8198539287942;3.8702175908440
-4.593799043081861 -0.8279122244155166;3.839425413432
-4.585558551267062 -0.8359609912473118;3.808799207025
-4.577326205405419 -0.8440002298979911;3.7783385130308
-4.569101993654543 -0.8520299398277027;3.7480428777373
-4.560885905156258 -0.8600501193601227;3.7179118521763
-4.5526779300227815 -0.8680607656942646;3.6879449919885
-4.5444780593235325 -0.8760618749153726;3.658141857293
-4.53628628507211 -0.8840534420056927;3.6285020125626
-4.52810260021363 -0.8920354608551915;3.5990250264910
-4.519926998612638 -0.9000079242713928;3.569710471877
-4.511759475040627 -0.9079708239890718;3.540557925504
-4.503600025164851 -0.9159241506796512;3.5115669680164
-4.495448645536796 -0.9238678939602194;3.482737183810
-4.487305333580926 -0.9318020424022626;3.45406816091
-4.479170087584109 -0.9397265835396965;3.4255594909037
-4.471042906685045 -0.9476415038773497;3.3972107687395
-4.46292379086402 -0.9555467888982752;3.369021592717
-4.454812740933043 -0.9634424230713798;3.3409915643339
-4.446709758525992 -0.9713283898583271;3.3131202881940
-4.438614846089342 -0.9792046717204957;3.2854073719072
-4.430528006872905 -0.9870712501253226;3.257852425991
-4.422449244920971 -0.9949281055526709;3.2304550637783
-4.4143785650633225 -1.0027752175005213;3.2032149013148
-4.406315972907237 -1.010612564490828;3.1761315572754
-4.398261474828836 -1.0184401240747007;3.1492046528690
-4.390215077965329 -1.0262578728376333;3.1224338117504
-4.382176790207233 -1.0340657864043643;3.095818659933
-4.374146620190617 -1.0418638394432482;3.0693588257049
-4.366124577289761 -1.0496520056707233;3.04305393954
-4.358110671610106 -1.0574302578552484;3.01690363402
-4.3501049139812 -1.0651985678211924;2.9909075437607
-4.342107315950047 -1.0729569064524163;2.965065305307
-4.334117889774337 -1.0807052436955247;2.9393765570839
-4.32613664841622 -1.0884435485628365;2.9138409393047
-4.318163605535924 -1.0961717891355;2.8884580938977
-4.3101987754859215 -1.1038899325657903;2.8632276644334
-4.302242173304837 -1.1115979450796492;2.838149296050
-4.294293814712109 -1.1192957919788824;2.813222635386
-4.286353716101939 -1.1269834376429244;2.7884473305036
-4.278421894538353 -1.1346608455306053;2.7638230308228
-4.27049836774985 -1.1423279781815774;2.7393493870550
-4.262583154124245 -1.1499847972176118;2.7150260511333
-4.254676272704194 -1.1576312633439059;2.6908526761484
-4.246777743181747 -1.165267336349356;2.66682891628
-4.238887585894303 -1.1728929751076362;2.6429544267476
-4.231005821819922 -1.1805081375774291;2.6192288637197
-4.223132472572994 -1.1881127808026963;2.5956518842801
-4.2152675604001555 -1.195706860912735;2.5722231463532
-4.207411108176011 -1.203290333121876;2.5489423086465
-4.199563139399462 -1.2108631517290152;2.5258090305926
-4.1917236781897484 -1.2184252701173137;2.5028229722901
-4.1838927492826885 -1.2259766407530637;2.479983794447
-4.1760703780271795 -1.2335172151848197;2.457291158324
-4.168256590382008 -1.2410469440425167;2.4347447256811
-4.160451412911983 -1.2485657770354759;2.412344158717
-4.152654872785092 -1.2560736629515172;2.3900891200231
-4.1448669977693875 -1.2635705496547613;2.367979272523
-4.137087816229799 -1.271056384083785;2.3460142794260
-4.129317357125289 -1.278531112249519;2.3241938041704
-4.121555650005932 -1.2859946792328867;2.302517510375
-4.1138027250105935 -1.2934470291825075;2.280985061789
-4.10605861286391 -1.300888105311818;2.2595961222419
-4.098323344873843 -1.3083178498960308;2.2383503555914
-4.090596952929354 -1.3157362042695933;2.2172474256794
-4.082879469498052 -1.3231431088224492;2.196286996281
-4.075170927623837 -1.3305385029969299;2.175468731061
-4.067471360924768 -1.3379223252839507;2.154792293520
-4.059780803590984 -1.3452945132194865;2.1342573469576
-4.052099290382602 -1.352655003380425;2.113863554416
-4.04442685662796 -1.360003731380521;2.093610578646
-4.036763538221673 -1.3673406318662444;2.073498082055
-4.029109371622496 -1.3746656385116858;2.053525726664
-4.021464393852205 -1.3819786840148505;2.0336931740663
-4.013828642493373 -1.389279700092165;2.0140000853820
-4.0062021556880465 -1.3965686174734282;1.994446121216
-3.9985849721362454 -1.4038453658971095;1.975030941619
-3.9909771310942332 -1.4111098741045565;1.955754206039
-3.9833786723733455 -1.4183620698347634;1.9366155732849
-3.9757896363385026 -1.4256018798183896;1.9176147014843
-3.968210063906735 -1.4328292297720477;1.8987512480429
-3.9606399965462287 -1.4400440443924079;1.8800248696040
-3.9530794762748473 -1.4472462473496197;1.8614352220088
-3.945528545659028 -1.454435761281121;1.8429819602571
-3.9379872478126816 -1.4616125077851483;1.8246647384681
-3.9304556263959034 -1.4687764074137803;1.8064832098412
-3.9229337256141013 -1.4759273796662629;1.7884370266183
-3.9154215902170035 -1.4830653429818081;1.7705258400452
-3.90791926549739 -1.490190214732117;1.7527493003340
-3.9004267972902924 -1.4973019112144426;1.735107056625
-3.892944231972288 -1.5044003476438108;1.717598756951
-3.885471616459933 -1.51148543814476;1.7002240482003
-3.8780089982095687 -1.5185570957442023;1.682982576075
-3.870556425215977 -1.5256152323627408;1.665873985065
-3.863113946011606 -1.5326597588066566;1.6488979184013
-3.855681609665929 -1.5396905847592932;1.6320540180257
-3.8482594657843245 -1.5467076187726232;1.6153419245552
-3.8408475645073694 -1.5537107682581777;1.5987612772453
-3.833445956509978 -1.5606999394784253;1.5823117139552
-3.8260546930005663 -1.567675037537362;1.5659928711134
-3.818673825720237 -1.5746359663713456;1.5498043836824
-3.811303406942038 -1.5815826287395214;1.533745885125
-3.8039434894698427 -1.5885149262143494;1.5178170073709
-3.7965941266377987 -1.5954327591715665;1.502017380779
-3.7892553723092863 -1.6023360267802498;1.4863466341096
-3.781927280876205 -1.609224626992955;1.4708043944850
-3.7746099072576227 -1.6160984565350076;1.4553902873598
-3.767303306899615 -1.6229574108941436;1.440103936486
-3.760007535773565 -1.6298013843099801;1.424944963883
-3.752722650375678 -1.6366302697631283;1.4099129897997
-3.7454487077255445 -1.6434439589638146;1.3950076326
-3.738185765365453 -1.650242342341499;1.38022850915
-3.7309338813591775 -1.657025309032833;1.3655752339654
-3.7236931142907443 -1.6637927468705893;1.3510474199665
-3.71646352326335 -1.6705445423717777;1.3366446780852
-3.7092451678980356 -1.6772805807257831;1.3223666172864
-3.7020381083324443 -1.6840007457825557;1.3082128445421
-3.694842405219413 -1.6907049200405686;1.2941829648008
-3.68765811972556 -1.6973929846341445;1.28027658095
-3.6804853135299473 -1.7040648193211674;1.2664932938139
-3.6733240488222494 -1.7107203024704283;1.252832702065
-3.6661743883011892 -1.7173593110489673;1.239294402251
-3.6590363951729583 -1.7239817206087797;1.2258779887365
-3.651910133149233 -1.730587405274192;1.2125830536736
-3.644795666445311 -1.7371762377280273;1.1994091869780
-3.6376930597780968 -1.74374808919855;1.1863559762948
-3.630602378364047 -1.750302829445911;1.173423006969
-3.623523687916992 -1.7568403267483605;1.1606098620190
-3.6164570546454877 -1.7633604478881926;1.1479161220995
-3.6094025452507457 -1.7698630581379835;1.135341365479
-3.602360226924056 -1.7763480212464642;1.1228851680102
-3.5953301673437568 -1.7828151994238148;1.1105471030942
-3.5883124346726474 -1.7892644533276159;1.0983267416589
-3.5813070975550283 -1.7956956420481907;1.0862236521263
-3.574314225113351 -1.8021086230937624;1.0742374003846
-3.5673338869451845 -1.8085032523756812;1.0623675497600
-3.560366153119783 -1.8148793841936188;1.050613660988
-3.5534110941740873 -1.8212368712201157;1.0389752921857
-3.546468781109493 -1.827575564485538;1.0274519988231
-3.5395392853874785 -1.8338953133629066;1.016043333696
-3.5326226789256463 -1.840195965552043;1.004748846899
-3.5257190340932905 -1.8464773670644476;0.9935680857975
-3.5188284237069607 -1.852739362207313;0.982500594998
-3.511950921025595 -1.858981793568024;0.9715459163288
-3.505086599745636 -1.8652045019980996;0.9607035888028
-3.4982355339957625 -1.87140732659718;0.9499731486000
-3.4913977983313886 -1.8775901046971089;0.9393541290369
-3.4845734677293225 -1.8837526718460074;0.9288460605415
-3.4777626175814182 -1.889894861791681;0.9184484706278
-3.470965323688663 -1.896016506465651;0.908160883870
-3.464181662254467 -1.9021174359666853;0.897982821877
-3.457411709878279 -1.908197478544547;0.8879138032706
-3.450655543548509 -1.9142564605836112;0.8779533436546
-3.4439132406349255 -1.9202942065863178;0.868100955597
-3.437184878881206 -1.9263105391565891;0.8583561486026
-3.430470536397246 -1.9323052789835462;0.8487184290906
-3.423770291650451 -1.9382782448250107;0.8391873003705
-3.417084223457441 -1.944229253490839;0.8297622626199
-3.410412410975123 -1.9501581198263864;0.8204428128615
-3.4037549336912263 -1.9560646566961568;0.8112284449415
-3.397111871414772 -1.9619486749674477;0.8021186495071
-3.390483304266008 -1.9678099834937894;0.7931129139857
-3.383869312665867 -1.9736483890985268;0.784210722563
-3.3772699773253287 -1.979463696558645;0.7754115561669
-3.370685379233808 -1.985255708588474;0.7667148924383
-3.364115599647958 -1.9910242258237583;0.7581202057211
-3.35756072007904 -1.9967690468052404;0.7496269670382
-3.351020822280825 -2.002489967963302;0.7412346440741
-3.3444959882362055 -2.008186783601848;0.7329427011569
-3.3379863001437338 -2.0138592858826243;0.7247505992407
-3.3314918404036713 -2.0195072648102754;0.7166577958887
-3.3250126916035727 -2.025130508216594;0.708663745257
-3.3185489365029737 -2.0307288017457257;0.7007678980807
-3.312100658018214 -2.036301928839465;0.692969701654
-3.305667939205686 -2.0418496707222418;0.6852685998230
-3.2992508632457906 -2.0473718063873876;0.6776640329645
-3.2928495134252413 -2.0528681125828205;0.6701554379789
-3.2864639731195933 -2.058338363797279;0.6627422482754
-3.2800943257743698 -2.0637823322471887;0.6554238937609
-3.273740654886312 -2.0691997878636252;0.648199800829
-3.2674030439831347 -2.0745904982793517;0.6410693923528
-3.261081576603885 -2.079954228817205;0.6340320876703
-3.254776336277206 -2.0852907424778033;0.6270873025821
-3.248487406499974 -2.09059979992829;0.6202344493415
-3.2422148707146965 -2.0958811594918174;0.6134729366485
-3.2359588122862935 -2.101134577136927;0.6068021696448
-3.229719314478271 -2.1063598064680926;0.6002215499092
-3.2234964604280325 -2.1115565987163225;0.5937304754547
-3.217290333121414 -2.1167247027308185;0.5873283407262
-3.2111010153663484 -2.1218638649709205;0.5810145365994
-3.2049285897659545 -2.126973829499099;0.5747884503811
-3.1987731386904943 -2.132054337974217;0.5686494658100
-3.19263474424888 -2.137105129646296;0.5625969630596
-3.1865134882589086 -2.142125941351391;0.5566303187418
-3.1804094522166153 -2.147116507507342;0.5507489059118
-3.1743227172655772 -2.1520765601109297;0.5449520940747
-3.168253364163788 -2.1570058287357683;0.5392392491929
-3.162201473251078 -2.161904040530755;0.5336097336955
-3.1561671244145098 -2.166770920220165;0.5280629064887
-3.150150397053502 -2.1716061901042605;0.5225981229680
-3.144151370043693 -2.1764095700615664;0.5172147350318
-3.138170121699597 -2.1811807775518908;0.5119120910967
-3.132206729736699 -2.185919527620759;0.506689536114
-3.126261271231968 -2.190625532905166;0.5015464115886
-3.1203338225838424 -2.1952985036405517;0.4964820555991
-3.114424459470713 -2.199938147669233;0.49149580281974
-3.1085332568086836 -2.2045441704503173;0.4865869845442
-3.102660288707718 -2.209116275071175;0.481754928711
-3.0968056284273335 -2.213654162260136;0.4769989599334
-3.090969348330525 -2.218157530401312;0.47231839952395
-3.0851515198369 -2.222626075550929;0.46771256553118
-3.079352213374348 -2.2270594914551864;0.46318077277061
-3.0735714983300157 -2.2314574695704517;0.45872233286104
-3.0678094429993674 -2.2358196990846735;0.45433655426244
-3.0620661145349284 -2.2401458669417496;0.45002274231605
-3.0563415788930026 -2.244435657867049;0.4457801992867
-3.0506359007794353 -2.2486887543952827;0.44160822440784
-3.0449491435940574 -2.2529048369007003;0.4375061139277
-3.039281369374328 -2.2570835836295955;0.43347316116007
-3.033632638736803 -2.261224670735095;0.42950865653481
-3.028003010818397 -2.265327772314461;0.4256118876533
-3.0223925432154584 -2.2693925604485674;0.4217821393453
-3.016801291921882 -2.2734187052442953;0.4180186937280
-3.011229311266085 -2.2774058748797135;0.41432083026886
-3.0056766538468853 -2.281353735651624;0.41068782585053
-3.000143370466841 -2.285261952025975;0.40711895483836
-2.9946295100658893 -2.2891301866918083;0.4036134891511
-2.989135119653078 -2.2929581006172306;0.40017069833466
-2.983660244236416 -2.2967453531094306;0.3967898496378
-2.978204926751963 -2.300491601877018;0.3934702080918
-2.972769207991849 -2.3041965030967355;0.39021103659273
-2.9673531265306 -2.307859711482027;0.38701159598643
-2.9619567186504017 -2.311480880356516;0.38387114515723
-2.9565800182647965 -2.315059661729921;0.38078894111910
-2.951223056841504 -2.3185957063781544;0.37776423911038
-2.945885863323923 -2.3220886639270995;0.37479629269148
-2.940568464051242 -2.325538182939667;0.37188435384586
-2.935270882677708 -2.328943911007579;0.36902767308421
-2.929993140090088 -2.332305494845865;0.3662254995518
-2.9247352543250247 -2.335622580393015;0.36347708113962
-2.9194972404841697 -2.3388948129133964;0.3607816645976
-2.914279110648635 -2.342121837104901;0.3581384956526
-2.909080873793127 -2.3453032972113665;0.35554681912912
-2.9039025356982 -2.3484388371378784;0.3530058790726
-2.898744098861498 -2.3515281005712088;0.3505149188775
-2.8936055624085313 -2.3545707311050688;0.34807318141756
-2.888486922003081 -2.357566372369246;0.3456799091798
-2.8833881697549533 -2.3605146681630305;0.34333434440199
-2.878309294129755 -2.3634152625944918;0.3410357292133
-2.8732502798548327 -2.3662678002230333;0.33878330577803
-2.8682111078275003 -2.369071926207414;0.33657631644299
-2.8631917550206887 -2.371827286457933;0.3344140038879
-2.8581921943887543 -2.374533527794354;0.3322956112789
-2.8532123947733816 -2.3771902981069433;0.3302203824255
-2.8482523208081116 -2.379797246523981;0.32818756194044
-2.8433119328240806 -2.3823540235832663;0.32619639540246
-2.8383911867535128 -2.3848602814076147;0.3242461295224
-2.8334900340355857 -2.3873156738866688;0.32233601231231
-2.828608421520483 -2.3897198568624245;0.32046529325661
-2.823746291374613 -2.392072488319711;0.3186332234870
-2.818903580985177 -2.39437322858109;0.3168390559596
-2.8140802228660786 -2.396621740506335;0.3150820456344
-2.809276144563814 -2.3988176896970357;0.3133614496575
-2.804491268563751 -2.400960744704996;0.31167652754586
-2.7997255121977878 -2.4030505772450135;0.31002654137372
-2.7949787875521293 -2.4050868624119737;0.30841075596174
-2.7902510013769444 -2.407069278902566;0.30682843906765
-2.785542054996083 -2.4089975092403826;0.3052788615787
-2.7808518442189194 -2.4108712400042505;0.30376129770632
-2.776180259253128 -2.412690162062112;0.30227502518098
-2.77152718461988 -2.4144539708062944;0.3008193254501
-2.7668924990693147 -2.4161623663933165;0.29939348387568
-2.7622760754995888 -2.4178150539867898;0.2979967899332
-2.757677780876349 -2.4194117440018474;0.29662853741173
-2.7530974761561335 -2.4209521523540287;0.29528802461376
-2.748535016210654 -2.422436000709098;0.2939745545560
-2.743990249754711 -2.423863016735134;0.2926874351698
-2.7394630192761458 -2.425232934357462;0.2914259795017
-2.7349531609698348 -2.4265454940129083;0.29018950591334
-2.7304605046731036 -2.427800442907393;0.2889773382803
-2.725984873806053 -2.4289975352726345;0.287788806191
-2.721526085314788 -2.4301365326239264;0.2866232451450
-2.7170839496180745 -2.4312172040178126;0.2854799967453
-2.7126582705581788 -2.4322393263089777;0.28435840889595
-2.7082488453562275 -2.4332026844071173;0.28325783599226
-2.703855464570151 -2.4341070715311366;0.2821776391105
-2.699477912060034 -2.4349522894631095;0.2811171861957
-2.69511596495467 -2.4357381487991754;0.2800758522446
-2.6907693936253922 -2.4364644691979422;0.279053019487
-2.6864379616647063 -2.437131079624846;0.2780480775667
-2.682121425868798 -2.4377378185948335;0.27706042370725
-2.6778195362263353 -2.4382845344086723;0.27608946288962
-2.6735320359133596 -2.4387710853851976;0.27513460801361
-2.6692586612921545 -2.4391973400893425;0.2741952800589
-2.6649991419187193 -2.4395631775524165;0.27327090824108
-2.6607532005537387 -2.4398684874879937;0.27236093016175
-2.656520553181002 -2.4401131704988073;0.2714647919533
-2.6523009090323764 -2.440297138277536;0.27058194841821
-2.6480939706189934 -2.440420313798962;0.2697118631615
-2.6438994337684725 -2.440482631503483;0.26885400871751
-2.6397169876705324 -2.440484037471714;0.26800786666979
-2.6355463149278626 -2.440424489588592;0.2671729277639
-2.6313870916157014 -2.4403039576985854;0.2663486920138
-2.627238987346842 -2.4401224237478316;0.2655346687997
-2.623101665344618 -2.4398798819164376;0.26473037695971
-2.6189747825241865 -2.43957633873965;0.26393534487247
-2.614857989579549 -2.4392118132134546;0.26314911053304
-2.6107509310791177 -2.4387863368913285;0.26237122161976
-2.6066532455683817 -2.4382999539643686;0.261601235553
-2.602564565679626 -2.4377527213287746;0.26083871954673
-2.598484518250606 -2.437144708639828;0.2600832506484
-2.594412724449008 -2.4364759983500215;0.25933441577458
-2.5903487999058505 -2.435746685732621;0.25859181173426
-2.5862923548556958 -2.4349568788911786;0.2578550452453
-2.582242994284058 -2.434106698750253;0.25712373294167
-2.5782003180828132 -2.4331962790337265;0.25639750137104
-2.5741639212128993 -2.4322257662259283;0.255675986985
-2.5701333938734456 -2.4311953195145826;0.2549588361202
-2.566108321679347 -2.430105110719968;0.25424570496868
-2.5620882858445335 -2.428955324206557;0.25353625954294
-2.5580728633726135 -2.427746156776899;0.2528301756298
-2.55406162725439 -2.426477817551151;0.252127138737
-2.5500541466722577 -2.4251505278280225;0.2514268440317
-2.5460499872088453 -2.423764520929652;0.2507289962688
-2.542048711065404 -2.4223200420326476;0.2500333097144
-2.53804987728226 -2.4208173479777155;0.24933950805936
-2.534053041967806 -2.419256707068833;0.24864732432557
-2.5300577585309827 -2.4176383988531396;0.24795650076553
-2.52606357792104 -2.4159627138871698;0.2472667887544
-2.522070048868895 -2.4142299534868377;0.2465779486755
-2.518076718136743 -2.412440429464305;0.24588974979900
-2.5140831307692513 -2.4105944638493764;0.24520197015460
-2.510088830349656 -2.4086923885978173;0.24451439639868
-2.5060933592597623 -2.4067345452868087;0.24382682367544
-2.502096258942655 -2.404721284798332;0.24313905547304
-2.4980970701685514 -2.4026529669880223;0.24245090347488
-2.4940953333029117 -2.4005299603473715;0.24176218740648
-2.4900905885772224 -2.398352641651237;0.24107273487821
-2.4860823763613986 -2.3961213955979455;0.24038238122432
-2.4820702374366963 -2.3938366144395498;0.23969096933853
-2.4780537132712315 -2.391498697604503;0.23899834950692
-2.47403234629525 -2.389108051312023;0.23830437923799
-2.47000568017582 -2.3866650881809353;0.2376089230906
-2.465973260093044 -2.3841702268313547;0.23691185250025
-2.4619346330144287 -2.381623891485522;0.23621304560379
-2.4578893479683193 -2.3790265115584246;0.23551238706306
-2.453836956316691 -2.3763785212503885;0.2348097678880
-2.449777012024964 -2.3736803591373943;0.2341050852593
-2.4457090719310615 -2.3709324677572856;0.23339824235145
-2.4416326960104056 -2.3681352931974997;0.23268914815515
-2.4375474476385195 -2.3652892846834526;0.23197771730182
-2.4334528938513826 -2.3623948941702846;0.2312638698883
-2.429348605599255 -2.3594525759314964;0.23054753130313
-2.4252341579992347 -2.356462786157425;0.22982863205382
-2.4211091305822707 -2.3534259825550414;0.22910710759753
-2.4169731075342273 -2.3503426239499743;0.22838289817223
-2.4128256779338875 -2.3472131699006327;0.2276559486315
-2.408666435983164 -2.344038080313179;0.22692620828138
-2.40449498123355 -2.3408178150667793;0.2261936307200
-2.4003109188054568 -2.337552833646221;0.22545817368116
-2.396113859600316 -2.3342435947829316;0.22471979887953
-2.3919034205086005 -2.330890556107077;0.22397847186119
-2.387679224607662 -2.3274941738076405;0.22323416185618
-2.3834409013549034 -2.3240549023049817;0.22248684163554
-2.379188086772367 -2.320573193932931;0.22173648737181
-2.3749204236237054 -2.317049498634007;0.22098307850350
-2.370637561583925 -2.313484263666389;0.2202265976035
-2.3663391574009562 -2.309877933322622;0.21946703025185
-2.3620248750491437 -2.306230948663188;0.21870436491163
-2.357694385873213 -2.3025437472617307;0.21793859281006
-2.353347368727252 -2.2988167629650187;0.2171697078232
-2.348983510101463 -2.295050425666544;0.2163977063648
-2.3446025042420207 -2.2912451610920406;0.2156225872788
-2.3402040532620187 -2.28740139060305;0.21484435173686
-2.3357878672454873 -2.283519531012222;0.2140630031391
-2.3313536643401362 -2.279599994413596;0.21327854701946
-2.3269011708421212 -2.275643188027026;0.21249099095415
-2.322430121273783 -2.271649514057947;0.21170034447499
-2.3179402584511473 -2.2676193695704887;0.21090661898585
-2.31343133354295 -2.263553146374501;0.2101098276828
-2.308903106121845 -2.25945123092786;0.20930998547845
-2.3043553442067797 -2.2553140042527278;0.20850710892893
-2.2997878242977574 -2.251141841865147;0.2077012161653
-2.295200331400578 -2.2469351137158995;0.2068923268273
-2.290592659045972 -2.242694184149432;0.20608046200123
-2.2859646092975883 -2.2384194118706615;0.205265644159
-2.2813159927568956 -2.234111149928083;0.20444789710558
-2.2766466285547957 -2.2297697457055823;0.20362724591843
-2.2719563443402677 -2.2253955409317907;0.20280371690311
-2.267244976260496 -2.2209888716928314;0.20197733754158
-2.2625123689316946 -2.2165500684639476;0.20114813644695
-2.257758375407835 -2.212079456145957;0.2003161433201
-2.2529828571366 -2.2075773541145116;0.19948138890813
-2.2481856839148873 -2.2030440762796575;0.19864390496538
-2.243366733833491 -2.198479931152764;0.19780372421622
-2.2385258932204963 -2.193885221922618;0.19696088031992
-2.233663056573813 -2.1892602465400977;0.19611540783700
-2.2287781264913678 -2.184605297810188;0.1952673421974
-2.2238710135966926 -2.1799206634912722;0.1944167196704
-2.2189416364575316 -2.1752066264022676;0.19356357733607
-2.2139899215011796 -2.170463464533106;0.1927079530571
-2.209015802924211 -2.165691451162807;0.191849885453
-2.204019222600229 -2.1608908549837906;0.1909894138772
-2.1990001299804667 -2.1560619402258103;0.1901265783883
-2.193958481994571 -2.151204966792213;0.18926141973226
-2.1888942429451763 -2.1463201903918345;0.18839397931783
-2.1838073843995804 -2.141407862677613;0.18752429919605
-2.1786978850809473 -2.136468231389816;0.18665242204009
-2.1735657307537504 -2.131501540495281;0.18577839112532
-2.1684109141087853 -2.126508030335732;0.1849022503106
-2.1632334346460382 -2.121487937772528;0.18402404401990
-2.1580332985553428 -2.116441496334251;0.18314381722446
-2.152810518593673 -2.111368936362735;0.18226161542517
-2.1475651139646437 -2.1062704851630922;0.18137748463602
-2.142297110193709 -2.1011463671491164;0.18049147136731
-2.137006539004003 -2.095996803990656;0.1796036226095
-2.1316934381897337 -2.0908220147591563;0.17871398581723
-2.126357851491308 -2.085622216071003;0.17782260889369
-2.120999828466828 -2.0803976222315397;0.17692954017514
-2.115619424368246 -2.075148445375863;0.1760348284159
-2.110216700012024 -2.0698748956052664;0.17513852277320
-2.1047917216521657 -2.0645771811248106;0.17424067279189
-2.09934456085616 -2.059255508375111;0.1733413283903
-2.0938752943766623 -2.0539100821664933;0.17244053984540
-2.0883840040260404 -2.048541105801038;0.17153835777792
-2.082870776551961 -2.043148781198164;0.17063483313808
-2.077335703513301 -2.037733309017157;0.16973001719134
-2.0717788811570714 -2.0322948887717103;0.16882396150384
-2.0662004102953815 -2.0268337189437267;0.16791671792815
-2.0606003961843347 -2.0213499970907063;0.16700833858883
-2.054978948404746 -2.0158439199535643;0.16609887586845
-2.0493361807445543 -2.010315683556814;0.16518838239345
-2.043672211078445 -2.004765483302673;0.16427691101941
-2.037987161254765 -1.9991935140681139;0.1633645148175
-2.0322811569797006 -1.9935999702905178;0.16245124706002
-2.0265543277047424 -1.9879850460517265;0.16153716120621
-2.020806806516944 -1.9823489351607106;0.16062231088858
-2.0150387300263195 -1.9766918312264605;0.15970674989828
-2.009250238260246 -1.9710139277303629;0.1587905321714
-2.0034414745565483 -1.9653154180943926;0.15787371177498
-1.9976125854591489 -1.9595964957434049;0.15695634289283
-1.991763720614399 -1.9538573541624944;0.15603847981163
-1.9858950326719553 -1.9480981869546754;0.15512017690722
-1.98000667718341 -1.9423191878902684;0.15420148863056
-1.9740988125058332 -1.9365205509532195;0.1532824694939
-1.9681715997063194 -1.9307024703852587;0.15236317405734
-1.9622252024678175 -1.9248651407236188;0.15144365691470
-1.9562597869966702 -1.9190087568377345;0.15052397268030
-1.9502755219328425 -1.913133513960198;0.1496041759752
-1.9442725782610908 -1.9072396077159426;0.14868432141414
-1.9382511292243094 -1.901327234146201;0.1477644635915
-1.9322113502372549 -1.895396589729715;0.1468446570687
-1.9261534188049725 -1.8894478714026472;0.14592495636086
-1.9200775144396376 -1.8834812765727977;0.14500541592338
-1.913983818581684 -1.8774970031322502;0.14408609013965
-1.9078725145198392 -1.8714952494660702;0.14316703330775
-1.9017437873161596 -1.8654762144596742;0.14224829962802
-1.895597823730193 -1.859440097503874;0.14132994319052
-1.8894348121450835 -1.853387098494919;0.1404120179625
-1.8832549424954417 -1.8473174178338416;0.13949457777622
-1.8770584061982751 -1.8412312564243523;0.13857767631689
-1.8708453960828169 -1.8351288156680279;0.13766136711075
-1.864616106323306 -1.829010297455257;0.13674570351318
-1.8583707323736551 -1.8228759041580744;0.13583073869727
-1.8521094709024424 -1.8167258386178897;0.134916525642
-1.8458325197291934 -1.810560304135024;0.13400311712228
-1.839540077764479 -1.804379504451749;0.13309056569550
-1.8332323449478234 -1.7981836437394991;0.13217892369303
-1.826909522189584 -1.791972926579929;0.13126824320831
-1.8205718113130587 -1.7857475579478816;0.13035857608667
-1.8142194149984245 -1.7795077431917887;0.12944997391504
-1.8078525367271678 -1.7732536880134422;0.1285424880118
-1.8014713807284732 -1.766985598446608;0.12763616941713
-1.7950761519265348 -1.7607036808352081;0.12673106888298
-1.788667055890115 -1.7544081418102806;0.12582723686407
-1.7822442987813782 -1.7480991882664547;0.12492472350842
-1.7758080873062603 -1.7417770273373994;0.12402357864827
-1.7693586286687115 -1.7354418663725704;0.12312385179157
-1.7628961305222206 -1.7290939129102776;0.12222559211318
-1.7564208009249775 -1.722733374652797;0.12132884844661
-1.7499328482951433 -1.7163604594419761;0.12043366927595
-1.743432481368399 -1.709975375231588;0.11954010272802
-1.736919909154164 -1.7035783300625396;0.11864819656461
-1.7303953408949933 -1.6971695320350386;0.11775799817503
-1.7238589860282278 -1.6907491892847184;0.11686955456923
-1.717311054143327 -1.6843175099534988;0.11598291237034
-1.710751754947596 -1.6778747021671623;0.11509811780846
-1.70418129822574 -1.6714209740048471;0.11421521671364
-1.6975998938063963 -1.6649565334769592;0.1133342545100
-1.6910077515262587 -1.6584815884993798;0.11245527620976
-1.6844050811947033 -1.6519963468644288;0.11157832640677
-1.6777920925629617 -1.6455010162195378;0.11070344927166
-1.671168995290533 -1.6389958040421408;0.10983068854618
-1.6645359989139081 -1.6324809176129629;0.10896008753794
-1.6578933128171205 -1.6259565639948588;0.10809168911571
-1.6512411462018264 -1.619422950006032;0.1072255357045
-1.6445797080594204 -1.6128802822017487;0.10636166928144
-1.6379092071426848 -1.6063287668463009;0.10550013137104
-1.6312298519407804 -1.599768609895568;0.10464096304164
-1.624541850651781 -1.5932000169720741;0.10378420490119
-1.617845411158763 -1.5866231933457347;0.10292989709384
-1.611140741006555 -1.580038343913232;0.10207807929653
-1.6044280473772878 -1.5734456731768767;0.10122879071566
-1.597707537068822 -1.5668453852277648;0.10038207008422
-1.590979416473846 -1.560237683724802;0.0995379556589
-1.5842438915592654 -1.5536227718771223;0.09869648521770
-1.5775011678462565 -1.5470008524278172;0.09785769605712
-1.5707514503911726 -1.5403721276355842;0.09702162499031
-1.5639949437686513 -1.5337367992607567;0.0961883083449
-1.5572318520525135 -1.527095068545489;0.09535778196129
-1.550462378802151 -1.520447136204902;0.09453008119065
-1.5436867270441672 -1.5137932024070104;0.09370524089377
-1.5369050992591484 -1.507133466763051;0.09288329543967
-1.5301176973667623 -1.5004681283127994;0.09206427870437
-1.5233247227140807 -1.4937973855134037;0.09124822407009
-1.516526376060407 -1.487121436226632;0.09043516442422
-1.5097228575673216 -1.4804404777077245;0.08962513215879
-1.5029143667875993 -1.4737547065971692;0.08881815917005
-1.4961011026547777 -1.4670643189092225;0.08801427685809
-1.4892832634719428 -1.46036951002202;0.08721351612644
-1.4824610469050141 -1.45367047467261;0.08641590738238
-1.4756346499736182 -1.4469674069460092;0.08562148053680
-1.4688042690427832 -1.4402605002681694;0.08483026500442
-1.4619700998181522 -1.433549947402923;0.08404228970441
-1.4551323373366303 -1.4268359404407969;0.08325758306047
-1.4482911759643045 -1.4201186707992193;0.08247617300191
-1.4414468093884885 -1.4133983292138397;0.08169808696404
-1.434599430615297 -1.4066751057360363;0.08092335188917
-1.4277492319648584 -1.3999491897301672;0.08015199422762
-1.4208964050697708 -1.3932207698684533;0.07938403993877
-1.414041140870822 -1.3864900341309274;0.07861951449221
-1.4071836296158455 -1.3797571698029973;0.07785844286911
-1.4003240608588239 -1.3730223634731948;0.0771008495635
-1.3934626234586767 -1.3662858010332226;0.07634675858414
-1.3865995055789184 -1.3595476676785498;0.07559619345534
-1.379734894688511 -1.3528081479075762;0.07484917721945
-1.372868977562147 -1.3460674255234573;0.07410573243816
-1.3660019402819334 -1.3393256836350083;0.07336588119445
-1.3591339682394847 -1.3325831046588326;0.0726296450945
-1.3522652461382947 -1.3258398703214014;0.07189704526984
-1.3453959579958141 -1.3190961616619838;0.0711681023789
-1.3385262871477088 -1.3123521590362452;0.07044283661002
-1.331656416251239 -1.305608042119578;0.06972126768258
-1.3247865272902533 -1.298863989912011;0.06900341485018
-1.3179168015788068 -1.292120180742649;0.06828929690249
-1.3110474197668418 -1.2853767922734225;0.06757893216766
-1.304178561845506 -1.2786340015064839;0.06687233851481
-1.2973104071537247 -1.2718919847890153;0.06616953335652
-1.2904431343842686 -1.265150917820362;0.06547053365131
-1.2835769215902366 -1.2584109756570876;0.06477535590619
-1.2767119461920655 -1.25167233272171;0.06408401617926
-1.26984838498578 -1.2449351628085525;0.06339653008238
-1.2629864141500855 -1.238199639093096;0.06271291278381
-1.256126209255408 -1.2314659341389893;0.06203317901097
-1.2492679452713829 -1.224734219906803;0.061357343053129
-1.2424117965768964 -1.2180046677625627;0.060685418764166
-1.2355579369679297 -1.211277448486842;0.06001741956535
-1.2287065396683308 -1.204552732284413;0.05935335844822
-1.2218577773384707 -1.1978306887932362;0.058693247977298
-1.215011822086718 -1.1911114870954103;0.058037100293069
-1.208168845478132 -1.1843952957260155;0.05738492711471
-1.2013290185467311 -1.1776822826845232;0.05673673974309
-1.1944925118049372 -1.1709726154455051;0.0560925490635
-1.1876594952558537 -1.1642664609694486;0.05545236554894
-1.1808301384038165 -1.157563985713873;0.05481619926232
-1.1740046102663835 -1.150865355644112;0.054184059860045
-1.1671830793862317 -1.144170736246486;0.053555956594594
-1.160365713843075 -1.137480292539241;0.0529318983175
-1.1535526812655925 -1.1307941890833206;0.05231189348233
-1.1467441488445387 -1.124112589997889;0.051695950147418
-1.1399402833450674 -1.1174356589692787;0.0510840759789
-1.1331412511194365 -1.110763559266419;0.05047627825389
-1.1263472181203593 -1.1040964537513356;0.049872563862676
-1.1195583499137949 -1.0974345048946763;0.04927293931232
-1.1127748116919678 -1.0907778747855716;0.04867741072913
-1.1059967682878287 -1.0841267251478737;0.04808598386172
-1.0992243841881184 -1.0774812173519979;0.04749866408377
-1.0924578235467746 -1.070841512428526;0.04691545639690
-1.085697250199229 -1.0642077710822495;0.046336365433492
-1.0789428276764994 -1.0575801537062028;0.0457613954595
-1.0721947192190628 -1.0509588203954514;0.0451905503774
-1.0654530877910542 -1.0443439309597;0.0446238337288
-1.0587180960947908 -1.0377356449397508;0.04406124869709
-1.0519899065850549 -1.031134121620027;0.04350279811048
-1.0452686814835468 -1.0245395200431076;0.042948484444575
-1.0385545827930767 -1.0179519990244423;0.04239830982507
-1.03184777231306 -1.0113717171667735;0.04185227603049
-1.025148411654028 -1.0047988328744863;0.04131038449481
-1.0184566622514162 -0.9982335043675208;0.040772636310074
-1.0117726853822513 -0.9916758896967413;0.04023903222906
-1.0050966421778298 -0.9851261467591085;0.039709572667856
-0.998428693640474 -0.9785844333110718;0.03918425770839
-0.9917690006574098 -0.9720509069840184;0.03866308710101
-0.9851177240160891 -0.9655257252986482;0.038146060266981
-0.978475024419112 -0.9590090456799605;0.03763317630094
-0.9718410624991848 -0.9525010254726145;0.03712443397344
-0.9652159988345611 -0.9460018219548032;0.03661983173332
-0.9585999939632983 -0.9395115923530953;0.03611936771009
-0.9519932083990497 -0.9330304938576368;0.035623039716389
-0.9453958026455757 -0.926558683637082;0.03513084525027
-0.9388079372121039 -0.9200963188528624;0.03464278149757
-0.932229772627764 -0.9136435566743015;0.03415884533415
-0.9256614694572588 -0.9072005542931814;0.03367903332823
-0.9191031883151228 -0.9007674689382554;0.03320334174258
-0.9125550898808998 -0.8943444578906129;0.03273176653674
-0.906017334914304 -0.8879316784969038;0.03226430336920
-0.8994900842693169 -0.8815292881857549;0.0318009475995
-0.892973498909604 -0.8751374444808434;0.03134169429076
-0.8864677399223648 -0.8687563050157218;0.03088653821090
-0.8799729685339904 -0.862386027548162;0.030435473835593
-0.8734893461235583 -0.8560267699750778;0.029988495349884
-0.8670170342378919 -0.8496786903455994;0.029545596650264
-0.8605561946056526 -0.8433419468763302;0.029106771346679
-0.8541069891517675 -0.8370166979647329;0.028672012764479
-0.847669580011778 -0.8307031022033429;0.028241313946365
-0.8412441295453436 -0.8244013183934434;0.027814667654266
-0.8348308003504856 -0.818111505559018;0.027392066371235
-0.8284297552774755 -0.8118338229602831;0.026973502303302
-0.8220411574424413 -0.8055684301067851;0.02655896738129
-0.8156651702409382 -0.7993154867713224;0.02614845326262
-0.8093019573611308 -0.7930751530031396;0.025741951333111
-0.8029516827974436 -0.7868475891402296;0.025339452708665
-0.796614510863637 -0.780632955823453;0.024940948237084
-0.7902906062054632 -0.7744314140086047;0.02454642849971
-0.7839801338137742 -0.7682431249788454;0.024155883813135
-0.7776832590367514 -0.7620682503575069;0.023769304230832
-0.7714001475929331 -0.7559069521203902;0.023386679544834
-0.7651309655824392 -0.7497593926075353;0.02300799928730
-0.75887587949979 -0.7436257345347469;0.02263325273212
-0.7526350562458909 -0.7375061410062149;0.02226242889656
-0.7464086631386984 -0.7314007755249294;0.021895516542690
-0.7401968679252034 -0.7253098020049337;0.021532504179025
-0.7339998387929071 -0.719233384781172;0.0211733800620
-0.7278177443794583 -0.713171688620561;0.02081813219750
-0.7216507537844449 -0.7071248787336945;0.020466748342273
-0.7154990365791319 -0.7010931207829015;0.020119216005478
-0.7093627628168968 -0.6950765808937748;0.019775522450109
-0.7032421030426483 -0.6890754256643371;0.019435654694432
-0.6971372283025468 -0.6830898221744781;0.01909959951341
-0.6910483101528654 -0.6771199379947023;0.018767343440135
-0.6849755206694254 -0.6711659411956952;0.018438872767206
-0.6789190324554085 -0.6652280003556474;0.018114173548136
-0.6728790186498653 -0.6593062845692604;0.017793231598736
-0.6668556529357899 -0.6534009634550341;0.017476032498493
-0.6608491095470955 -0.6475122071627611;0.017162561591929
-0.6548595632759104 -0.6416401863808151;0.016852803989973
-0.6488871894789834 -0.6357850723418813;0.016546744571287
-0.6429321640846454 -0.6299470368305312;0.016244367983675
-0.6369946635977742 -0.6241262521878626;0.015945658645373
-0.6310748651057415 -0.6183228913175439;0.0156506007464
-0.6251729462833914 -0.6125371276906416;0.015359178250045
-0.6192890853969144 -0.6067691353500511;0.015071374893906
-0.61342346130873 -0.6010190889141663;0.014787174191544
-0.6075762534802833 -0.595287163580985;0.014506559433681
-0.6017476419756672 -0.5895735351311606;0.014229513689597
-0.5959378074634103 -0.5838783799303183;0.013956019808469
-0.5901469312189028 -0.5782018749306049;0.013686060420742
-0.5843751951254669 -0.5725441976727028;0.01341961793950
-0.578622781675497 -0.5669055262870514;0.013156674561894
-0.5728898739702385 -0.561286039493154;0.012897212270448
-0.5671766557195935 -0.5556859165999263;0.0126412128345
-0.5614833112408913 -0.5501053375046253;0.012388657811784
-0.5558100254574256 -0.5445444826914231;0.012139528549488
-0.5501569838958424 -0.5390035332287662;0.011893806186077
-0.5445243726829604 -0.5334826707666063;0.01165147165257
-0.5389123785421146 -0.527982077533209;0.011412505674078
-0.5333211887885423 -0.5225019363301877;0.011176888771294
-0.5277509913241788 -0.5170424305279053;0.010944601262035
-0.5222019746314313 -0.5116037440593221;0.010715623262791
-0.5166743277661839 -0.5061860614137866;0.010489934690303
-0.5111682403503608 -0.5007895676290036;0.01026751526316
-0.5056839025633395 -0.4954144482831813;0.010048344503479
-0.5002215051319644 -0.4900608894856756;0.00983240173847
-0.49478123932088675 -0.48472907786747416;0.009619666102255
-0.48936329692071784 -0.47941920056944737;0.009410116537493
-0.4839678702363626 -0.4741314452313798;0.009203731797217
-0.4785951520732267 -0.46886599997848694;0.009000490446592
-0.47324533572348376 -0.4636230534081552;0.008800370864780
-0.4679186149505905 -0.4584027945749954;0.008603351246809
-0.4626151839730551 -0.4532054129749296;0.00840940960550
-0.45733523744714466 -0.44803109852853956;0.008218523773434
-0.452078970448237 -0.44288004156269567;0.008030671404956
-0.4468465784514425 -0.4377524327922174;0.007845829978250
-0.44163825731062595 -0.43264846329904316;0.007663976797436
-0.4364542032364239 -0.4275683245110894;0.007485088994732
-0.43129461277315345 -0.4225122081798099;0.007309143532668
-0.42615968277454125 -0.4174803063562435;0.007136117206358
-0.42104961037743077 -0.41247281136616026;0.006965986645812
-0.4159645929753068 -0.40748991578343996;0.006798728318327
-0.4109048281894712 -0.40253181240257424;0.0066343185309186
-0.4058705138396233 -0.3975986942098686;0.006472733432833
-0.40086184791252394 -0.3926907543529013;0.0063139490181123
-0.39587902852943585 -0.38780818610903967;0.006157941128221
-0.3909222539120212 -0.38295118285177115;0.006004685454747
-0.38599172234685486 -0.37811993801646016;0.005854157542167
-0.38108763214826125 -0.37331464506411133;0.0057063327906847
-0.37621018161984493 -0.36853549744377967;0.005561186459139
-0.3713595690140663 -0.363782688553229;0.005418693667990
-0.3665359924905546 -0.35905641169844066;0.005278829402374
-0.3617396500727577 -0.354356860050915;0.005141568515239
-0.3569707396024561 -0.3496842266038772;0.005006885730560
-0.3522294586934357 -0.345038704126534;0.004874755646633
-0.3475160046823705 -0.3404204851166579;0.004745152739446
-0.34283057457882415 -0.33582976175157675;0.004618051366141
-0.338173365013091 -0.3312667258373341;0.004493425768554
-0.3335445721823038 -0.326731568756095;0.004371250076846
-0.3289443917946273 -0.3222244814116529;0.004251498313216
-0.32437301901165605 -0.3177456541733373;0.004134144395703
-0.3198306483889904 -0.31329527681792707;0.004019162142084
-0.31531747381474573 -0.3088735384696458;0.00390652527384
-0.31083368844619746 -0.30448062753851746;0.0037962074202815
-0.3063794846446349 -0.3001167316563173;0.00368818212262
-0.30195505390806243 -0.2957820376112871;0.003582422838330
-0.2975605868018961 -0.29147673128038604;0.0034789029454373
-0.29319627288769057 -0.28720099755969086;0.003377595746992
-0.28886230065010066 -0.2829550202928367;0.003278474475608
-0.2845588574213414 -0.2787389821976317;0.003181512298098
-0.2802861293040657 -0.2745530647904984;0.0030866823202142
-0.2760443010918197 -0.2703974483087655;0.002993957591468
-0.27183355618772137 -0.2662723116314384;0.0029033111100678
-0.2676540765209118 -0.2621778321974377;0.0028147158279338
-0.26350604246110393 -0.2581141859220394;0.0027281446558192
-0.2593896327308141 -0.25408154711131553;0.0026435704685206
-0.2553050243157833 -0.25008008837458323;0.0025609661101879
-0.25125239237328656 -0.2461099805346912;0.002480304399725
-0.24723191013832732 -0.2421713925364282;0.0024015581362893
-0.2432437488278269 -0.23826449135289;0.0023247001048697
-0.23928807754288547 -0.23438944189002964;0.00224970308197
-0.23536506316891062 -0.23054640688892963;0.002176539841400
-0.23147487027394292 -0.22673554682657468;0.002105183160079
-0.22761766100492598 -0.22295701981432847;0.002035605824030
-0.22379359498207807 -0.21921098149469714;0.0019677806343873
-0.22000282919141662 -0.2154975849363894;0.0019016804135042
-0.21624551787539703 -0.21181698052727052;0.0018372780111482
-0.21252181242194065 -0.2081693158659056;0.0017745463107685
-0.20883186125140665 -0.20455473565110097;0.0017134582358365
-0.2051758097021871 -0.20097338156993833;0.0016539867562616
-0.20155379991442834 -0.19742539218425362;0.0015961048948738
-0.1979659707123979 -0.19391090281538917;0.0015397857339714
-0.19441245748523603 -0.19043004542772696;0.0014850024219320
-0.190893392066209 -0.1869829485105559;0.0014317281798773
-0.18740890261082038 -0.18356973695890416;0.0013799363083957
-0.18395911347350472 -0.18019053195283075;0.0013296001943107
-0.18054414508321 -0.17684545083580816;0.0012806933174955
-0.17716411381788844 -0.1735346069919422;0.001233189257726
-0.17381913187801057 -0.17025810972225558;0.0011870617015709
-0.1705093071593263 -0.16701606412017786;0.0011422844493063
-0.16723474312472927 -0.1638085709461825;0.0010988314218597
-0.1639955386755336 -0.16063572650191404;0.0010566766677676
-0.1607917880223965 -0.15749762250377383;0.0010157943701469
-0.15762358055561304 -0.15439434595614876;0.0009761588536715
-0.1544910007154572 -0.1513259790243872;0.00093774459154
-0.15139412786221512 -0.14829259890774982;0.0009005262124848
-0.14833303614649435 -0.14529427771238834;0.0008644785076450
-0.14530779437960345 -0.1423310823245046;0.0008295764375807
-0.14231846590435746 -0.13940307428399318;0.0007957951391359
-0.13936510846656291 -0.1365103096585287;0.00076310993231
-0.13644777408705655 -0.13365283891836993;0.0007314963271083
-0.1335665089347889 -0.130830706812146;0.000700930030260
-0.1307213532010566 -0.12804395224363035;0.0006713869519905
-0.12791234097484136 -0.12529260814980728;0.0006428432126307
-0.12513950011990532 -0.1225767013804958;0.0006152751492025
-0.1224028521533671 -0.11989625257942653;0.0005886593218991
-0.11970241212631468 -0.11725127606741;0.000562972520480
-0.11703818850653222 -0.11464177972739518;0.000538191770567
-0.1144101830635096 -0.11206776489194661;0.0005142943398237
-0.11181839075607874 -0.10952922623313537;0.0004912577440213
-0.10926279962281023 -0.10702615165521408;0.0004690597529822
-0.106743390675431 -0.10455852219019462;0.00044767839638116
-0.10426013779547352 -0.10212631189660482;0.00042709196940668
-0.10181300763442643 -0.09972948776166332;0.00040727903826987
-0.09940195951761271 -0.09736800960710644;0.0003882184455530
-0.09702694535200347 -0.09504182999883076;0.00036988931538904
-0.0946879095381961 -0.09275089416063778;0.0003522710584637
-0.09238478888689881 -0.09049513989236886;0.0003353433768337
-0.09011751253998734 -0.08827449749253508;0.00031908626855071
-0.08788600189657778 -0.08608888968580311;0.0003034800320855
-0.08569017054412444 -0.08393823155543469;0.00028850527054
-0.0835299241950048 -0.08182243048108852;0.0002741428956650
-0.08140516062861923 -0.07974138608201901;0.00026037413160311
-0.07931576963942306 -0.07769499016604482;0.0002471805184722
-0.07726163299093455 -0.0756831266844072;0.0002345439156614
-0.07524262437606818 -0.07370567169280119;0.00022244650490584
-0.07325860938398711 -0.07176249331877488;0.00021087079311139
-0.07130944547360873 -0.06985345173563273;0.0001997996149263
-0.06939498195405146 -0.06797839914320111;0.0001892161350559
-0.06751505997220236 -0.06613717975545025;0.0001791038503151
-0.06566951250753143 -0.06432962979526344;0.00016944659141528
-0.06385816437439103 -0.06255557749660327;0.00016022852448180
-0.06208083223197386 -0.06081484311403591;0.00015143415229920
-0.06033732460201955 -0.05910723893993821;0.00014304831528130
-0.058627441894491955 -0.05743256932949093;0.00013505619216475
-0.05695097644130837 -0.05579063073352435;0.0001274433004240
-0.055307712538269556 -0.0541812117394305;0.00012019549640732
-0.05369742649529434 -0.05260409312016543;0.00011329897519285
-0.05211988669503877 -0.05105904789150658;0.00010674027016591
PointOptimal;ValeurOptimale
[-0.05211989 -0.05105905];0.00010674027016591625
Temps;Nb iteration
0.03905653953552246;1000