Point;Valeur
2.5531132751870604 -4.19529564224681;11.994223475688
3.3614253885755545 -3.386969406736556;12.037611799975
2.5531382197945187 -2.9153347868904556;10.197345494525
2.514409088222676 -2.9976379987641524;10.215523490861
2.1583169669186617 -2.643868223630946;9.411796177371
1.4068488233877 -2.974089116781351;9.07951638556
0.9010357074385649 -2.611694503532981;8.161913958461
1.1715491211034397 -2.7209197533848113;8.406625943722
0.5387067663419283 -3.323925092118;9.80358655511
0.556288449508596 -2.652848752524329;8.616811206665
0.5828275282789622 -2.482377760297944;8.378968464853
0.6280317813817249 -1.9915787596553027;6.667676690294
1.1364462342444623 -1.5562654392004922;6.621425854777
0.5054946011955602 -1.336493211052235;5.90914207332
0.33601126246398705 -0.6794899251441199;4.127382311687
-0.21038712323068443 -0.5643991360681514;3.637105286634
0.3258316638288057 -0.19132206040817334;2.8068887029120
-0.31066544242096894 0.4775872872115803;3.760452966451
0.0781478037117827 0.07500110162867452;0.5958615592916
-0.5226703406431596 -0.5712251744968331;4.404180826385
-0.33135721387419337 -0.3842547515105927;3.564167086658
0.0780089612440471 0.052421856024779;0.4874420985617
-0.5289852557432367 -0.47000296027696453;4.248617596243
-0.3301276932466699 -0.19488191582996467;2.8427263750106
0.1903207747263591 0.3359134747786697;2.8522117890346
-0.24409322194933863 -0.21184875885563798;2.4647353053413
0.2958037734000661 0.32317157394755486;3.2247912783754
-0.09361198273072224 -0.0862487569756979;0.74865028317
0.4478300134724905 0.44516784817364075;4.0377920433412
0.2209985846556883 0.2052639756952443;2.295721645425
-0.31414478235871557 -0.3335267843493142;3.3333321161341
0.04376054401274704 0.03822013017602227;0.25224202573318
-0.3864735423332885 -0.36255249100616677;3.667191021338
-0.0686841086518431 -0.023296713863201812;0.33973470080200
0.493439455566319 0.2436220896112895;3.5966844151974
0.23775209403896502 -0.16637745262410059;2.1870423226558
-0.33318312979757014 0.4088243860001;3.6438868864144
-0.03176104709797428 0.061215150291484444;0.3174982748344
0.28345134687647816 -0.5046972118650375;3.743721867701
-0.0629536192770076 -0.24797780008400827;1.832592416002
0.2691424631471393 0.39409522007171394;3.3880372015
-0.17375529930574274 0.07916963185756659;1.2971239363792
0.4986134802290245 -0.3130353451338794;3.815897495237
0.28283105477865456 -0.010767258276217606;2.0164883983712
-0.30187255480136177 0.042264919878062836;2.1817058719362
0.205182378071056 -0.1790602282288696;2.048425588252
-0.25866651220402587 0.4537097858724348;3.539463608333
0.004555581907047135 0.12015574184401734;0.683002118503
-0.02714907935383934 -0.5337645292699946;3.1702712440983
0.0509344853316603 -0.34540673385476767;2.4695258554174
-0.16358841521867418 0.16956565113842975;1.7243368267405
0.4697871855075505 -0.35460952249940386;3.864778921197
0.20529430805904825 -0.10802142078105875;1.6685795849901
-0.4272561224659348 0.3205810147238281;3.658250481121
-0.16112228019898223 0.009829739010506933;1.0228837011521
0.4567439080884791 -0.06172911709459042;2.9989268123084
0.17506735289984254 0.15150994442771315;1.6857937586080
-0.335759549665129 -0.48184157280019546;3.8414688499496
-0.09801814471564668 -0.2117351707804701;1.6732756268133
0.28487239764687317 0.43353929076749265;3.565064841114
-0.03236464768751629 0.15722202598680834;1.018320771778
0.18724208837485465 -0.4565512077234338;3.317681690207
-0.19505280044915616 -0.2003083232889759;2.1126552159958
0.3940961468293943 0.2839020727105988;3.438833732943
0.0423481560004928 -0.017079001052633602;0.18381904793582
-0.4438638962262666 0.18151697036735295;3.2591205794490
-0.08790743970352866 -0.1704292542870295;1.3082269184284
0.382431845826824 0.46441541847237566;3.92517991277
0.08444044224103398 0.24910641295963876;1.9050453656671
-0.318656919694582 -0.33012938375772927;3.33740923791
0.12409369333525216 -0.015955565600772437;0.7222540702768
-0.5366745962102302 0.09458171497714607;3.2716635767241
-0.35164594954104744 -0.14736037669847682;2.7656257749515
0.11847513847419122 0.27217325408622095;2.192913315175
-0.2704716652085131 -0.34129407309012827;3.1978249158988
0.12673474128700984 0.04225664355535974;0.7943204999791
-0.48975346416775506 -0.25539353029147677;3.6241289780032
-0.268045076175945 0.09951250615672164;2.0934375316612
0.2842550609253107 -0.31848339596099723;3.160447398671
-0.059332364597516896 0.14837140664518683;1.0190375275541
0.2664434451980149 -0.5016535198971863;3.6859910429770
-0.04551600072481282 -0.28719227938034286;2.0850977016757
0.15705497077619485 0.27887875754782276;2.399610594560
-0.3439800196526655 -0.19241075965422533;2.8989865549326
0.15127317847326283 0.14177574104867147;1.4648464192895
-0.4320675252334969 -0.3601001320119603;3.786394878907
-0.17458898572859477 -0.10992447536705552;1.446408233447
0.4217462130590531 0.346386145957491;3.719725409695
0.17359989128431194 0.05886105261216418;1.2221709425873
-0.423924122590557 -0.28022926054460495;3.521473599120
-0.17262657291153172 0.08957498444961315;1.3328511306019
0.3848527283401896 -0.3979642287467515;3.7639175067486
0.15741867270818444 -0.07277222749832313;1.1414856322623
-0.40192051800539885 0.3919249426585275;3.7940748391494
-0.18344215067657427 0.05172920348678506;1.2824450454285
0.38706731689769897 -0.31247248813865586;3.5117445772764
0.1366504536019406 0.1287142557555233;1.2841993547030
-0.35590099764149186 -0.5031858853046003;3.9422235048496
-0.13518985620064117 -0.2655121681780022;2.2183126209532
0.2525687281187831 0.33334171224476755;3.0943597377420
-0.12649912022118265 -0.06693969349744672;0.8786665041748
0.45531917083787726 0.3403141437694365;3.7903996718625
0.23174248602941974 0.035975689887017936;1.6469527073794
-0.3581476299832056 -0.16839064490105665;2.8734992304473
0.007410365928115392 0.2869494950515719;2.045150930590
-0.019205474033219726 -0.3560347856415614;2.495713172573
0.04701174999621451 0.12775417677719386;0.8160894367038
-0.31318982003464535 -0.4379430423540554;3.6655738774662
0.06455660837757493 -0.20832069868693964;1.5237663904957
-0.33128371869815854 0.36241341805598865;3.4938144154079
0.10421262723687008 0.0993976818606997;0.8910390873713
-0.5192129553240503 -0.3676611970307292;4.00452623
-0.29720364749473394 -0.14442636669482015;2.455837874496
0.27578158357283966 0.23900364935487226;2.7693686048706
-0.19165440209632423 -0.20549397427661545;2.1241650346850
0.31865581350137107 0.31727173165821276;3.289650912813
-0.03283268608711487 -0.029047586265548486;0.1745176942434
0.34370860334819947 0.30825893293174084;3.3490174611916
-0.03401883464922223 -0.07301447601308964;0.3927068478385
0.2932974287080204 0.48214121672139076;3.720501266031
-0.06736482148363115 0.23158288913248615;1.7176368543508
0.3079282362147731 -0.38949030779352933;3.5045175037530
-0.12226073048858449 -0.10481684821742043;1.040982292735
0.5176014576838344 0.38854914122152506;4.052511000117
0.3074561344221917 0.15924501875220723;2.5762344331648
-0.23608660031463763 -0.25012924946719717;2.6236403398853
0.24122057869592922 0.24108182465940386;2.6028516081657
-0.23096047176336032 -0.2325892430604517;2.5031831468793
0.24195065093496942 0.24238591807380172;2.6134532895377
-0.20928952347043034 -0.20942981513655867;2.251081527902
0.2747349934700379 0.27487619803190005;2.9316228585248
-0.11920109048715216 -0.11916156050871152;1.1091367418418
0.39296795373587196 0.39295806276581957;3.772575189154
0.14357894197500962 0.14352412132608472;1.42526016899
-0.3892874170638211 -0.3893021500363153;3.752295991419
-0.13188771216928707 -0.1318521570647736;1.2729956695928
0.40469018124856104 0.40472062037494416;3.8355412357872
0.1586462908782128 0.15863544459657516;1.6216914940439
-0.38184220857077855 -0.3818968271999881;3.7103202676592
-0.11228908624279454 -0.11232162503280263;1.0216528571788
0.42050882887774854 0.4205900598855905;3.9160492731866
0.18319271323409958 0.18330331030833563;1.9353604522443
-0.353523028121849 -0.3535234378668068;3.5377662961214
-0.046633788345820104 -0.04668506189597882;0.2993120101684
0.37414187863202913 0.3743720979916576;3.6659517117420
0.058633206326980214 0.059014078783013624;0.41141847184510
-0.43193188633513074 -0.4333981528827151;3.974386122474
-0.1634624743846509 -0.16597757434020316;1.7002568498685
0.42914138215263997 0.42911657148578025;3.957638667394
0.17846807651412055 0.18001100472456888;1.8851477948111
-0.38565718405554084 -0.38397941185140816;3.727139214021
-0.10077241564166617 -0.1002876114315524;0.8750917429267
0.4434386587179634 0.4409837128739784;4.018493515320
0.21322024269406928 0.2102734579616065;2.278852428791
-0.31827525280432956 -0.318543682348242;3.2930048759895
0.047912311726131585 0.04840683276262053;0.31245721855141
-0.3841019199611334 -0.3873535787452702;3.732282294387
-0.07684696571752125 -0.08114326033432351;0.6228000317376
0.45400998473476695 0.46487718478701934;4.094098636862
0.21483133098797005 0.23433598951877394;2.425540592789
-0.3238697478033138 -0.3112013021919347;3.286442679159
0.06816983397969184 0.07127984849044128;0.5220997810255
-0.4333845269681427 -0.43638802000836946;3.9847877690268
-0.1760224406519284 -0.1869164770331815;1.9138110297551
0.39483752424260055 0.38766227133260434;3.763111640368
0.1084619868637598 0.10817870253275497;0.9715377782442
-0.4521893495135209 -0.4428852990436607;4.042356074023
-0.22560294713390966 -0.2166482284540064;2.3860378028946
0.3012529445748731 0.2994265122878194;3.151592483471
-0.09319361634780543 -0.09476669866275023;0.7958827396657
0.42978897188736975 0.4329385517010764;3.9682428931785
0.19134675170314047 0.196749430716865;2.0686621518506
-0.34850206781940124 -0.34661456062755425;3.4987625672148
-0.024336409867676545 -0.02522575643087882;0.13159141764628
0.3182791033374903 0.3249364643758577;3.3168856359152
-0.08721499944491934 -0.07643838355199672;0.6561842752612
0.4755645967133541 0.4461584252758375;4.099490589000
0.25321334822670805 0.2032349375696553;2.471655750487
-0.29001069673263824 -0.32106756635227574;3.1937706907602
0.10281179835356757 0.09609473801605756;0.8625655697540
-0.4455673480993264 -0.44875386725066185;4.040740058090
-0.22194474365835803 -0.2145178359986209;2.3533071271038
0.30030361336631084 0.3177652357062403;3.2211273582647
-0.07655692208389142 -0.07147797041267306;0.5682388420388
0.427128851770304 0.4204418390009939;3.9318635656835
0.17881105604091677 0.16072847278744795;1.7671905784845
-0.3934740519777833 -0.40031497636160907;3.7939547817058
-0.12910527946343658 -0.12395031611937657;1.2040006388242
0.4269925813316962 0.43682910218255444;3.9707621226443
0.1971749062681313 0.20050738504478322;2.1265501787300
-0.32829811703931366 -0.34016170955221775;3.4078984905582
0.006894911806665904 -0.000230531456192673;0.020779479531032
-0.32548829299638754 0.009458656171393725;2.3074502681563
0.23968161972866125 -0.035409568205955616;1.7098101407026
-0.3447378829713504 0.2103393212214934;2.9738460179819
0.009550110483520169 -0.33935986767583776;2.3935910897043
-0.020048231976968454 0.2880426591163638;2.059646209535
0.06496948039576028 -0.3092681847923752;2.2732817993789
-0.2107922581206278 0.1965295268414174;2.1849151101331
0.39173514785767843 -0.2517055020915854;3.318549274467
0.016399144372721608 0.05183712888951891;0.2307263340295
-0.19109986455113953 -0.3998499182757584;3.1334761548948
0.2384317058967737 -0.04704104078439619;1.7209717697365
-0.42574398075775216 0.16855553507379803;3.1550377008363
-0.09495345381753961 -0.19159755139294218;1.504622318360
0.31857809921351604 0.44637280723890527;3.7045127499082
0.011424863931758567 0.19832864812136541;1.3410261349714
-0.06199556902474308 -0.41667761608208487;2.845045336480
0.16662652414034174 -0.0818673294421508;1.251973523172
-0.5237139679729165 0.2783073792642416;3.7690506797239
-0.31742715732880766 0.00025333138161409696;2.2538589930959
0.24838346703645653 -0.0009438576400636832;1.7515247422671
-0.3268495117059893 0.004314949182305324;2.3148862448004
0.1271454766737362 -0.0195752594380548;0.7509238552069
-0.3946916875530596 0.22162681292802164;3.2219538346935
-0.1204565743068236 -0.34059952049420816;2.6158912973185
0.1493900638085442 0.2933495421812333;2.453447911993
-0.21971099391828275 -0.28545091429444425;2.727354971207
0.19960070800145063 0.19478247913386892;2.1067359288176
-0.30755638309475836 -0.3200143230023006;3.2579124615434
0.0375264098205223 0.03426275087063185;0.21132274448331
-0.34400756185314485 -0.32784121852552106;3.419723346105
0.010043279980869901 0.03779005962564003;0.15082513918366
-0.14041768913872668 -0.4382450186522828;3.113538298796
0.22866202729520121 -0.058764918881971995;1.6707566722026
-0.4428946170364181 0.24922943150234167;3.4775884677572
-0.16067016584134997 -0.15032947661514445;1.5817902201778
0.38946963134941737 0.4583836383573822;3.9291011092822
0.15107421911817 0.2050822807281787;1.8880389318840
-0.3434194401875922 -0.39369193136048497;3.6306814555451
-0.04067314486780799 -0.1031639524501522;0.612919405327
0.27767623548605136 0.47801698226699274;3.6633992776376
-0.07645926561009742 0.24596444452239824;1.8558261929245
0.3036517995133428 -0.3354802614705726;3.3017780067481
-0.1487186437073812 -0.019343385539859204;0.926983739308
0.523127700409358 0.10013656750673375;3.255936295547
0.32166754284660837 -0.14771805745895397;2.609294947178
-0.1674189873539344 0.2910338216691025;2.5177220769559
0.23787412860447837 -0.27179099196898704;2.7439503327892
-0.2032769947118146 0.20375570972674956;2.182338228286
0.3030486828983471 -0.3114892374369603;3.2071776390509
-0.056987241418818835 0.05403055113377481;0.37981991897940
0.3853312903876533 -0.37640981441043314;3.704534684925
0.09339462310042596 -0.07674305209648147;0.6956647990581
-0.4603397065578199 0.4271058105517963;4.0244717090554
-0.23669148172407842 0.17379100390756935;2.219057449945
0.3184691032249879 -0.3513917017777229;3.4126951865524
-0.01665273057746175 0.017667138382080894;0.08430450529793
0.2825612158744043 -0.32571402501987123;3.182936775018
-0.14391602963377748 0.12885602080247927;1.3340010088786
0.45010285224436974 -0.45342959845595165;4.061072310656
0.2298731339432016 -0.21946485007782987;2.4256578921169
-0.28708195055407093 0.31035346675220465;3.138594994485
0.10508544525475522 -0.0993383788897057;0.8961721928269
-0.43475253303710865 0.4350054205445448;3.984760488670
-0.2059436429585325 0.19751710280006735;2.161402465417
0.32608375937432366 -0.338460776295926;3.394109459129
-0.012299394237981154 0.008688602299582793;0.04862181162559
0.29938137470217485 -0.22716548420756216;2.831442288584
-0.19062094471740643 0.2553397108754435;2.4195874738955
0.2943282803043178 -0.29596446265491616;3.1088209963867
-0.11561726455356802 0.10865232641745948;1.0201004391722
0.43907151919287213 -0.42569054231292913;3.9729169854584
0.21028783396674489 -0.18962042758462647;2.141771023099
-0.3279460488836252 0.3341748217457755;3.385522751275
0.00926886549960615 -0.012604563266490232;0.0507601401439
-0.22642948631539392 0.30295471089534765;2.8455881977307
0.2421992830729686 -0.19044862567058463;2.340744679012
-0.3091158560997851 0.3107931078272851;3.2282386576987
0.06981281832202324 -0.07783115346513747;0.5667962972220
-0.40917253423178335 0.4405798441253569;3.936477817861
-0.14848166421544706 0.19399248867623797;1.7973267274370
0.38875236284757364 -0.39308257597010066;3.7612925919771
0.09765588530324776 -0.12756686118957744;1.0365437747747
-0.42923132981744927 0.4425556942698003;3.989350122314
-0.17622777281697388 0.2267743923000804;2.1695080509127
0.3537777823546492 -0.3056961054237863;3.3759693507374
-0.01427105653902594 0.0221667492786789;0.09298593482118
0.25171238953175346 -0.3289728026629618;3.072291141383
-0.2137633769829319 0.0999676312083494;1.6970227934821
0.423645219124971 -0.33078207446958563;3.6788887305879
0.15944152795121908 -0.0004322267249961542;1.005753936881
-0.4580878450798584 0.0025861501264384744;2.9555726443373
-0.17429974054409147 -0.008140970869496623;1.1342194628922
0.40513830559933717 0.0775522412420986;2.823195347148
0.07690330323003775 -0.31546087587459337;2.341019775473
-0.1365045771394238 0.39245188377908224;2.9207494332053
0.15818011575157323 -0.08191618351213165;1.1860085424892
-0.4380796319489014 0.385037697966337;3.8690545713977
-0.22053296336505587 0.07839690249507653;1.6660877581352
0.35644625845715827 -0.33592775303942657;3.4895536403103
0.08204750922926612 0.07619017028963176;0.6244433406010
-0.38382769145277407 -0.49002765098005246;3.98531639199
-0.15510545967986733 -0.23683105742964905;2.123185676092
0.30551103774219796 0.3760312183444964;3.452209086839
-0.030521023735537722 0.03797938021026931;0.20003229879662
0.32357661619099476 -0.3882320679279959;3.5516291392445
-0.04013588132148577 -0.04230006646232187;0.2534646178940
0.40759297993748733 0.41479554090048515;3.8690766747556
0.09126233224846458 0.10876855442862415;0.8730414160002
-0.4865591609570872 -0.5053709138580478;4.238606176664
-0.2646899237060967 -0.30982634766891215;3.043452944815
0.21540037766271103 0.15208272332219624;1.9638534725084
-0.39236310816402276 -0.36943028900902447;3.704451974592
-0.10664328302968629 -0.05935595627638296;0.7032148152527
0.4757445157571675 0.37575881911953163;3.9338853027489
0.2618267244682376 0.07185626055164712;1.9606543559763
-0.3202674245100483 -0.2844288636035978;3.168386765399
0.025715817065044444 0.20171662524466066;1.3833399854331
-0.10623361050216551 -0.4730043019544891;3.1388034814253
0.15911546790076403 -0.19808124561423984;1.8861517322466
-0.4032857699011667 0.339562331877546;3.647185319549
-0.09016070295347067 0.06558092508098384;0.6201449527785
0.4815801024702486 -0.3615210490666435;3.9101300238280
0.2498291586204379 -0.09209370571628878;1.9367308453365
-0.3537200026592633 0.2921166734063881;3.3267377722100
-0.024797380504893607 -0.11526422427549432;0.6657800917146
0.15739496730302452 0.5189721954943328;3.393649877594
-0.16947982145413967 0.3087656419888777;2.626298697693
0.2991035386066566 -0.18463580507931804;2.6392154389843
-0.2387056605600295 0.22638545478697353;2.511903439482
0.26565705506688553 -0.24981990900139156;2.7709604996500
-0.1861915612450627 0.18532932910049993;1.9666338400701
0.3340396793601392 -0.32884097814338265;3.3882231468759
0.009150179051089558 -0.006159217890010116;0.03443462156735
-0.28066133825045764 0.19318657005393633;2.576950074033
0.23858499479411482 -0.2844943198288722;2.810547149033
-0.19747759705047074 0.1944718895872531;2.0919556843140
0.32411422030936154 -0.3354827864408582;3.376518747426
-0.00940823989209072 0.004975996779293168;0.03311713590500
0.2989916762719862 -0.17260346587993938;2.585646193463
-0.22430775765121902 0.29765092744262567;2.81006097687
0.20424538476107984 -0.202828145110302;2.1825879898245
-0.313398988395207 0.3327312987712221;3.3276693157859
0.03244650781301939 -0.02418075537136799;0.15757998777991
-0.3571415250577639 0.29023131728570606;3.3323651285715
0.021247165277486435 -0.1117209421951817;0.6328745632406
-0.16336000491703664 0.5180945340305702;3.4089179584352
0.20867670875057573 0.3066628978430527;2.7852538067004
-0.30913182975980213 -0.16091289798427855;2.592515178873
0.25272034723872105 0.23846314222695386;2.6492539623133
-0.24155799855424204 -0.23509332082051354;2.5732828489499
0.24235594849022107 0.23904368356341066;2.598158456013
-0.22407775018322834 -0.22288635678842306;2.412138236724
0.25369759393095304 0.25284358038931415;2.7264734625959
-0.17741501513205388 -0.1773902768558192;1.86198555607
0.3302945241921342 0.3300371300077558;3.3791498413925
0.014569597889739772 0.014431230682496077;0.06916936952953
-0.26207381009981073 -0.2598061821222422;2.8016595964577
0.20526548967404695 0.20688836515928105;2.212617965868
-0.3145445690434076 -0.3147362977460471;3.2644313132940
0.04677542109454719 0.046297800630558605;0.29825030228368
-0.3740693300511578 -0.37120140069131663;3.6563163128911
-0.05850173526075919 -0.054587909180675465;0.3897883666457
0.4351489471619552 0.4185451232662335;3.946508270523
0.16639765361264852 0.138789821484531;1.5494025173360
-0.4447823808803352 -0.4397554772340906;4.018740561757
-0.21618126558346906 -0.19117633740037945;2.186915005133
0.3293852701510357 0.35591555580469525;3.465772656453
2.8822311747445095e-05 0.00754822592221388;0.02286624291108
-0.003886797415698256 -0.35061705142206706;2.4590703189262
0.013074567419345125 0.20605622745922553;1.407520397144
-0.09565803542052602 -0.4142701225158652;2.9020899836239
0.30384771308777914 -0.0801844059203789;2.275177442544
-0.38597995081282077 0.16364599556892073;2.9817121403396
0.06475715790292003 -0.1748497101284603;1.2518274292340
-0.31533925826978554 0.4434293233781955;3.68698633987
0.04058024640478536 0.20952910864168586;1.4731952125826
-0.2251280524738396 -0.3792525282538678;3.1756465025783
0.25190088566823754 -0.07225973990403045;1.8879785043772
-0.4112980130084106 0.18515041525333903;3.1566452769
-0.05646688089431695 -0.14358147421946732;0.9710379787702
0.28989770820050753 0.4637382359185306;3.6640807350605
-0.04735173521265956 0.23563673962162712;1.6994207700045
0.21473087427547427 -0.3442951465847012;2.989414788476
-0.2665737329754629 0.006057114258823881;1.8937652263335
0.3835169008249592 -0.017441575626553994;2.6420044038882
-0.051111151152979706 0.03941148010082478;0.29043085951849
0.3700507185749925 -0.3835272391286816;3.6807725867585
0.08222607916909641 -0.02832542761004042;0.43623630491048
-0.4742044109988679 0.28218090994452455;3.66750252297
-0.2301481977294673 -0.13515500942632325;1.9784460048719
0.339485538422573 0.4332320526325986;3.7308009568460
0.07186398629209223 0.094137159558358;0.6755892356453
-0.3797501441093694 -0.52500938853157;4.045412059438
-0.12826464199454118 -0.31409052281361627;2.4930692149486
0.2663442604897268 0.24847300441943299;2.767847714452
-0.2346369020473874 -0.2086936814005212;2.3939862450066
0.29269053876840134 0.2795681124003773;3.0323321488480
-0.11767161851843783 -0.12266234086749017;1.122053830185
0.41542024593846966 0.4179521591826668;3.89686677020
0.17374101799876498 0.181648996915576;1.8660549424119
-0.36220973246901766 -0.3575272460393606;3.578177015921
-0.06179688378262099 -0.06283610216768443;0.44586750274409
0.40191311345712044 0.39923877922680934;3.8137251894051
0.12289617996077618 0.12442254916783851;1.166698923438
-0.4470373502997288 -0.44345582629683417;4.032183030467
-0.21913444931467363 -0.2174617429325013;2.3538871956888
0.30605259986281497 0.3024268487423961;3.1830781947884
-0.08189777647549157 -0.08329708041854322;0.663065829878
0.4255279733670164 0.42766343726038636;3.9454967190137
0.1785883309540175 0.1833071840580689;1.9067167913114
-0.37523997405332443 -0.37333430124527944;3.666128461576
-0.08181559461597454 -0.08275980311240494;0.659532688624
0.43311719135590576 0.43211539396032705;3.974157703184
0.18866929595057264 0.18980129478406585;2.009598992368
-0.3662555136547126 -0.3632989697651189;3.6087170472549
-0.05932932422909737 -0.05782913258912792;0.40908752084748
0.4144718708911289 0.40624259546925223;3.864783329567
0.13803830650479504 0.12667140700698581;1.280617552418
-0.4543600243447828 -0.44652457311428945;4.055223487437
-0.23314389944462663 -0.21492639258360813;2.4193096000816
0.28906281643455234 0.305476731177064;3.126562210134
-0.10565910004051171 -0.10285067728890024;0.9210376697656
0.4314868563362604 0.43477308385803276;3.976565254796
0.2004522518531299 0.19926126635236316;2.1386971701854
-0.3304992677218236 -0.3376571293439157;3.406843345951
0.006574711783579157 0.0033021478320577335;0.022250669411391
-0.29946352665736353 -0.1628998849957312;2.5463892432791
0.2391074859957436 0.30827197252702976;2.926670945113
-0.18071770032642598 -0.17994166345430346;1.8988365313163
0.3586664745146725 0.38339401406504287;3.6464432957049
0.06963022672471336 0.08641669821275222;0.6164253076344
-0.39469818525115924 -0.45371072078387287;3.9313897795032
-0.1295531017677315 -0.21697403244388502;1.8578979462275
0.36557113508362993 0.3735973169964526;3.6379936271541
0.036680510045779324 0.09478609135562005;0.542377103725
-0.29264115893892007 -0.4619143755739045;3.6676534143969
0.08690915906265612 -0.22273894038101863;1.7137561669388
-0.3710305926986004 0.3608544521707254;3.615834373366
0.021642995561178435 0.09843173479157907;0.5348949746925
-0.22047012401118432 -0.44599954345351656;3.3927365004181
0.24756134432839727 -0.18357992489123964;2.3372083628319
-0.38852910029852095 0.2566226141130694;3.3246037036205
0.0029030654239321496 -0.07424732523693206;0.35069894987988
-0.031364813898081344 0.4613093204554504;2.979196259943
0.09190987130207534 0.14933896714716016;1.165020669638
-0.5139460957583057 -0.42783432775393576;4.13533014260
-0.2549207177106015 -0.2340120958320784;2.6381826566581
0.33583531276517414 0.21331125556593902;2.945349314529
-0.15567512256945143 -0.16741703279425443;1.66030097239
0.4137916774366159 0.37742451869898674;3.786213612477
0.14172168023503673 0.12079889335382427;1.2695819991722
-0.4411371761228673 -0.3960602008345357;3.9049654895770
-0.2080371088958431 -0.14879108553767492;1.895722234503
0.3576637778938894 0.35016992150927795;3.5402875406825
0.06297997045865644 0.027348021636291242;0.3154799976505
-0.4316036658413518 -0.25428399411526553;3.459875361779
-0.13454098485812865 0.13356420792841628;1.3013983049831
0.41499388962171685 -0.47072539420834414;4.018990434036
0.18840536720638087 -0.2394602924623046;2.3134606668291
-0.2994386170060066 0.31770459646846516;3.2175078786245
0.0799091837164797 -0.06405523201954538;0.5503433094152
-0.4413620462110107 0.3918803608741764;3.894831708858
-0.19684317586601904 0.11604870479078683;1.6437731448391
0.4029718733269684 -0.3849020628680449;3.777715544097
0.154462615485836 -0.07823790187543556;1.140988870631
-0.43283235742054565 0.3886709619938871;3.8655305404959
-0.21679457889551831 0.0760695551280991;1.628699695244
0.35776568423471644 -0.3407597708951142;3.5099308377367
0.08927865293638126 0.07294856597886645;0.6506021766220
-0.3937000217701014 -0.48182444723614626;3.9920280797454
-0.1737023168877888 -0.21686076723189407;2.092408313955
0.3093948513265097 0.3968197459788606;3.532611090528
-0.0008116411751262764 0.06907169944256114;0.31756688024780
0.0071420951811876476 -0.49119959863960755;3.0603230677239
-0.01738910402564462 -0.2082194701569437;1.4290570173255
0.12122718276716818 0.42314487562340036;3.003105970885
-0.31705418566311383 0.10240908550421196;2.42284842741
0.3461445096696568 -0.18438128452745933;2.877607880981
-0.14580451683473677 0.1941490272785235;1.7832113849592
0.38373896610577557 -0.3755143653696695;3.6973563540362
0.08383911259083215 -0.10681994071381623;0.8196345648788
-0.42718807553790034 0.43620216141551366;3.9697554595955
-0.16878825805451053 0.21543570751665841;2.055758585204
0.37076199848470176 -0.32656889430574787;3.5055515235506
0.02914473867107603 -0.02145464879273884;0.1369295624137
-0.3810792534853938 0.2662178445557975;3.3322260086100
0.01915748362973152 -0.11974866100657777;0.6918776644636
-0.15507024386623083 0.5111209120138721;3.369182853962
0.23429634931532603 0.2947146216297337;2.8408299533062
-0.31091965729725846 -0.1534081737339536;2.5718376859998
0.2612272129936041 0.23631906800782537;2.6824957887097
-0.23336061554741028 -0.23038439768909869;2.504255833846
0.2593812430876532 0.25442033422973537;2.762391985479
-0.18622596650330303 -0.18593002303611705;1.9705703348115
0.33010550945744077 0.328485927393552;3.372924988708
0.004193715225925876 0.0032840098506406457;0.01582107068022
-0.24979336188835788 -0.19998106818291364;2.4352500195807
0.2844705025887986 0.30603308570642207;3.1099533202950
-0.1129636388119038 -0.11171861954517015;1.0221240520298
0.42830685845545097 0.4380776557955256;3.9767942500257
0.1977215412000589 0.20474486464771663;2.155376360936
-0.326563058691396 -0.333128294797248;3.3768601700722
0.016619474263908807 0.011336359089288983;0.06764861080963
-0.3192466741817553 -0.23049659019287302;2.9405333952283
0.14964360159746298 0.22847534157023822;2.039545903855
-0.3434706072369897 -0.36376235950156444;3.5382385991687
-0.0061026882809011584 -0.05291320457505588;0.22447443843582
0.07252503461263715 0.44660119050200575;2.9808009437172
-0.1774915511314259 0.09257699185225093;1.384303285525
0.5099089189315186 -0.35005369053127683;3.9408854323830
0.3010467508563798 -0.06490582238329057;2.218941292225
-0.27227582367072567 0.21079086098526467;2.615307316967
0.1851081398454797 -0.3226807298479506;2.7652451628301
-0.18745908877671597 0.19175251616126077;2.014248631493
0.32087944603275326 -0.3574538543379794;3.441953493488
0.006106440509863753 -0.02754444317203031;0.1008608431477
-0.09611695783375696 0.3887156255946125;2.7900704416758
0.20219708589728752 -0.06741503668285181;1.4831884178346
-0.46174276284562693 0.27361329298016995;3.608703121396
-0.21167641771925894 -0.07961636028136015;1.6006995615335
0.38323125538391123 0.33777843286943776;3.581396823399
0.12023901580762947 -0.04743135514960578;0.7597109699884
-0.43762211668464995 0.35214502867217035;3.778564594547
-0.21810566742455975 -0.02416823996029549;1.5186087044755
0.36377934045718296 0.1565323870854912;2.857084475493
0.009309904654514534 -0.35431430601610225;2.4814919873429
-0.017215891026899906 0.27032227764212136;1.9274258139173
0.05694262863460102 -0.3537395087113282;2.527021379806
-0.15557151752299542 0.10380712743792386;1.2725306052663
0.49379704282564146 -0.33078600244760803;3.854804782612
0.27080890252644213 -0.07419410202054766;2.0324890557734
-0.31892348780891083 0.21514479794011798;2.873572314363
0.08776203598105742 -0.22799917545824372;1.7573358711229
-0.25076421069822696 0.38732343572499855;3.299357251541
0.10301713880684199 0.06818174901710067;0.7163868377358
-0.4648717387144761 -0.34758865481346635;3.834040570313
-0.23401137307863734 -0.06956945906978296;1.7431168420097
0.3654229251568924 0.2594771375612548;3.249884480323
0.044667337669086205 -0.16042790537448925;1.0726851220274
-0.2028842014614064 0.4939128405240275;3.4708936972764
0.12280572375560928 0.26634546015401456;2.171350157262
-0.31177562922645 -0.2741609387020681;3.091437338289
0.1338361490152804 0.08334912354487589;1.007342190981
-0.4758187385488595 -0.3413894706069789;3.8429804840078
-0.25429236170421776 -0.07064432154474043;1.9013035679948
0.3309178588953844 0.2365234771643419;3.0184749953082
-0.03611502388747295 -0.20981780568776043;1.4672216867819
0.13527192854139033 0.4368649177451057;3.0937807226154
-0.17086235957462 0.1281359680998707;1.5182983253170
0.4352075174501774 -0.34617351711485866;3.7553171927699
0.1817195169696929 -0.07878766092444539;1.3590727715484
-0.4245469646840949 0.30829893460438773;3.612748213901
-0.1749352753504121 -0.02435616354136033;1.1544852389123
0.41867831749447115 0.14561213149978197;3.0565309654049
0.11953167092134726 -0.2511059009261587;2.053390534892
-0.23444143342381846 0.3960575185613221;3.2727032198544
0.0897765097818311 0.035826353634515695;0.5056834062455
-0.4546491795371647 -0.26944459322738734;3.576296601363
-0.20155767641808392 0.09884433474631288;1.5987426153243
0.3803074760033471 -0.389712508762852;3.728178973192
0.13544937726700731 -0.04984415492550259;0.8850574092406
-0.4372208909592472 0.3424198905004987;3.74987746866
-0.2171435553629181 -0.03793636112593918;1.5311214556787
0.35891103438662164 0.23148128918869898;3.1179224493548
0.04249536911015295 -0.29193133072599803;2.1135160868940
-0.09947033807230604 0.3665481196680332;2.6904004903069
0.17236711894934442 -0.1006373668712659;1.3828772948272
-0.43648686005029347 0.3463316042705252;3.759136193959
-0.19715348209298575 0.05629586079417476;1.4084433757694
0.4028324550481538 -0.2576836615447488;3.378074152947
0.12531693667834987 0.14374152547854863;1.3109772645223
-0.35569149048260473 -0.4722237870437183;3.8733679632511
-0.11603163955223111 -0.23414003946111206;1.9179023118622
0.29083499435286875 0.3620345305719128;3.352247984271
-0.0653703699836965 0.03741636452604152;0.35825218006383
0.4499623447954152 -0.2866555523325793;3.617235107365
0.16912593389591424 0.04745610724585714;1.1520627619721
-0.4625829574374223 -0.2659848499256478;3.58713333045
-0.22760729007733432 0.12289761046530007;1.9020228466524
0.32021180411492006 -0.4020484508130436;3.583462544532
0.04843614404698965 -0.0379133378757896;0.2722129258361
-0.3641860381964597 0.4029161782492457;3.7191256716554
-0.07940687016797293 0.042605347388206316;0.4591455857321
0.4641604865470183 -0.39699443702322135;3.9611217900591
0.2381856888577055 -0.05329920083389206;1.732720637898
-0.3749286956317087 0.2941497613627677;3.409312021382
-0.07749795664245523 -0.2001772854019278;1.5016967208819
0.26444011847888577 0.4938029046050745;3.661614786786
-0.04930366002996028 0.2580304366902471;1.8778198082849
0.18736606106069062 -0.3438647913042843;2.8785079872167
-0.2693460148633281 0.048503665448100086;1.9611833190831
0.3653727052088084 -0.13550520459359616;2.792739699067
-0.0579550469573461 0.20666377670814867;1.4910546831711
0.21465074188678196 -0.4255688068495888;3.307482795447
-0.14080559900552142 -0.13449912765897643;1.3486750544741
0.4395468361109169 0.37627828158963184;3.8495593367876
0.19184691032019818 0.13380298558658815;1.7001947752539
-0.3931660967778028 -0.3453184697256575;3.6349318156157
-0.1196683727255674 -0.04807337841382908;0.7574338097827
0.4598475391915624 0.2898109804431417;3.653607780978
0.22806027332955978 -0.057609289873329694;1.6629680551275
-0.35280297835830243 0.2629940615435218;3.214441091107
-0.03892548138235691 -0.20180289825304526;1.4056478699774
0.14326512806064243 0.4713639341115708;3.230006944425
-0.1497679708585228 0.20002603475950825;1.8461036648290
0.37783120571464046 -0.3472614587582427;3.594553239961
0.06001073382828248 -0.06783961319186799;0.4631926310554
-0.4146205472021982 0.3983474976598723;3.8446545719377
-0.12720211158538897 0.13974646294362053;1.2954480501326
0.4521736740635013 -0.4272049957862654;4.006519279427
0.2138305826759498 -0.2028502729572474;2.2396532016797
-0.33607742638757043 0.30962582653158116;3.3261128407859
0.02808823896821344 -0.042338702339169865;0.21124701645411
-0.297996505490278 0.39331810526734073;3.483848157451
0.08233783554179447 0.05508750778180721;0.5248080888210
-0.49934705555779973 -0.3836582797650356;4.004369999896
-0.2763291135546822 -0.09669671655984985;2.140980997942
0.32164663431144064 0.3114791701190337;3.279080304131
-0.03287379702654514 -0.14052162254478506;0.8815610068995
0.18957947308147888 0.5227265011469995;3.4970356976085
-0.16084454882701388 0.321930647803492;2.6622506282
0.29436656161545044 -0.1621861385684324;2.514059565195
-0.2697599591435042 0.24194136917410358;2.753327553392
0.203267519196555 -0.20535378001909188;2.1917693718941
-0.31074041216111575 0.3050282592439302;3.2120183605763
0.05491577347411708 -0.05629650271046588;0.38059734531525
-0.38126473713838654 0.3838873618964208;3.714365146586
-0.08442825546536609 0.0911348482379522;0.72337676192
0.4423682209361269 -0.45376659858700835;4.0446765482379
0.2028154421513805 -0.22582249485224445;2.3103838274229
-0.33119353079644476 0.3154616875027071;3.329594754839
0.04284323598496226 -0.045367446659809185;0.27755386713286
-0.3821792356403924 0.3857536933403813;3.7222954145281
-0.05983290219209625 0.07506720530947547;0.5024256226875
0.4331291023879787 -0.47426395799298154;4.068123228366
0.163383870253284 -0.24356439947708475;2.208931056641
-0.3781637135823401 0.3385406411215556;3.568060406741
-0.02010379948041574 0.020672755072377647;0.10358187791624
0.3482029123212453 -0.31739373590386966;3.3977559056400
-0.08395019145447985 0.08010883322941503;0.656831357547
0.5014532630299877 -0.46783383007265517;4.195275451682
0.28422779083530036 -0.24256101011854408;2.8276738172252
-0.23446532709693158 0.25296708329372286;2.630245584904
0.27088565378654894 -0.2630066620892013;2.858966340820
-0.1899266764603167 0.19203437097810094;2.031062758703
0.34430889310097823 -0.3431097811921482;3.4730619501232
0.022001333069413986 -0.022104395649583997;0.11394622936973
-0.3076962909201545 0.3067713726054348;3.2068785125105
0.1130191000225832 -0.11253968809184423;1.027648081316
-0.457790765268585 0.45623761494218396;4.083819435145
-0.2361072278171994 0.23398551494302436;2.5383621781947
0.2758766698717313 -0.27687691725175;2.9458747385764
-0.1589979695533027 0.1589257960795717;1.6258500916866
0.38869776342749907 -0.3890385738825435;3.749918067895
0.12266841730096206 -0.12286563259727867;1.1551781854698
-0.42029086292892565 0.4205502300205307;3.915413929124
-0.18274893759936484 0.18315221659816883;1.9316484255578
0.354001024148192 -0.3540430139978631;3.540983016404
0.0477123106172635 -0.04788506755841271;0.3092732376624
-0.3768254445572541 0.3770773607672412;3.6818138389498
-0.06498594091795246 0.06561817405602532;0.47602738228821
0.43990735022921684 -0.4422394048646373;4.013319824339
0.1831714691208945 -0.1872303171848323;1.9597709993028
-0.39554174055673713 0.3944295384154777;3.783629972799
-0.11027014833673998 0.11127512672776435;1.002333796327
0.45284364276683287 -0.4519425799627939;4.063820807625
0.22803135128030502 -0.22853091638990275;2.4651475069627
-0.2895294587865961 0.28697538397291145;3.0505185718900
0.12652026242417863 -0.1269430614874924;1.2063524987288
-0.4221704400782604 0.421503751254604;3.9223782221495
-0.1845534147807575 0.18439694194417827;1.9506547023516
0.35342062398704466 -0.3526289474627529;3.5345447476133
0.04488184342047047 -0.04428590151162798;0.2814715560856
-0.37302614284780833 0.36873524926942974;3.6458171644984
-0.05243496697523031 0.046677661463757736;0.32559800048503
0.4309294026559559 -0.4023254816454046;3.8960081210938
0.14907315696725104 -0.10245328595707298;1.2173519351452
-0.4810568119429561 0.44865678214112786;4.116089221519
-0.2800812508581073 0.1985359822831934;2.5990254227456
0.2267071169413133 -0.3140269814896482;2.8999014092359
-0.1832891771462271 0.1734305529449795;1.8746433682173
0.35760357789759617 -0.3805637346851685;3.634764696618
0.07115468840331746 -0.0818414132171501;0.5967996244481
-0.3981640965130074 0.4451942238276446;3.920015721043
-0.1375145468098552 0.20092301853194777;1.7848861791016
0.3767013891741239 -0.3903284468897716;3.719630912523
0.07408559793524128 -0.12324359639733612;0.8859113827787
-0.39622635845470294 0.4522469855040086;3.931800502142
-0.10896249999837732 0.23917506404708766;1.9240676491148
0.3562329477432482 -0.3254013366129551;3.453292587294
-0.03919666508876579 -0.029981898631351256;0.20337670243877
0.4390795272127712 0.2812127942313913;3.5695007808934
0.09048966065932013 -0.04883895199024724;0.5523783427183
-0.5264138122351136 0.34649577190220565;3.9643700242302
-0.319120991411883 0.035161180311472195;2.2862749350927
0.26004656913913093 -0.13306078909935262;2.1728577849829
-0.2753854515172849 0.40944919342346775;3.4602267061636
0.023554115629999595 0.0005442983024880332;0.08135249952414
-0.3586926640785763 -0.015075887440055728;2.5084865322816
0.13768996805103695 0.06935650038817037;0.9735115971450
-0.43484367954537095 -0.529270075478407;4.178206345521
-0.2514748678330891 -0.2440966401569662;2.671365478278
0.19190109523131432 0.3789404389872566;3.0521304519955
-0.14996759725238373 -0.11029618256571089;1.2667602320974
0.4220311248794222 0.4515236074231113;3.9929218552188
0.20703164914245364 0.19325775927601346;2.142988831466
-0.30626916410255667 -0.37410246184989887;3.4483169977866
0.00960997877431935 -0.023369596445789564;0.0883910404499
-0.16205541900756898 0.38835890129794937;2.986444972459
0.22296990467940658 -0.06327933093774879;1.6377308856484
-0.42398418187149145 0.26585112678867556;3.4744840970419
-0.1412916701415301 -0.13206688795460675;1.336435073286
0.3986149058069638 0.4722124156755231;3.9830671057308
0.17322459541832028 0.2323811979433808;2.1888257161479
-0.3029798211441248 -0.344628880678117;3.3331467847395
0.04828115961511609 0.012562349966837472;0.2061004698206
-0.43239094623098046 -0.14399263946663987;3.1030100065827
-0.07349273576572574 0.21850782303845956;1.6336182608406
0.2760138756531924 -0.4433882670666501;3.565363626643
-0.08493298248281228 -0.17379241433159393;1.321553271469
0.388301575614706 0.42325174730002296;3.840344466142
0.06830142251758714 0.20034716730238858;1.4711079822292
-0.34064490928390845 -0.3825789592072313;3.588421392647
0.06377446228464267 -0.13072841383272743;0.8977320683779
-0.4212011078920694 0.41650303969182784;3.907642697404
-0.09008895428166908 0.21013473373114633;1.6283622987096
0.410350163324692 -0.3475447841289526;3.6914088377127
0.03519001611571765 -0.10565692749613667;0.6159469804507
-0.3262438670913125 0.4297058270037575;3.6821546599632
0.10352599549971925 0.1980917620510584;1.5932394217092
-0.4606608615810521 -0.35680727075225627;3.84902800421
-0.13723854158234916 -0.13110947367832168;1.3033453303642
0.5064299547889135 0.368733095286809;3.981758185412
0.2796269036849738 0.14243349340514452;2.340088616174
-0.300145464464841 -0.2569408776814135;2.9671561578608
0.12621498818815396 0.15995004913552457;1.4294857045475
-0.38405723528634145 -0.4111554951176646;3.797372783139
-0.1165363273479042 -0.16701953601220176;1.4255200353149
0.3863011152759839 0.4026323537640577;3.7806434907766
0.10419782899474417 0.1624436168469541;1.3257979482693
-0.39550967724924435 -0.4038410738971985;3.808882475614
-0.10689428942883805 -0.17340844400871427;1.4220175060604
0.4012716645457156 0.38738073228485037;3.779920877850
0.10079091036992405 0.1536650307084837;1.2425442587506
-0.4238515816197922 -0.3988411036209184;3.869466243219
-0.1402967925278446 -0.17829763265955548;1.641141691186
0.4227933445535274 0.35580479598955284;3.7497136058341
0.13308964127331413 0.10795496789941522;1.1335549685202
-0.46648036949549854 -0.3754338510899311;3.911982698782
-0.2385802641628273 -0.13076559863792614;2.01621215625
0.33713588521356797 0.3107706378248407;3.334204057099
0.006404497123265851 -0.058044629584709795;0.2534938903859
-0.06285170541529647 0.46658157396892674;3.0336590202518
0.12761941490005724 0.1406164503630593;1.3039306951289
-0.4822454066240581 -0.43077724180742544;4.079482495899
-0.25174867852678184 -0.2137951180541656;2.5177433760065
0.2949406040407804 0.2672585244560758;2.9888170651684
-0.14540263018113464 -0.1498663215908016;1.478706468956
0.4076785998470368 0.4008297581474167;3.8331448883848
0.15315974850128333 0.15117716504112602;1.5376502042387
-0.4007343430796505 -0.3920428338220019;3.791201246842
-0.14236578981402515 -0.1340492671789621;1.356194536028
0.4128792549724478 0.4039103671045317;3.854679336532
0.16945098571055656 0.15453638222732163;1.6666997390354
-0.38201920253512905 -0.38110222226989293;3.708546675414
-0.1142775879741515 -0.10378174095763504;0.9818288859747
0.4262216485191798 0.42128615800672387;3.9317251784346
0.1962306855416006 0.1777549808858919;1.9837388038311
-0.3421512326978602 -0.35677627082303454;3.511271992462
-0.03503354936282993 -0.03575984140201005;0.20723441038447
0.33858098699327827 0.35852644179645143;3.5052356488255
-0.012766187339095902 -0.0005575852024306549;0.04048485791514
0.37672153746520987 0.01763702205406253;2.6072450205410
-0.1487124124316459 -0.06402098715134384;1.0386279222450
0.46850223577028205 0.45992204051515606;4.114220267000
0.2810220665804807 0.1356136256350119;2.3200744855032
-0.24087917507672507 -0.42077642690729233;3.3804786872366
0.06805954945526055 0.019589835592270732;0.32880371498515
-0.443095744613125 -0.24866947739208617;3.4763620475957
-0.16130730703815305 0.2269577194894984;2.090387977920
0.3194451290995457 -0.43310911621134995;3.671140132435
0.016917547339642958 -0.1259093685814875;0.7377788699807
-0.11915343812697352 0.5162001018620284;3.2848325632088
0.20028152196372098 0.3048605645753074;2.7390042752529
-0.3218423894291408 -0.1619631795588526;2.666249119826
0.23031547481709436 0.2196038226259635;2.4288984320784
-0.2943383138938591 -0.2739168378185579;3.0151174382771
0.12593896799437754 0.13019871611263634;1.2238564139281
-0.41536672910607764 -0.41230454278077644;3.8825298573980
-0.17174240477345398 -0.17361846990092866;1.802149209766
0.37028423875703304 0.36357827442556334;3.6219041044585
0.08005549102806514 0.07658250707956732;0.6151724921736
-0.4243867795592217 -0.41025885056580536;3.899912126274
-0.17433539614232813 -0.15513866906995027;1.7030573613744
0.3970382404284341 0.39263965239309967;3.7828203023261
0.13490249809825405 0.1193049109462867;1.213778963482
-0.4273911478004131 -0.42363564121508046;3.9402678741002
-0.19870358827272105 -0.1791145156348733;2.0075810840560
0.3386803152196938 0.3569878786404999;3.500502130578
0.02930538230741858 0.03189613368650207;0.17185617486981
-0.31725782715374895 -0.35522206407209495;3.421762703943
0.05434371800335164 0.022491232537785566;0.2561340527856
-0.46767201069886494 -0.25229479139105276;3.5577837181837
-0.1753198633155706 0.14916839187167763;1.673312553643
0.42059834976687016 -0.45743658147416566;4.002871341901
0.1854093131214969 -0.2028030462409779;2.0707001861209
-0.34611713325177185 0.38250158823293434;3.605296605342
-0.037216165671283885 0.06803071077889022;0.3728322259232
0.3068850489704813 -0.46707607130445017;3.7235081872639
-0.035690805680903936 -0.20457555828729773;1.4227689147068
0.2003533248591503 0.43387176899615393;3.2874584846170
-0.24007911153639067 0.14905357915324507;2.114384025865
0.40198939477855217 -0.2788755076316691;3.447784948894
0.060609912963716484 0.0419553330068293;0.34797053373889
-0.4517927727083239 -0.33075032993193415;3.75423481104
-0.1743529572929834 -0.012769169045435125;1.1374143285104
0.4774877407211373 0.08149151620678285;3.099890520084
0.2166542476862216 -0.19695095466518142;2.2227158868
-0.2759765004425123 0.4318263395781138;3.531475010930
0.01796875284623095 0.07893766541450031;0.39474600691429
-0.14467033915598695 -0.5298764163402712;3.381065795718
0.17633056868478894 -0.31180682507303425;2.6717063872990
-0.3001376187396251 0.21022089855655257;2.7590863259354
0.22254387212565585 -0.22916415339659402;2.4385777772203
-0.2941024000869342 0.27737152294272394;3.0290140416010
0.12556033097206032 -0.12818505602918467;1.208249604717
-0.41900262120089227 0.4148939421070659;3.8981695437795
-0.1777640441358021 0.17704392653119708;1.8620056209099
0.3642284231778257 -0.35861663942284316;3.587908303497
0.06727045707074458 -0.06321911510717138;0.4757447278741
-0.41380342557787114 0.39629731933563767;3.8371490065079
-0.14654269774852313 0.12125835362725118;1.3058161965250
0.44222362631265844 -0.4259902506907813;3.980954766796
0.21820105382965332 -0.1795308255944988;2.1335899785060
-0.32340951399365064 0.34901048503297954;3.4216587131782
0.00296952253365923 -0.0022807943969150313;0.010963891994130
-0.2537853317543178 0.20999575065741596;2.5095660630031
0.2795203733012787 -0.3255890980566113;3.1703788522074
-0.11526225592167394 0.10273019306478204;0.9820087761579
0.4461973325469859 -0.4474313149403042;4.039203703586
0.22721489410406537 -0.21171089736213858;2.3678536760867
-0.2900196959325765 0.31729108956959506;3.178670593941
0.08870265512636233 -0.08203700569872102;0.6954496424191
-0.43052583277195444 0.4277281991245186;3.9576235497318
-0.19398310085314313 0.17821408160264368;1.9721772493075
0.35787052745457676 -0.3721286342414251;3.610005258298
0.060614313851816815 -0.06311021263898209;0.441436732096
-0.4007493770966783 0.4244141129698061;3.875800054325
-0.12763777983379482 0.15333363151986723;1.391428971275
0.4269350752905339 -0.4481928806429112;3.9968785384207
0.18118384238338095 -0.2229364114592953;2.172578950212
-0.3457309349466269 0.3229837843631992;3.4087517066525
0.010808673052080442 -0.009750170855510554;0.046806612309769
-0.29186084284686103 0.24844460550571196;2.891120301003
0.2079965428834913 -0.22185735140582508;2.316137493225
-0.3262955722379451 0.31812473443051004;3.3213462295511
0.045994635767629966 -0.04693945679996153;0.2976618655436
-0.3894085177109907 0.3883356200166843;3.749939237729
-0.07803584093640265 0.08174004380620342;0.6326951674372
0.4637808060842305 -0.46855897765333615;4.122403330053
0.22863628814585077 -0.24118376962187468;2.53729379063
-0.30610420200212574 0.29290862607508217;3.144873784150
0.11645612250067727 -0.12005741143914533;1.097459870455
-0.44376909095710804 0.4428209412481187;4.023405511531
-0.21409781633361522 0.2173785555568281;2.3247750235652
0.31131827803945555 -0.3045187909345695;3.2122916842396
-0.07133545799013036 0.07321519755280537;0.5490869655313
0.4172036021933936 -0.4198918344801466;3.906142722866
0.15736890638887385 -0.16452839846196776;1.651941490985
-0.40881265709455755 0.4069120676186184;3.8519775119237
-0.14838339823209817 0.15156762326635154;1.5091403239244
0.41189798774320624 -0.40736335875633667;3.8610859711197
0.15964454806703354 -0.15833550277897257;1.6262276464062
-0.3954268663938004 0.389608704208948;3.7701097834016
-0.13098326526944154 0.1255972859445822;1.2268406275269
0.4223862595678329 -0.41552410370056425;3.908136406615
0.18567623387258955 -0.17432123647543654;1.8954372118254
-0.35772968856653276 0.3595111928858614;3.5703193929111
-0.06016525291654623 0.055747395203792016;0.4034106100448
0.401359572657945 -0.38982690906369344;3.78685428363
0.12192803684723819 -0.09832372089081204;1.0012172789601
-0.46263203888401694 0.43997390174833856;4.058639899081
-0.25062672347253523 0.1983626672985594;2.4317048847402
0.2702372259172001 -0.31696447386851406;3.097178296951
-0.11723057990809649 0.11042548394210605;1.0414889012052
0.4250072235526997 -0.4376803999326029;3.9680363800669
0.19723696614295178 -0.19986681774496629;2.123052958761
-0.324907467226868 0.342426616958443;3.4039298100345
0.008680338773928209 0.0011219814366686953;0.026794599840489
-0.327984426240318 -0.04996636617431955;2.3634217451316
0.22637172556373342 0.16841603689486917;2.124604247134
-0.29846588876853886 -0.41992862762685657;3.568186593393
-0.00933976015040111 -0.06926084154203649;0.3227034609360
0.08185140759172481 0.5231626002263552;3.218967635801
-0.14772723271180982 0.28734938044738956;2.4103132746432
0.347427319112204 -0.2779700702988167;3.2505183060260
-0.09796809308598203 0.09538470080303535;0.8283368861159
0.4864994556473505 -0.4348982239513323;4.097299974990
0.26406294357823573 -0.21058782059702305;2.5695419216918
-0.2738604385564501 0.2743720814174784;2.925340437360
0.17156091421789876 -0.1696534928050798;1.7757214709872
-0.37716990682892615 0.37565903388386757;3.67866577042
-0.09603550992495502 0.09388217417314021;0.8076346250529
0.43043098031884797 -0.42691869636427376;3.9554621188187
0.193965887350404 -0.18743077027259816;2.0277963551549
-0.3498387251897006 0.3522883257908104;3.521801452407
-0.03500787979863618 0.033926803752005796;0.20018653800724
0.35258399873104324 -0.3486639838239879;3.5189286359454
-0.0018156158760754826 0.010812225015382426;0.03420740468629
0.0691725967326765 -0.3770045528072159;2.6733040002717
-0.21144442276522568 0.14982673043153905;1.9247124275625
0.4557157642451899 -0.3684853804760876;3.868431909104
0.19106626403581023 -0.08454510221543343;1.4564058137031
-0.447201833229015 0.3507092574886359;3.799089539247
-0.21393477046671305 0.0233696198572505;1.4829756615023
0.39314303972433473 -0.13410187255499015;2.9163431202023
0.04970557518095725 0.29424539110024284;2.1417859976100
-0.11648397548469544 -0.36727963577943945;2.7423223057435
0.1872922183729128 0.09730400672523781;1.481806464846
-0.425427351804879 -0.33358204560396926;3.692199552517
-0.17602894973817237 -0.02370256359394113;1.1628939397858
0.4294119409552348 0.13761388036366679;3.0732888305240
0.1350206861057035 -0.23856447540704595;2.036103940364
-0.25745005324409936 0.4045777607365715;3.3831752764951
0.056647663126535075 0.06339024248153174;0.4239931890342
-0.37145769067677514 -0.4308464208070618;3.8145425287579
-0.08984559012997512 -0.15501668897229826;1.198032987422
0.3864753303659341 0.46809524553482473;3.943818036152
0.10560287110695687 0.2552352554041597;2.025895497447
-0.328903816415704 -0.31210450745708795;3.3087051748891
0.0966159320409527 0.013248075731828068;0.510540268758
-0.5279611096131527 -0.09350932434883433;3.252073204748
-0.3206569825266854 0.15055535013758423;2.6147232257335
0.18915365086991642 -0.30353333399060267;2.6829665639247
-0.2279691501490646 0.24197042933244695;2.5380303342179
0.25204328613439225 -0.2709420994250554;2.807508293126
-0.1834298062154484 0.1841275562060779;1.9419817242488
0.3375715513326795 -0.34390289911404526;3.452915491658
0.02334058801019223 -0.027080367932699467;0.13486579473243
-0.28866673732241643 0.3276678254639196;3.214676904557
0.11914910687100849 -0.07841888401839286;0.8768837229596
-0.478769019834214 0.40184640848472264;4.005161577538
-0.26983859004899874 0.13405765079967163;2.2417062320124
0.2819653658738483 -0.33190868623654507;3.205309998899
-0.07260024303422691 0.10258718275619;0.7343483916304
0.36774398028136857 -0.49111689566683653;3.9471666800873
0.10453098845323328 -0.27126419086136166;2.133756868189
-0.28700155759853946 0.31025536300889833;3.137863596066
0.15203932925642388 -0.06020003792822898;1.0514028097120
-0.48432799623315465 0.2791075855996057;3.6833242679271
-0.2622816789918808 -0.04341432530425238;1.8989397489902
0.31462659802193127 0.17302909203211106;2.6729038193381
-0.10229540425799777 -0.3154384232351345;2.412685569173
0.17223525053802063 0.2704233724072854;2.41871452861
-0.2508234858122526 -0.25299956102759746;2.712912130151
0.1938347276509137 0.18704350395090735;2.024632533779
-0.31725036625145375 -0.3128724120705959;3.2676495164184
0.023151614589258074 0.02746907670285864;0.13568040580514
-0.2775033517648832 -0.3194839771300399;3.137343870883
0.13382805909547907 0.08969008071058515;1.0388595826268
-0.4628579941744307 -0.39511751423506836;3.9535241573375
-0.24827036468699504 -0.12977586559267157;2.078610226294
0.31032961995699115 0.3384555219801997;3.3374223475211
-0.015008679541861192 -0.05781329608688013;0.2613257726802
0.13912669213432005 0.48407825493834;3.2552855804288
-0.17627226582217648 0.1861975114872632;1.9107575337876
0.407073715088241 -0.3867181692261436;3.7937382024541
0.12313513876686649 -0.11169427162640466;1.0880966198642
-0.46016548045763656 0.43233623886293904;4.036077725201
-0.23938512784187177 0.20012440532315476;2.375431724025
0.29211704330381333 -0.30663799214166276;3.143837602389
-0.09524195491359888 0.09620340780683745;0.8167587869651
0.4251813329234343 -0.43703472420798717;3.9669360397971
0.18854678965826513 -0.20044399102947688;2.0746468255347
-0.34344605467620526 0.34721399434356603;3.483932797802
-0.017123314626760255 0.023662831486888913;0.10520102319383
0.2622160053705797 -0.3416729751193549;3.167160708257
-0.1699377584141082 0.08247224045921098;1.280645780254
0.4681347488482903 -0.3630924667290205;3.8835496845148
0.2510984776538964 -0.057122756483446724;1.8420195978481
-0.33516847104639175 0.24497300883794804;3.0714303091174
0.017151769359486924 -0.24633632171858366;1.7416836985692
-0.0566292096740848 0.41551919034298146;2.8317300735893
0.11418106388449903 0.03811751616795245;0.6868439615284
-0.5212113478562687 -0.22500827942255502;3.6024553805345
-0.3145080587287561 0.10781398446487273;2.4246883522233
0.21647999769594284 -0.26579984524485195;2.60823128444
-0.21984742497555587 0.2789936585151113;2.694550964414
0.20632559389525246 -0.21742240435279486;2.2807527720335
-0.28022799144155847 0.29712020060931404;3.054331074505
0.10226879625332985 -0.09673377630346341;0.8629491435171
-0.4138701533515986 0.4093344376042016;3.8711804984831
-0.1742361048946611 0.1617137018367804;1.7430970947669
0.37135723953672484 -0.3763414385290444;3.663524743945
0.09478679823019187 -0.0907212228930705;0.7814692736650
-0.42342327630227683 0.42566393221506926;3.935577059327
-0.18650323387807294 0.18113431926442164;1.9426403968617
0.3563328522477149 -0.36624285829575204;3.5870417281597
0.05668412166402337 -0.06061654174139147;0.41004333766393
-0.3905545061254206 0.41410026301000974;3.822671276717
-0.10596790108599402 0.13627378283453084;1.1444496211617
0.43274186871035397 -0.4641017305141458;4.045568024491
0.18833290661389174 -0.25190736755045573;2.3876706215360
-0.3224473851461817 0.27519903575014126;3.1402557944167
0.0975724085823706 -0.10251441684765056;0.8694778046559
-0.4430230080622344 0.4260689154162595;3.982988917023
-0.20439249870913917 0.19708497828113244;2.1494871124528
0.3436266300736153 -0.3255184852645657;3.410279243177
0.0006958863705742169 0.01088553711726531;0.034016919737712
PointOptimal;ValeurOptimale
[0.00069589 0.01088554];0.034016919737712925
Temps;Nb iteration
0.114410400390625;1000