Point;Valeur
2.3734522951091837 2.674381712900157;10.09581263336
1.348452296007116 3.6993816522199845;10.617994286456
0.6553978342766074 4.5194065576592095;11.773590507012
0.9533558026003921 3.5597236948200477;9.8281217813
1.0984056141160001 3.2389509330122275;8.832071499681
0.3766971696025069 2.2384052728147616;7.484467660157
-0.004961566355287161 1.6843550665360179;5.6085080098153
0.022113195778884053 1.8932662215251135;4.988968340499
-0.18718411363992005 2.2031028086369444;6.687331138314
0.45245446390810784 1.5951626969217778;6.488584856504
0.3047261965834055 1.458183072582068;5.996188445178
0.016677975927635313 1.2096690290932772;3.999571111910
-0.0756873961979646 0.6043575646733979;3.3195176453589
0.17748896483149007 0.5620074316984375;3.5330450217530
-0.20678827823457396 0.44673174378853886;3.350194773919
0.18085164536068377 0.21899090165559193;2.1459716012159
-0.3771535905174561 -0.1987384527870174;3.0697405915657
0.006070905194648979 0.0392131820172861;0.1536289835995
-0.0636694891854007 -0.259624108429629;1.9225297388707
0.16344857675870217 0.16139986951349183;1.6706500513202
-0.34293773670216954 -0.18006497381222702;2.845383975864
0.011240237397780017 0.023840610020415015;0.09295617855205
-0.12011761113943262 -0.17141825055022636;1.4773392633648
0.2523739256741384 0.17915526772618307;2.3437897253080
-0.1293451696172075 -0.057348778041877546;0.862852425444
0.30684635720021936 0.10943595751570287;2.3832007079410
-0.02561105032228489 -0.04437997683208103;0.2135675029951
0.1198913604060913 0.16630723041554077;1.4388893322949
-0.16577209429183612 -0.14264245668753414;1.5684522721824
0.1656360504409308 0.10917609418158505;1.3756758647750
-0.17388549032453035 -0.10421665681742653;1.4121254606520
0.15391806948283773 0.09344731938723619;1.2071790862528
-0.15791457117331018 -0.09862121687302422;1.2632190885067
0.1391175116979176 0.09468138422987488;1.1032632722256
-0.138413920923845 -0.10131407200937975;1.1336951950386
0.12510252223823973 0.1002528042594284;1.033969755212
-0.12069220793836716 -0.10426849783718423;1.0271990931331
0.1120534426278999 0.10372449459714364;0.9670364534619
-0.10699628110169365 -0.10464375377050139;0.94042019440
0.10127242796842348 0.1034010034057685;0.8973203104355
-0.09722167877908763 -0.1024042631152394;0.8666982579114
0.09330762629055653 0.10036040407375005;0.8308546725329
-0.09044674127907557 -0.09845270124549835;0.8023980607794
0.0877065180719577 0.09593714341430826;0.7711662165208
-0.0857336447400148 -0.09367376226145799;0.7461222159343
0.0837358465576343 0.09100321655637159;0.718706494164
-0.08232077548437008 -0.08868272573432529;0.6969063049739
0.08075586363993001 0.0860652014403071;0.6727429150001
-0.07964854862657211 -0.08385531660637752;0.6537377525673
0.07830669341144184 0.0814117790882889;0.6323061836793
-0.07734365516842542 -0.0794045372727514;0.6156532299482
0.07609678182115304 0.07719746749557951;0.5965126242647
-0.0751846339722228 -0.07543569005886538;0.581844149725
0.07396540458327461 0.07348766217462599;0.5646455355670
-0.07306029642544529 -0.07198048877542393;0.5516723317070
0.0718416210043927 0.07028675757963931;0.5361430121563
-0.07093070410556362 -0.0690208045824734;0.5246365347793
0.06970910538573263 0.06755906676451687;0.510557653518
-0.06879653433081592 -0.06650729619140919;0.5003306720150
0.06758050307066604 0.06524553785378134;0.487519323286
-0.06667820502004101 -0.0643742456282905;0.4784123005991
0.06548096687529839 0.06327677622417047;0.46671066328856
-0.06460318015112276 -0.06255076829295131;0.45858425025339
0.06343861090060801 0.061582515927007295;0.4478541380528
-0.06259892173664577 -0.060968629025491466;0.440585745390
0.06147941159341477 0.06009790432115593;0.43070616062706
-0.060689264470886004 -0.05956713098402518;0.42418849170555
0.05962468686068351 0.05876714167768696;0.4150543322404
-0.05889271314192136 -0.058295654300272004;0.4091944571771
0.05789000441512526 0.05754506534679235;0.40071534099755
-0.05722181135247073 -0.057114426953799105;0.39543361697362
0.05628490828063998 0.056397244328358284;0.38753243552566
-0.055683150780291096 -0.05599406916210306;0.38276109197235
0.0548131612618179 0.05529909515665869;0.3753722922691
-0.054277804905255855 -0.054914386405659404;0.3710537773195
0.05347334078451656 0.05423445257272044;0.364121541695
-0.053002056081016824 -0.05386279864325666;0.36020682249040
0.05225967331351364 0.053193932170884015;0.3536833368956
-0.05184830970572028 -0.052832690981292285;0.3501303295785
0.05116300544610142 0.052173317730905666;0.3439742768473
-0.050806097388323854 -0.051821868430623544;0.3407465157762
0.05017181812679103 0.05117210935366917;0.33492185565475
-0.04986308169590836 -0.050831209781811076;0.3319874400578
0.04927320427678883 0.05019229237287526;0.32646247377318
-0.04900599161690056 -0.049863552026971764;0.3237932753050
0.048453749000703566 0.04923733645699792;0.3185399528178
-0.048221438087518595 -0.04892279842409107;0.3161110366419
0.047700272046355546 0.04831140698602604;0.31110444743444
-0.047496579051400784 -0.048013225440088333;0.3088936492285
0.04700041150311507 0.04741876067385688;0.30411163832364
-0.04681962157027905 -0.04713895950526778;0.3020992433731
0.0463430441105368 0.04656329716478354;0.2975221043129
-0.04618016322925113 -0.04630359700106551;0.2956905862250
0.045718550552906606 0.045748242337071185;0.2913007972247
-0.04556938633546276 -0.0455099455542466;0.2896345878727
0.04511894346171978 0.0449759435501295;0.28541657113041
-0.044980125935335805 -0.04475986868827993;0.28390184610807
0.0445378815916227 0.04424776028820905;0.279841741365
-0.04440683676048167 -0.04405421832047596;0.2784662152038
0.04397059609028335 0.04356403538569441;0.27455166645907
-0.043845485117621055 -0.04339284071205214;0.2733043981403
0.0434137542950095 0.04292413251889443;0.26952435593916
-0.043293390150611524 -0.04277464160115621;0.26839556828120
0.04286528397708804 0.04232652576029787;0.2647401114663
-0.042749035601619786 -0.04219769642373264;0.2637210286360
0.04232417710861387 0.041768927166448255;0.2601812084626
-0.042211869016576975 -0.04165939176238648;0.259263914494
0.04179028791188211 0.04124843888365905;0.2558316222698
-0.04168210108310484 -0.0411565850258776;0.2550089419272
0.041264135899607784 0.04076171741220756;0.25167679964797
-0.04116051397063815 -0.040685770677982305;0.2509422009132
0.04074672110840803 0.04030513912972418;0.24770347253229
-0.040648284412826335 -0.04024324300951558;0.24705098847889
0.04023935603650672 0.0398749580853769;0.24389950863243
-0.04014682500986942 -0.03982524745025674;0.2433236755276
0.03974351687692286 0.03946744905573983;0.24025379185876
-0.039657645581528136 -0.0394281144138352;0.2397495997211
0.039260715345111 0.03907903095417327;0.23675612543350
-0.03918223545956617 -0.039048371775149096;0.2363189776971
0.03879239157555536 0.038706367578412046;0.23339715090964
-0.038721966841794395 -0.03868283383965343;0.23302283002314
0.038339827999951864 0.03834644450075374;0.23016827770467
-0.03827801892199986 -0.038328666408359316;0.22985291435059
0.037904083696377405 0.037996622374810496;0.2270616190834
-0.03785132209077037 -0.03798342884520749;0.22680166342444
0.03748594832236028 0.037654668125641555;0.22406993199437
-0.037442521146550195 -0.03764509507015171;0.22386212601799
0.03708591439456055 0.03731876635175396;0.22118655950962
-0.03705195611228505 -0.0373120561379697;0.22102791023186
0.03670416633603167 0.03698751379973837;0.21840537562933
-0.03667965891145318 -0.03698310740094546;0.2182931292204
0.03634058437340579 0.0366598999980292;0.2157207327165
-0.0363253638640131 -0.036657423387104926;0.21565234995877
0.0359947611482125 0.0363352771733885;0.21312741245334
-0.035988529745735534 -0.036334523432332885;0.21310054586614
0.03566602867005243 0.03601332231757835;0.2106205807296
-0.03566837102186422 -0.03601423082926916;0.21063305391717
0.03535349322830096 0.03569399408455186;0.20819574743230
-0.03536389581456384 -0.0356966279662856;0.20824553674500
0.035056075802055525 0.03537748673448994;0.20584873105100
-0.03507394823807464 -0.03538200952938382;0.20593394985314
0.03477255570644451 0.03506418307599998;0.20357562845519
-0.034797252863455794 -0.03507083551087073;0.20369451378333
0.03450161530480393 0.03475460794101799;0.20137278926828
-0.03453245929970383 -0.03476368542762219;0.2015236907911
0.034241883926753786 0.034449383473064435;0.19923679447586
-0.03427818514052616 -0.0344612148824007;0.19941816540932
0.03399197938401495 0.03414918722646834;0.19716443852051
-0.03403305583657164 -0.034164115348746124;0.19737482813835
0.033750545822119324 0.03385471386837875;0.1951527142369
-0.03379574037237834 -0.033873077872609056;0.1953907615270
0.03351628693209133 0.03356664106067285;0.19319879974224
-0.033564981955750584 -0.03358876119554026;0.19346322791754
0.03328799390725215 0.03328559997552212;0.1913000467893
-0.033339623238581625 -0.03331176466964181;0.19158965832200
0.033064567805875286 0.03301215071828803;0.18945397001028
-0.03311862586178681 -0.033042606159834315;0.1897676418819
0.03284503623115191 0.03274676279680058;0.18765823658
-0.03290108437852009 -0.032781705027513555;0.18799491570201
0.03262856451179226 0.032489800668310184;0.185910656311
-0.03268623480183115 -0.03252937014263346;0.18626935488378
0.03241446168605444 0.0322415142222319;0.18420917169477
-0.03247345816948426 -0.03228579273481484;0.18458896262109
0.03220218176671079 0.032002033992659246;0.18255184832289
-0.032262279669389674 -0.03205104382581937;0.18295186061930
0.031991320848849314 0.03177137074520672;0.18093686545066
-0.0320523638777801 -0.03182507582967806;0.18135627972753
0.03178161064677436 0.03154941900940647;0.17936250693193
-0.031843506753339815 -0.031607727873618804;0.179800551099
0.031572909099038954 0.031335964068875705;0.17782715272963
-0.031635624995679915 -0.03139873429309796;0.17828309792191
0.03136518863905549 0.031130691829523785;0.1763292709958
-0.03142874336560787 -0.031197735735965106;0.1768024278568
0.031158522724461804 0.030933201001135002;0.17486741093700
-0.031222980539342804 -0.031004292278035375;0.17535712628393
0.03095307116090542 0.030743016975319053;0.17344019642542
-0.03101853401258782 -0.030817897939751072;0.17394585031991
0.030749064723745424 0.030559606822666646;0.1720463204401
-0.030815664522997263 -0.030637996049230003;0.17256732367179
0.030546789507106514 0.030382394838709414;0.17068454021736
-0.030614680417429742 -0.030463994884016986;0.1712203322053
0.03034657141992194 0.030210778123317156;0.16935367314557
-0.030415922328375623 -0.030295283109337642;0.16990372016281
0.030148761158910367 0.030044141723816677;0.1680525932334
-0.030219748493475702 -0.030131244570259105;0.16861638693314
0.029953719958851974 0.029881872941518735;0.16678022804479
-0.030026520979504145 -0.029971272074139604;0.16735728421483
0.029761806383002708 0.02972337447105477;0.16553555601756
-0.029836593059391993 -0.02981477986758438;0.1661254135118
0.02957336436497359 0.02956807611869189;0.1643176040751
-0.029650297925570883 -0.029661214581746385;0.1649198238233
0.02938871265739345 0.02941544489872456;0.16312544533799
-0.02946793888411022 -0.02951006449192925;0.16373960942330
0.029208135829120997 0.029264993405322272;0.16195819696850
-0.029289781135203995 -0.029360867015895027;0.16258390769847
0.029031876882600866 0.02911628639709473;0.1608150180167
-0.029116045216613255 -0.029213214416156257;0.16145189701239
0.028860131549051586 0.02896894560951474;0.1596951073300
-0.028946902109647524 -0.029066757738425784;0.1603427945041
0.028693044240698747 0.028822652820332494;0.1585977013349
-0.02878247001845722 -0.02892120906587045;0.1592558539387
0.028530705652470165 0.02867715130330676;0.15752207194754
-0.028622812741775396 -0.028776342190621258;0.15819036349891
0.028373151917077108 0.02853224574604868;0.15646752437259
-0.028467939576231206 -0.028631991835918934;0.15714564362448
0.0282203652345034 0.02838780081695539;0.15543339503461
-0.028317806618663954 -0.028488051600859134;0.15612104493188
0.028072275825844026 0.028243738521061552;0.1544190495242
-0.0281723193353376 -0.028344470774702216;0.1551159462080
0.027928765076979167 0.02810003452254966;0.15342388067599
-0.02803133622859958 -0.028201250204112994;0.15412975251610
0.02778966969282482 0.027956713609982198;0.15244730677615
-0.02789467344133858 -0.02805843739380339;0.1531618935151
0.027654786683516598 0.02781384446050951;0.15148876987287
-0.027762110087143736 -0.02791612098021591;0.15221182180686
0.027523879006056337 0.02767153390810384;0.15054773436309
-0.027633394157602326 -0.02777442480091414;0.15127901165351
0.027396681651842565 0.027529920826120068;0.14962368560943
-0.02750824877919849 -0.027633501642514074;0.1503629576656
0.027272908027309813 0.02738916981524797;0.148716128821
-0.02738637867446133 -0.027493526877278386;0.1494631737876
0.027152256424600174 0.027249464823809334;0.1478245880427
-0.02726747663911514 -0.0273546920927549;0.14857919238700
0.02703441644462045 0.027111002825886847;0.14694860528245
-0.027151229884156497 -0.027217198839288165;0.1477105634378
0.026919075204514906 0.026973987693792834;0.14608773976948
-0.02703732610897947 -0.027081252620088578;0.1468568538290
0.02680592322268486 0.026838624342886044;0.14524156726686
-0.026925459184233703 -0.026947057219208252;0.14601764674598
0.026694659854631528 0.026705113275619245;0.14440967948047
-0.02681533434714558 -0.026814809452019382;0.14519254109588
0.026584998203106835 0.026573645579223537;0.14359168348741
-0.02670667282470883 -0.02668469441220816;0.1443811509341
0.02647666942939953 0.026444398454870212;0.14278720118160
-0.026599215845808814 -0.026556881284553996;0.14358310496572
0.026369426422842936 0.026317531336454918;0.14199586875237
-0.026492727970296108 -0.026431519754570747;0.14279804594054
0.02626304679650173 0.026193182627685295;0.14121733613609
-0.026386999759927497 -0.026308737063096638;0.1420256301377
0.026157335199359047 0.026071467086600963;0.14045126645059
-0.026281849753089226 -0.02618863571274077;0.1412655267751
0.026052124954106907 0.025952473870219227;0.13969733542776
-0.026177125774385947 -0.026071291838549074;0.14051741743307
0.025947279033992687 0.025836265239761978;0.13895523083523
-0.026072705593851185 -0.025956754223351045;0.1397809954246
0.025842690419460773 0.025722875902476496;0.13822465189467
-0.025968496987490305 -0.02584504395357612;0.139055965226
0.025738281859807317 0.025612312972079776;0.1375053086815
-0.025864437228694054 -0.025736154667893522;0.13834204187849
0.025634005102244756 0.025504556502073505;0.13679692153495
-0.025760492063388526 -0.025630053361359602;0.1376389503770
0.025529839643007646 0.025399560556914516;0.1360992205287
-0.025656654242963733 -0.025526681702522522;0.13694642516952
0.02542579103881966 0.02529725475149172;0.13541194489618
-0.025552941644339335 -0.02542595778827756;0.1362642095892
0.02532188886934389 0.025197546213993817;0.13473484257123
-0.025449395067901878 -0.02532777828636619;0.1355920553884
0.025218184383809635 0.02510032188592943;0.13406766968784
-0.02534607575552368 -0.025232020900709452;0.134929722312
0.025114747910170543 0.025005451119746107;0.13341019019226
-0.02524306269795836 -0.02513854707478854;0.13427697769551
0.02501166608110115 0.0249127884733973;0.13276217544541
-0.025140449789468458 -0.025047204879266587;0.1336335961180
0.024909038939286046 0.024822176654746328;0.1321234038984
-0.02503834288706181 -0.024957832007178445;0.13299935910135
0.024806976975387855 0.02473344954687466;0.13149366082187
-0.024936856834523888 -0.024870258816089084;0.13237405486159
0.02470559815017631 0.024646435234058843;0.13087273802135
-0.0248361124908386 -0.02478431134468901;0.13175747804469
0.024605024962781843 0.024560958987086816;0.13026043363365
-0.024736233835527227 -0.02469981426723341;0.1311494295808
0.024505381598534465 0.024476846149897806;0.12965655193816
-0.02463734516104043 -0.02461659370395377;0.1305497164363
0.02440679120560158 0.024393924871345514;0.12906090317278
-0.0245395684333458 -0.02453447987854574;0.12995815150832
0.02430937333952167 0.024312028644290794;0.12847330336260
-0.02444302082120762 -0.024453309552346092;0.1293745534331
0.024213241608314805 0.02423099862508485;0.12789357417723
-0.0243478124467377 -0.024372928218734075;0.1287987464219
0.024118501545478288 0.02415068569173192;0.12732154276121
-0.024254044385787134 -0.024293192041117337;0.12823056014996
0.02402524873879361 0.024070952233841654;0.12675704159286
-0.024161806911234804 -0.024213969492975572;0.12766982952696
0.02393356722426568 0.02399167364830785;0.12619990829994
-0.024071178038873153 -0.024135142720862743;0.12711639459397
0.023843528172614502 0.02391273954055629;0.12564998550234
-0.023982222342862416 -0.024056608590324866;0.12657010028758
0.023755188863790765 0.02383405463229976;0.12510712065021
-0.02389499007669668 -0.023978279449736073;0.1260307962849
0.023668591953990716 0.023755539365096084;0.12457116581865
-0.02380951658792021 -0.02390008359445995;0.12549833681514
0.023583765037204142 0.02367713022340117;0.12404197752583
-0.023725822017818254 -0.02382196545223783;0.12497258046136
0.023500720491081567 0.023598779782636116;0.12351941654523
-0.02364391128024991 -0.023743885495753972;0.12445338994167
0.02341945559675109 0.02352045650049383;0.1230033477269
-0.023563774315621407 -0.0236658199154128;0.12394063195462
0.023339952910183537 0.02344214426249508;0.12249363978493
-0.023485386580751902 -0.023587760055828612;0.12343417696891
0.02326218087516136 0.023363841718216476;0.1219901651333
-0.023408709770619797 -0.02350971164597216;0.12293389904092
0.023186094650222172 0.02328556142120973;0.12149279972637
-0.02333369274616691 -0.023431693849698405;0.12243967566624
0.023111637122063253 0.0232073287872828;0.12100142286412
-0.0232602726332079 -0.023353738152039373;0.12195138760808
0.023038740083118778 0.023129180921193294;0.12051591706367
-0.023188376073000887 -0.02327588711656038;0.12146891876306
0.02296732554077789 0.02305116531434377;0.12003616790673
-0.023117920591725814 -0.023198193032083578;0.1209921560280
0.022897307138079664 0.022973338452032366;0.1195620639356
-0.02304881606182129 -0.0231207164813284;0.12052098919782
0.022828591644297104 0.022895764354785367;0.11909349655378
-0.022980966224133294 -0.023043524847096833;0.12005531085460
0.022761080488794737 0.022818513059031632;0.1186303598744
-0.02291427024446164 -0.022966690793587957;0.11959501629812
0.02269467132722016 0.02274165910233729;0.11817255070124
-0.022848624273480125 -0.02289029072974974;0.11914000344702
0.022629259587928822 0.022665279994985257;0.11771996842560
-0.022783922991247686 -0.022814403298320234;0.11869017280043
0.022564739991776397 0.022589454720319327;0.1172725149603
-0.02272006110271825 -0.02273910789056678;0.11824542735756
0.022501008016959853 0.02251426228394742;0.11683009468978
-0.022656934776382975 -0.022664483223363695;0.117805672591
0.022437961288571423 0.022439780322946856;0.11639261440728
-0.02259444298472852 -0.022590605983047372;0.11737081635920
0.02237550087495179 0.02236608380258405;0.11595998327324
-0.02253248875944768 -0.022517549564898542;0.11694076888362
0.022313532478149815 0.022293243807071747;0.1155321127696
-0.022470980321672454 -0.022445382914182577;0.11651544269120
0.02225196749809917 0.02222132643830428;0.11510891662810
-0.022409832087565452 -0.02237416948457343;0.11609475255723
0.022190723974830635 0.022150391841781608;0.11469031079962
-0.022348965543584454 -0.022303966322573615;0.1156786154587
0.022129727384613565 0.022080493360270542;0.11427621338548
-0.022288309975931217 -0.02223482328398895;0.11526695049897
0.022068911303546497 0.022011676824728883;0.11386654459427
-0.022227803060694877 -0.022166782398875803;0.11485967886899
0.022008217914204875 0.021943979986442395;0.11346122665338
-0.022167391304310023 -0.022099877368020007;0.11445672375192
0.021947598382274634 0.021877432096357223;0.11306018377175
-0.022107030348218357 -0.02203413321384464;0.11405801028006
0.021887013082719432 0.021812053625653922;0.11266334206377
-0.022046685122339663 -0.021969566071383936;0.11366346544408
0.02182643168640379 0.021747856129686743;0.11227062947027
-0.021986329875947078 -0.021906183120496248;0.11327301804402
0.021765833124208073 0.021684842246612338;0.1118819756985
-0.021925948067835356 -0.02184398264875493;0.11288659858756
0.021705205416465173 0.021623005831570376;0.1114973121430
-0.021865532142585013 -0.02178295425280835;0.11250413924288
0.02164454539434292 0.021562332220916282;0.11111657185110
-0.02180508319179296 -0.02172307915264285;0.1121255737608
0.02158385830169618 0.021502798593801435;0.11073968939627
-0.02174461051577349 -0.0216643306186141;0.11175083741602
0.02152315731923639 0.02144437445848816;0.11036660087640
-0.0216841310896336 -0.021606674497890763;0.11137986693853
0.021462462981515835 0.021387022217315095;0.1099972438029
-0.021623668953200448 -0.021550069827781057;0.11101260046153
0.02140180253786967 0.021330697823840908;0.10963155708715
-0.021563254529236374 -0.02149446952551802;0.11064897746952
0.02134120924062438 0.021275351497438658;0.10926948096657
-0.021502923885976487 -0.0214398211385054;0.11028893875199
0.02128072158430784 0.02122092850335705;0.10891095697548
-0.021442717956307526 -0.02138606764166278;0.10993242636363
0.021220382507572688 0.02116736996019169;0.10855592788207
-0.02138268172180592 -0.021333148273151803;0.10957938359454
0.021160238567883703 0.021114613690440077;0.1082043376769
-0.021322863375483433 -0.021280999386324974;0.10922975492868
0.02110033910027001 0.021062595075602195;0.10785613153233
-0.02126331347588175 -0.021229555313502478;0.10888348602050
0.021040735374126172 0.02101124791541343;0.10751125577841
-0.021204084105412288 -0.021178749225204983;0.10854052368217
0.020981479754595106 0.02096050527592714;0.10716965787167
-0.021145228035545846 -0.021128513970654503;0.10820081584781
0.02092262488264475 0.020910300321967022;0.10683128638820
-0.021086797916731424 -0.021078782896587538;0.10786431156302
0.020864222881479176 0.020860567109402012;0.1064960909901
-0.021028845502517532 -0.021029490624758694;0.1075309609688
0.020806324601107443 0.020811241342743425;0.1061640224197
-0.020971420909072516 -0.020980573787406857;0.10720071528156
0.020748978902708277 0.020762261078162085;0.10583503246332
-0.020914571926087137 -0.0209319717042563;0.10687352676573
0.02069223200297758 0.020713567376651185;0.10550907396162
-0.020858343384306588 -0.02088362700817789;0.10654934873785
0.020636126867907008 0.020665104888163546;0.10518610077213
-0.020802776579207566 -0.02083548619517943;0.10622813552053
0.020580702675077674 0.020616822370681825;0.10486606775224
-0.020747908765988567 -0.020787500113652914;0.10590984243848
0.020525994342873624 0.020568673137638764;0.10454893073504
-0.020693772722373306 -0.02073962437678805;0.10559442579215
0.02047203213028778 0.020520615433857574;0.10423464650666
-0.020640396384785452 -0.020691819700260218;0.10528184282982
0.02041884131899506 0.020472612735907857;0.10392317280513
-0.020587802560539332 -0.020644052163963804;0.10497205171943
0.020366441958064203 0.020424633971404975;0.10361446826050
-0.020536008718256824 -0.02059629339893991;0.10466501152762
0.020314848694866355 0.020376653672114296;0.10330849239203
-0.020485026847353142 -0.02054852070199882;0.10436068218281
0.02026407067639812 0.020328652046789596;0.10300520556788
-0.020434863401604067 -0.020500717074411937;0.10405902445549
0.020214111526583346 0.02028061498571087;0.10270456897963
-0.020385519310621228 -0.020452871189508982;0.10375999991905
0.02016496939900137 0.02023253399556333;0.10240654462418
-0.02033699006392723 -0.020404977296755354;0.10346357092796
0.020116637087637383 0.020184406070315;0.10211109525658
-0.020289265859677205 -0.020357035062735722;0.1031697005896
0.020069102214999857 0.02013623350319336;0.10181818438824
-0.020242331812950758 -0.02030904934897214;0.1028783527145
0.020022347465343177 0.020088023638709998;0.10152777622908
-0.020196168235491627 -0.020261029946562863;0.10258949184233
0.019976350887099065 0.02003978857482807;0.10123983567924
-0.02015075094591358 -0.020212991248187602;0.1023030831609
0.019931086235791352 0.01999154482759561;0.10095432832125
-0.020106051641648845 -0.020164951888021206;0.10201909250832
0.01988652335737469 0.01994331294103556;0.10067122036183
-0.020062038307299856 -0.020116934344421813;0.10173748636614
0.019842628614319957 0.01989511707915457;0.100390478644
-0.02001867565015076 -0.02006896450533356;0.10145823181873
0.01979936533590257 0.01984698457850822;0.10011207061468
-0.019975925568113798 -0.020021071214446906;0.10118129655062
0.019756694292424923 0.019798945483954368;0.09983596430154
-0.019933747635430585 -0.019973285795057347;0.10090664883052
0.01971457418944174 0.01975103206821613;0.09956212831853
-0.01989209959810686 -0.01992564156337115;0.10063425749519
0.019672962164739828 0.01970327834368016;0.09929053184768
-0.019850937880418286 -0.01987817333315029;0.10036409194465
0.019631814290848412 0.019655719562761576;0.09902114461240
-0.01981021808630133 -0.019830916922317685;0.10009612213337
0.019591086077111117 0.019608391728949758;0.0987539368873
-0.019769895499425177 -0.019783908656328508;0.09983031855423
0.01955073295944048 0.0195613311100636;0.09848887948475
-0.019729925566433597 -0.01973718489211753;0.09956665224141
0.01951071077568753 0.019514573766399965;0.09822594374995
-0.019690264368208844 -0.019690781549898145;0.09930509476849
0.019470976219530645 0.0194681550907592;0.09796510153584
-0.019650869060615465 -0.019644733663600776;0.09904561821855
0.019431487276889536 0.019422109380675914;0.09770632522968
-0.01961169829747978 -0.019599074961022464;0.09878819519795
0.019392203624123985 0.019376469424550694;0.09744958771361
-0.019572712621058544 -0.019553837468697217;0.09853279883352
0.019353087002679438 0.019331266127859653;0.09719486238169
-0.019533874813599778 -0.019509051145167933;0.09827940274380
0.019314101552790224 0.019286528163857203;0.09694212311264
-0.019495150217818356 -0.019464743554985335;0.09802798104449
0.019275214113601266 0.019242281670195878;0.09669134428403
-0.019456507016724196 -0.019420939576487287;0.09777850833646
0.019236394480646887 0.01919854997041981;0.09644250073572
-0.019417916475171555 -0.019377661150619202;0.0975309597043
0.01919761562623798 0.019155353350780606;0.09619556778967
-0.019379353135030135 -0.019334927065226125;0.09728531068291
0.019158853874669042 0.01911270886542263;0.0959505212190
-0.01934079497590118 -0.019292752792008178;0.09704153727762
0.019120089036434043 0.01907063019076402;0.09570733724066
-0.019302223523319194 -0.019251150354229196;0.09679961591761
0.019081304503365898 0.01902912752487098;0.0954659925228
-0.01926362392629964 -0.019210128244613524;0.09655952346443
0.01904248729616826 0.018988207517269484;0.09522646413777
-0.019224984987991335 -0.019169691386538026;0.09632123720594
0.019003628078005798 0.01894787325446399;0.0949887295747
-0.019186299154952235 -0.019129841129863857;0.0960847348249
0.018964721125154585 0.018908124281189424;0.09475276672728
-0.019147562469167663 -0.019090575291778704;0.09584999438620
0.018925764261524883 0.018868956655158364;0.09451855386586
-0.01910877448865688 -0.019051888236304423;0.09561699433924
0.01888675875928647 0.018830363048358854;0.09428606964426
-0.01906993816630114 -0.019013770987971503;0.09538571349349
0.018847709201545937 0.01879233287512616;0.0940552930661
-0.019031059702161644 -0.0189762113815247;0.09515613101624
0.018808623322268035 0.01875485245919775;0.09382620349575
-0.01899214836154607 -0.018939194239201616;0.09492822640607
0.018769511808987928 0.018717905225933577;0.09359878062775
-0.018953216273514435 -0.018902701582430848;0.0947019795067
0.018730388090569344 0.018681471922089535;0.0933730044914
-0.018914278196657967 -0.018866712859305766;0.09447737046690
0.018691268093274566 0.018645530861089298;0.09314885543320
-0.018875351272551973 -0.01883120520457767;0.09425437975806
0.01865216998681602 0.018610058183722078;0.09292631411372
-0.018836454759438882 -0.018796153706506037;0.09403298815242
0.018613113907613957 0.018575028137688944;0.09270536149196
-0.018797609751235726 -0.018761531699587747;0.09381317673373
0.01857412167456783 0.018540413370025058;0.09248597882571
-0.0187588388815475 -0.018727311057641916;0.0935949268650
0.018535216493420117 0.01850618522698562;0.09226814766122
-0.018720166030974254 -0.018693462500107526;0.09337822020737
0.01849642265774453 0.018472314063098134;0.09205184984199
-0.018681616019071617 -0.01865995590259152;0.09316303870688
0.018457765242161646 0.018438769543401873;0.09183706747670
-0.018643214301847164 -0.018626760602393468;0.092949364587
0.018419269803694217 0.01840552095796008;0.09162378297116
-0.018604986667181175 -0.018593845707881883;0.09273718035093
0.01838096207659793 0.018372537515482512;0.09141197898235
-0.018566958940056347 -0.018561180399416614;0.09252646878654
0.018342867684001743 0.018339788647561625;0.09120163845798
-0.01852915668818767 -0.018528734216183465;0.0923172129421
0.018305011852083865 0.018307244285217288;0.09099274460529
-0.018491604947336142 -0.018496477340139185;0.09210939615039
0.018267419137658857 0.018274875136149303;0.09078528090584
-0.018454327950254652 -0.018464380856927476;0.09190300200116
0.01823011317075684 0.01824265293512614;0.09057923109883
-0.01841734887845 -0.018432417006769272;0.09169801435500
0.018193116410220943 0.01821055068576407;0.09037457918092
-0.018380689626855407 -0.018400559416265706;0.09149441734200
0.018156449923515977 0.018178542880272264;0.09017130941543
-0.018344370586023506 -0.01836878330173749;0.09129219533048
0.01812013317953519 0.01814660569613398;0.08996940631413
-0.018308410453847644 -0.01833706566626206;0.09109133296692
0.018084183868164662 0.018114717172151455;0.0897688546388
-0.018272826058581958 -0.018305385458688775;0.09089181513776
0.0180486177410822 0.01808285736326428;0.08956963940421
-0.018237632212158093 -0.018273723715514507;0.0906936269710
0.018013448474824383 0.01805100846698692;0.08937174586236
-0.018202841584759544 -0.01824206368236634;0.09049675384076
0.017978687558904367 0.018019154930476115;0.0891751595045
-0.01816846460691475 -0.01821039090490343;0.09030118136084
0.01794434420999031 0.017987283528925056;0.08897986605384
-0.018134509392290228 -0.018178693294693647;0.09010689536595
0.017910425310992628 0.017955383420377106;0.08878585145987
-0.01810098169047722 -0.018146961175983384;0.08991388192203
0.0178769353717423 0.017923446178953174;0.08859310189215
-0.018067884858202904 -0.018115187302330624;0.08972212730017
0.017843876520546163 0.01789146580286083;0.08840160374718
-0.01803521986300998 -0.018083366853806376;0.08953161798645
0.017811248511593207 0.017859438692273272;0.08821134361092
-0.01800298530829101 -0.0180514974115474;0.0893423406851
0.01777904876529627 0.017827363618973573;0.08802230829115
-0.01797117747382624 -0.01801957890470931;0.08915428228310
0.017747272420995816 0.017795241661169386;0.08783448478077
-0.01793979038674843 -0.01798761354348715;0.08896742986041
0.017715912419089062 0.01776307612749449;0.08764786027295
-0.017908815914014706 -0.017955605729742773;0.08878177069508
0.017684959597675687 0.017730872456143777;0.08746242214327
-0.01787824386457884 -0.01792356194720101;0.0885972922339
0.017654402809599394 0.017698638100133363;0.08727815794856
-0.017848062118322572 -0.017891490639999917;0.08841398210560
0.017624229055809765 0.017666382397107487;0.08709505542627
-0.017818256766061587 -0.01785940207286018;0.08823182811047
0.01759442363146832 0.017634116421283777;0.08691310247722
-0.017788812264374725 -0.017827308179481097;0.0880508182177
0.01756497028852662 0.017601852828402167;0.08673228717497
-0.01775971160254638 -0.017795222397556966;0.08787094055838
0.017535851406077628 0.017569605686484156;0.0865525977556
-0.017730936481517703 -0.017763159496949954;0.08769218343219
0.017507048171395347 0.01753739029807415;0.0863740226142
-0.01770246749449892 -0.017731135396385683;0.08751453528682
0.01747854076817068 0.017505223016172827;0.08619655030329
-0.01767428432414641 -0.01769916697686215;0.08733798473585
0.017450308568459895 0.017473121057738038;0.08602016953657
-0.01764636593020428 -0.017667271890934665;0.08716252053786
0.017422330325793003 0.01744110230668028;0.08584486916650
-0.017618690754065684 -0.017635468367061133;0.08698813161209
0.017394584377064724 0.01740918512512722;0.0856706382128
-0.01759123691122909 -0.017603775016234155;0.08681480702691
0.017367048832795648 0.01737738815503636;0.08549746583091
-0.017563982388755166 -0.017572210638331122;0.08664253600409
0.017339701772825518 0.017345730131413502;0.08532534133212
-0.017536905233703222 -0.017540794031109037;0.0864713079064
0.017312521434293612 0.01731422969134542;0.08515425417116
-0.017509983744922894 -0.017509543804346613;0.08630111225273
0.017285486393247694 0.017282905193232376;0.08498419394711
-0.017483196647482983 -0.017478478200319635;0.08613193870197
0.017258575741244807 0.017251774541878;0.08481515040898
-0.017456523268482974 -0.01744761492263669;0.08596377706901
0.01723176925024362 0.017220855018509375;0.08464711344351
-0.01742994369613183 -0.01741697096869859;0.0857966173032
0.017205047527613024 0.017190163125776613;0.08448007307975
-0.017403438932794536 -0.017386562482135673;0.08563044951013
0.017178392162202828 0.01715971443913452;0.08431401948772
-0.01737699103072135 -0.017356404604831357;0.0854652639218
0.017151785856544553 0.017129523472948764;0.08414894298095
-0.017350583221986737 -0.017326511351611736;0.08530105091941
0.01712521254447777 0.017099603556530493;0.08398483400645
-0.017324200030125123 -0.017296895492688286;0.08513780102349
0.01709865749772048 0.017069966725446126;0.0838216831476
-0.017297827367837464 -0.017267568448365446;0.08497550488208
0.017072107416477918 0.01704062362836354;0.08365948112620
-0.01727145262343279 -0.017238540205928667;0.0848141532892
0.017045550505923844 0.017011583443399425;0.08349821879067
-0.017245064726924025 -0.017209819239259454;0.08465373715274
0.017018976535367256 0.01698285381475125;0.08333788711294
-0.017218654208939095 -0.017181412459535833;0.08449424753040
0.01699237689070887 0.01695444080354202;0.08317847720603
-0.017192213233736542 -0.017153325162919064;0.08433567558170
0.01696574459984592 0.01692634885234645;0.08301998030193
-0.01716573562869205 -0.017125561010257098;0.08417801260094
0.016939074350014516 0.01689858076448293;0.08286238774773
-0.01713921689030682 -0.01709812201227434;0.08402124999689
0.016912362491765788 0.016871137700024012;0.08270569101001
-0.017112654181935784 -0.017071008533076443;0.08386537929998
0.016885607024295222 0.01684401918877681;0.08254988167287
-0.017086046310451276 -0.01704421930722394;0.08371039214626
0.01685880757353038 0.016817223152599363;0.08239495144034
-0.01705939369531339 -0.017017751468592683;0.08355628027187
0.016831965346035427 0.016790745941527498;0.08224089210720
-0.01703269832724496 -0.0169916006033507;0.08340303554573
0.016805083082987587 0.01676458239102803;0.08208769558961
-0.01700596370126598 -0.016965760797827405;0.0832506499115
0.01677816499563179 0.01673872587993345;0.08193535390264
-0.01697919475660257 -0.016940224712775627;0.08309911542468
0.01675121669144916 0.01671316840928473;0.081783859169
-0.01695239779242195 -0.01691498366725088;0.08294842424614
0.016724245083712494 0.016687900683313585;0.08163320359089
-0.01692558037901938 -0.01689002772295089;0.08279856862297
0.016697258308090032 0.016662912209476806;0.0814833794815
-0.01689875126158895 -0.016865345787139926;0.08264954090074
0.016670265615325225 0.0166381913984031;0.08133437924629
-0.016871920251312796 -0.01684092571835953;0.08250133350666
0.016643277263672852 0.01661372567570142;0.08118619538213
-0.016845098119093092 -0.016816754442713806;0.08235393897065
0.016616304405321247 0.016589501596065155;0.08103882047234
-0.016818296475048115 -0.01679281807324884;0.08220734991419
0.016589358965218674 0.016565504967466407;0.08089224718735
-0.016791527644568337 -0.016769102031572225;0.08206155903595
0.01656245352139192 0.016541720975922276;0.08074646829197
-0.0167648045458713 -0.016745591175395556;0.08191655911936
0.016535601177710503 0.01651813431164767;0.08060147663533
-0.016738140566175903 -0.0167222699327784;0.08177234305618
0.016508815432835236 0.01649472929862926;0.08045726514072
-0.01671154942421875 -0.01669912242459689;0.08162890379760
0.016482110060124393 0.01647149002721035;0.08031382683627
-0.016685045049869035 -0.016676132598238712;0.08148623438804
0.016455498973027144 0.016448400477387555;0.08017115481848
-0.016658641455794827 -0.016653284358973355;0.08134432797046
0.016428996100174814 0.016425444648013314;0.08002924226179
-0.016632352606523383 -0.01663056168962465;0.0812031777517
0.016402615267639323 0.016402606684131203;0.07988808244440
-0.01660619230324288 -0.01660794877862684;0.08106277703853
0.016376370072781546 0.01637987099103967;0.07974766871329
-0.016580174060193305 -0.016585430134835773;0.08092311921245
0.016350273768078724 0.016357222351906446;0.0796079944891
-0.01655431099221827 -0.01656299070262679;0.0807841977388
0.01632433915726665 0.016334646039149588;0.07946905329001
-0.016528615708078856 -0.016540615969161572;0.08064600617110
0.016298578483776048 0.016312127915587456;0.07933083870415
-0.016503100205833607 -0.016518292062280802;0.08050853813464
0.016273003337892784 0.01628965453235577;0.07919334440872
-0.016477775781185394 -0.016496005847623604;0.08037178734695
0.01624762456179263 0.016267213214296236;0.07905656414684
-0.016452652937750223 -0.016473745008792437;0.08023574759499
0.016222452172304752 0.016244792145905115;0.07892049175768
-0.0164277413093213 -0.016451498129724795;0.08010041275381
0.01619749528020379 0.016222380437605058;0.07878512114067
-0.016403049589184114 -0.016429254757852882;0.07996577677061
0.016172762031103835 0.016199968193948304;0.07865044628719
-0.016378585468412067 -0.01640700546597578;0.07983183367088
0.016148259544351493 0.01617754656274204;0.07851646125195
-0.016354355586707357 -0.01638474190037334;0.0796985775609
0.01612399386967924 0.01615510778261213;0.07838316017053
-0.016330365483969808 -0.01636245681890021;0.07956600260380
0.01609996994939166 0.016132645217749923;0.07825053725556
-0.016306619575942302 -0.01634014412640837;0.07943410305517
0.016076191587213996 0.016110153380750405;0.07811858677761
-0.01628312112315764 -0.016317798891843704;0.07930287322820
0.016052661437438512 0.016087627953716287;0.07798730309814
-0.016259872224162773 -0.016295417360023455;0.07917230751092
0.016029380989268684 0.01606506578796109;0.07785668062715
-0.016236873808348616 -0.016272996954151228;0.07904240035568
0.016006350574097356 0.016042464907374585;0.0777267138556
-0.016214125642398984 -0.016250536269936708;0.07891314628243
0.01598356937146895 0.016019824494582807;0.07759739733428
-0.01619162634545225 -0.016228035056598554;0.07878453986856
0.015961035432554886 0.015997144868062953;0.07746872567579
-0.016169373415691364 -0.01620549419527239;0.07865657576309
0.01593874570699111 0.015974427458288365;0.07734069356241
-0.01614736325907562 -0.01618291566484295;0.07852924867004
0.01591669607825149 0.01595167476973356;0.07721329573721
-0.016125591230980382 -0.016160302502106885;0.07840255335167
0.015894881407479404 0.015928890332445544;0.07708652698857
-0.01610405168585064 -0.016137658754724594;0.07827648463330
0.015873295588102722 0.01590607865843121;0.0769603821785
-0.0160827380288154 -0.016114989424212613;0.07815103738448
0.015851931601985274 0.015883245181309028;0.07683485622710
-0.016061642782401152 -0.016092300410627237;0.07802620654759
0.015830781581467543 0.015860396189697402;0.0767099440951
-0.016040757648325327 -0.016069598440620336;0.07790198710456
0.015809836882040733 0.01583753876475172;0.07658564080890
-0.016020073582690135 -0.016046891001250542;0.07777837409784
0.015789088154828983 0.015814680703918844;0.07646194144446
-0.015999580872564485 -0.016024186262041357;0.07765536262176
0.015768525426429814 0.01579183044452466;0.07633884113273
-0.015979269215128905 -0.016001492996084395;0.0775329478183
0.015748138177331575 0.01576899698243097;0.07621633504639
-0.015959127802544396 -0.015978820500196826;0.07741112488723
0.01572791543159919 0.015746189794514122;0.07609441842978
-0.01593914540615303 -0.01595617850818612;0.07728988907353
0.0157078458355756 0.015723418746330167;0.07597308655613
-0.0159193104647851 -0.015933577106391074;0.07716923567531
0.015687917751392694 0.015700694011175152;0.07585233475932
-0.015899611171985607 -0.015911026645924503;0.0770491600383
0.015668119342661276 0.01567802598148589;0.07573215842250
-0.015880035567319012 -0.01588853765638703;0.07692965756729
0.015648438660291898 0.01565542518092028;0.07561255296949
-0.01586057161909607 -0.015866120757482463;0.07681072370776
0.015628863732801132 0.015632902181448985;0.07549351388384
-0.015841207314354573 -0.01584378657366258;0.07669235395752
0.015609382648451985 0.015610467515559355;0.07537503669163
-0.01582193074108674 -0.01582154564862962;0.07657454385650
0.015589983640720124 0.015588131595019851;0.07525711697286
-0.015802730176542663 -0.01579940836597958;0.07645728901207
0.015570655166828477 0.015565904627883147;0.0751397503491
-0.015783594157985963 -0.015777384865716712;0.0763405850634
0.015551385985715219 0.0155437965443525;0.07502293249562
-0.015764511564315013 -0.015755484969614555;0.07622442770287
0.015532165231500049 0.015521816917295955;0.07490665912508
-0.01574547168846511 -0.015733718110261703;0.07610881268136
0.015512982483280549 0.01549997489822787;0.07479092600685
-0.015726464300663965 -0.015712093259427337;0.07599373578753
0.015493827830123676 0.01547827914944163;0.07467572896109
-0.015707479713583057 -0.015690618865154684;0.07587919285669
0.015474691928152883 0.01545673777935265;0.07456106384045
-0.01568850884155676 -0.015669302796730854;0.07576517978592
0.015455566059185962 0.015435358292751666;0.07444692655852
-0.01566954324726266 -0.015648152283768303;0.07565169249714
0.015436442178033468 0.015414147537109103;0.07433331307520
-0.015650575195111576 -0.015627173875617024;0.0755387269769
0.01541731295126255 0.015393111656251856;0.07422021937904
-0.0156315976859428 -0.015606373395583979;0.0754262792487
0.015398171802338545 0.015372256055268388;0.07410764151902
-0.015612604494985114 -0.015585755905186991;0.07531434538246
0.015379012936980963 0.015351585367584752;0.07399557558669
-0.01559359019750511 -0.01556532567720154;0.07520292149440
0.015359831368749848 0.015331103425741448;0.07388401770904
-0.015574550192349053 -0.015545086168870619;0.07509200374076
0.01534062294019594 0.015310813246350391;0.07377296406853
-0.015555480716010737 -0.015525040006535467;0.07498158831675
0.015321384331844184 0.015290717011238176;0.0736624108777
-0.015536378855467312 -0.01550518897656358;0.07487167146944
0.015302113071524456 0.01527081606343575;0.07355235439644
-0.01551724254659247 -0.015485534017464983;0.0747622494727
0.015282807532814299 0.015251110906660134;0.07344279092690
-0.015498070574938395 -0.015466075226372378;0.07465331864901
0.015263466929642998 0.015231601207858665;0.07333371680710
-0.015478862566475331 -0.015446811863509685;0.07454487535632
0.015244091303998009 0.01521228581054605;0.07322512841387
-0.01545961897223767 -0.015427742367813444;0.07443691598917
0.015224681510658238 0.01519316274994761;0.07311702216237
-0.01544034104885536 -0.015408864377055579;0.0743294369799
0.015205239193179614 0.015174229277278892;0.07300939450609
-0.015421030833850172 -0.015390174750881332;0.07422243479303
0.015185766756219913 0.015155481885758958;0.07290224193092
-0.015401691116122003 -0.015371669605624041;0.07411590593863
0.015166267335390744 0.015136916345279899;0.07279556096617
-0.015382325398187527 -0.015353344342290898;0.07400984694292
0.015146744756179262 0.015118527736816986;0.07268934816364
-0.015362937862188297 -0.015335193694749998;0.07390425438593
0.015127203498958144 0.01510031049657454;0.07258360012099
-0.015343533320377845 -0.01531721176562437;0.07379912486054
0.01510764864812068 0.015082258460198061;0.0724783134601
-0.015324117175989735 -0.01529939207960511;0.07369445500957
0.015088085848121685 0.015064364910878047;0.07237348483634
-0.015304695366342682 -0.015281727630230502;0.07359024149436
0.015068521251797896 0.015046622634405284;0.07226911094408
-0.015285274315194653 -0.015264210936684439;0.07348648101741
0.015048961464075226 0.015029023969603098;0.07216518849812
-0.015265860875100332 -0.015246834096741064;0.07338317030624
0.01502941349184446 0.015011560868751606;0.07206171425913
-0.015246462270562658 -0.015229588847373625;0.07328030612100
0.015009884677731601 0.014994224953366678;0.07195868500165
-0.01522708604084199 -0.015212466622642064;0.07317788525369
0.014990382650031858 0.014977007575326419;0.07185609754244
-0.015207739978190523 -0.015195458615379735;0.07307590452549
0.01497091525694872 0.014959899877568607;0.07175394872393
-0.01518843206920759 -0.015178555838068108;0.07297436079078
0.014951490507786935 0.014942892854365224;0.07165223541642
-0.015169170432023291 -0.015161749182907476;0.07287325092769
0.014932116515709092 0.014925977413471802;0.07155095453004
-0.015149963258112895 -0.01514502948528838;0.07277257185145
0.014912801429824804 0.014909144434031067;0.07145010298571
-0.015130818751093636 -0.015128387583782921;0.07267232050999
0.014893553385278268 0.014892384829416142;0.07134967775037
-0.015111745064402354 -0.015111814375911747;0.07257249386506
0.01487438043845404 0.01487568960508339;0.07124967581729
-0.015092750250062688 -0.015095300884573955;0.07247308893461
0.014855290512501014 0.014859049912597216;0.07115009420496
-0.015073842195245359 -0.015078838302736625;0.07237410274065
0.014836291340951147 0.014842457106346369;0.07105092995848
-0.015055028572929473 -0.015062418057199128;0.07227553235032
0.01481739041892386 0.014825902797971906;0.07095218016620
-0.01503631678795081 -0.015046031855989617;0.07217737485868
0.014798594945545182 0.014809378900950222;0.0708538419248
-0.015017713927962535 -0.015029671736590536;0.07207962738785
0.014779911784941778 0.014792877683224279;0.07075591237884
-0.014999226717355294 -0.015013330111945587;0.07198228708853
0.014761347415363623 0.0147763918069889;0.07065838869166
-0.01498086147337293 -0.014996999815037642;0.07188535114395
0.014742907890364365 0.014759914370484937;0.07056126805582
-0.014962624067421253 -0.014980674134095744;0.07178881676225
0.014724598801738192 0.014743438944613066;0.07046454769398
-0.014944519888507157 -0.014964346850980158;0.07169268118383
0.014706425244198011 0.014726959606287521;0.07036822485576
-0.014926553811436684 -0.01494801227063713;0.07159694167711
0.014688391788198505 0.014710470966673873;0.07027229682298
-0.014908730167842589 -0.014931665248484053;0.07150159553640
0.014670502449525148 0.01469396819661136;0.0701767608980
-0.014891052722290698 -0.01491530121385605;0.07140664008281
0.014652760671124743 0.014677447047357566;0.07008161441322
-0.014873524652663346 -0.01489891618992243;0.07131207266727
0.014635169303152805 0.014660903868951008;0.0699868547282
-0.014856148534041855 -0.01488250680746216;0.07121789066578
0.014617730592539683 0.014644335621320222;0.06989247923408
-0.014838926326430635 -0.014866070315557197;0.07112409147670
0.014600446169220717 0.014627739882703397;0.06979848533924
-0.01482185936931172 -0.014849604589602966;0.07103067252929
0.014583317043702543 0.014611114855023217;0.0697048704795
-0.014804948376961957 -0.014833108131772108;0.07093763127299
0.014566343608383405 0.014594459363240959;0.06961163212067
-0.0147881934420327 -0.014816580070368394;0.07084496518634
0.014549525636590305 0.014577772852481349;0.06951876774822
-0.014771594036465989 -0.014800020153204058;0.07075267176152
0.014532862292475066 0.0145610553791998;0.06942627487078
-0.01475514902661798 -0.014783428740292062;0.07066074852612
0.014516352143068928 0.014544307601300144;0.06933415102585
-0.014738856683400768 -0.01476680678761962;0.07056919302592
0.014499993170992164 0.01452753076160464;0.06924239376883
-0.014722714696828568 -0.01475015583142061;0.07047800282104
0.014483782795665805 0.014510726669952876;0.06915100068139
-0.014706720202784442 -0.014733477968084389;0.07038717550349
0.014467717892868596 0.014493897680578939;0.06905996936192
-0.014690869800640917 -0.014716775831227203;0.07029670868130
0.014451794821624744 0.014477046668906451;0.06896929743440
-0.014675159584180864 -0.01470005256445035;0.07020659998726
0.014436009453138977 0.014460177002545323;0.06887898254668
-0.014659585168951859 -0.014683311789817369;0.07011684706571
0.014420357198789653 0.01444329250802109;0.06878902235413
-0.01464414172763195 -0.014666557580279627;0.07002744759238
0.014404833048353934 0.014426397444805662;0.06869941455170
-0.014628824020313635 -0.014649794422610177;0.06993839925366
0.014389431600170467 0.014409496462791709;0.0686101568377
-0.014613626437236696 -0.014633027180968445;0.06984969976213
0.014374147104104368 0.014392594569716848;0.06852124694102
-0.014598543033431863 -0.014616261059591282;0.06976134684716
0.014358973497178948 0.0143756970895229;0.06843268260166
-0.014583567569079959 -0.014599501562767382;0.06967333825398
0.01434390444565346 0.014358809625446462;0.06834446158401
-0.0145686935544325 -0.014582754455816124;0.06958567175812
0.014328933386453819 0.014341938016306746;0.06825658166839
-0.014553914287028125 -0.014566025717798345;0.06949834513585
0.014314053572049477 0.014325088295679123;0.06816904066058
-0.014539222900891591 -0.014549321506016514;0.06941135620057
0.014299258109110195 0.01430826664799388;0.0680818363760
-0.014524612405432454 -0.014532648107053663;0.06932470277362
0.014284540004690593 0.014291479367145116;0.06799496665183
-0.01451007573185914 -0.014516011897738362;0.0692383827036
0.01426989221175222 0.014274732812032898;0.06790842934861
-0.014495605774494331 -0.014499419296751803;0.06915239384596
0.014255307667381409 0.014258033364609943;0.06782222233962
-0.014481195436268211 -0.014482876729094738;0.06906673408993
0.014240779337037823 0.01424138738744634;0.06773634351526
-0.014466837668391228 -0.014466390576757117;0.06898140133157
0.014226300257794533 0.014224801182674739;0.06765079078891
-0.01445252551346515 -0.014449967141858411;0.06889639349099
0.014211863577253899 0.014208280951553773;0.06756556209287
-0.014438252144646321 -0.014433612605596217;0.06881170850739
0.014197462592960317 0.01419183275464933;0.06748065537762
-0.014424010906041184 -0.01441733298781327;0.0687273443394
0.014183090788992839 0.014175462471523025;0.0673960686022
-0.014409795346602423 -0.014401134111594209;0.06864329896183
0.014168741873441623 0.01415917577132737;0.06731179975734
-0.014395599257492776 -0.014385021566597156;0.06855957036824
0.014154409811245924 0.014142978071453559;0.06722784684289
-0.014381416705920795 -0.014369000677386425;0.0684761565783
0.014140088855731401 0.014126874509270936;0.06714420787828
-0.014367242062166958 -0.01435307646790893;0.06839305561577
0.014125773581432358 0.014110869912204355;0.06706088091169
-0.014353070033780762 -0.014337253637546343;0.06831026553761
0.014111458903880655 0.014094968765777989;0.06697786398813
-0.014338895686393151 -0.014321536530347349;0.06822778440864
0.014097140113205054 0.0140791751957683;0.06689515519419
-0.01432471447025531 -0.014305929113580303;0.06814561031672
0.014082812888132446 0.014063492936909915;0.06681275261209
-0.01431052224078068 -0.014290434954220055;0.06806374136625
0.014068473321247516 0.01404792532079855;0.06673065435732
-0.014296315274575411 -0.014275057200673357;0.0679821756734
0.014054117933148723 0.014032475253990092;0.0666488585588
-0.01428209028794081 -0.014259798569723665;0.06790091138256
0.014039743683964996 0.014017145205708983;0.06656736335824
-0.014267844446515642 -0.014244661329889271;0.06781994664834
0.014025347987004857 0.01400193719489291;0.06648616691310
-0.014253575374500466 -0.014229647292528562;0.06773927963768
0.014010928717230798 0.013986852785688394;0.0664052674086
-0.014239281164201985 -0.01421475780735677;0.06765890854477
0.01399648421313036 0.013971893077128292;0.06632466303589
-0.014224960376429625 -0.014199993752882119;0.06757883156667
0.013982013282595275 0.013957058702328103;0.0662443520057
-0.014210612044899776 -0.014185355541805184;0.06749904693085
0.01396751519858681 0.013942349829123263;0.06616433254005
-0.014196235669719719 -0.014170843115827461;0.06741955286346
0.013952989699569127 0.013927766163242827;0.06608460288109
-0.014181831217094928 -0.01415645595610265;0.0673403476174
0.013938436981957087 0.013913306955805033;0.06600516129200
-0.01416739910997572 -0.014142193086714501;0.06726142945622
0.013923857690444085 0.013898971006766542;0.06592600603938
-0.01415294021731989 -0.014128053085746106;0.0671827966546
0.01390925290694903 0.01388475668103253;0.0658471354068
-0.014138455844519702 -0.014114034098443383;0.06710444750805
0.013894624140364416 0.013870661919749838;0.06576854769722
-0.01412394771628625 -0.01410013385101731;0.06702638032286
0.013879973306963698 0.013856684257318015;0.06569024122493
-0.014109417959287673 -0.014086349666524493;0.06694859341145
0.013865302713468395 0.013842820839015852;0.06561221431683
-0.014094869085262852 -0.014072678488967552;0.06687108511107
0.013850615038417353 0.013829068441040673;0.06553446531512
-0.014080303968099592 -0.014059116898569372;0.06679385376178
0.013835913308238624 0.013815423492957606;0.06545699257207
-0.014065725823228077 -0.014045661139952505;0.06671689772601
0.013821200876359144 0.013801882101087005;0.06537979445573
-0.014051138181006853 -0.014032307143650675;0.06664021537332
0.013806481394872425 0.013788440074277073;0.06530286934156
-0.014036544860276681 -0.014019050553978958;0.06656380508297
0.013791758792512186 0.013775092953485332;0.06522621563178
-0.014021949944237073 -0.014005886757454431;0.06648766525445
0.013777037240870378 0.013761836034334004;0.06514983172344
-0.014007357748555459 -0.013992810909971225;0.06641179429319
0.013762321130904275 0.013748664401050985;0.06507371603564
-0.01399277279398178 -0.013979817967766279;0.06633619061920
0.013747615041673121 0.013735572954452983;0.06499786699942
-0.013978199774815847 -0.0139669027164053;0.06626085265892
0.013732923708903787 0.013722556442279345;0.06492228305361
-0.013963643530799767 -0.013954059805348685;0.06618577886183
0.013718251995897195 0.013709609491858423;0.06484696265360
-0.013949109014868073 -0.013941283776927101;0.06611096769058
0.01370360486030157 0.013696726639353996;0.06477190425963
-0.013934601257140578 -0.013928569094788242;0.06603641759947
0.013688987327903496 0.013683902363507649;0.06469710635663
-0.013920125342748804 -0.01391591018329406;0.06596212708101
0.013674404454016315 0.013671131113799445;0.06462256742515
-0.013905686371885027 -0.013903301451286001;0.06588809462114
0.013659861300146021 0.013658407345976759;0.06454828597423
-0.013891289434752763 -0.013890737327881264;0.065814318728
0.013645362897543485 0.013645725546634561;0.06447426050890
-0.013876939577007953 -0.013878212290915633;0.0657407979167
0.013630914220983836 0.013633080269818632;0.0644004895584
-0.013862641773258834 -0.013865720898077121;0.06566753071899
0.013616520158046288 0.01362046616055164;0.06432697165686
-0.013848400896788151 -0.01385325781358094;0.06559451567657
0.013602185480711227 0.013607877984297995;0.06425370534624
-0.013834221690515569 -0.013840817838977424;0.06552175134502
0.01358791481961688 0.013595310659831793;0.06418068919654
-0.013820108740617551 -0.01382839593700165;0.06544923628755
0.013573712635604814 0.013582759274087152;0.0641079217691
-0.013806066452792434 -0.013815987258509986;0.06537696908456
0.013559583197479706 0.01357021911652664;0.06403540165069
-0.013792099024376475 -0.013803587164624473;0.06530494831869
0.013545530558470784 0.01355768569836438;0.0639631274421
-0.013778210427293883 -0.013791191254101335;0.06523317260390
0.013531558530321446 0.013545154771319168;0.06389109774016
-0.01376440437936038 -0.013778795376675056;0.06516164054452
0.013517670668908306 0.013532622352676299;0.06381931116735
-0.013750684330666337 -0.013766395658768568;0.06509035076929
0.01350387025175552 0.013520084739543994;0.06374776635071
-0.013737053444707222 -0.013753988518055975;0.06501930192063
0.013490160264192422 0.01350753852694268;0.06367646193429
-0.013723514579252319 -0.013741570676168501;0.06494849263809
0.013476543382036191 0.013494980620121971;0.06360539656661
-0.013710070277249693 -0.013729139178078904;0.06487792158754
0.013463021960741953 0.013482408249645163;0.06353456891319
-0.013696722752810163 -0.013716691398263092;0.06480758744059
0.013449598024254331 0.013469818978249032;0.06346397764577
-0.013683473879385216 -0.013704225052858385;0.06473748887649
0.013436273254976722 0.013457210714043707;0.06339362145183
-0.013670325185084913 -0.013691738207154174;0.06466762459056
0.013423048989093904 0.0134445817130287;0.06332349902943
-0.013657277843765993 -0.013679229279512935;0.06459799328129
0.013409926210147635 0.013431930583723148;0.06325360908300
-0.013644332675708946 -0.013666697046690338;0.06452859366727
0.013396905547228981 0.013419256291422842;0.06318395033054
-0.013631490141569863 -0.01365414064383182;0.06445942447117
0.013383987273530375 0.01340655815679154;0.06311452149623
-0.013618750344123891 -0.013641559564477851;0.06439048442484
0.013371171309837799 0.013393835857290728;0.06304532132401
-0.013606113031754217 -0.013628953658104116;0.06432177227225
0.013358457224820285 0.01338108942014429;0.06297634855943
-0.013593577601212128 -0.013616323126982036;0.0642532867685
0.013345844242007503 0.01336831921816637;0.06290760195723
-0.013581143103522538 -0.013603668516015396;0.06418502666825
0.01333333124777995 0.013355525964921153;0.06283908028964
-0.013568808255483861 -0.013590990710736554;0.06411699075106
0.013320916797192054 0.013342710701462833;0.06277078232600
-0.013556571445471888 -0.01357829092160466;0.06404917779432
0.013308599128905967 0.01332987479054791;0.06270270685701
-0.013544430745176198 -0.013565570675774227;0.06398158658218
0.013296376174062801 0.013317019901746344;0.06263485267794
-0.013532383927245269 -0.013552831805407659;0.06391421592120
0.013284245570713251 0.013304147998043726;0.06256721859080
-0.013520428472645878 -0.013540076428683736;0.06384706460796
0.013272204679927225 0.013291261321475886;0.06249980340825
-0.013508561594116373 -0.013527306938985736;0.06378013146274
0.013260250602154307 0.013278362375686602;0.062432605949936
-0.013496780248619972 -0.013514525984690311;0.06371341530755
0.013248380194196274 0.0132654539106936;0.06236562504630
-0.013485081156382358 -0.013501736452573031;0.06364691497188
0.013236590088184043 0.013252538902838638;0.062298859534873
-0.013473460821223637 -0.013488941447810283;0.06358062929281
0.01322487671324853 0.013239620534501836;0.06223230826300
-0.013461915553226088 -0.013476144274445392;0.06351455712252
0.01321323631287048 0.013226702173930283;0.062165970079
-0.013450441484984518 -0.013463348413517272;0.06344869731223
0.013201664969829174 0.013213787356581158;0.0620998438505
-0.01343903459754689 -0.013450557502007621;0.06338304872461
0.013190158626120305 0.013200879759582396;0.062033928444126
-0.013427690741677184 -0.013437775311910323;0.06331761023388
0.013178713105557481 0.01318798318296589;0.06196822273908
-0.013416405659699128 -0.01342500572522504;0.06325238071652
PointOptimal;ValeurOptimale
[-0.01341641 -0.01342501];0.06325238071652706
Temps;Nb iteration
0.09566020965576172;1000