Point;Valeur
-14.327413006880846 -0.41517177148542306;157.13940413277
-14.32649285567454 -0.39155380315241833;156.37745116398
-14.316563398729413 -0.34018035605019437;154.63359973482
-14.299140355861292 -0.26565888984441666;152.04013081778
-14.275418535221915 -0.17158105419875622;148.6851706672
-14.24632905706439 -0.06070499659727836;144.6206052283
-14.212582873894364 0.06490803463602977;139.8658392981
-14.174702612201457 0.2037961040209209;134.40788254480
-14.133043601334458 0.35503548139635943;128.19724067724
-14.087803537316487 0.518218581968169;121.13767828592
-14.03901792415473 0.6934818940012775;113.06509317580
-13.986533717470664 0.8816120556490159;103.70370660549
-13.92994194331942 1.0843008663278346;92.56669855691
-13.868415090981115 1.3047480055699912;78.6886279390
-13.800258321475336 1.5493105126768398;59.63337024863
-13.721134652046988 1.8340013759623877;22.1039250650
-13.593975347032606 2.294434645324645;66.85457397831
-13.50991176033906 2.597625123708342;87.92411811240
-13.456256922616447 2.789656419138624;98.97635937239
-13.425796331244843 2.896780642707771;104.6411684151
-13.41361258061964 2.9369327327943284;106.69634631126
-13.416175387549247 2.9230216703109133;106.00982169596
-13.43092900543268 2.8644210931216065;103.0159850208
-13.45607365173166 2.767758836685316;97.86603090215
-13.49046159918104 2.6372921603545225;90.44323491606
-13.533605627560704 2.4748760723051335;80.24077598909
-13.585890310480545 2.2791949753616096;65.8713219969
-13.649441763617029 2.042598264686629;42.406962919046
-13.733820681058605 1.7303620740742098;39.510902895158
-13.768291914425047 1.6007035414542479;54.34745008435
-13.77123088705374 1.5863261620492797;55.728092034290
-13.748905120016794 1.664311685525596;47.57823309950
-13.701644634260278 1.8335223801773666;20.972220447777
-13.597375913189595 2.2114129082970777;60.24615487920
-13.534343970524406 2.4386243236014513;77.93525720581
-13.499958504298373 2.560982616150965;85.97066272748
-13.4874272131614 2.6032576820471296;88.58716129758
-13.492359867735026 2.5815034956539176;87.27400587544
-13.511865340787027 2.5063314291675325;82.53520224681
-13.544247112992084 2.384011389332927;74.16675102257
-13.589092871908525 2.2161418193505007;60.82300868708
-13.648255964970463 1.9960721967167037;36.5499441681
-13.734195510840909 1.6784849063906238;45.62202764113
-13.774612023624925 1.5274449003014137;60.86162824827
-13.785136924914527 1.4856511634069043;64.43108369839
-13.77235984884092 1.528991098948577;60.68323943528
-13.739149917082461 1.647025117503453;49.09014748058
-13.683864939772489 1.8458727114835538;16.34906885124
-13.554557549585583 2.3159335932182357;69.221764547
-13.467977245095424 2.6295886237385444;90.35214834827
-13.41179645543603 2.8317408242181887;101.66964239364
-13.378857865358011 2.9485135741150383;107.67091954657
-13.36423475821495 2.997932632549614;110.12019583268
-13.364358827060823 2.993087808743861;109.89842139077
-13.376614945418988 2.943600659806363;107.47037005270
-13.399117805216827 2.8564336450203336;103.04224645109
-13.430590332126423 2.736330870540126;96.60155210233
-13.470327143150508 2.5859504903816557;87.86712080315
-13.518277269926399 2.405563453181082;76.06973082258
-13.575413175298454 2.1917089583296274;59.094244590700
-13.645297608640202 1.931478653386196;26.406357242612
-13.75440318576668 1.528287599666743;60.33252477648
-13.82115666162422 1.2801990900689844;79.41356193325
-13.858538733332184 1.1395127713210107;88.41721328524
-13.873538460551869 1.0805858783548905;91.91717767708
-13.870743282661506 1.086628240725744;91.54537120160
-13.853280192369718 1.1462314810540533;87.95339160457
-13.82317530133804 1.252040788501787;81.20232268080
-13.781417922128451 1.4005161655882543;70.66065990603
-13.727610807648455 1.5932166190197152;54.00544875112
-13.657988166191762 1.8440788434620852;14.64053962423
-13.507265856030102 2.39281189680716;75.42403655596
-13.401429328296983 2.7770019458544146;99.08041076690
-13.328057852367035 3.0419418701721668;112.5308631752
-13.279657180913167 3.215013026485203;120.51184363225
-13.250932516727076 3.3156041683147888;124.92174195497
-13.237949630404373 3.358154660444666;126.74944844415
-13.237727454141892 3.353631245422255;126.57315978835
-13.247996198747138 3.3104051855118724;124.74459455763
-13.267039615029 3.2348248987602677;121.46913515417
-13.29358925663621 3.1316003871936196;116.84069393765
-13.326757155873178 3.004048471515828;110.84950774418
-13.36600388726593 2.8542095267485617;103.36366185850
-13.411150583898213 2.682804229197189;94.06679887343
-13.462468082459381 2.4889089841267533;82.28597819031
-13.52095699814799 2.2689339609201418;66.4258097677
-13.589331780352152 2.013026871764913;40.81916064645
-13.678776843969333 1.6803462740691963;43.71093176713
-13.720880152571699 1.521714725228645;60.113060554431
-13.732597357716006 1.4747121062649693;64.15676106361
-13.720789688283341 1.5141071752315631;60.74087512296
-13.68848235242133 1.6288234623530982;49.52648259643
-13.634288045549102 1.8240471811279417;18.715455268920
-13.516778357902558 2.2521965984573966;65.23974022223
-13.441022299537005 2.5270300395910787;84.91192403110
-13.394652155990597 2.69376192159359;94.88092105389
-13.370694492388342 2.7779337672614717;99.5414481098
-13.364451948121788 2.7967927741286607;100.56756990748
-13.372610156369204 2.762542793777639;98.73913475961
-13.39284590311828 2.683769074262378;94.37829026277
-13.42364499493954 2.566100001329873;87.45034205001
-13.464276889077649 2.412297865692776;77.45752983952
-13.515015978488531 2.221448618641666;62.87558695438
-13.57816920115623 1.9851998217933722;37.65665797647
-13.666098246022582 1.6583580953634893;45.78207794808
-13.708402879958737 1.4993346655398736;61.67055137023
-13.720882847432957 1.4499065253690708;65.81864509743
-13.710260355879573 1.4853397001222148;62.83620213036
-13.679697052619133 1.594054360456954;52.69482143569
-13.6286156635757 1.778269948787799;28.164865976244
-13.538212714256817 2.107322300098052;52.42720068055
-13.489821478598865 2.2820482229554946;68.02720569959
-13.469922128318569 2.3519644512262405;73.35430299793
-13.471945978553084 2.341174260075751;72.5771880961
-13.492168368935523 2.2633936445751623;66.59373564683
-13.52903161450478 2.1244184671593223;54.26365032238
-13.584233931892696 1.9181250059229717;27.019335582248
-13.679882909029978 1.563523184281078;55.52272314928
-13.73374557110317 1.362515351542968;72.40047189411
-13.758977711101771 1.2665871766415722;79.18981652433
-13.762300238382204 1.2510020827195503;80.22534000406
-13.747855308073502 1.3005628345035678;76.81458589724
-13.718079685834565 1.406378552693714;68.99213348158
-13.673729422427051 1.5657681779534744;55.1675440381
-13.612505050225602 1.787327915722321;25.66326334213
-13.509106991292997 2.164408456910423;58.2973206778
-13.44739336965134 2.388179008590422;76.18269283663
-13.414375714088209 2.5062360446277023;84.10442903324
-13.403214151902693 2.543688928922232;86.47635007114
-13.409545697394474 2.516597642152064;84.79484604632
-13.430554155577841 2.4353681809866203;79.50570490809
-13.46469171578926 2.3057655675280366;70.23338889417
-13.511889135721566 2.128139087320903;55.02853733034
-13.575197589043718 1.8913952908498977;22.066502084344
-13.688774303657778 1.4701899114753485;63.56920297626
-13.760464339672716 1.2030852769594518;83.12903088429
-13.80275112356555 1.04396923128329;92.83835911126
-13.822584906745648 0.9672156397827908;97.16818493786
-13.824627368927947 0.955679728449369;97.78912813404
-13.812151465511798 0.9973605172802678;95.45273065718
-13.787422761988527 1.0839847607227178;90.42291189731
-13.751856324397652 1.2104238480312648;82.54277146495
-13.705978315883465 1.3748347665385552;71.0091422815
-13.648990490309478 1.5802698641351323;53.204106920380
-13.576521336212585 1.84298260391873;1.5743100051229
-12.60772129037913 5.751726666838971;204.0402998906
-11.818506243565285 8.936297594460273;274.60017092764
-11.174854849759106 11.532620888862741;320.69612733441
-10.649891727451205 13.6486106970877;353.7636014470
-10.221897498277256 15.371704366036763;378.51024374
-9.87320479811703 16.773154531731194;397.47268581
-9.58942208164798 17.91116561679292;412.21273570088
-9.35877281024608 18.8333429554631;423.7690424119
-9.171628240180114 19.578651508587477;432.87620656274
-9.020111341327848 20.178998978664822;440.0708729725
-8.897775696321872 20.660522207010153;445.75554642241
-8.799344280511578 21.04463560388302;450.23807206443
-8.720496504600817 21.34888718436296;453.7573993168
-8.657694364514745 21.587658330533976;456.50111854704
-8.608040384925175 21.772736256929694;458.6178081998
-8.569161466293693 21.913782592414726;460.225969581
-8.539113867274606 22.018717080600407;461.42063855987
-8.51630544963412 22.094031865431393;462.27836871409
-8.499432032846949 22.14504897541403;462.8610440834
-8.487425287597642 22.17613130701201;463.2188328446
-8.47941006962783 22.190855526990823;463.3924989953
-8.474669479410755 22.19215378100684;463.41522690419
-8.472616246014272 22.182429845085398;463.314071424
-8.472769288765662 22.163654334935416;463.1111170382
-8.474734518734497 22.137442752664402;462.82440879840
-8.478189112378963 22.105119467031965;462.46870291334
-8.48286862893929 22.06777016396617;462.0560738559
-8.48855645705534 22.026284846070542;461.5964067212
-8.49507516931054 21.981393084695775;461.0977973898
-8.502279439644816 21.93369292084793;460.56687834324
-8.510050241048772 21.883674559422083;460.00908433442
-8.51829009206833 21.831739794906053;459.42886927837
-8.5269191625251 21.778217937606215;458.8298834958
-8.53587208312435 21.723378870849775;458.2151186758
-8.545095331733132 21.667443756020198;457.58702651594
-8.554545092084835 21.610593809143243;456.9476158737
-8.564185499526724 21.552977496420414;456.29853235793
-8.573987203859005 21.49471643351;455.6411235566
-8.58392619194728 21.43591022205762;454.97649251258
-8.593982823169542 21.37664041491377;454.3055415718
-8.6041410392138 21.316973766994703;453.629008348
-8.614387716724258 21.256964900467633;452.9474952260
-8.624712136980014 21.19665848976075;452.2614935617
-8.635105551440338 21.136091052900184;451.57140354576
-8.645560825840068 21.0752924200916;450.8775504973
-8.656072148634268 21.014286937685142;450.18019823858
-8.666634792155383 20.95309445519992;449.4795600695
-8.677244916958692 20.891731134488747;448.7758077756
-8.687899411550301 20.830210113081282;448.0690790203
-8.698595761096579 20.768542047986124;447.35948341301
-8.709331939881297 20.706735561479295;446.6471074880
-8.7201063232119 20.644797606541815;445.9320187923
-8.73091761526451 20.58273376642633;445.21426923952
-8.74176478997826 20.520548500218776;444.493897862
-8.752647042652326 20.458245344118797;443.77093307244
-8.763563750293482 20.395827076430617;443.04539451234
-8.77451443914786 20.33329585279146;442.31729457778
-8.785498758110446 20.270653317008215;441.58663966446
-8.796516456946591 20.20790069189348;440.8534311915
-8.807567368465287 20.145038853703802;440.1176664406
-8.81865139391925 20.082068393136957;439.3793392439
-8.829768491055331 20.018989665309537;438.6384405476
-8.840918664331756 19.955802830702137;437.89495887394
-8.852101956917748 19.89250788869294;437.1488806991
-8.863318444138855 19.829104705027966;436.4001907628
-8.874568228125126 19.765593034301386;435.648872320
-8.88585143342749 19.701972538365244;434.89490735185
-8.897168203442687 19.638242801384724;434.138276725
-8.90851869748779 19.574403342153627;433.37896033921
-8.919903088413172 19.510453624159318;432.6169372304
-8.931321560658096 19.44639306380286;431.85218566568
-8.942774308666872 19.38222103710226;431.0846832140
-8.954261535595885 19.3179368851623;430.31440680509
-8.965783452271426 19.253539918617538;429.54133277601
-8.97734027633859 19.189029421247564;428.7654369081
-8.988932231577884 19.124404652902545;427.9866944560
-9.000559547352688 19.059664851866977;427.2050801699
-9.012222458169255 18.994809236762265;426.42056831221
-9.023921203325141 18.929837008068922;425.63313267008
-9.035656026631369 18.864747349337108;424.8427465640
-9.04742717619625 18.799539428140655;424.0493828531
-9.059234904259284 18.73421239681942;423.2530139383
-9.071079467064447 18.668765393049533;422.4536117624
-9.082961124773783 18.603197540265516;421.65114780945
-9.094880141402149 18.537507947967057;420.8455931017
-9.106836784778983 18.47169571192824;420.0369181959
-9.118831326527156 18.40575991432101;419.22509317761
-9.130864042059248 18.33969962377503;418.41008765540
-9.142935210590968 18.273513895376247;417.5918707537
-9.155045115159576 18.207201770621943;416.770411105
-9.16719404265832 18.14076227733209;415.9456768415
-9.179382283873245 18.074194429526564;415.1176355857
-9.191610133530462 18.007497227276595;414.2862544412
-9.203877890351439 17.940669656524232;413.4514999820
-9.216185857110336 17.873710688885275;412.61333824240
-9.228534340695855 17.80661928143061;411.77173470517
-9.240923652181346 17.739394376447574;410.9266542905
-9.253354106897705 17.67203490118834;410.0780613436
-9.265826024507447 17.604539767603075;409.22591962251
-9.278339729082566 17.53690787206119;408.37019228461
-9.290895549188912 17.46913809505312;407.5108418737
-9.303493817970834 17.40122930088922;406.64783030631
-9.316134873239978 17.33318033737867;405.78111885658
-9.328819057568667 17.264990035502745;404.9106681424
-9.341546718383045 17.196657209070974;404.03643810992
-9.354318208061146 17.128180654374052;403.1583880175
-9.367133884035587 17.059559149816444;402.2764764201
-9.379994108894351 16.990791455544844;401.3906611522
-9.392899250490261 16.921876313059588;400.50089931069
-9.40584968205074 16.852812444816585;399.60714723713
-9.418845782290665 16.783598553820962;398.70936049948
-9.431887935528902 16.71423332320245;397.8074938731
-9.444976531810118 16.644715415782123;396.9015013215
-9.458111967026966 16.575043473623435;395.9913359760
-9.471294643047676 16.5052161175744;395.0769501150
-9.484524967846967 16.435231946789386;394.1582951428
-9.497803355641368 16.365089538244437;393.23532156732
-9.511130227027602 16.2947874462319;392.30797897713
-9.524506009125764 16.224324201843217;391.376216018
-9.53793113572586 16.153698312436276;390.43998036982
-9.55140604743994 16.082908261083297;389.49921871
-9.56493119185884 16.01195250600498;388.5538767327
-9.578507023711555 15.940829479987167;387.60389903637
-9.59213400503134 15.869537589779096;386.6492291800
-9.605812605326735 15.798075215470941;385.689809613
-9.61954330175837 15.726440709855995;384.7255816541
-9.633326579319363 15.654632397769458;383.7564854591
-9.647162931023212 15.582648575405754;382.7824599908
-9.661052858096147 15.510487509618779;381.80344298568
-9.67499687017767 15.438147437195065;380.81937091926
-9.68899548552501 15.36562656410414;379.83017897150
-9.703049231225297 15.29292306472675;378.8358009900
-9.717158643415242 15.220035081054682;377.83616945220
-9.731324267506972 15.146960721867268;376.83121542618
-9.745546658422318 15.073698061877367;375.8208685300
-9.759826380834056 15.000245140851176;374.8050568896
-9.774164009415122 14.926599962696283;373.78370709521
-9.788560129096654 14.852760494520853;372.75674415548
-9.80301533533441 14.7787246656577;371.72409145107
-9.817530234386048 14.704490366656717;370.6856706853
-9.832105443594482 14.630055448242228;369.6414018339
-9.846741591684744 14.555417720230729;368.59120309177
-9.861439319068532 14.480574950414985;367.53499081833
-9.876199278161899 14.405524863402308;366.47267948093
-9.891022133712559 14.330265139416928;365.40418159537
-9.905908563138548 14.254793413054118;364.3294076643
-9.92085925688071 14.179107271993013;363.248266113
-9.935874918769413 14.103204255655616;362.16066322509
-9.950956266398359 14.027081853821622;361.0665030674
-9.966104031520182 13.950737505189357;359.9656874242
-9.981318960453638 13.874168595879388;358.858115717
-9.996601814504329 13.797372457884826;357.74368493190
-10.011953370405022 13.720346367457966;356.62252859609
-10.02735442076988 13.643087543439536;355.4944250663
-10.042809348494679 13.565593147746936;354.3591862982
-10.058321908533648 13.487860282839678;353.21669110040
-10.073895344663173 13.409885989301436;352.06681677335
-10.089532485308979 13.331667243488273;350.9094387627
-10.105235822210021 13.25320095521072;349.7444303510
-10.12100757502371 13.174483965414685;348.5716623817
-10.136849744408853 13.095513043836927;347.3910030064
-10.152764155672706 13.016284886614663;346.2023174530
-10.1687524946842 12.93679611383306;345.005467806
-10.184816337455912 12.857043266995591;343.80031280099
-10.200957174545108 12.777022806403773;342.5867076193
-10.21717643121093 12.696731108433516;341.36450369577
-10.233475484101003 12.616164462703292;340.13354852191
-10.249855675103474 12.535319069118232;338.89368545180
-10.26631832288041 12.454191034786799;337.64475350550
-10.282864732508953 12.372776370795874;336.3865871691
-10.299496203583717 12.291070988836653;335.11901618991
-10.316214037064402 12.209070697672802;333.8418653652
-10.333019541105166 12.126771199442732;332.554954324
-10.349914036061087 12.044168085782486;331.2580973008
-10.366898858831528 11.961256833759274;329.951102896
-10.383975366668759 11.87803280160921;328.63377383535
-10.401144940568027 11.794491224259147;327.30590670074
-10.418408988316827 11.710627208628626;325.96729166726
-10.435768947292795 11.626435728688772;324.6177122126
-10.453226287060925 11.541911620272192;323.256944816
-10.470782511825336 11.457049575612498;321.8847586439
-10.488439162778116 11.371844137599915;320.50091520771
-10.50619782038755 11.286289693730435;319.1051680157
-10.524060106649069 11.200380469732915;317.6972621950
-10.542027687332894 11.114110522852165;316.276934094
-10.560102274247155 11.027473734761514;314.8439108634
-10.578285627540986 10.94046380408306;313.39791000538
-10.596579558065468 10.853074238489192;311.93863890285
-10.614985929808206 10.765298346354047;310.4657943133
-10.633506662420189 10.677129227923484;308.97906183269
-10.652143733850247 10.588559765968668;307.47811532371
-10.670899183100262 10.499582615890663;305.96261630744
-10.689775113119278 10.410190195228202;304.43221331370
-10.708773693848624 10.320374672527675;302.88654118776
-10.727897165436474 10.230127955528072;301.32522034930
-10.747147841637009 10.139441678607833;299.74785599988
-10.766528113411132 10.048307189431355;298.15403727419
-10.786040452746118 9.956715534741713;296.54333633040
-10.805687416715816 9.864657445219366;294.9153073740
-10.825471651802017 9.77212331933986;293.2694856097
-10.84539589849617 9.679103206141951;291.6053861134
-10.865462996213122 9.585586786816982;289.92250261926
-10.88567588853607 9.49156335501844;288.22030621077
-10.906037628828921 9.397021795780846;286.49824390974
-10.926551386244663 9.301950562921176;284.75573715062
-10.94722045216857 9.206337654793133;282.9921801304
-10.968048247133227 9.110170588237768;281.2069380210
-10.989038328253358 9.013436370566152;279.3993450298
-11.010194397224419 8.916121469385214;277.56870229241
-11.03152030894262 8.818211780061084;275.7142755807
-11.053020080810228 8.719692590585712;273.8352928048
-11.074697902786525 8.620548543590802;271.9309412863
-11.09655814826807 8.520763595211953;270.000364777
-11.118605385879492 8.420320970481187;268.042660198
-11.1408443922733 8.319203114878515;266.05687405365
-11.163280166045707 8.217391641623328;264.04199849786
-11.185917942889903 8.114867274242064;261.996967000
-11.20876321213414 8.011609783869593;259.92064956136
-11.231821734810728 7.907597920687657;257.81184742293
-11.255099563446826 7.802809338800763;255.66928720592
-11.278603063775648 7.6972205137654015;253.49161439828
-11.302338938609767 7.590806651862786;251.27738610385
-11.326314254142657 7.483541590073455;249.0250629480
-11.350536468997285 7.375397685551755;246.73300001826
-11.375013466380949 7.266345693206415;244.3994366959
-11.3997535897658 7.156354629771074;242.02248521137
-11.424765682588877 7.045391622478612;239.6001177213
-11.450059132542224 6.933421740132193;237.13015167208
-11.475643921130414 6.820407803973444;234.610233163
-11.501530679287495 6.706310175290956;232.03781797120
-11.527730749999716 6.591086516130825;229.41014982399
-11.554256259053798 6.47469151878525;226.72423542165
-11.581120195255806 6.357076598872117;223.97681560009
-11.608336501741059 6.238189545766257;221.16433188599
-11.63592018032733 6.117974122823039;218.2828875196
-11.663887411301703 5.996369608183622;215.32820179511
-11.692255691560794 5.873310264868121;212.29555627448
-11.721043994715355 5.748724726208589;209.179731053
-11.750272957642999 5.62253527926326;205.97492875427
-11.779965099118243 5.49465702444512;202.67468325183
-11.810145077632335 5.364996883819418;199.2717492535
-11.840839997483359 5.233452422896348;195.75796762182
-11.872079774849343 5.099910440533352;192.1240996586
-11.903897579109268 4.964245267742539;188.35962121985
-11.936330369564368 4.826316697227767;184.45246419163
-11.969419554509718 4.6859674390409065;180.38868804765
-12.003211809227091 4.54301996031304;176.15205711472
-12.037760103349434 4.397272513011567;171.7234885208
-12.073125008461298 4.248494074195902;167.08031940642
-12.109376387524438 4.096417803544794;162.19531608658
-12.146595615166754 3.9407324380018633;157.0353057161
-12.184878553325746 3.7810707491674975;151.5592400648
-12.224339630817592 3.6169937049479133;145.71537675722
-12.265117587634915 3.447968148527085;139.43703544600
-12.307383824922628 3.273334322989286;132.63594488965
-12.35135502130705 3.092256757323019;125.19128291195
-12.397313134542731 2.903646327557695;116.93045704043
-12.445639124747794 2.70602871958524;107.59254586720
-12.496874664387873 2.4973034811546917;96.7505970661
-12.551848825349156 2.2742488334994553;83.61736881801
-12.611988053845813 2.0313086642460605;66.41032263560
-12.68035049112025 1.7565399336200882;38.578982151980
-12.769355917402356 1.4012822573768804;47.91111950971
-12.81575114373686 1.2140473576629005;65.47946889012
-12.834250820785012 1.1367246270825933;71.47449805387
-12.831465370864159 1.1432288648864022;70.96745552463
-12.811080365418851 1.2190552970972108;65.00368345946
-12.774617289669441 1.358265351169632;52.33865495926
-12.720250069212305 1.5681478973420893;22.365447931089
-12.618653726196902 1.964405087351524;61.02625774499
-12.555918989308877 2.2077706292277415;79.47740703290
-12.520206730812689 2.3446450327955546;88.17786890006
-12.505079663252594 2.4003009612741244;91.48710781653
-12.506322607303158 2.3913286341031545;90.97821504192
-12.521083195974244 2.328990658663726;87.27287066640
-12.547542660542707 2.220504935488991;80.40561397510
-12.584865919764658 2.0692361422378904;69.69992131562
-12.633560490393245 1.873285452178842;52.677731173738
-12.697522821727041 1.6174542537080585;7.226555511308
-12.926174478881796 0.7162495503882267;97.73342318107
-13.100657539110337 0.02753672216339409;129.98236506798
-13.233816930017591 -0.49942000536903874;150.0576397267
-13.334309740637838 -0.8987233967690923;163.64145901351
-13.408654196656878 -1.1959903645584045;173.06328749410
-13.461931647453198 -1.4111494472558066;179.57251180891
-13.49816434623063 -1.5599455639381832;183.93576932847
-13.520561487920457 -1.654918401697897;186.66248741430
-13.53169486747885 -1.706099542187572;188.1088983484
-13.533630490896194 -1.721533731193528;188.53269102997
-13.52802990499614 -1.7076794425496098;188.12449779049
-13.516229489424626 -1.6697217543561913;187.02731053818
-13.499303127301951 -1.6118192105323228;185.3490793755
-13.478112043505746 -1.537299806346738;183.17120155393
-13.453344574014372 -1.4488171204002152;180.5543917071
-13.425547937296928 -1.3484748389783165;177.5427964892
-13.39515358556291 -1.237925943737736;174.1668702946
-13.362497346680692 -1.1184513662396016;170.44532409181
-13.327835283051396 -0.9910217769561177;166.386327927
-13.291355962624829 -0.8563452551187478;161.9880520508
-13.253189637261949 -0.7149027895270631;157.238547848
-13.213414633756104 -0.5669728049296362;152.11487701235
-13.172061057568621 -0.4126450922323001;146.58126913514
-13.12911165003821 -0.2518234893918847;140.58587896704
-13.084499256730767 -0.0842151358331486;134.0553331962
-13.038099716014393 0.09069845681476588;126.88549462024
-12.989717745148708 0.2737181736345339;118.925208159
-12.939060798271969 0.46603190802148436;109.94576952360
-12.88568969602325 0.6694115511899549;99.57776137270
-12.828917907288146 0.8866140751734253;87.1602162521
-12.767574645914504 1.1223234838400795;71.28679021962
-12.699284562227536 1.3860108259559403;47.64079945340
-12.6165363284089 1.7075212741627541;34.048420565157
-12.585671047184645 1.8245504524729248;49.07270119546
-12.585980389389045 1.818698642606823;48.46444142907
-12.612206938555357 1.7106818014847212;34.66773907484
-12.670134551971818 1.4776949673815305;35.75178052936
-12.682215843562442 1.4263979048472104;42.68688336090
-12.662395119427524 1.5015047669209494;31.941782525776
-12.606434819866747 1.7198713376059496;36.17151342971
-12.595356555895716 1.7608467509304877;41.78917700784
-12.616409059060219 1.6747821613582528;28.843586928673
-12.677460156006271 1.4306691879571294;42.03995968840
-12.697397185818696 1.3492795556008237;51.30654079369
-12.688993862847003 1.379972662949067;47.99906828864
-12.655633374468794 1.509410107553132;30.397669835977
-12.586561750837394 1.7803530116128143;44.31329549737
-12.558263090606387 1.8899126702439477;55.955266316323
-12.557473014178456 1.890470326814379;56.02281053657
-12.579238989006583 1.8016451588807918;46.852347191130
-12.62396145023908 1.6219548467765739;16.852059001786
-12.735678894343263 1.1775287004671555;66.69417526193
-12.808285242399604 0.8876588827612099;86.79575112497
-12.853123398746375 0.7073028272459325;97.22549537320
-12.87670169559011 0.6106738029448794;102.37233851156
-12.883467611472522 0.5801975871732481;103.93455106291
-12.876613212151488 0.6032982762257938;102.73092783905
-12.858437901448626 0.6709495628769734;99.14693231607
-12.83053312393583 0.7769373000905823;93.26394778376
-12.793851849994917 0.9175823346101781;84.83619973083
-12.748640829068382 1.092010477955301;73.05268424647
-12.694054575161653 1.3036887105050803;55.497789202207
-12.626344688474795 1.5676212987929834;16.343280064138
-12.49334536688804 2.0910267929131328;72.83908100410
-12.40130050737872 2.4520779670489015;95.6354884829
-12.338692052177269 2.6962074331502857;108.36424798252
-12.298669174974016 2.8504880684344247;115.69128112370
-12.276433006255049 2.933926220327986;119.47225770518
-12.268444535145186 2.9605709806899245;120.66362557109
-12.272045303349344 2.941001740811088;119.81298639883
-12.285236058281766 2.8831965035358746;117.23745270792
-12.30653655621096 2.793082377876309;113.09711003465
-12.334897777108445 2.674880732609381;107.41905191286
-12.369657698267496 2.531281393379992;100.08353255810
-12.410547727821955 2.363417483668447;90.75450471716
-12.45778677292495 2.170494565915643;78.67125949632
-12.512399999647 1.9485319466539979;61.90649511783
-12.577447026255198 1.6855061495920993;32.21030687474
-12.669917274078472 1.314245317656726;53.97322080881
-12.7223388600026 1.1021325196100338;71.89143848048
-12.747663531796963 0.9975669380198453;79.2399956698
-12.75235199601952 0.9748424463090872;80.7357862936
-12.740390579229906 1.0181395420003112;77.81146262690
-12.714180968401132 1.1179696371572747;70.63410604234
-12.674645740463024 1.2707482411229287;57.96794124483
-12.62030197548482 1.482480291002354;33.228601806876
-12.537663507666942 1.8069379993156276;48.5029938414
-12.495669320893965 1.9701883646329865;63.96014628874
-12.480725991706835 2.0260175024002542;68.45961489459
-12.486684597099915 1.998794889183473;66.3288612135
-12.510398746437945 1.901039173535586;57.98529770581
-12.55144204165061 1.7345220475299217;39.91725219664
-12.616590984499009 1.4724919339798124;34.56480321961
-12.633537560060486 1.4021609722605222;44.06061072493
-12.61874964135042 1.457981807835543;36.67951166698
-12.572169980170257 1.640249383149988;24.45005445364
-12.585386405490363 1.5852628985903123;3.6910807810357
-12.938004848812136 0.20043065649099456;121.41673681136
-13.216836140018637 -0.8953254641485382;162.57979337233
-13.437615585923174 -1.7641807324800602;188.97552728050
-13.611753460091222 -2.451047456139574;207.4932403027
-13.748149431527414 -2.9908635304810405;220.96687425130
-13.85389766770506 -3.4114207466215953;230.92217963781
-13.934706602655462 -3.7350421893380417;238.29976489406
-13.995192232722642 -3.9797498601421664;243.72835781088
-14.039097880194458 -4.160136766207754;247.65096141359
-14.06946460068242 -4.288041334752905;250.39124240357
-14.088765786208377 -4.373078910416097;252.19187663475
-14.099014640870315 -4.4230652932519;253.23829328541
-14.101850573645532 -4.444356590832795;253.6741883957
-14.098608948661782 -4.442123159657265;253.61209845306
-14.090377566442967 -4.420571101546322;253.14085441168
-14.078042495433639 -4.38312174335267;252.33098135208
-14.062325316974347 -4.332557295337693;251.2386970623
-14.043813424758358 -4.271139193429655;249.9089265141
-14.022984692934012 -4.200704325169341;248.37760766492
-14.000227570312665 -4.122743316432438;246.67347601026
-13.975857454579202 -4.038464246612308;244.81945876472
-13.950130037772048 -3.9488445146088638;242.83377214127
-13.923252183712677 -3.8546730606418427;240.73078979700
-13.895390792784168 -3.756584732487196;238.52173285284
-13.866680024306204 -3.6550882484698555;236.21521935012
-13.837227177741699 -3.550588937340374;233.81770191887
-13.807117477900515 -3.4434072143445564;231.33381572772
-13.776417963695012 -3.3337935733421955;228.76665375081
-13.745180642821893 -3.2219407287546415;226.11798254255
-13.71344504439822 -3.107993421982348;223.38840872125
-13.681240276742546 -2.992056309577775;220.57750399226
-13.648586677135668 -2.8742002706612606;217.6838946152
-13.61549712362231 -2.754467405430165;214.70531960984
-13.581978065031448 -2.63287494228421;211.63866059036
-13.548030313805505 -2.50941822573659;208.47994483924
-13.513649636425757 -2.3840729189189416;205.2243219784
-13.478827167762674 -2.2567965213546928;201.86601329741
-13.443549668175201 -2.1275292731957998;198.39823133661
-13.407799635235506 -1.9961944897578197;194.813065578
-13.371555275166074 -1.8626983433197315;191.1013278811
-13.334790331971277 -1.7269290809235056;187.25234835198
-13.297473764259554 -1.5887556349785357;183.25370828300
-13.259569250083112 -1.4480255446770456;179.09089099474
-13.221034487625667 -1.3045620559317468;174.74682293242
-13.181820242522292 -1.1581601987435957;170.20126457295
-13.141869068200641 -1.0085815424037958;165.42999088709
-13.101113589341969 -0.8555471822575742;160.4036694996
-13.05947418250907 -0.6987282852247316;155.086292620
-13.016855798186265 -0.5377331584136424;149.43292981497
-12.973143518863322 -0.37208920086129593;143.3864099845
-12.928196187425995 -0.2012170471987436;136.87224355670
-12.88183696337953 -0.024392288338625;129.79050469689
-12.83383873708329 0.15931358575565369;122.00212989763
-12.783900388624112 0.35112920993604824;113.30413314906
-12.731605400461508 0.5527505594862726;103.3804583015
-12.676342643149228 0.7666606425467621;91.6911504869
-12.617132788288416 0.9968292548359414;77.16832213644
-12.55215569661483 1.2506158169503572;57.029934488794
-12.47677954573679 1.5466938411883973;10.027985848045
-12.290080711859613 2.2908681214301883;88.36356428605
-12.15070294755418 2.8452379416825213;117.01903351980
-12.04664914998428 3.257640398373497;134.42369714260
-11.970173980258899 3.55902184343429;145.83366514
-11.915587018183773 3.77216614421091;153.3930129753
-11.87853005182666 3.9145578816786633;158.24530392989
-11.855603527108652 3.999861548172615;161.0871190217
-11.844131396791797 4.038853476624255;162.37665611012
-11.841997791979626 4.04007004083083;162.4296549273
-11.847527421415661 4.010283084284307;161.46952123776
-11.859395354177963 3.9548591502575454;159.65588811097
-11.876557841267388 3.8780354057359414;157.1018373642
-11.898198879158105 3.7831331422458714;153.88456542335
-11.923688972010817 3.6727228310468405;150.05187480675
-11.952553680606 3.5487502536323934;145.62566753482
-11.984450374086897 3.412629961713268;140.60289661258
-12.019152316763725 3.265309487127115;134.9538516303
-12.056539998217481 3.107304640049977;128.6169523151
-12.096600700546897 2.93870190714848;121.4880159449
-12.139439205884237 2.7591163342514036;113.39936808703
-12.185306576644104 2.567577159949439;104.077616783
-12.23466393605917 2.3622734487100394;93.04940896140
-12.288327906989844 2.1399728537310674;79.39182092056
-12.347858353611965 1.8944696277111726;60.83248848359
-12.41702839747043 1.6106923802159003;26.266585946415
-12.521119184399224 1.187249136669416;61.71273988524
-12.586269816739199 0.9206612197700506;81.4801848196
-12.624296464596133 0.7631789500022768;91.16074039881
-12.64165391254538 0.6887516244016955;95.38691737904
-12.642637639279226 0.6800808421537299;95.85345923390
-12.630242055374024 0.7251408939164588;93.30487712326
-12.606514889996046 0.8157396140155483;87.97505961167
-12.572690934117603 0.9469741340046027;79.63423394494
-12.529118222484266 1.1175275106978346;67.2756089236
-12.474704271471378 1.3319050343732535;47.38268536707
-12.403678474476653 1.6134996731069102;27.40784151034
-12.390648039397798 1.6621600296906798;35.64390666685
-12.414723861905559 1.5617672524367006;14.34670523746
-12.521133065489085 1.1306695471038917;66.14012533142
-12.58954638639172 0.8523685586699523;85.61784739166
-12.630994857967332 0.6823021480436106;95.5835264723
-12.651795760803996 0.5950037294561302;100.30989795024
-12.65624722811879 0.5731916776808271;101.44718470029
-12.647412887080389 0.6045848198156486;99.77544442667
-12.627470621080027 0.6804856797563059;95.63194729450
-12.59788011419235 0.7950998682812119;89.01844845079
-12.559420132394255 0.9453844198419419;79.5243942411
-12.5120361420549 1.1316645558170215;65.89210210370
-12.454127772551278 1.3605154902912837;43.675142128005
-12.37804278267693 1.6629631012417723;36.19057043523
-12.349790134912523 1.773050626162885;49.81079170198
-12.351389097043214 1.7630153809102276;48.75207375524
-12.378038413591261 1.6521780157914396;34.66763497741
-12.435634907337871 1.4168848480220688;36.01953761878
-12.44836205483003 1.36264345238937;43.26494223189
-12.430011509060884 1.4337591778729224;33.384858156127
-12.377674176855809 1.6420564598625187;33.1882576782
-12.372015056771723 1.662339076550877;36.31028941538
-12.401452480855248 1.5412252281256424;5.738025179798
-12.642234973220607 0.5733481408337034;101.26440486358
-12.827419731652219 -0.17188916503217677;134.8361424673
-12.969931087233432 -0.746638659706979;155.8767327694
-13.078600701247687 -1.1864249236643594;170.23427852967
-13.1601243698321 -1.5181125923743717;180.30920181206
-13.219745392614891 -1.762692950885425;187.39040072618
-13.261628398850803 -1.936806386584955;192.26982039591
-13.289105785240402 -2.05374380784004;195.47462492125
-13.304855210150162 -2.124166190988833;197.37432433138
-13.31103344790554 -2.156645986841667;198.23709872407
-13.309379969727345 -2.1580852029431297;198.26228324284
-13.301298340684976 -2.1340433102016934;197.6004365552
-13.287920800863045 -2.0889969381827567;196.36640488008
-13.270159819946064 -2.026546833494599;194.64817503142
-13.248749412275842 -1.9495834400820933;192.5130592403
-13.224278319331189 -1.8604196711082674;190.01211123718
-13.197216681562143 -1.7608974564063478;187.1833210213
-13.167937462511619 -1.652473182459189;184.05393217643
-13.136733614573057 -1.536286025909347;180.64210141670
-13.10383176188084 -1.4132123108170502;176.95803962758
-13.069403004256639 -1.2839083223089454;173.00471725855
-13.033571303916021 -1.1488434317233662;168.77817247149
-12.996419793069041 -1.0083248869520034;164.2674191626
-12.957995225303955 -0.8625151540050051;159.4539054673
-12.918310674563765 -0.7114422123297633;154.3104107131
-12.877346445455576 -0.5550026369691563;148.79917212400
-12.835048969168742 -0.39295652949032067;142.8688681973
-12.791327167894368 -0.22491217270456412;136.44978394737
-12.7460452710529 -0.05029624864687551;129.4458883972
-12.699010125202834 0.13169837608810941;121.72128764686
-12.649949094097904 0.32220321612854624;113.07555542260
-12.598470188941498 0.5228371419720439;103.19465092591
-12.54398445636433 0.7360230607009558;91.54005068426
-12.485534538036271 0.9656864153992116;77.04428871162
-12.421326160810594 1.21916144646175;56.92166394884
-12.346769675345733 1.5151486337090803;9.65600653720
-12.157286194959614 2.2786342350842066;89.49995901316
-12.015296939686536 2.849578242127692;118.59100253366
-11.908847108081977 3.2761551411191396;136.32568210038
-11.830178540922963 3.5896932575169784;148.01026151349
-11.7735753900622 3.813322817495819;155.8109333859
-11.734651334719459 3.96482918936975;160.8840232955
-11.709979281630643 4.058134581785827;163.93471428325
-11.696857299946567 4.104235464623016;165.42769245962
-11.693145509678688 4.111856779405315;165.6840754607
-11.697146301041288 4.087933154195453;164.9321265675
-11.707513731968042 4.037973516101784;163.33623317640
-11.723183834097128 3.966342038277367;161.01448790803
-11.743320545165286 3.876476464600372;158.04973023157
-11.767273698225353 3.7710580431010645;154.49649782998
-11.794546588119749 3.652142962550707;150.38515167645
-11.824771406053019 3.5212621178458035;145.72377025153
-11.857691451923408 3.3794935592041386;140.49793815715
-11.893149626599458 3.227509606476825;134.6680876789
-11.931083417158343 3.0655977520237028;128.16337963767
-11.97152766576523 2.8936501304171887;120.8698449371
-12.014628406082698 2.7111082820235235;112.60768221326
-12.060675385235943 2.5168324110901508;103.08531960989
-12.110171881593294 2.308819853340221;91.79567463108
-12.163993919080474 2.083561839088612;77.73485364537
-12.223824003863617 1.83428854969793;58.337743632996
-12.293895574181073 1.54390099145495;18.051335325430
-12.419593006414223 1.028365549684059;71.72477854733
-12.505458991434395 0.6748487837584791;94.31271349106
-12.562681832831622 0.4376422195686264;106.82298300100
-12.597888665755923 0.28971429496950696;113.92741405664
-12.61572312343862 0.21216391796902406;117.47405126529
-12.61961365761698 0.19106790033589285;118.41025707128
-12.612137887898083 0.2159842387757372;117.27269839747
-12.595233339422338 0.27908649643090966;114.36372091027
-12.570328884043427 0.3746243682956913;109.82130038792
-12.538423465973098 0.49860107224146544;103.63617314581
-12.50011763021801 0.6486445927694964;95.62232409506
-12.455582698927367 0.8241344738413661;85.30532328699
-12.40440407091544 1.0268435480874998;71.5676569951
-12.345038036058522 1.263158552448095;51.096054452330
-12.272116501228245 1.5550824004814938;22.166335658655
-12.267651327926721 1.5690681574723246;25.343708568964
-12.312419054018255 1.3831630944293967;36.463971489707
-12.315374516293458 1.3677695433460497;38.612653796297
-12.285875964145808 1.4847221213991595;15.740797767220
-12.183463850798828 1.8991706065081826;64.42701241723
-12.11829005151135 2.161803981364893;83.28428659232
-12.079326388754954 2.3173775394443275;92.6639948160
-12.060365621845197 2.3911345016184984;96.79923313053
-12.05725050690308 2.4000260480294826;97.29611671672
-12.067077812479999 2.3559269849129802;94.8775796244
-12.087857240700298 2.2670121451486356;89.78998341550
-12.118372492829751 2.138316339511292;81.86046651513
-12.158222845062475 1.9715640088116495;70.25976139830
-12.208239691267831 1.7634775966952543;52.27784122795
-12.272655381204451 1.4969641768147486;9.62299959332
-12.197609433203482 1.8003956262876237;55.93072920490
-12.15780318902391 1.9600885632236822;69.44540530994
-12.14262440546952 2.0191788176407477;73.82830553844
-12.146604260107614 1.99995066253194;72.44733932109
-12.166632541854637 1.9151315347790863;65.96573813584
-12.201515353397618 1.769677562419496;53.022750358577
-12.25316495511619 1.5559299314617816;23.374066350488
-12.348025802250483 1.1664225139728461;59.88289039190
-12.405267907139544 0.9301718085818967;78.04551830854
-12.436353763337268 0.8002975394681389;86.4148381167
-12.447469674170504 0.7515494545259096;89.34667565305
-12.442650312939715 0.7675061558152916;88.38105117189
-12.424601255672028 0.8371972723249159;84.07838875992
-12.394991244812129 0.9539012518119546;76.34280916609
-12.354430259225438 1.11523263728014;64.13959791013
-12.301850622153918 1.3256740372754536;43.345212589
-12.230275739280184 1.6138760882136296;34.3850211634
-12.207092472177196 1.7050142334324527;46.37756328426
-12.214381802706534 1.6719891128918876;42.45772849280
-12.249138596661552 1.5270662001699309;16.348004109214
-12.352677036311869 1.1021021393106891;65.1222333875
-12.418696592197294 0.8300176183447621;84.41747059357
-12.458173312034887 0.6658847272743461;94.16150835878
-12.477339560910503 0.5842472420146133;98.64489219334
-12.480413099740133 0.5679237640601621;99.50763417425
-12.470381152688475 0.6047833875742405;97.50909606787
-12.449342709236689 0.6863367496360553;92.95051719246
-12.418663057794685 0.8070998584079927;85.76402935392
-12.378980878360373 0.9645642995769931;75.37811127020
-12.329963997640503 1.1601987225823926;60.0300825273
-12.269163252960324 1.4041442834694848;31.83139890089
-12.180661946945607 1.7616521112682562;52.744368830591
-12.131095093104022 1.9603385071850485;69.92866575754
-12.107743521932901 2.0519404640569685;76.56948905348
-12.10437875942474 2.06183031544387;77.26549109144
-12.117276290819774 2.0052230234936723;73.29730642271
-12.144391366215087 1.8905165723341866;64.4926898901
-12.185479401605653 1.7187932866380946;48.38859999860
-12.244395839793839 1.4744427008300676;15.773505505334
-12.215000404373074 1.5915903134775526;31.57020298504
-12.229572931748319 1.5293199074374275;18.378593424636
-12.308137927500312 1.2060116178653097;55.60104234928
-12.350483720792713 1.0305465123534971;70.36538205285
-12.36768167244392 0.957574665164086;75.65573578281
-12.365438647206181 0.9637771998747454;75.20766395655
-12.347140110391146 1.0353759253136978;69.96221343601
-12.314452639297475 1.1656532674777675;59.25186818115
-12.26681459264375 1.3570354821896073;38.455976657342
-12.195775416604333 1.6442777936889943;39.633624415200
-12.16822927246752 1.753898397696695;52.29408049898
-12.168881772368426 1.7482528876273171;51.73590849940
-12.192937859674801 1.6469417540044753;40.05496792247
-12.243133812081021 1.4388879504006395;24.528615252507
-12.23437043480801 1.472190917191327;15.709052144845
-12.149154669084494 1.8185983233369625;58.551717208615
-12.099939132995875 2.017579089146597;74.41816458762
-12.075786911635229 2.1137384713715974;80.98322917646
-12.07086302816992 2.1309306712209186;82.1104965927
-12.081514790887304 2.0841388107805185;79.04668523841
-12.105537727260621 1.9824548058556635;71.9247666301
-12.142086053436827 1.8294381600370557;59.61467742085
-12.19245672995813 1.6199152887808543;36.53976646161
-12.267187062836866 1.3110032974418726;44.04942361368
-12.300666867933446 1.170968519088245;58.51194022627
-12.307112735935386 1.1414924711249648;61.10971187844
-12.292247564088866 1.1991490770633308;55.865954691411
-12.258020771661958 1.3360290149526128;40.834553626352
-12.199874238104035 1.5709389041917672;28.7569234745
-12.194579231601312 1.5898482916420515;32.079809926414
-12.22825889416479 1.4494428508073431;21.43730185576
-12.198791194850529 1.5677783959117009;28.248452401160
-12.217802295558851 1.4878486989571629;7.020913892002
-12.058611302459438 2.1403251405584487;82.85922897494
-11.942462055440052 2.6156521937461124;109.08033394602
-11.858043691003578 2.960050727117085;124.67485686692
-11.798238729966958 3.2026922734727497;134.58052926345
-11.757896638605997 3.364744054270184;140.81043108000
-11.733116924139974 3.4622758476738515;144.43393409696
-11.720887214177544 3.5077278070769844;146.09718135989
-11.718860175990015 3.510816439912853;146.2190901512
-11.725201453447848 3.4791533258636065;145.08102539108
-11.738480376141249 3.4186907194942493;142.87295886664
-11.757589339539429 3.334050964059692;139.71875317144
-11.781683979478247 3.2287715042468346;135.68987477081
-11.810139557077056 3.1054839959378535;130.8114510874
-11.842521134667521 2.9660372669212776;125.06178563767
-11.878567065686301 2.811566012237497;118.36414708788
-11.918187895689384 2.642496639591516;110.56621315623
-11.96148760104656 2.4584619918428188;101.39466780043
-12.008825782939388 2.2580489466460785;90.34893081634
-12.060974841085958 2.038158227149369;76.4069361410
-12.119568431366694 1.7921740095244805;56.88371584466
-12.188977089726926 1.502296382272705;12.900071837410
-12.340564729227122 0.8766367917070392;80.41361566414
-12.449657266572261 0.42516930222432936;106.07968778586
-12.527473374312875 0.1016608054021072;121.17456635524
-12.581009870424666 -0.12266757469385753;130.62005454657
-12.615319673131843 -0.26855408701610967;136.40859310631
-12.634228067522539 -0.35166480956121104;139.59360198663
-12.640689436085617 -0.38407323203976157;140.8079229479
-12.637005285437104 -0.37516407277810343;140.4579583305
-12.624971913107702 -0.3322446766294458;138.81183379388
-12.605985774751154 -0.2609805882375961;136.04404990942
-12.581120279111772 -0.16571243162587954;132.2588746325
-12.55118135789483 -0.04968470866048599;127.50124454134
-12.516745566972403 0.08479780702111347;121.75812884502
-12.478181646804657 0.2362821552857368;114.94945352888
-12.43565295572016 0.4041583877952471;106.90261702044
-12.389091540080964 0.5887679971157906;97.29299673884
-12.338117662412003 0.7917376276211127;85.49582392246
-12.281822845906838 1.016876082860762;70.13384741229
-12.218076978146375 1.2730338377695072;46.902903105257
-12.139668953587385 1.590005135926889;34.12264489249
-12.110882860035753 1.703647880115197;48.694822845523
-12.112120511216505 1.6942345601495508;47.68661473735
-12.138536509071223 1.5816200778068286;32.91202111240
-12.197117573138051 1.3371797500918137;38.818494323781
-12.213762794466323 1.2653931820012532;47.60016133570
-12.201746916183183 1.3115585541048094;42.12519121664
-12.162890414363751 1.468232970508844;10.569643792914
-12.015606846488712 2.0719554407094423;79.27968936355
-11.90983665458628 2.504530204977319;104.23464968150
-11.834417296474076 2.8116977062341992;118.81074202583
-11.78245018781887 3.0217927349155724;127.82750373749
-11.748993865633674 3.155160684381034;133.23806326853
-11.730335362196664 3.227124558967292;136.07305964020
-11.723628378731632 3.2494577567726126;136.94872036055
-11.72667355683654 3.231279187097968;136.2571456261
-11.73777095644168 3.1796551017852197;134.25233707285
-11.75561605403134 3.1000241235832533;131.09307010136
-11.779225393166687 2.9965016955375745;126.86416338481
-11.807884801123942 2.8720926330848426;121.58415957445
-11.841117236100628 2.728823594686158;115.20100624190
-11.87867127672524 2.5677911958685704;107.5716984754
-11.92053753152668 2.3890958550796046;98.41146648736
-11.967014921559986 2.1915712877590843;87.16763779222
-12.018894527989762 1.9720318219610429;72.64894118649
-12.078025824877498 1.722949924004184;51.417555034503
-12.150061564404858 1.4211805218848865;23.486248281748
-12.157407340354512 1.3866102902605286;30.256527708646
-12.123215936983506 1.5236448922854302;23.242180834676
-12.147336811112305 1.4209272267059907;23.398960256151
-12.11516279854135 1.550574941222669;28.796704597661
-12.130836957121442 1.4833095374664844;10.855275631774
-12.255607583008574 0.96755200654902;73.12844952758
-12.341269957549244 0.6125122120131463;95.44653514051
-12.398655524792868 0.3734241809353545;107.90551450556
-12.434266216802756 0.22348104043712344;115.02993918103
-12.452680708355167 0.14385468898087275;118.6347236394
-12.457290173480496 0.12063709525219199;119.65749852886
-12.450651613023112 0.14337069501071084;118.63380467095
-12.434694153654574 0.20419094064503202;115.87016025838
-12.410849241659493 0.2972859838068781;111.51427869522
-12.380130770316256 0.4185649192879559;105.57527972526
-12.343171889567444 0.5655062390790961;97.90257576271
-12.30020799323591 0.7372298011729639;88.09804767150
-12.250958981045637 0.9349864444305116;75.24707440225
-12.19422958328456 1.1638152347080504;56.87061128557
-12.126194096607893 1.4396432831320618;17.57191707233
-12.001221097814666 1.9512193595746903;71.49911973117
-11.915397829314886 2.3012762310843438;93.90787410887
-11.85761776593074 2.5354198992398373;106.2912870874
-11.821327954148865 2.6806041253466635;113.29513852697
-11.801959704034315 2.755661618763287;116.75700581016
-11.796157982727195 2.7744540135884956;117.61730605308
-11.801415486735847 2.7473660945004115;116.40667423800
-11.815861471324663 2.682168194065393;113.42108498656
-11.838130894763935 2.5845510019179487;108.79050876365
-11.867287414137742 2.4584406000165036;102.49381592449
-11.902795452082744 2.306112801318499;94.32424549720
-11.944558979945464 2.1280338330674056;83.76363588461
-11.993099804559437 1.922127494051597;69.57444665521
-12.05018426950929 1.6811960453571968;47.88767598802
-12.12221406161578 1.378947003571421;30.110046309222
-12.141049894552173 1.2970211089338062;42.09632184599
-12.127647448317738 1.348612399391509;34.976380095466
-12.081937534683162 1.5340387565923368;27.28005829951
-12.088718267726657 1.5029114163764314;20.40233041218
-12.153578752643444 1.2321821384545002;49.51018362847
-12.182260385957242 1.1109569882138528;61.10518309579
-12.185854098832861 1.0932919775734495;62.60447782198
-12.169322687227274 1.1586884911690105;56.787497677230
-12.134302311407277 1.3004670604106532;41.48769871487
-12.076276664442823 1.537464484902016;28.145467945606
-12.071562475997101 1.5543158818866307;31.179931880567
-12.106421105897757 1.4077260095836437;24.089365013073
-12.084724718214432 1.4952075836485337;18.676106156751
-12.131669658021966 1.2992012748263855;41.563200631630
-12.140997082120718 1.2586579902700337;46.43047279378
-12.122483435395583 1.33312203951348;36.95684543302
-12.074451832471805 1.5296525179378808;26.802948944223
-12.080087766912445 1.5043779342494596;21.255849661785
-12.141584512939412 1.2482981144787755;47.54852709436
-12.166516110543562 1.1432713404204433;58.07076526271
-12.166015650937874 1.1431847297325601;58.067731380675
-12.144635240862689 1.2292584886932105;49.58586530823
-12.10256869041767 1.4008141308767519;25.30096994831
-12.020143525786287 1.7395239915335339;54.3051429686
-11.97460460679448 1.9255060254931755;70.13354430308
-11.954285688151803 2.0068882623762967;76.03525170951
-11.953319700271564 2.0079300462712455;76.11891083586
-11.968223909500294 1.9430846273229774;71.48301492402
-11.997197362322844 1.8198840124891908;61.709239029078
-12.040421966669175 1.6376902552040729;43.37621626944
-12.103669545288803 1.3727997225229007;30.383586340141
-12.11571954331476 1.3200458295009558;38.47382563621
-12.094093293503812 1.406786863560671;23.660751075799
-12.025162958939314 1.68960357703287;49.37186104026
-11.992926755021665 1.8204926774758072;61.84142681999
-11.98584972854438 1.847079903786274;64.08810075769
-11.998737080835554 1.790870983968884;59.279929036211
-12.02955480246194 1.6603554381289571;46.199679549395
-12.08089493059462 1.4449414415784736;12.07849598380
-12.022801455217023 1.683475287555215;48.80523997924
-11.99974044432922 1.7768318442607105;58.06257978565
-12.001470929296529 1.7673403171613071;57.20281566323
-12.023869088103275 1.6721155788164506;47.599782650233
-12.067518289717528 1.4888604932905816;18.079057326353
-12.1701566722308 1.061740274308921;64.78178649235
-12.235619907037544 0.7882872294410879;84.21360964346
-12.274822031997425 0.6231729663817889;94.0195350159
-12.293938171372245 0.540808969284684;98.54198263379
-12.297143750563105 0.523941044341634;99.4340573323
-12.287395512032413 0.5603899517994151;97.4605942123
-12.266771665800405 0.6416306856023588;92.92617601459
-12.236625671459644 0.7621501678241184;85.76616547334
-12.197594600272536 0.9194119004366957;75.41436547500
-12.149361169380867 1.1148463914090372;60.123355216103
-12.089536648793764 1.3584959656133204;32.125879124769
-12.00275240298795 1.714309118596155;52.33144751257
-11.954436741692266 1.9108590240027525;69.4294461027
-11.93198225392448 2.000194402305011;75.94509918800
-11.929252215013806 2.007687817883509;76.47955892172
-11.942602525767601 1.9484492662044262;72.28225985563
-11.970079490758533 1.830625865890142;63.09091734725
-12.01160638648666 1.6546223710731929;46.045705819382
-12.071786789078866 1.4015011010018874;23.638351493616
-12.070066131551696 1.4054897316759956;22.686805868059
-12.015385824631924 1.629465545901911;43.121265300325
-11.998359481643792 1.6973590074518843;50.78933507229
-12.008003281660061 1.6546244754413992;46.13982063462
-12.041946578437916 1.511138718171471;24.729515805380
-12.118533890050324 1.1910650745346314;52.701690453
-12.158397835431881 1.023204934820526;67.47982620462
-12.173092376688817 0.9595157596939625;72.2938569766
-12.168303055381047 0.9764132239784626;71.03314467566
-12.147225197480076 1.0607007019218824;64.43033018790
-12.11105052077461 1.207534474033491;50.93682253342
-12.05755418384973 1.4262959867152172;16.618811065382
-11.940964498961385 1.9074098779824384;69.4127483979
-11.862441734638603 2.23035509765369;90.7478842278
-11.811038945041282 2.4403857831058433;102.2619059710
-11.780378979907592 2.563919422438116;108.4680750359
-11.766059518768571 2.619237440100083;111.14082983131
-11.764881450224895 2.6196593265278145;111.17226955288
-11.774488409231735 2.5750242199298383;109.04244148713
-11.793165459203637 2.492518593276923;104.9813099250
-11.819724714315043 2.377146892765452;99.01758964646
-11.853458929413467 2.2319226543904254;90.95135421331
-11.894179973968557 2.0577095691582086;80.2058731929
-11.942434817403566 1.8523287500686079;65.29662223451
-12.000336667189107 1.6071191658696193;40.89033057490
-12.077224887350276 1.2834822570471744;41.86708065823
-12.11147833152043 1.1372782709744373;57.431985075834
-12.118493967343698 1.1043429259708777;60.37315544557
-12.104163854242222 1.160156031232512;55.24348226469
-12.070469564609398 1.2965289160521458;40.07484793320
-12.012660160702511 1.5333415438023825;30.07033499307
-12.005161112514958 1.5614225531142734;34.68756085823
-12.033621951107753 1.4402797869662638;8.852541864512
PointOptimal;ValeurOptimale
[-12.03362195   1.44027979];8.852541864512643
Temps;Nb iteration
0.05047130584716797;1000