Point;Valeur
33.23585632316397 -78.81362064432255;13527.808869473
32.214013704338335 -77.7917780254904;13141.235898409
31.447655592596014 -77.04339040249175;12859.94158418
30.811264287098695 -76.40612944629578;12624.958531737
30.244381388526268 -75.84245427555261;12419.190302351
29.7275573472369 -75.31974830850112;12230.28773660
29.26414015695577 -74.82507796615728;12053.900404437
28.819228726465163 -74.3518147478238;11886.973324456
28.35962015404639 -73.89524472980936;11725.50281592
27.937756032808018 -73.45104235031272;11570.15095347
27.530049257817723 -73.01490199131612;11420.064163966
27.10190628202676 -72.58363828508692;11271.315294632
26.714991891682693 -72.15667267648692;11126.70072075
26.308337075932876 -71.7358487978021;10984.759903030
25.911370473851054 -71.32341724838672;10845.426584728
25.536599547574102 -70.91891574034301;10711.057782309
25.132251549353825 -70.51714874208356;10576.788686925
24.768457689376383 -70.11291483509112;10444.903576466
24.37133428558414 -69.70784737890834;10312.852498945
24.000797749604487 -69.30741146970763;10182.983107328
23.624160715654746 -68.91381148189399;10056.472831032
23.24184257268407 -68.52198879818792;9930.244553043
22.88471087437876 -68.12572752587559;9806.081709448
22.494090746165902 -67.72755278567966;9680.312564546
22.145392048907944 -67.33402026178473;9558.237109527
21.754447504715703 -66.94633368369765;9436.86352554
21.403111736621117 -66.55754434270004;9317.45925198
21.022085168193957 -66.16322601550026;9197.495931114
20.66128747337834 -65.76888063294113;9077.952660843
20.29722190413716 -65.38049854522966;8961.459857517
19.92535505745102 -64.99565763871507;8845.3824422
19.577382726659202 -64.60617476515709;8731.323835633
19.196428464501377 -64.21234482090678;8615.119503696
18.858471472217747 -63.82179729753882;8502.329541112
18.47258019016704 -63.43740038774686;8389.722680516
18.13748834333877 -63.05224964621443;8279.837608234
17.752770238695934 -62.66070026825637;8168.215532206
17.4142161093624 -62.26845133670197;8058.030519010
17.037951801520727 -61.88225243500851;7949.373664168
16.691753326867165 -61.4995796852093;7842.439582266
16.32956145282327 -61.11160715954871;7736.164545261
15.974319850719636 -60.71909155217547;7628.762940269
15.627502517108551 -60.33033066931527;7524.145274379
15.263839233313378 -59.947812413521476;7420.0053785299
14.930270455755101 -59.56358493629859;7318.596518985
14.559681041105566 -59.17255898906746;7214.765355748
14.236270701913114 -58.781679128891064;7113.68409681
13.860546960523232 -58.397481760173356;7012.492354150
13.544506051381562 -58.01588779289413;6914.987859084
13.165577170916189 -57.62784273768628;6815.282020148
12.85469755699748 -57.23607055773177;6717.514514990
12.474550263983271 -56.84934144676758;6619.469645126
12.167258696725447 -56.468519666595235;6525.172909742
11.787768419790062 -56.08411849876817;6429.795487499
11.483215058664241 -55.69305037058576;6335.459993350
11.105854220672597 -55.30391835642358;6240.767601609
10.804023313972776 -54.92208045899287;6149.358781257
10.429536055079572 -54.54086127507649;6058.1273348491
10.13130324878829 -54.15204806368121;5967.527126637
9.759528392629733 -53.76137518397727;5876.288714746
9.466626229641054 -53.37738864778476;5787.8070326610
9.096640896404697 -52.99798430490968;5700.225575869
8.811540268696362 -52.612497554859566;5613.688043577
8.442250729201449 -52.22157438069093;5525.874923717
8.167899377519424 -51.83512455844167;5440.612848354
7.7993412489932705 -51.4558679090838;5356.098849146
7.538256168553104 -51.073954002796015;5273.861156256
7.174293305007867 -50.68420377048269;5189.415584224
6.924671770592042 -50.29566885477251;5107.722350666
6.577287701873485 -49.91518166967562;5025.97627761
6.319991868757506 -49.53620642530985;4947.659907635
6.00677054041269 -49.14889374280306;4867.092229743
5.7017230529614915 -48.75911719745003;4787.974603774
5.42707457628982 -48.37661335556904;4709.850564502
5.0780310928539105 -47.99935843515063;4633.605692812
4.844096219497609 -47.61531405407031;4557.897915579
4.483813648549228 -47.225377975800946;4480.889527066
4.2937677346419205 -46.840681335426055;4406.93172472
3.9867565395433835 -46.463805054343084;4333.115388926
3.730612697712692 -46.08324647459179;4261.35556409
3.521168432201752 -45.694274377494175;4188.605612280
3.1637636778672684 -45.30768164988635;4115.7992484
3.0263883910186586 -44.930093987190794;4046.6977543056
2.8034309680679583 -44.55263748426659;3977.4298600201
2.449966478472485 -44.16562471961114;3907.4802441721
2.3406835203256042 -43.77772807938572;3839.020205075
2.1220496867202514 -43.39876261620512;3771.203447900
1.7809866689830904 -43.023625428581575;3705.1109281745
1.7228897032850297 -42.639301553015336;3639.497332408
1.604830936471588 -42.25082818440337;3573.3709111557
1.3139657719915263 -41.870238873815545;3507.6820391697
1.1748297784494024 -41.49651982830704;3444.99975055
1.2083532870128457 -41.115268079475996;3382.2416417239
1.2234745996685334 -40.72695313459522;3318.9815963179
1.222127133387363 -40.34481888083141;3256.8563158198
1.2225747278339154 -39.971732741111765;3196.5601433871
1.2223749995213786 -39.59359412246525;3136.541559895
1.2224914184808844 -39.206086977044635;3075.8167777280
1.2224067268593777 -38.82269259054077;3015.9178246363
1.2224817792192884 -38.44969870696029;2957.8765878926
1.22240236229408 -38.07445750178732;2900.506334459
1.2225012510703643 -37.688258272728476;2842.3533173292
1.2223579670958018 -37.30398840171508;2784.7369231422
1.2225971437832246 -36.93082171809985;2728.9343152837
1.2221399141072014 -36.55813300717997;2674.129453960
1.2231312851322593 -36.173557529371834;2618.556805306
1.2206870915883088 -35.78881696827491;2563.2700355158
1.2273735357313351 -35.41546042404895;2509.7173795217
1.2060247972583742 -35.044970784072426;2457.4092354821
1.2717310445857595 -34.662141813912484;2404.4206011211
0.9671604187502519 -34.27730454195158;2351.35203664
0.27892814128982046 -33.90394131886953;2299.194091038
-0.18488401010656813 -33.53537067756604;2249.074817188
0.45400857794498145 -33.15422910970629;2198.838491327
0.7977615663196418 -32.76961526072261;2148.504625683
0.09755616573991133 -32.396586128748844;2098.830199790
-0.3036440406597337 -32.02976060957481;2051.9310147672
-0.06272968102770796 -31.650086196193715;2003.2975811101
0.24310266999793176 -31.26596673100089;1955.6527368047
-0.21358738375858669 -30.89374461848632;1908.9555697530
0.2824788172108009 -30.528582031939056;1864.07249981
-0.038148467427295774 -30.15001395642284;1817.8538923679
0.15780352259881864 -29.766644866440476;1772.380061611
-0.37475596228693925 -29.395828809954203;1728.5749180987
-0.4347734197663571 -29.03227760848848;1685.8510584601
-0.7126091616307615 -28.654334869867355;1642.4782072252
-0.22986592978032622 -28.27202503784653;1599.1052928687
0.26335815403572366 -27.903346303037583;1557.4022738973
-0.13480764363362624 -27.5412697157167;1516.729333978
0.36255217976274573 -27.163390778805944;1476.2496397578
0.37072576358299947 -26.782608284611218;1435.2920329125
0.4173170684528306 -26.416926922348768;1395.9522449909
0.6630647360798108 -26.055916178604686;1357.7476888819
0.3935548321362724 -25.677564884061326;1319.2543187186
0.5656678845991262 -25.299081939870888;1280.461439362
0.8522026490130856 -24.9373225894283;1244.3218881602
0.07586700102802812 -24.576440698315444;1207.6216564146
-0.27820223721027776 -24.197346799641153;1171.5818989821
0.07488925497968402 -23.822407138542847;1134.9633191602
-0.28824621844479337 -23.465323705876504;1101.3454042216
0.040102775945368485 -23.10288493412932;1067.1325509940
-0.1846235318745752 -22.723460559966675;1033.06050757
0.3846699760600682 -22.353909481330856;999.8814172764
0.49134588313405586 -22.00147632994209;968.1158321726
0.8550126526186181 -21.635243082229294;936.9953460109
0.1535032653621653 -21.257097219761594;903.9936915846
-0.3170779197408899 -20.89529700355221;873.5532534356
-0.1442645258712799 -20.54551775733803;843.9591104114
0.3315305257552409 -20.173987931722817;814.551133015
0.21206954976121745 -19.800332420771305;784.5016283382
-0.270996922422414 -19.448369007889397;756.5781467787
0.07681287179501756 -19.095972444294453;728.9935817631
-0.26550790232587934 -18.720747190675947;701.5053038306
0.11284212455081027 -18.356446369596803;673.849931019
-0.3363848824964961 -18.013466456176022;649.1069778721
-0.22967083263318375 -17.651583224508517;623.4691891383
0.25379444371094906 -17.278770263580142;597.6576953851
-0.16279442622322637 -16.92912114498816;573.0297562330
0.3458870723567018 -16.586278042196984;550.4958459530
0.28338069531607935 -16.215081634721837;526.458885927
-0.04943716813297183 -15.854334829162854;502.52618676306
0.2096139687497664 -15.519217700815055;481.5824412691
-0.32130512913318204 -15.161450535958787;460.26429230381
-0.13990589128648845 -14.793465976321587;437.87724006931
0.38859934391816997 -14.454254411331126;418.02717084643
0.507917657472534 -14.11513256698708;398.6749187487
0.8565169813820305 -13.746370314720677;379.00375366039
0.1647147862213184 -13.399473497136732;359.0286314580
-0.3062986012325455 -13.073783782002163;342.0637553904
-0.09572466785935851 -12.710743011504075;323.19578427816
0.2894220187051612 -12.357790897155855;305.8485109120
0.003302634930665904 -12.038503843107625;289.3034473095
-0.014115836998920814 -11.685827526963333;273.0137655572
0.06489477863321853 -11.330028086264576;256.6476163946
-0.2871770060181987 -11.013932471699713;242.69222746644
0.07351836582463467 -10.672324103978449;227.72845944608
-0.32571433520472537 -10.316808939176223;213.4653943446
-0.13890012352126202 -10.004873813712337;199.85720325921
0.44651684195763974 -9.67119616053896;187.56191283956
0.7648070143416004 -9.31885404191907;174.26801588636
0.12148007390037352 -9.01488615526618;162.15205203138
-0.34221357586085244 -8.68320756532363;151.39927475450
-0.2620978228835683 -8.337890079580319;139.47029951240
0.1441888749775173 -8.046830592776793;129.22777720542
-0.36704483816465017 -7.709302318380406;119.53056493293
-0.39398884490312197 -7.378179661047749;109.271412944
-0.5390714232113568 -7.101492547203437;100.96348353101
-0.8550499510349463 -6.755561658955081;92.34662799051
-0.14548347849092713 -6.452798017314933;83.00670265066
0.3231791926411922 -6.171080096465253;76.72075754107
0.17252468604202484 -5.8357834480213295;68.29152529741
-0.3232299035716436 -5.577375493334364;62.45960779785
-0.16909164549871544 -5.246317749500181;55.36284800421
0.33444504695765165 -4.956786201594221;49.31157631759
0.22471553753702816 -4.697552258713029;44.56191080409
-0.2495513713431065 -4.385373125236403;38.70010854588
0.1634653224157645 -4.163128542904655;34.81003311403
-0.3307383116228996 -3.8404830938630954;30.025596881932
-0.20694966953400112 -3.6292728735697515;26.51227954068
0.2835414690593198 -3.3064807856078637;22.425980146389
-0.02491279215169706 -3.0981240204878926;18.812819240060
0.10247400845956825 -2.7879879631215108;15.634323349313
-0.344047851904005 -2.5872968589380725;13.67729690417
-0.26673633593535895 -2.2920703871242303;11.062916156335
0.149932959849907 -2.1185256379707416;8.928908640460
-0.391414113417829 -1.8256767960664457;7.238208342351
-0.5212387658142065 -1.7084690742644881;6.292497601054
-0.8564349608705877 -1.468802793674537;4.854290298460
-0.16342421487468362 -1.332651757265188;3.711534223232
0.3077461264089233 -1.25769057927427;3.8282912334644
0.1024927042855493 -1.0935154953585307;2.1235582971547
-0.3001633984136518 -0.8147155669114583;1.8954818742091
-0.05332231928508138 -0.7867260697148378;1.228518369903
0.20561143462482392 -0.7184904886379688;1.440726558113
-0.3021979508467111 -0.5236161548448401;0.6590872209921
-0.05235491526440009 -0.36918958823904086;0.03155566377904
0.2134721779580229 -0.47790361489708744;0.3611680087203
-0.3024113605035287 -0.42304073621036536;0.5777761950944
-0.04438283896494355 -0.4989654333481324;-0.05420793253
0.19336115023488598 -0.3667653798583955;0.41002788458270
-0.35718832453974714 -0.5151743948525278;0.6759177654429
-0.34086467036389867 -0.303538825296546;0.8186892503279
-0.24089207953611966 -0.38575962152100757;0.5110704600290
0.27401118770294697 -0.560988576357721;0.7571042510785
-0.12470382285183523 -0.14236730441636064;0.0011340513045051
0.3960880014896505 0.22139957224929135;0.7660712627840
0.5498976090437987 0.016185781452784237;-0.10725591663715
0.839845713631681 -0.06536619277018911;0.5415561613847
0.12536450023759305 0.2428191966493392;0.29864718092385
-0.3199333642131186 0.0924822503887554;0.3058153051010
-0.15379310782626032 -0.3250131187947662;0.3631520092284
0.34001611017280026 -0.5164676393403349;0.6744676842586
0.25397390880880516 -0.1642449312035847;0.47093882127918
-0.16083805322351286 0.296602807882506;0.4186858169208
0.34593597030535284 0.3974636375585543;0.6555180329202
0.2837468148004607 0.6476735017417653;1.2660084312537
-0.04727385907457704 -0.03086820486959363;-0.5257695672184
0.20154059268940158 0.14595362915444757;0.25293954210670
-0.33776561368253066 -0.322427195502727;0.793558806054
-0.23194007736253597 -0.5094831860333164;0.46806173743972
0.2666461620463691 -0.1907122325010948;0.5923320303310
-0.12884838160721723 0.21718066297412225;0.26278081753750
0.3686220639227489 -0.08872697846745897;0.31193159569606
0.403404084668831 0.36979574815555716;0.6914550343040
0.5880482389072574 0.6472814259080251;1.0397798790841
0.7442925708946981 -0.02233071038636647;0.06269039305371
0.12189496167757563 0.10607725525381895;-0.1514581419309
-0.3729417265838929 -0.34712447239023364;0.7555037446754
-0.4269943107584854 -0.5858654991300472;0.9270989375559
-0.6925233652918039 0.01216945135756764;-0.0879834982520
-0.2817483043380433 -0.0577812619688242;0.1419217501499
0.09688150087506342 0.2582736502490607;0.23789280927009
-0.37428121040147194 0.16941693413750217;0.623721148749
-0.4403976517501995 -0.3018607646444801;0.7586023425406
-0.7675900670880391 -0.4303062894900323;0.6059970374215
-0.09102187368809456 -0.5771229486067212;0.31973081364320
0.3168406714009227 0.07442238500012577;0.24162870510250
0.11625759503715674 -0.31865260051530125;0.2614740091009
-0.3747441537053944 -0.5061008011993043;0.650971553785
-0.43778642652770594 -0.18836501495208519;0.628747138142
-0.7360246387180363 0.24961595915515494;0.7081905001849
-0.1588411655981553 0.10113828445127931;-0.05912452133916
0.3693945166845495 -0.4162827897057411;0.6270459373471
0.40688386722484965 -0.619957914001745;1.1472830116618
0.6009623156441937 0.07705461492429166;-0.02994086961252
0.6935680900959938 -0.30014881222747203;0.5970227407859
0.2574812863403904 -0.4108542056161493;0.5085180074027
-0.21655398930041997 -0.6171996714755761;0.9172775298005
0.3277224733880663 0.04880227586416508;0.18276987309448
0.16870683162234174 -0.21181877606035082;0.372348967120
-0.3978197438645617 0.08950144766218832;0.2997554940277
-0.5551298718409658 -0.3360195591846165;0.5167673860538
-0.8262439101938672 -0.5608002435681855;1.0894694332335
-0.11875547577169099 -0.012788338609835526;-0.3928711062823
0.3143351696916013 0.06494320301681071;0.21062682907782
0.12610596961969095 -0.29958193026527064;0.31087782697927
-0.33762578857156045 -0.4184849338893274;0.6185014231037
-0.23954232534086084 -0.6166933421097448;0.9790556020799
0.21374864526252674 0.08451553459012118;0.05238724886034
-0.2712046207394796 -0.31655163780068585;0.7116415660980
0.07879752755701219 -0.4859105465602329;-0.01819947578336
-0.2725381041703534 -0.30762517638761955;0.7253695766486
0.08650802680938674 -0.4668602705360126;-0.01835925773729
-0.30127855410940485 -0.39741335769038866;0.6152321289688
-0.03760412851570477 -0.6905736800269819;0.8793304092544
0.1674554361803121 -0.00804015550060122;-0.24817128510671
-0.3918003650339864 0.0472629807259588;0.18151913964596
-0.5244376867517816 -0.27334128292649795;0.6240205157686
-0.8583031426079217 -0.2607620196744959;1.2200718871486
-0.1620520710719624 -0.16113692274734448;0.18797328416106
0.3109820301180183 0.4288893860142894;0.5825197855411
0.11663809214657495 0.5991762064060007;0.5060827726979
-0.31776640168944575 -0.12812790882660618;0.4415889829509
-0.1403477826804865 0.36001940964196333;0.2576710045908
0.34733123045777203 0.6171500159077756;1.1522042873607
0.2909927390810761 -0.026019614466102126;0.09729452367838
-0.014346861202508276 0.11684003326855869;-0.29841389005438
0.06613413291016577 -0.33248390834677194;0.12445808260119
-0.2918233594410709 -0.537219926808622;0.6897768029176
0.05005996143027497 -0.09572067081133379;-0.3471070611907
-0.24650391460354903 0.33221349896446667;0.6299226038733
0.26758435849637496 0.5426751245953357;0.664121588138
-0.1635501041973801 0.06783242878319345;-0.15714781273723
0.40206618498220864 -0.2882723484713981;0.815320911337
0.575610836832626 -0.350814200639295;0.4651202250388
0.7778096320025577 -0.6216639114462911;1.2162629981599
0.10584550592286424 0.05569189527660956;-0.35948087033764
-0.32267726932649765 -0.23713335128279062;0.7914213720454
-0.15744869505309525 -0.04665505394906255;-0.23012750398254
0.36303821892442156 0.23318277033369655;0.8026356359420
0.37322566316972294 0.0011783620997029287;0.13837574019185
0.4306711197097848 -0.0077728392367924296;0.08930217255404
0.7142999013229112 0.05321766926997785;0.025928609074141
0.20216370732115452 -0.34104466955073737;0.4878789324328
-0.3428569936356155 -0.6540480049920127;1.3718539547579
-0.25959083425426666 0.09236197562403081;0.20321674777038
0.17984284756792634 -0.35274808728387935;0.3956438464916
-0.3678893998523822 -0.6093398480348733;1.1074158187950
-0.3994272550850822 0.03653989355181575;0.15486856644050
-0.5706908256454964 -0.163225135988886;0.3229467107476
-0.801721234086568 0.27120537687334745;0.9719144948692
-0.08728328911334038 0.2516444048375154;0.21011866223721
0.28933940267260405 0.12584140256830642;0.39292916287393
-0.009909949207274393 -0.3853131647214313;-0.03784800442513
0.04348142530743604 -0.6456397944830229;0.6322436372587
-0.1993404068803696 0.016465787567173873;-0.14281892709239
0.3622721128357993 -0.07829192189003478;0.2773401599816
0.36982623954606136 0.3118529510169842;0.8132994495878
0.41589609207259026 0.4697977202821826;0.5679818226166
0.6759553323120748 0.38882857691247796;0.4120272972589
0.3097815732550528 0.6686327360972085;1.4286914181734
0.014328837123063598 -0.008533779270066932;-0.5753090959149
-0.09143382989215071 0.044357173581214535;-0.4206553267761
0.4580094132712182 -0.23229923656094142;0.7064508600357
0.8578791158789092 0.012042806177671644;0.5282310000165
0.09488488029649322 -0.07800552146147585;-0.3225628836982
-0.3129271658067916 0.4027441547644228;0.6211434843272
-0.10150406956913219 0.6673975209653755;0.8704855862489
0.3437984929602421 -0.03517377207833594;0.16612310394939
0.2654343692902979 0.180150549485768;0.5548911912600
-0.15650523443270292 -0.260222535973725;0.4089314434594
0.3899614204974454 -0.17774959448280442;0.6458449228889
0.5143274397680723 0.29120745373059537;0.6370403533099
0.8567576758108195 0.3755487662259461;1.079870675508
0.16527510342710228 0.6805150683773864;1.1294543154443
-0.3058015611133713 0.008984079018159563;0.10541553276392
-0.09349231959065227 -0.049507927193287504;-0.40477584760412
0.28567719634983335 0.2633445975698873;0.7666296359925
-0.013673101723068903 0.1932411451684716;-0.010894724110258
0.0566264171730789 -0.25931718349047694;0.15749984004050
-0.23553370346407934 -0.15923419433017852;0.4042923154250
0.25369982838954364 0.3977401340079314;0.5212281335840
-0.17733976604406748 0.6692791926605013;1.105329253651
0.34624085054957193 -0.021419685890678997;0.14866532584283
0.2837976464424061 0.11252124650493395;0.330030755751
-0.054592013252090676 -0.37926618152307;0.014503167658857
0.23320282584224866 -0.6420565124149527;1.1144499017201
-0.26789291002066223 0.01567828360746748;0.042401754918234
0.12805929570697622 -0.07372349466037646;-0.2476896451373
-0.3727446865441017 0.2991910476729955;0.825696586535
-0.425191892166183 0.40870760853370597;0.5942054311323
-0.682202626065338 0.6253996118625395;0.9522660451267
-0.3252118948963988 -0.05101253111611814;0.18567655296483
-0.1386857517734048 0.22057746772892134;0.299420755091
0.44023997841201545 -0.045437681683414;0.12253207267395
0.74238158541355 0.2243628618658136;0.6905985042673
0.15084256475158042 -0.04856807379865785;-0.24655411968682
-0.36472503277742074 0.2621450911852322;0.8341753265828
-0.3816847898306341 0.1841216480883453;0.6722792090002
-0.4756669199207959 -0.3012024073745337;0.6999156763859
-0.8348567218657514 -0.44328888435987535;0.8824465584399
-0.12960851123195938 -0.5333322740315363;0.22722860028587
0.3174101690893947 0.020379773986133443;0.127340085686
0.1438741342764049 -0.14231552774508305;0.057703804979434
-0.336910162958738 0.44979131239021497;0.59187008230
-0.23803560738843557 0.49386707937346747;0.452216554524
0.20997556601906817 0.207774852678283;0.4910100966836
-0.2717298246158527 -0.22340793372875328;0.6890111038915
0.07117870152886618 0.12292406182179688;-0.2070057600000
-0.24994231293862135 -0.47460101597583554;0.45912141483437
0.16898426847643006 -0.3472664873115848;0.3719153208852
-0.33300187788310004 -0.6657221092538037;1.4343726066248
-0.21716605333291086 0.06142065704818844;-0.008497214436343
0.2665637872532599 -0.2886483875253318;0.7278475169658
-0.09927451385677777 -0.35698301053612025;0.1495922884777
0.31100894480681596 -0.6498944549479504;1.3210077433813
0.0974016092765477 0.044613002903044596;-0.40589670781495
-0.3281974812705063 -0.20774481954208868;0.7351231532805
-0.1792599124482313 0.1230941871775898;0.09125637733
0.36637696528683455 -0.36237910940192397;0.7266600552193
0.3916250719601017 -0.6202474687596999;1.1619252802459
0.5316557306234921 0.023917340448327384;-0.07182897003992
0.8706959265466078 -0.10814711214519818;0.8261174972045
0.16019216649964851 0.3320732814126613;0.37173389714647
-0.3257294767542777 0.5369289527833652;0.7315274604911
-0.1833800603306485 0.09479444056223357;-0.005085972793840
0.3155901693629549 -0.3328272471422977;0.7584995202651
0.12975867143373576 -0.545194053780252;0.2730020546885
-0.3446944661810781 -0.059699095276689096;0.21938956127365
-0.2761857894851746 0.2643960571542371;0.7490476767673
0.08344425811631967 0.20799770480555388;0.12347337730721
-0.3076365468975904 -0.1462323008314592;0.5024771744926
-0.06138002464289624 0.3639993714439018;0.05615580958944
0.26537244588310027 0.6366090884865565;1.1622038154514
-0.16375970117393063 -0.030381271896589568;-0.23939551706898
0.39239867103417686 0.13929605220838298;0.497519776412
0.5273633517048166 -0.3230018354561929;0.5804745428489
0.8558254804482255 -0.5075847188708881;1.0321124289362
0.1592534577912198 -0.20570663722102295;0.32678354005356
-0.31206086619250084 0.1444638417304822;0.5009167761855
-0.12148051545672839 -0.35084441200954014;0.22070152569471
0.3212162122134195 -0.6060996426274523;1.0700602351478
0.15871745197253762 0.03813783487304612;-0.24280958058347
-0.34258846670939436 -0.1704004841197905;0.6255183047092
-0.2663436601166211 0.25274131388937937;0.7206963308923
0.11805199372972303 0.14132800127303358;-0.02176299111782
-0.34968373834671496 -0.34100145579827235;0.7673082741226
-0.30084155182907135 -0.5749338196502857;0.8728784887162
-0.02199098204955402 0.009153242735937428;-0.5710781515
0.10705149798949029 -0.04544622079285784;-0.37980436534928
-0.4012342736364617 0.22374547768959505;0.7666492204121
-0.5856976348943403 -0.051512056021813274;-0.09181408269178
-0.7607214243598673 0.273136032336298;0.8065018448502
-0.08496646292688725 0.2606938312855434;0.21177550810251
0.31548279253809647 0.16715885909398265;0.5926751054893
0.10186555864805716 -0.3881683720051038;0.0935619316677
-0.36911068345688247 -0.6871876858166706;1.5610139183175
-0.40890247147151676 -0.01635137032953493;0.12069955240597
-0.630577959477119 0.09157750854820151;0.01741507975524
-0.5566366154195759 -0.384430533847591;0.4196741998487
-0.8755102091420244 -0.6570173129075434;1.8556387766320
-0.11362308539609878 0.01348484510435044;-0.4065232427335
0.34602151876641724 -0.06700055122776297;0.24008469211651
0.2809153613162961 0.2968469730038752;0.7521449991173
-0.07585704044229197 0.40138758710920025;0.010282922013871
0.3037310051313351 0.6484323910184703;1.302843938563
0.029049097016439984 -0.03957315770049996;-0.5309365799708
-0.1459953586095405 0.18503991992775984;0.22349203088594
0.43600441130588596 -0.21876555398682165;0.7146942025009
0.7245409498530939 0.06508637544842658;0.08551270963637
0.1895020786543089 -0.3016064512568173;0.5050686748379
-0.3444992473215611 -0.42981602840966954;0.6085242275255
-0.2720005521726282 -0.5799326643329409;0.8476558635060
0.11560997959854846 0.07990741251319511;-0.26302282986008
-0.3701657535760141 -0.3291004939353485;0.788436238030
-0.4126437960766301 -0.5447288535091422;0.7468328658899
-0.6366653772697415 -0.03894100308790294;-0.12685066935989
-0.5298895134765547 0.19957891941894068;0.5026998137434
-0.9008370301044585 -0.18347205975390085;1.2447951037769
-0.1889200625127886 0.25382120629516963;0.5066781700675
0.32644768629097654 0.13465751516284102;0.47609931342248
0.17916201671519333 -0.3944839370731524;0.31070939146528
-0.34280799854980176 -0.6483410839470988;1.3379693678659
-0.26511845354745533 0.025367043846320936;0.04578720291399
0.13324605730395056 -0.12131929716631915;-0.058694744945022
-0.3678172911852897 0.3482582173070735;0.7544842208237
-0.39840946685004713 0.5876553929165843;0.9680989714548
-0.5624462781318273 -0.012035852580497997;-0.12671272261650
-0.8179668763158753 0.05620589648758503;0.41907768468172
-0.10208300828645 -0.2521267209061261;0.24591957845784
0.30429756684738335 -0.13061028468022817;0.43527582447455
0.07048294331023247 0.374624974743625;0.050768008957896
-0.2601372208825923 0.6403188969278133;1.1726575768195
0.14590856369445332 -0.017740825783408742;-0.30947027267068
-0.36059092140414234 0.08247231620002791;0.29116868302799
-0.35987683857591374 -0.31569167317733976;0.8093870315432
-0.35578161783459267 -0.48369887577400716;0.6136746345318
-0.3305191486207787 -0.31778351941076377;0.7955279710077
-0.16269458497217554 -0.5177292853760771;0.2782490103760
0.45719476315278346 -0.10598985527226074;0.28301289397474
0.7973667192251833 0.41415522082822603;0.7468072153525
0.10771976663143867 0.6221560309482892;0.6175290718108
-0.31224574604251304 -0.07001508067555196;0.22295829224302
-0.10988339542463796 0.2817678679565536;0.27584799666997
0.33388384940196125 0.3127594515987985;0.8044546641991
0.2160431094576926 0.48358333748084004;0.37494134896817
-0.2893109623188401 0.30518457089570605;0.7598521053246
0.0154942366529357 0.46737701477693727;-0.11648348728707
-0.06974529801578258 0.38726113323513567;0.02434824111060
0.2943023149615718 0.7248539159420256;1.683506652318
-0.028558917530388528 0.11501385934850317;-0.2969712036827
0.14556618389107367 -0.43729539533865625;0.1468961101771
-0.4419311129367166 -0.5501155859636297;0.7303835170640
-0.7464674038401249 0.028102480542248065;0.07699621733389
-0.1466698193226148 -0.16439463945720456;0.15237819274274
0.360915441379419 0.3466214134759552;0.7582226074972
0.36201407369756994 0.6191960734189825;1.1665647229439
0.36829931276230815 -0.067862559757503;0.24450329934888
0.4064200362735957 0.275298910639059;0.8143230102938
0.6284112857185309 0.2753715264996757;0.5317376202613
0.5646793625403337 0.2758336839269986;0.564646916136
0.8663594667065189 0.2789844619779696;1.259753605370
0.08260975889528643 0.3018624632755271;0.1981037127024
-0.30147232856977285 0.4654271444044852;0.5567184292162
-0.03185542521912832 0.39227036006823474;-0.03810498836746
0.14813553759218284 0.7547448865335753;1.388596669263
-0.41275537098815424 0.24198815447974975;0.7858716196680
-0.6252973826345593 -0.01184651425380151;-0.163110148997
-0.5885764274936333 0.1059146994021176;0.07999542498365
-0.7515830356028559 -0.5555409502124432;0.7586594975781
-0.09061934949352024 0.09279216949910507;-0.28190116485273
0.3367727507198551 -0.40317173876244655;0.6412861354111
0.2208235013727984 -0.6482757633638532;1.1165830293942
-0.31627338309537845 0.04390675246588982;0.16156437262135
-0.10293436678422263 -0.2036934411229385;0.15793745397168
0.3757091885158725 0.14098886036548855;0.5131838235882
0.44713758561571215 -0.34098258130307424;0.6919090887752
0.7813274044553972 -0.574625157824467;0.9639896228679
0.09463001112882807 0.008321185696759437;-0.4577653498260
-0.3093686778468323 -0.04136449139989788;0.14849450101842
-0.08476127268665376 0.2071417474623689;0.12410550497318
0.3097289359519292 -0.14245494644070422;0.49005111315598
0.07354838198885791 0.360876300588698;0.08454177694604
-0.3022662217643203 0.6273707356621168;1.1741251287062
-0.016919809138809083 -0.03258714172104771;-0.550632937947
0.0875679469408572 0.14663585813937471;-0.07763367708582
-0.3841803341919344 -0.30725499608654616;0.8132122105739
-0.5049173330437888 -0.4411755233625797;0.42339449147416
-0.91358589931272 -0.5222134960273991;1.3167754457130
-0.21740460620315116 -0.11566717697982021;0.17931236605527
0.28301368920666425 0.38362829276376753;0.6110286027195
-0.04201805847381196 0.6440505868213062;0.6209783540026
0.17621571575877898 -0.01597548389039949;-0.2158513505548
-0.366597910760394 0.0750248084117647;0.2665191974924
-0.3922230736945606 -0.30405833159915774;0.8115489724373
-0.5334698937465895 -0.43297046525529703;0.3800389445545
-0.8675135815782695 -0.5584027650167985;1.26326962421
-0.15671695075305048 0.0184702261401275;-0.2753401457613
0.32571503842640476 -0.10173937196703986;0.3453351479171
0.18406747124572947 0.38743788548851066;0.3394906618460
-0.31374612945623565 0.6495868074370883;1.3224062240193
-0.12056611608625814 -0.017546459583829388;-0.38435270141864
0.33814942667565884 0.08402978358921687;0.2902855966023
0.24137829356115262 -0.32655822366942144;0.6258706946971
-0.21308625941970274 -0.5297687379715044;0.4731810638220
0.2778882149951719 -0.09827596467001654;0.2642285322080
-0.054263858819762145 0.35954132896029095;0.053921257894625
0.21029599557770257 0.6205468396157557;0.9186325033863
-0.29477736094396473 -0.030448005219109286;0.10940493219985
-0.014976999594633611 0.1364685087534398;-0.21933126877701
0.06604108745976048 -0.3198598675035307;0.14409991178388
-0.2802926489462232 -0.49302674872342966;0.5490786842265
0.09631496013189517 -0.27859127379552323;0.24196713154333
-0.36522201329247655 -0.29555448006347895;0.8300054188435
-0.3870578325023797 -0.4050514680000646;0.6370613199649
-0.5201529572814586 -0.668126703955261;1.2511317199962
-0.9098735513832975 0.041071279108563674;0.7858410379079
-0.2093648899517272 -0.2090353253683403;0.4924320644648
0.29725443468100166 0.13660090842044326;0.4491769925338
0.027080812260962206 -0.37359930661381835;-0.005467070695056
-0.1185176166872143 -0.6425046094535176;0.7692530716020
0.38025629991123633 0.018751501653663794;0.14417452126155
0.4679084168457811 -0.08828018404055536;0.19921943758415
0.8182523118960359 0.32619962337816094;1.0009985388719
0.11935070313911511 0.5248099877971105;0.16920146461
-0.3136115092177518 0.12343992818361271;0.41817066082842
-0.12285859802423674 -0.3611267776689219;0.20411147993676
0.3340508493080543 -0.6179416109372674;1.1504837985734
0.22124077985750712 0.024346562747887268;-0.06927390091404
-0.2629058868568592 -0.10996241261177872;0.2770101328253
0.11863398925322671 0.33226896253609606;0.2468922407684
-0.33654704704355476 0.5372654011458244;0.7405790474404
-0.2323184295129329 0.09424887187092312;0.14021600380587
0.24019850492726835 -0.33161221205032976;0.6144993791093
-0.20355401886734598 -0.5410599395022607;0.48558673057228
0.2855920753658047 -0.07194793920179893;0.18891171447711
-0.012988335938115492 0.29991985799640014;0.10900783622981
0.053569624389136 0.41410214344891044;-0.048852707071746
-0.2243721274920792 0.6167906619716641;0.9376034256933
0.2848279278872247 -0.06290905469514907;0.16126637161323
-0.046755731837001935 0.2602357588940096;0.14397752977804
0.20305955047735788 0.18538415935552893;0.4035167512834
-0.34053490599165837 -0.2311260283870077;0.794273170713
-0.24645699215956807 0.0034859226669776144;-0.014034474073692
0.22647177207891633 -0.021303828707868257;-0.0575463683931
-0.2721133195206166 0.13705052869893866;0.40528361710129
0.0988496404023767 -0.43128808614514547;0.02088620284488
-0.33321591820894525 -0.5757575511725078;0.9116101747793
-0.20651949544342507 0.07932689917743452;0.01326039427876
0.3266735150991701 -0.3333921013880574;0.7682462905774
0.17055204619896738 -0.5623651335758142;0.4742551203424
-0.3766953609234389 0.007877912094114148;0.13868860462170
-0.44588414713859237 -0.04207340957247313;0.10704564891065
-0.7521666505034317 0.22454707504722504;0.7246401651361
-0.14809381815718203 -0.062483395060990043;-0.22053680660282
0.35032580954152115 0.33094514761939764;0.785151657247
0.3066367024155132 0.5839611649658658;0.9285186740424
0.062431912602897904 -0.08676891026215194;-0.3599963240536
-0.26192318072231047 0.33890599022682544;0.655590039909
0.16937581760400616 0.5738389526414863;0.5270622993087
-0.3784204262953648 -0.016010900199761036;0.1426825199903
-0.45491385252076455 0.07949916675287955;0.19174669519997
-0.7773436448980697 -0.328554601141026;0.8233981876365
-0.12793483452979737 -0.5430156599403808;0.25892452821441
0.32958231418162365 -0.04347872288526111;0.17298126129248
0.20047250464914235 0.22015965196175186;0.491648218334
-0.2983392637667979 -0.07704051579984422;0.22598995325629
-0.04091646523563197 0.3558149216839414;0.04376630141504
0.16623374513366673 0.6372316820710922;0.8814069651969
-0.3651321785433076 -0.04839363378661221;0.19483256383328
-0.3840157058355386 0.21479290966072617;0.7592010402835
-0.48892238381066744 -0.07938677701518987;0.13106515322446
-0.8567024784066564 0.32688510075320976;1.172356740134
-0.15126470562108885 0.5367053733670891;0.30485237631596
0.32030709894872444 0.06373309108552128;0.2135641382011
0.1593268644933663 -0.29671218406440397;0.4138543157173
-0.33006112273412935 -0.40319703649756766;0.6367828557289
-0.2041691952474185 -0.6524781815953429;1.0917568225934
0.28676655878721724 0.04352971061360322;0.11844965958699
-0.009251034457217533 -0.20515905013703045;0.022116830150285
0.03846425205807708 0.13780700488427178;-0.19617286745277
-0.17004476509561534 -0.35016986155238866;0.369658962562
0.3867092612577339 -0.5991845391722097;1.041173237247
0.4989741663120603 0.029100925908915;-0.007915948205551
0.8534417703920691 -0.13293918416268413;0.848112408408
0.15981741078061384 0.3276644579339037;0.37782164334091
-0.30952035842490944 0.5232316297928269;0.6676690602112
-0.110446854111628 0.14126296037711894;-0.042689516749136
0.309568424116871 -0.3332881991517561;0.7506385838345
0.10020175579295659 -0.5486197675963336;0.20678883736210
-0.31564672850156356 -0.04698246422729291;0.16728804761032
-0.11948758077943597 0.22105922447135556;0.24465471172196
0.3581339151824484 -0.057894928212185615;0.21769606788270
0.3469353765952994 0.28600450076205114;0.8333260851014
0.280087812702131 0.3435284253725521;0.6853554948120
-0.10930498107937675 0.6277559380693669;0.6553970776448
0.3969485808877821 -0.08481676507644265;0.2841755574165
0.5619497112358474 0.3187194606538421;0.5355036703565
0.8283076323175169 0.4958602405015915;0.8840225592783
0.09555495838729389 0.25501257416359996;0.23229262113982
-0.29927880804427487 0.14005475022538105;0.4661347032253
-0.04191465752490908 -0.3962772670094161;-0.0350435811824
0.17276522041568726 -0.650709306387115;0.9828216788824
-0.364561031890332 0.028112708191902813;0.15887725281745
-0.3811340095669538 -0.1352647658406446;0.48794105788775
-0.47450080128592403 0.34040785823174624;0.6462294511303
-0.8388274400844382 0.5693060511840251;1.1870242316487
-0.1269839609076424 0.0056597978571919505;-0.3727058602524
0.3192968421915366 -0.028237740696028656;0.13836790071384
0.151701121341978 0.1477056787344793;0.10328545481841
-0.33914092420960457 -0.34951867077197685;0.747027761396
-0.24923278148953365 -0.6056189954875264;0.93873679778
0.17629855805506223 0.041968489847563295;-0.180154342553
-0.33027529984920245 -0.18624270362046555;0.673167017460
-0.20209548170103184 0.20100482576080272;0.44855476664100
0.3001403132358096 -0.1423707341179434;0.47669850825853
0.047407004906506234 0.32633692218523236;0.1054398972438
-0.1921697631055753 0.5231960169435488;0.3876246389692
0.33714315215726187 0.13340989503197836;0.478604401519
0.23263315158119505 -0.35099706186109175;0.5584276952668
-0.2511742505733633 -0.5987394726138221;0.9038011672365
0.17745841549841157 0.025433810726973594;-0.202574570663
-0.3368420557971694 -0.11660440116522258;0.41100587818425
-0.2347229112971977 0.33700096259943413;0.5904124367930
0.23039652642586445 0.553122463631804;0.6146283300824
-0.23037544411886002 0.0483366675438931;-0.0026674331515175
0.2196405147508469 -0.2174947552954813;0.5434484368443
-0.23772581285737415 0.06827824787439485;0.06896211792633
0.18052841193417374 -0.3058566138384516;0.47257881673891
-0.2929811951149384 -0.44943346713911536;0.5430364109295
-0.03531493697414456 -0.4930236411003571;-0.07506886105670
0.13235742922038293 -0.23279397346375602;0.30405963241581
-0.34564320803517423 0.043886230153791506;0.18281602929177
-0.2813485725990794 -0.2958185076758016;0.753738011383
0.06034970581256366 -0.42824398971083544;-0.05601418165927
-0.24725590652347074 -0.6306991747668758;1.083309714273
0.21448855395385974 0.16452743661594882;0.3642570744529
-0.2941157393998561 -0.3112160411310527;0.7611131346778
-0.00666833011732032 -0.474747025429128;-0.11461319988463
0.03007075017374205 -0.3573139282697956;0.02993738629112
-0.14684866539642089 -0.6627634539874735;0.9723090763821
0.42687692396639404 0.036440508670863014;0.12449638945415
0.6878388708150667 -0.182341675384612;0.4303212097590
0.3044581765098864 0.24556135223647907;0.7818192972736
0.02171086044142634 0.08538745076141416;-0.4123828685157
-0.11621734441807915 -0.3697845424188113;0.16799769087124
0.44100161206797295 -0.6512470566744026;1.2917647408138
0.7596857675944041 0.021474225688617343;0.11626699323334
0.10992272385366197 -0.10404815511730106;-0.19203744430649
-0.34458136226626673 0.35013362477088894;0.7483167585918
-0.2719067203170713 0.5950824978314245;0.9304889027036
0.11851946351263942 -0.021360264826943975;-0.3865229989921
-0.3752120563742163 0.09827256711743995;0.3447483886876
-0.43992080602936917 -0.33290339154941495;0.7174247653206
-0.7414385320737031 -0.5433922593198572;0.6723466912743
-0.15211414272203072 -0.06847210885992044;-0.19108969447099
0.3655347969424031 0.2875517317001874;0.8346764670968
0.38639251313872236 0.3468337941215095;0.7501998814075
0.5007373661708645 0.6110203758849555;0.9464090051258
0.8640037948604886 -0.05877494594706767;0.6318899862809
0.16434514257064692 0.24718762507310638;0.42247449553648
-0.313701342240092 0.106505580456833;0.35148485368574
-0.1276535835691919 -0.36404247206742;0.21194440146940
0.32825287874304887 -0.6246888274852264;1.1867834915672
0.1939782671490842 0.02437581539243816;-0.15177857862400
-0.30810847906417094 -0.11057144514195569;0.3604544603683
-0.08894934970250284 0.33363107663270797;0.16901101175930
0.30203152414380163 0.5420209072512853;0.7239744129566
0.04482343531543265 0.0790348385276955;-0.41201162710577
-0.19373972752705076 -0.3069316822839994;0.513016706192
0.3535187838667854 -0.4443081394057253;0.6001985997793
0.32093124372588694 -0.5121339277330847;0.6487608269659
0.12384624768155661 -0.14973957647091996;0.02802257331539
-0.4118143661129291 0.36956814430988105;0.683457956455
-0.6278792025593462 0.6489994883030281;1.0396261184963
-0.5750119744698601 -0.022277088751376684;-0.1323288486028
-0.8050058178898382 0.10646476876147459;0.5269281502274
-0.06156653807263657 -0.3490652935749589;0.08623266135626
0.23650330851070162 -0.5910895830331334;0.8224763244943
-0.23051488330290398 0.016884084407594258;-0.05018691151999
0.2353152914395823 -0.07896505038874302;0.095589011575
-0.2097231553641925 0.30873538637402065;0.5601757694534
0.26468822230673206 0.45385903476069184;0.48717450273349
-0.09281057081847083 0.46919831008682433;-0.0027416502421812
0.2875846885569435 0.3861573699198171;0.6143534525847
-0.007678950900221637 0.689595421568916;0.8550620787641
0.032218293408847284 0.022293433409695917;-0.5533275101762
-0.14600546233430584 -0.12525790090202987;-0.004445565148916
0.4035746468789088 0.39584291510878283;0.6403815306530
0.582391041276348 0.6439408999379529;1.0242769699939
0.7573489700662092 -0.0277012395507239;0.11496388180679
0.12000962629407996 0.12981244478202109;-0.06268163686520
-0.3515933252810224 -0.33892496334403865;0.7715563314252
-0.31128819922729184 -0.5618121518412462;0.822020247479
-0.07746871764593416 -0.024320664650633428;-0.48336758217819
0.31853255528425983 0.1173751181827854;0.39931501490665
0.1060768307715394 -0.3534149638091604;0.17392378300194
-0.3995198866852093 -0.6004605571753319;1.039240301552
-0.5773647492889954 0.020609693509720417;-0.1363320647518
-0.7894470623903745 -0.09435979881690527;0.4152907199523
-0.07242795335759344 0.32597898667938113;0.14677383669672
0.26756917203910696 0.5195361993792165;0.5840206632155
-0.1188751672512563 0.1521275082253274;0.023425028331378
0.35656060137244117 -0.32110764169132433;0.8016545801181
0.3383779209396682 -0.5088213697034483;0.6536775882130
0.22971940536507324 -0.18672318023790424;0.4865181041267
-0.2950518212145988 0.2413151936350183;0.7625407358372
0.013522138526503968 0.052436321187826485;-0.5132657083665
-0.06807881653087788 -0.28780935058077056;0.17895216812195
0.31879015293854696 -0.35901950526862425;0.7124550522785
0.08938353863241444 -0.6825655460339335;0.9254234733006
-0.40063971085354183 0.008792546923537814;0.1240117386450
-0.5999594767272037 -0.05068319500590372;-0.1026522508548
-0.7143702158167571 0.2791365470940049;0.6574127988944
-0.13019495626201705 0.3018069714736721;0.3207526112235
0.44653112743681833 0.4574522597437003;0.5218547808697
0.7689710724427973 0.4503318652849593;0.5986817373200
0.11324913101877321 0.5004957350155234;0.08908807561761
-0.335250080060005 0.09879190154107304;0.34130596667111
-0.22398600234335675 -0.532576102860709;0.5148774283000
0.26711844843027666 0.015948771250741456;0.040919358746421
-0.11027321897114567 -0.11259180872968647;-0.15801553661269
0.33802582599426206 0.473579315846579;0.597814099424
0.23766193691740622 0.3527224402039477;0.5687625821601
-0.23583754829965542 0.6799806407747613;1.340807098535
0.22765885695182597 -0.027394407005171373;-0.04713316231773
-0.23852450466044595 0.15309358157400105;0.38857261540631
0.19636277133589763 -0.3598560852541382;0.4333870941870
-0.2868519154314588 -0.636352944579625;1.2036557948333
0.0007518890777072906 0.03868063480721162;-0.5445680078835
-0.0032967225679552932 -0.17565370126856142;-0.07170076887940
0.014519949924046323 0.24171935673524228;0.09835746902750
-0.07185543063617522 0.07320149126392797;-0.38757195710914
0.32601273934588115 -0.32002107181864514;0.788819099042
0.13816776809391318 -0.5141054174545321;0.19247288886351
-0.45319824985517965 -0.1460552507808982;0.44935547799294
-0.7870779294225054 0.36850956170196225;0.7872214193578
-0.10747243934941342 0.6436467904736629;0.7463044206720
0.3170616670668925 -0.024215468067025347;0.1310441459469
0.13207092305968834 0.1136167862741729;-0.09274919959709
-0.3562490996140242 -0.345301279737833;0.7604981813116
-0.33681061269126683 -0.5790013846629569;0.930779167184
-0.2233539907212959 0.0016405164328376909;-0.07728541992367
0.30062643164423397 -0.008137915895002698;0.09783084680192
0.023146308465203158 0.042585636206061706;-0.5295813481160
-0.11214306779978725 -0.22618285637395374;0.23497985231732
0.404557416651655 0.05176032851497542;0.18110548995898
0.5996941673679355 -0.2908545178960137;0.5305332419026
0.7036065488250726 -0.3801409154248556;0.48399862411598
0.20385497177167705 -0.705584320398203;1.3777702467207
-0.37433729626964346 -0.0599242205281012;0.2208920897920
-0.43903477092788934 0.3092859517384243;0.7529356165059
-0.7555217528086705 0.4813510566862672;0.5610542348985
-0.1107158762641538 0.3034026147738077;0.2646802240333
0.3507728754071505 0.4710822658864119;0.6011202770729
0.30604882336955685 0.35307942780555884;0.7092892751475
0.043133018104090703 0.7241383195545095;1.0404055606528
-0.20802750000574366 0.0840447001516712;0.03358134738453
0.36192341221062696 -0.42619050903109224;0.6154898582665
0.3680585979492436 -0.6048299723603523;1.0809695259246
0.40668865290450135 0.11608981881915914;0.39217794340348
0.6394708684743438 -0.3565221407150636;0.4373730183685
0.49685970880537295 -0.6077017061933524;0.9339626812808
0.9489911989181676 0.023114317071924684;0.8993766294092
0.29118029537163514 -0.10477259158800895;0.31296734620502
-0.05993662383549769 0.3313474620129438;0.11578742583289
0.2895763690956781 0.5352222712875382;0.6786111350199
-0.08160948139677487 0.09914456987698517;-0.27861327112678
0.36895169016729545 -0.3388173595290643;0.7719443034927
0.41370890446707675 -0.5634863834445856;0.8286305481445
0.6828594192535602 -0.01769188303557856;-0.10269878818865
0.25505541819733213 0.08676424122730524;0.17268554966597
-0.27753274907274594 -0.337656998441055;0.6911343414985
0.15278338162775496 -0.5691867195441073;0.4514734013496
-0.4445986190316803 0.007860067153517059;0.0687785500920
-0.7552373431514099 -0.04022374658620309;0.12722681013489
-0.13522640062626967 0.2078111854288683;0.2586203832979
0.3532464066413206 -0.1464762938435966;0.5370779313935
0.32152208062093374 0.3626997756008723;0.7077290922883
0.1390172285784801 0.6345124041601546;0.7806331613131
-0.3940879729601757 -0.032201439420733946;0.15214119295328
-0.5357105312014343 0.14668618836482422;0.3063094562702
-0.8508161597666237 -0.31061559206060224;1.1686827708316
-0.150059430078345 -0.457239421605501;0.153349490477
0.316679740525421 -0.4537611171825458;0.5743491087135
0.1430050794405661 -0.4710783350447194;0.13622141211140
-0.3310218670324768 -0.3711641064128684;0.6985215654759
-0.20916598917840834 -0.7017174688000538;1.375565513112
0.2767730683756325 -0.047154082179411305;0.10716146116865
-0.052427152731243765 0.25650667331162785;0.14928776251774
0.1994406697818903 0.14416269645286608;0.23931789944814
-0.3090245176989201 -0.41151228139391205;0.6023308186845
-0.0888193722195465 -0.6344202943831565;0.6450506273513
0.3091614961840941 0.06839701151745825;0.21439774730431
0.07675826237895234 -0.2815960937439863;0.19784038840126
-0.3019340704822852 -0.31165640955452406;0.7724605256187
-0.022520149581277515 -0.479972933561584;-0.10319237940358
0.11213337763557446 -0.32475780049309433;0.241287778109
-0.41503798959967714 -0.56721225985704;0.8451536027082
-0.6510829558524969 0.08090459666849725;-0.007104393663806
-0.45469503163705194 -0.35146687785964975;0.6596468013265
-0.827580667673596 -0.6194444719775076;1.416523641859
-0.08170420967306569 0.051783702435596046;-0.42610448482379
0.2792533467446915 -0.22298303301976613;0.7033112396121
-0.05756308227979007 0.03229291598182665;-0.508783844481
0.22808508897656388 -0.168029283561159;0.4167416511148
-0.26096632243552553 0.30142701059074195;0.7062430399836
0.1387162361954089 0.42700551616591464;0.13555658154619
-0.3570547895083126 0.5868096592530546;0.9794361530993
-0.34120886740382667 -0.07853779680732964;0.273583934201
-0.24924856546458482 0.3175019083226828;0.6595264425247
0.22126067888924203 0.49637503498816604;0.4096625045109
-0.29037106025996706 0.24502152580550918;0.759580048565
0.019240190065806406 0.06857798363105538;-0.4676103719985
-0.08928314527677922 -0.35976661023138556;0.12019931524955
0.352937963277471 -0.6638153549720471;1.4319839878941
0.3140092597586196 0.030232838590138256;0.13543345725548
0.061800538010661155 -0.15365066151562293;-0.10085192617915
-0.3143082285795473 0.3286927795223833;0.7639524122181
-0.04784028451836797 0.542028731026898;0.07801269025460
0.27378695106792383 0.049187200810844434;0.10558743269995
-0.20417544604146476 -0.2422479157086619;0.5415866031003
0.41356465138146814 -0.0593077470773867;0.1905420315252
0.6512070159106533 0.3107970995373266;0.5226201459516
0.4481070324449949 0.4909484684488067;0.54561416676
0.8169918467654174 0.24137859907432585;1.0163392761572
0.0652657186346004 0.014448239646167566;-0.5157326271763
-0.2448251028025608 -0.11224469239991716;0.24198611310880
0.20008179047439156 0.5061156958907802;0.3660903949355
-0.30295170107841785 0.138697871331928;0.4659985824806
-0.061089968938390055 -0.43840482099655986;-0.06373242401744
0.23609426635509387 -0.5481931755369247;0.6091597858860
-0.23319295197008041 0.03338388707560713;-0.023098099253812
0.228883528197549 -0.19707137422077403;0.5163826018529
-0.22922395104218526 0.23210999122016102;0.6000534921304
0.21809069184528188 -0.028548899366705238;-0.07320770989707
-0.23718380651874418 0.18948779751602993;0.5159659707637
0.1785397157514059 -0.30145562922154057;0.4706042012144
-0.29192445158402724 -0.4528501728104166;0.540535544953
-0.03248806719990632 -0.4808969452863816;-0.09443810605486
0.12130370195321258 -0.27271912749408955;0.30774321986763
-0.33796888515457746 -0.2514723834756289;0.8203654955841
-0.24024820242880468 -0.04216514945022212;0.011437014629621
0.21576697893402175 0.3844093483370543;0.44299172749056
-0.2704580865067336 0.8087063174231355;1.8372093832398
0.08461026460612886 0.6082518069385897;0.47903981772136
-0.28723197606508605 -0.23210102128135923;0.7353158127839
0.022867945530764433 0.02599276367756398;-0.5563807614059
-0.10067115461017376 -0.17225740814207946;0.051359715849403
0.3590920133097205 0.36355985666571333;0.7246159606619
0.35162984098830563 0.675543716362497;1.4980366089756
0.3045013531362628 -0.01039077881517636;0.1043125738544
-0.003363659975935851 0.05648826614335084;-0.5058243458078
0.019875562014917064 -0.29023976006639657;0.11907971611640
-0.12962047852983644 -0.37098531109084604;0.2035513419325
0.5168236676044757 -0.6841832757867166;1.345519766048
0.908282767108809 -0.011541722961747825;0.7429095493837
0.2085023606093418 0.06406640912886394;-0.027125884068367
-0.2962991321109987 -0.32115565645799427;0.7513125044869
-0.023594279494974668 -0.5347813478040091;0.026247484877122
0.10259000482844247 -0.03180289962223426;-0.41574713801925
-0.3603067398578639 0.18821177996434824;0.6907792180395
-0.35817420363755414 -0.27173913401315725;0.8374055928787
-0.34486713778314804 -0.2500475145198806;0.8222100873820
-0.2550046156133724 -0.08333816431692095;0.1608306857215
0.27114842618591073 0.44197501549039786;0.5053350792223
-0.17717935089274583 0.5386323653712303;0.39366969289213
0.41870471659210473 -0.03594928823626509;0.13400541181813
0.6574620050657204 0.23040785581141476;0.5111166340712
0.4315790708809837 -0.0634198172510157;0.1789405009449
0.7371886215117189 0.38398109331622343;0.5706572211219
0.12447978347636268 0.7102857299878933;1.1541929208140
-0.3871388510619902 0.07130694487113853;0.24738055105059
-0.5028002675298393 -0.35270193346961176;0.5711237171813
-0.8614776361685068 -0.6399387290727099;1.6920881173797
-0.16440766542860186 0.057282379568749264;-0.18333096091478
0.31107882585711594 -0.2492641142902549;0.7944485488191
0.11652905421242202 -0.11562669705816464;-0.12913017185407
-0.31873841519970425 0.3735726018900997;0.6828956180861
-0.144777324681679 0.6364569466115048;0.8098358963704
0.3484972284726806 -0.017643809620612627;0.14586850993765
0.2971438492855227 0.08122345068005564;0.23782812533847
0.01533183359108875 -0.31085270773522994;0.09866610487894
-0.07179665236613299 -0.4618540070739403;-0.05056785318722
0.31077124434242553 -0.43120861898768476;0.5799687828686
0.054602823643257026 -0.5726502516732822;0.22649813187751
-0.271204788296016 0.06602441896926314;0.1432635243016
0.17546128483856144 -0.29968329392166426;0.46242251479858
-0.4188823797651792 -0.41789304443076486;0.5886676517533
-0.6572473417200115 -0.6165213547344801;0.8635761931030
-0.43374383999744903 0.08098325861904498;0.22954652154791
-0.74439999708814 -0.3090829357562508;0.7284748465484
-0.11427206492468311 -0.45342353806250957;0.04865589239789
0.37071324248323695 -0.47159763188119924;0.6014575165416
0.41633259010166546 -0.37416254148463657;0.669073554164
0.654316637048275 -0.6857022847406093;1.2640024475761
0.44041530395989903 -0.016380490117971158;0.08016873273971
0.778625642954199 0.09069117857720493;0.35777532556357
0.07265614066630166 -0.3796467939638757;0.0448317042301
-0.274910976075494 -0.6554425187866649;1.294967249454
0.09475168360887137 0.013561993337180889;-0.4547180599906
-0.33501728837031247 -0.0669189442320114;0.2344591220156
-0.2135714965562304 0.29482510715983884;0.5845402214034
0.3219798718878576 0.38989087490493973;0.6538954368126
0.1405262174901824 0.6595961789082185;0.9346479262474
-0.39660170681453416 -0.0162165040425315;0.13183996443225
-0.548186488677686 0.08097816694830652;0.03490031847306
-0.8361290607532501 -0.3330011413985214;1.0698061718227
-0.1309024044821373 -0.5587466901072415;0.3352095393442
0.3177132766097041 -0.003394347557667099;0.11797445263212
0.14557201424467617 0.017755784178122593;-0.31048879017680
-0.33636839134857055 -0.10291924386312457;0.3575058497964
-0.23541389988237346 0.40437351537137367;0.46249396980319
0.21692882949436101 0.6395926801828498;1.0531311841574
-0.2550275382770679 -0.046309728454218435;0.057359337857116
0.1333159882169751 0.20780964190349277;0.2529516511087
-0.3281196493040137 -0.11517732523872565;0.39935782592717
-0.19413611532729633 0.3566693799530883;0.43284718539773
0.304339151925194 0.6082009692539077;1.0626369763231
0.07260279168743686 -0.02339950721651962;-0.4940809492576
-0.26311261056529067 0.10545123171212031;0.26003741805638
0.13127665847702485 -0.3316649500025829;0.28407173241891
-0.3568509665833956 -0.5358732052061264;0.742295545241
-0.33997687094646306 -0.09773214416473769;0.34002184825591
-0.24131184408193165 0.3368762874326289;0.6083419360066
0.250783397764191 0.5580384428488792;0.6906251944593
-0.20103429080967566 0.027989335994741293;-0.12539490923421
0.32232122070465136 -0.1367733563299657;0.48096514930228
0.15191853127428895 0.3433376832913111;0.3257657987644
-0.37451286969090053 0.5792872036074135;0.9369521771413
-0.4333860196051239 -0.010846370783471948;0.08687060080812
-0.707310485707195 0.0522021761797844;0.005596431336327
-0.24546413148459273 -0.24552782233603998;0.6632508505504
0.2203705127644351 -0.08523544570486324;0.07437208761887
-0.27944465425412635 0.3678759082711146;0.635919881901
0.06090062614017516 0.648772296022481;0.6760013332889
-0.24195157154611513 -0.024458088954972923;-0.011695651199702
0.22302308535241855 0.1166988351596299;0.19977785833757
-0.2641969186445561 -0.35012221714901226;0.6396220073671
0.1181248653147241 -0.5921588777453085;0.4704450019160
-0.3408782084372994 0.015376039765697791;0.14112321813583
-0.2544483343195497 -0.07167690794214948;0.12196254680534
0.17433004741738156 0.2922295589110792;0.4643268239385
-0.34913522543761455 0.37176755874368284;0.7063672822705
-0.2989146534302245 0.6470776436540047;1.2878120012336
-0.01763399695890877 -0.020257295154573973;-0.5657113876168
0.08410999109968197 0.09618621565840105;-0.2841783953438
-0.35141290312159196 -0.34005224058557393;0.7694692497758
-0.30275747832340927 -0.5693440863396129;0.8473461901138
0.013142245886471005 -0.0037438453165782315;-0.5771910764944
-0.07830987609455893 0.018287540719964485;-0.48777149555471
0.40100155599675014 -0.09892025531854966;0.3312725720429
0.6192852146619837 0.3794839347406155;0.38518007844643
0.6142284124856199 0.6481359549857022;1.0335989326644
0.6467987080105005 -0.01567715452214724;-0.1504998070655
0.4092580070943787 0.0746250340389103;0.23939968902513
0.7391259272020357 -0.3068036921045547;0.713485981349
-0.018287285314496526 -0.4475674615086772;-0.1159762738443
0.11186593044197565 -0.4995878134385666;0.08354576182701
-0.4821496542708993 -0.2067055824459788;0.6077285015690
-0.885358669938058 0.18698841770277802;1.191776684005
-0.16145458685946346 -0.28003955179050066;0.4284671556847
0.34335784962323845 -0.3073486769715819;0.8158659196183
0.2705073136128417 -0.4895977157453543;0.52390247409
-0.1024681155155413 -0.22679975459037055;0.21091769494443
0.335156009885248 0.11814120173267928;0.416096587548
0.21919629630670737 -0.500314454328517;0.4112089482380
-0.29463407278515585 -0.17755840541380502;0.6019053442361
-0.0021119682722510746 0.34523436074325703;0.04074513498885
0.00963588073532404 0.6406689634919722;0.5770195733281
-0.05018448511004213 -0.0809544097464544;-0.3986244105646
PointOptimal;ValeurOptimale
[-0.05018449 -0.08095441];-0.3986244105646254
Temps;Nb iteration
0.07005786895751953;1000