Point;Valeur
6.567266613394484 -0.8760624571437425;14.174684960561
6.482751189944686 -0.7915470339573659;13.552751710017
6.423446611197785 -0.7322853089083132;13.1250179977
6.375190128070509 -0.6840860908134424;12.782231835253
6.333476291499365 -0.6424371450992757;12.489721334387
6.296204443519084 -0.6052351505304089;12.231338432515
6.262196991337334 -0.5713011915432208;11.998037303899
6.230716398979924 -0.5398969761977708;11.78415562606
6.201264968902493 -0.5105243324811112;11.585874196452
6.1734882883823285 -0.48282852925209885;11.400474479122
6.147123495669176 -0.45654648008462834;11.225940954871
6.121969312342115 -0.431476741761455;11.060730852969
6.0978676056668055 -0.40746105690675055;10.903632518926
6.074691486258439 -0.38437243950292926;10.75367400780
6.052337316819131 -0.3621071758065795;10.610061727820
6.030719168332358 -0.3405792753090278;10.472137884508
6.00976486613887 -0.3197165132023541;10.339350135444
5.989413102150664 -0.2994575400301236;10.211229431509
5.969611281818095 -0.27974972679182614;10.087373499137
5.950313889668737 -0.2605475291017936;9.967434303171
5.931481228577538 -0.2418112254162712;9.851108378082
5.913078433418186 -0.2235059298841752;9.738129264711
5.895074689514132 -0.20560081017440568;9.628261518361
5.877442606233602 -0.18806846057952115;9.52129590710
5.860157709702258 -0.17088439433435917;9.417045523735
5.843198028084199 -0.15402662858035432;9.315342607755
5.826543749607014 -0.13747534213196635;9.21603592510
5.810176938329117 -0.12121259103185206;9.118988590701
5.794081296174144 -0.1052220704088004;9.02407624564
5.778241962355226 -0.08948891375469727;8.931185521093
5.762645343257013 -0.07399952268249158;8.840212735493
5.747278967312266 -0.058741421697262125;8.751062783477
5.732131360529006 -0.04370313363580973;8.663648182921
5.717191939192095 -0.028874072289854974;8.577888253626
5.702450916930515 -0.014244449408174154;8.49370840605
5.687899223870503 0.00019480620745767827;8.411039522626
5.673528436008833 0.01445211937840252;8.329817417346
5.659330713272605 0.028535330533099416;8.249982361892
5.645298744995701 0.04245175026808738;8.171478668545
5.6314257017557345 0.056208207544619394;8.09425432180
5.61770519268885 0.06981109240358928;8.018260651926
5.60413122754016 0.08326639394067109;7.943452044767
5.590698182824419 0.09657973416897621;7.86978568301
5.57740077156648 0.10975639829970929;7.797221314876
5.564234016168754 0.1228013618926234;7.725721046668
5.551193224021575 0.1357193152620947;7.655249156408
5.538273965524557 0.14851468547061591;7.585771925842
5.525472054234943 0.16119165619438955;7.51725748875
5.512783528896141 0.17375418570585327;7.449675693657
5.5002046371347 0.18620602318821206;7.38299797923
5.487731820639635 0.19855072356566017;7.317197261136
5.475361701663402 0.21079166101114719;7.252247828871
5.463091070703388 0.22293204127315455;7.188125251729
5.450916875240094 0.23497491294478304;7.124806292777
5.4388362094239415 0.24692317778346728;7.062268830121
5.426846304614628 0.2587796001778418;7.0004917846694
5.414944520688706 0.27054681584547235;6.939455053777
5.40312833804064 0.28222733983683385;6.87913945019
5.391395350211185 0.29382357391172237;6.819526645783
5.379743257083719 0.3053378133468679;6.760599119630
5.368169858596477 0.3167722532276855;6.70234011002
5.356673048923411 0.328128994270871;6.644733570098
5.345250811081807 0.33941004821961035;6.58776412663
5.333901211929673 0.3506173428495014;6.531417041954
5.322622397518018 0.36175272661890406;6.475678178430
5.311412588768713 0.3728179729932931;6.420533965534
5.3002700774501905 0.38381478447176476;6.365971369139
5.289193222426275 0.39474479634030196;6.311977862915
5.278180446156 0.4056095801737772;6.258541401638
5.2672302314240005 0.4164106471069101;6.205650396259
5.256341118283893 0.42714945089284473;6.153293690598
5.245511701196814 0.43782739076550553;6.101460539534
5.234740626351421 0.4484458141211184;6.050140588567
5.224026589150533 0.4590060190324216;5.999323854668
5.213368331852349 0.46950925660851184;5.949000708297
5.2027646413550075 0.4799567332111319;5.899161856516
5.192214347113336 0.4903496125384195;5.849798327115
5.181716319179628 0.500689017585273;5.800901453680
5.171269466357463 0.5109760324895879;5.752462861529
5.160872734462875 0.5212117042718334;5.704474454457
5.150525104684207 0.531397044475349;5.656928402243
5.140225592033933 0.5415330307150706;5.6098171288541
5.129973243886627 0.5516206081398087;5.563133301306
5.119767138596992 0.5616606908141681;5.516869819137
5.1096063841928805 0.5716541630256118;5.47101980445
5.099490117138353 0.5816018805216614;5.425576592498
5.089417501162184 0.5915046716815135;5.380533722740
5.079387726147509 0.6013633386257096;5.335884930409
5.0694000070792535 0.6111786582691546;5.291624138478
5.059453583045194 0.6209513833195023;5.247745450061
5.049547716287886 0.6306822432256497;5.204243141184
5.039681691303476 0.6403719450777312;5.161111653930
5.0298548139855805 0.6500211744634978;5.118345589913
5.020066410811 0.6596305962819486;5.075939704080
5.010315828065046 0.6692008555180101;5.033888898808
5.0006024311038475 0.678732577979652;4.992188218289
4.9909256036514025 0.6882263709999109;4.9508328431767
4.981284747130284 0.6976828241061532;4.9098180854855
4.971679280023132 0.7071025096580097;4.869139383732
4.96210863726332 0.71648598345579;4.828792298295
4.952572269653981 0.7258337853213235;4.788772506986
4.943069643312565 0.7351464396521346;4.749075800824
4.933600239140807 0.7444244559512833;4.709698079996
4.924163552317799 0.7536683293333564;4.670635349996
4.914759091815627 0.7628785410081644;4.63188371793
4.905386379935584 0.7720555587437103;4.593439389024
4.896044951864698 0.7811998373086945;4.555298663158
4.886734355251254 0.7903118188966103;4.517457931722
4.877454149797658 0.7993919335314084;4.4799136744726
4.868203906871209 0.8084405994563029;4.442662456570
4.85898320913013 0.8174582235065003;4.40570092573
4.8497916501656855 0.826445201466377;4.369025809523
4.840628834158496 0.8354019184120025;4.332633912696
4.831494375548904 0.8443287490399911;4.296522114719
4.822387898720469 0.8532260579827505;4.260687367347
4.813309037695768 0.8620942001115793;4.225126692303
4.804257435844928 0.8709335208274464;4.1898371790590
4.795232745604676 0.879744356340339;4.154815982691
4.78623462820881 0.8885270339380416;4.120060321830
4.777262753428737 0.8972818722441265;4.085567476677
4.768316799324041 0.9060091814663876;4.051334787103
4.759396452002508 0.9147092636356179;4.017359650820
4.75050140538887 0.9233824128355775;3.983639521617
4.7416313610025895 0.9320289154239477;3.9501719076626
4.732786027743359 0.9406490502455641;3.916954369868
4.723965121684784 0.9492430888374085;3.88398452031
4.715168365875458 0.9578112956263035;3.851260020735
4.706395490146991 0.9663539281192829;3.8187785810480
4.697646230929319 0.9748712370871693;3.786537957943
4.688920331072215 0.9833634667414517;3.754535953526
4.680217539673249 0.9918308549050743;3.7227704139981
4.67153761191167 1.0002736331769222;3.6912392283879
4.6628803088881225 1.00869202709083;3.659940327328
4.654245397469727 1.0170862562687228;3.6288716818724
4.645632650140761 1.0254565345687177;3.59803130234
4.637041844858037 1.0338030702277914;3.5674172372592
4.628472764911408 1.0421260660001104;3.5370275722093
4.619925198788819 1.050425719290022;3.5068604288771
4.611398940046004 1.0587022222811109;3.4769139640145
4.602893787180154 1.0669557620605;3.447186368482
4.594409543507973 1.0751865207392184;3.4176758663136
4.5859460170478235 1.0833946755686517;3.388380713813
4.577503020405191 1.0915803990527446;3.359299198681
4.5690803706622605 1.0997438590571016;3.3304296391636
4.560677889270857 1.107885218914223;3.3017703832318
4.552295401948898 1.1160046375249966;3.273319807791
4.543932738579894 1.1241022694578837;3.245076317907
4.535589733115433 1.1321782650437102;3.2170383460600
4.527266223481416 1.1402327704684099;3.1892043514215
4.518962051486338 1.1482659278622587;3.161572819152
4.51067706273275 1.15627787538663;3.134142259723
4.50241110653155 1.1642687473178677;3.1069112082544
4.494164035818569 1.1722386741283823;3.0798782238730
4.485935707073797 1.180187782565572;3.0530418890960
4.477725980243126 1.1881161957281474;3.02640080922
4.469534718662075 1.1960240331399579;2.9999536117580
4.4613617889822885 1.2039114108217288;2.97369894582
4.45320706109963 1.2117784413607349;2.947635481646
4.445070408084669 1.219625233977765;2.9217619099643
4.43695170611508 1.2274518945930883;2.8960769415570
4.428850834410113 1.235258525889257;2.870579306715
4.420767675166857 1.2430452273730088;2.8452677547530
4.41270211349795 1.2508120954346194;2.8201410535299
4.404654037371922 1.2585592234059804;2.7951979889863
4.396623337554126 1.2662867016165977;2.7704373646905
4.388609907550281 1.2739946174482533;2.745858001399
4.380613643550886 1.281683055387818;2.7214587366312
4.372634444377547 1.2893520970784949;2.697238424247
4.364672211430522 1.297001821369789;2.6731959340506
4.3567268486379085 1.3046323043658976;2.649330151386
4.348798262405882 1.3122436194724845;2.6256399767639
4.340886361570963 1.3198358374425863;2.6021243254781
4.332991057352532 1.3274090264207885;2.5787821272487
4.325112263307466 1.3349632519862016;2.5556123258646
4.317249895285595 1.3424985771942712;2.532613878838
4.309403871386127 1.3500150626174814;2.509785757071
4.301574111916 1.357512766384593;2.4871269445245
4.293760539348128 1.3649917442190513;2.4646364378982
4.285963078281815 1.3724520494762786;2.4423132463232
4.278181655403474 1.3798937331795842;2.4201563910561
4.270416199448689 1.3873168440557433;2.398164905182
4.262666641164865 1.3947214285684628;2.3763378333292
4.254932913275394 1.4021075309522542;2.3546742313830
4.247214950444435 1.4094751932441614;2.333173166215
4.239512689242131 1.4168244553153837;2.311833715416
4.231826068111326 1.424155354901655;2.2906549670285
4.224155027334513 1.4314679276326225;2.2696360192978
4.216499509002462 1.4387622070609183;2.2487759804210
4.2088594569826006 1.4460382246899188;2.228073968303
4.201234816888533 1.4532960100010384;2.207529110322
4.193625536050641 1.460535590479995;2.187140543092
4.186031563486691 1.467756991642395;2.166907412244
4.17845284987384 1.4749602370591095;2.1468288722010
4.170889347520641 1.482145348380063;2.1269040859591
4.163341010340167 1.4893123453580512;2.107132224883
4.155807793823611 1.4964612458714557;2.087512468497
4.148289655014393 1.5035920659467947;2.0680440042823
4.140786552482647 1.510704819780066;2.0487260274815
4.133298446300972 1.5177995197579823;2.0295577409068
4.125825298019995 1.52487617647849;2.010538354750
4.118367070644827 1.531934798770244;1.991667086403
4.110923728611984 1.538975393712386;1.9729431602726
4.103495237766723 1.5459979666531152;1.9543658076062
4.0960815653408895 1.5530025212277223;1.9359342663231
4.088682679931212 1.5599890593768369;1.9176477808426
4.081298551478187 1.5669575813631773;1.899505601921
4.073929151245322 1.5739080857884338;1.8815069864922
4.0665744517987745 1.580840569609683;1.8636511975060
4.059234426987521 1.5877550281550776;1.8459375037782
4.051909051923299 1.594651455139057;1.8283651798376
4.044598302962164 1.6015298426775528;1.8109335057792
4.037302157685295 1.6083901813023855;1.7936417671191
4.030020594880674 1.615232459975099;1.7764892546537
4.022753594525102 1.6220566661009868;1.7594752643209
4.015501137766423 1.6288627855423297;1.7425990970642
4.008263206906136 1.635650802630986;1.7258600587005
4.00103978538227 1.642420700181258;1.7092574597897
3.9938308577528994 1.6491724595019621;1.6927906155076
3.9866364096791713 1.6559060604081497;1.6764588455206
3.9794564279096223 1.6626214812326319;1.6602614738642
3.9722909002643334 1.6693186988373976;1.6441978288230
3.9651398156186803 1.6759976886237191;1.6282672428134
3.9580031638887396 1.682658424543467;1.6124690522686
3.950880936015855 1.689300879108754;1.5968025975266
3.943773123951649 1.6959250234021275;1.581267222718
3.936679720643499 1.7025308270857755;1.5658622756625
3.9296007200203524 1.709118258411392;1.550587107755
3.9225361169784674 1.7156872842288613;1.535441073871
3.9154859073671138 1.72223786999498;1.5204235322575
3.9084500879752575 1.7287699797821963;1.5055338444364
3.901428656517814 1.7352835762867598;1.490771375106
3.894421611622256 1.7417786208366093;1.4761354920483
3.8874289528156254 1.7482550733994147;1.4616255660275
3.8804506805110877 1.7547128925897764;1.447240970705
3.873486795995605 1.7611520356769508;1.4329810825465
3.8665373014167472 1.7675724585916195;1.4188452807321
3.8596021997706664 1.7739741159328708;1.4048329470717
3.8526814948893526 1.780356960974891;1.3909434659184
3.845775191428441 1.7867209456734912;1.3771762240850
3.838883294855203 1.7930660206722913;1.3635306107630
3.8320058114365345 1.7993921353089333;1.350006017441
3.8251427482269498 1.805699237620869;1.3366018378281
3.8182941130570156 1.8119872743513115;1.3233174677732
3.8114599145216785 1.8182561909545232;1.3101523051930
3.8046401619688046 1.8245059316016512;1.2971057499955
3.7978348654873555 1.830736439185501;1.2841772040076
3.7910440358964195 1.8369476553258706;1.271366070904
3.784267684734007 1.8431395203747714;1.2586717561382
3.777505824245434 1.8493119734207752;1.2460936668708
3.7707584673728007 1.8554649522940767;1.2336312119057
3.7640256277432793 1.861598393570911;1.2212838016220
3.7573073196587954 1.8677122325779378;1.209050847910
3.7506035580846917 1.8738064033967872;1.1969317641092
3.74391435863887 1.8798808388679698;1.1849259649423
3.7372397375811817 1.885935470595188;1.1730328664586
3.7305797118025916 1.8919702289495064;1.1612518859718
3.7239342988142696 1.897985043072892;1.149582442002
3.7173035167371773 1.9039798408823092;1.138023954220
3.71068738429101 1.9099545490732903;1.1265758433887
3.704085920783852 1.9159090931239138;1.115237531308
3.6974991461012845 1.9218433972979634;1.1040084407651
3.690927080696067 1.9277573846488425;1.0928879954758
3.6843697455771367 1.9336509770228425;1.0818756200376
3.677827162299319 1.9395240950626451;1.0709707398769
3.6712993529524045 1.945376658210692;1.0601727811998
3.6647863401507554 1.9512085847123577;1.0494811709442
3.6582881470225286 1.9570197916194805;1.0388953367317
3.65180479719892 1.9628101947933276;1.028414706821
3.645336314803578 1.968579708908141;1.018038710066
3.638882724442027 1.97432824745416;1.007766775865
3.63244405119057 1.9800557227406448;0.9975983341231
3.626020320585725 1.985762045899402;0.9875328152071
3.6196115586135207 1.991447126887833;0.97756964990
3.6132177916983284 1.9971108744920754;0.9677082693872
3.6068390466919285 2.002753196330062;0.9579481051625
3.6004753508627454 2.0083739988549745;0.9482885890445
3.5941267318846974 2.0139731873581965;0.9387291531120
3.58779321782624 2.0195506659729676;0.9292692296726
3.5814748371386975 2.0251063376771827;0.91990825122
3.5751716186454607 2.0306401042969413;0.9106456504347
3.568883591530591 2.036151866510059;0.9014808600800
3.5626107853273177 2.0416415238492496;0.8924133130393
3.5563532299066094 2.047108974705717;0.8834424422494
3.550110955465288 2.0525541163325816;0.8745676806757
3.543883992514523 2.057976844848697;0.865788461282
3.53767237186843 2.0633770552423143;0.8571042170058
3.531476124631414 2.0687546413743245;0.8485143807206
3.525295282186597 2.0741094959831003;0.8400183852176
3.519129876183717 2.079441510687643;0.8316156631751
3.5129799385267204 2.084750575992044;0.8233056471332
3.506845501361491 2.090036581289558;0.8150877694698
3.5007265970631622 2.0952994148670196;0.8069614623759
3.494623258223656 2.100538963909113;0.7989261578334
3.488535517638793 2.1057551145029634;0.7909812875928
3.4824634082956574 2.110947751643029;0.7831262831520
3.47640696335905 2.1161167592358674;0.7753605757362
3.470366216158859 2.121262020105257;0.7676835962782
3.4643412001758596 2.1263834159968855;0.7600947754000
3.4583319490292066 2.131480827584618;0.7525935433956
3.4523384964620374 2.1365541344753476;0.745179330213
3.4463608763275686 2.1416032152146793;0.7378515654418
3.440399122575844 2.1466279472936;0.7306096782923
3.4344532692384364 2.1516282071538124;0.7234530975870
3.428523350415031 2.156603870194607;0.7163812517449
3.4226094002583203 2.161554810779314;0.7093935687698
3.4167114529593237 2.1664809022421285;0.7024894762384
3.4108295427324604 2.1713820168950235;0.6956684012905
3.404963703800412 2.176258026035274;0.6889297706189
3.399113970378868 2.1811087999530088;0.6822730104613
3.3932803766609076 2.185934207939013;0.6756975465919
3.387462956801145 2.1907341182930113;0.6692028043151
3.3816617448998905 2.1955083983317887;0.6627882084592
3.3758767749869585 2.200256914398209;0.6564531833716
3.370108081005084 2.204979531869876;0.6501971529147
3.3643556967936616 2.2096761151689357;0.644019540462
3.3586196560714243 2.2143465277715957;0.6379197688998
3.3528999924196565 2.2189906322178383;0.6318972606175
3.3471967392649553 2.2236082901223777;0.6259514375161
3.3415099298613784 2.2281993621847747;0.620081721004
3.3358395972729737 2.232763708201001;0.6142875320003
3.3301857743552734 2.237301187074357;0.6085682909359
3.3245484937376912 2.2418116568281565;0.6029234177582
3.318927787804414 2.2462949746170953;0.5973523319352
3.3133236886759283 2.250750996740747;0.5918544524605
3.307736228189853 2.2551795786559388;0.5864291978600
3.3021654378817997 2.2595805749908404;0.5810759861993
3.296611348965169 2.2639538395585004;0.5757942350917
3.291073992312672 2.2682992253719574;0.57058336170
3.285553398434714 2.2726165846580604;0.5654427827855
3.2800495974603248 2.2769057688738474;0.560371914642
3.274562619115664 2.281166628721989;0.5553701731853
3.269092492703625 2.285399014167213;0.5504369739277
3.263639247082453 2.2896027744531033;0.5455717320005
3.2582029106445507 2.2937777581195786;0.5407738621690
3.2527835112945582 2.2979238130209763;0.5360427788488
3.2473810764272946 2.302040786344059;0.5313778961237
3.2419956329057644 2.3061285246276446;0.5267786277632
3.2366272070384574 2.310186873781844;0.52224438724
3.2312758245568274 2.314215679108362;0.5177745877647
3.2259415105916385 2.3182147853211266;0.5133686422776
3.220624289650312 2.3221840365679762;0.5090259635016
3.2153241855925447 2.326123276452296;0.5047459639499
3.2100412216069736 2.3300323480560032;0.500528055954
3.204775420186678 2.3339110939623016;0.4963716516927
3.1995268031048507 2.33775935628003;0.49227616321089
3.1942953913899665 2.3415769766679655;0.4882410024557
3.189081205300779 2.345363796360343;0.48426558130140
3.18388426430093 2.3491196561920837;0.4803493115796
3.1787045870337773 2.3528443966261845;0.4764916051113
3.1735421912960953 2.3565378577806833;0.47269187373771
3.168397094012114 2.360199879456158;0.4689495293544
3.163269311207295 2.3638303011650867;0.465263983945
3.1581588579815367 2.367428962161192;0.4616346496171
3.1530657484824567 2.3709957014691447;0.4580609386372
3.1479899958782775 2.374530357916032;0.45454226346989
3.1429316123301265 2.3780327701625543;0.45107803681485
3.137890608964823 2.3815027767356876;0.4476676716472
3.132866995846815 2.3849402160618793;0.4443105812577
3.1278607819502042 2.3883449265011314;0.44100617929465
3.1228719751304093 2.391716746381234;0.43775387980604
3.1179005820955594 2.395055514033826;0.434553097283
3.1129466083775235 2.3983610678305225;0.43140324670801
3.108010058303601 2.401633246220151;0.4283037435931
3.103090934966741 2.4048718877666477;0.42525400403438
3.09818924019633 2.4080768311873846;0.4222534447557
3.093304974529059 2.4112479153934747;0.41930148315871
3.088438137178393 2.4143849795296446;0.41639753737182
3.0835887260056376 2.417487863015817;0.41354102630174
3.078756737489381 2.420556405588494;0.41073136968490
3.0739421666954505 2.423590447344427;0.4079679881400
3.0691450072462434 2.426589828783552;0.40525030322181
3.064365251291037 2.4295543908541104;0.4025777374756
3.059602889474708 2.4324839749973393;0.3999497144928
3.0548579109074 2.435378423194192;0.3973656589672
3.050130303133981 2.4382375780120578;0.3948249967522
3.045420052102546 2.4410612826522744;0.39232715491899
3.040727142134416 2.443849380999278;0.3898715618155
3.0360515558925476 2.44660171766954;0.3874576471262
3.031393274351064 2.449318138061948;0.3850848419330
3.02675227676376 2.4519984884088704;0.38275257877587
3.0221285406337133 2.454642615827695;0.3804602917157
3.0175220416817803 2.457250368373428;0.3782074163969
3.012932753815976 2.4598215950922917;0.3759933901111
3.0083606491004216 2.462356146075244;0.37381765186111
3.0038056977249115 2.464853872513283;0.3716796424263
2.999267867973647 2.4673146267527892;0.36957880442783
2.994747126195256 2.469738262351489;0.36751458239504
2.990243436771633 2.4721246341359224;0.3654864228318
2.985756762087892 2.474473598258346;0.36349377428435
2.9812870625025627 2.4767850122554558;0.36153608740841
2.976834296316899 2.4790587351072704;0.3596128150378
2.9723984197454336 2.4812946272962084;0.35772341225300
2.967979386886773 2.483492550867676;0.3558673364501
2.9635771496937777 2.485652369490026;0.35404404741064
2.9591916579448965 2.4877739485164225;0.35225300737042
2.9548228592150854 2.48985715504594;0.35049368109031
2.950470698847552 2.49190185798595;0.34876553592603
2.946135119926248 2.49390792811491;0.3470680418988
2.941816063247612 2.495875238144698;0.34540067176574
2.9375134672933845 2.497803662784531;0.34376290109048
2.9332272682041447 2.499693078804433;0.3421542083140
2.9289573997527287 2.5015433650993257;0.3405740748252
2.924703793318069 2.5033544027531067;0.33902198503172
2.920466377860482 2.5051260751034214;0.33749742643017
2.916245079896153 2.506858267805717;0.33599988967694
2.9120398234734313 2.50855086889883;0.33452886865825
2.9078505301488478 2.510203768868895;0.3330838605601
2.9036771189644237 2.51181686071541;0.3316643659382
2.8995195064249373 2.5133900400150195;0.3302698887869
2.8953776064761305 2.5149232049868875;0.32889993660830
2.8912513304843928 2.516416256557322;0.32755402048089
2.8871405872158227 2.51786909842413;0.3262316551272
2.883045282817512 2.5192816371212134;0.32493235898151
2.8789653207978345 2.520653782082451;0.32365565425604
2.874900602009727 2.5219854457053565;0.32240106700755
2.8708510246330428 2.523276543414455;0.32116812720229
2.8668164841588695 2.524526993723879;0.3199563687806
2.8627968733742972 2.5257367182997843;0.31876532972071
2.858792082348107 2.5269056420222564;0.31759455210092
2.854801998417941 2.5280336930464666;0.3164435821618
2.850826506177837 2.5291208028621197;0.31531197036692
2.84686548746701 2.530166906354126;0.3141992714617
2.8429188213603758 2.5311719418605376;0.3131050445328
2.838986384159243 2.53213585123086;0.312028853064
2.8350680493833087 2.5330585798822915;0.31097026499537
2.83116368776495 2.533940076855736;0.30992885277194
2.8272731672420552 2.534780294870344;0.30890419340257
2.823396352955922 2.5355791903770313;0.3078958685091
2.8195331072468344 2.5363367236102308;0.30690346437706
2.8156832896531405 2.5370528586387855;0.30592657200412
2.8118467569104357 2.5377275634154284;0.3049647871474
2.808023362952452 2.538360809824286;0.304017710369
2.804212958914065 2.5389525737272227;0.30308494707942
2.8004153931343145 2.5395028350086557;0.3021661075794
2.796630511161698 2.5400115776182592;0.3012608071006
2.7928581557608223 2.5404787896118237;0.3003686658432
2.7890981669202453 2.540904463190935;0.29948930901263
2.7853503818617544 2.5412885947399286;0.2986223668537
2.781614635051718 2.541631184860963;0.2977674746835
2.77789075821304 2.541932238408199;0.29692427292092
2.774178580339421 2.5421917645179284;0.2960924071155
2.770477927710897 2.5424097766376867;0.29527152797367
2.76678862391039 2.5425862925526634;0.29446129138223
2.7631104898430947 2.5427213344109187;0.29366135843069
2.7594433437563843 2.54281492874427;0.2928713954306
2.7557870012609262 2.5428671064880652;0.2920910739331
2.7521412753551626 2.5428779029974047;0.2913200707438
2.748505976449595 2.542847358062486;0.2905580679357
2.7448809123936986 2.542775515920303;0.2898047528598
2.741265888504146 2.542662425262443;0.2890598181531
2.737660707595001 2.542508139242678;0.28832296174477
2.7340651700084386 2.542312715479625;0.28759388685913
2.730479073648838 2.5420762160578563;0.2868723020172
2.72690221401677 2.5417987075257913;0.28615792103544
2.7233343842460553 2.5414802608902476;0.28545046302179
2.719775375141406 2.541120951608551;0.2847496523700
2.7162249752181062 2.540720859578017;0.28405521875145
2.7126829707436926 2.5402800691216165;0.28336689710383
2.709149145780465 2.5397986689710574;0.28268442761874
2.7056232822296415 2.5392767522470003;0.2820075557258
2.7021051598782733 2.538714416435993;0.2813360320754
2.698594556446072 2.5381117633642707;0.2806696125182
2.6950912476348785 2.537468899168702;0.2800080580831
2.6915950071794126 2.53678593426459;0.27935113495273
2.688105606899218 2.536062983310852;0.2786986144362
2.6846228167526838 2.535300165171238;0.2780502729410
2.6811464048918756 2.534497602872928;0.27740589194072
2.6776761377187053 2.5336554235621223;0.27676525794256
2.6742117799443554 2.532773758457308;0.2761281624517
2.6707530946467846 2.531852742798115;0.27549440193407
2.667299843332733 2.530892515792501;0.2748637777763
2.6638517859989337 2.5298932205601825;0.27423609624517
2.6604086811957712 2.5288550040733773;0.2736111684436
2.6569702860918083 2.5277780170953528;0.2729888102661
2.6535363565392673 2.5266624141148952;0.2723688423514
2.650106647141183 2.525508353279441;0.27175109003410
2.646680911319235 2.5243159963244937;0.2711353832940
2.643258901382609 2.523085508500183;0.2705215567044
2.639840368598434 2.5218170584969273;0.2699094493787
2.6364250632626898 2.5205108183663456;0.2692989049148
2.6330127347721097 2.5191669634417;0.2686897713393
2.6296031316976443 2.517785672254523;0.26808190104959
2.6261960018570125 2.516367126450075;0.26747515075452
2.6227910923905697 2.5149115106995557;0.2668693814144
2.6193881498353595 2.5134190126108336;0.2662644581796
2.6159869202018884 2.5118898226381754;0.265660250327
2.6125871490504484 2.5103241339870803;0.26505663120119
2.6091885815678086 2.5087221425208;0.26445347814110
2.6057909626452185 2.5070840466624795;0.26385067242373
2.6023940369567296 2.5054100472973686;0.2632480991937
2.5989975490368944 2.5037003476725608;0.2626456473978
2.595601243360079 2.5019551532955804;0.2620432097169
2.5922048644192692 2.500174671831765;0.2614406824992
2.588808156805626 2.4983591130006793;0.2608379656911
2.585410865287634 2.496508688471232;0.26023496276944
2.5820127348903936 2.494623611755571;0.2596315806714
2.57861351097553 2.4927040981024464;0.25902772972649
2.575212939321058 2.4907503643897093;0.2584233235864
2.5718107661992593 2.4887626290173945;0.25781827915609
2.568406738457523 2.4867411117980898;0.25721251652385
2.565000603596878 2.484686033848704;0.25660595889242
2.5615921098499106 2.4825976174818467;0.25599853250931
2.5581810062601353 2.4804760860961674;0.25539016659794
2.554767042759798 2.4783216640675962;0.25478079328878
2.5513499702462075 2.476134576640877;0.25417034755068
2.547929540660341 2.473915049819965;0.25355876712295
2.544505507062561 2.4716633102620937;0.25294599244768
2.5410776237078467 2.46937958516738;0.2523319666023
2.537645646121141 2.467064102173318;0.25171663523325
2.5342093311720926 2.4647170892487025;0.2510999464896
2.530768437147882 2.462338774587708;0.2504818509583
2.527322723825263 2.4599293865055514;0.249862301598
2.523871952543695 2.4574891533354126;0.24924125367933
2.520415886274829 2.4550183033269386;0.24861866471443
2.516954289692004 2.4525170645441645;0.24799449440192
2.513486929239703 2.4499856647677785;0.24736870456201
2.5100135731998767 2.4474243313962725;0.246741259076
2.5065339917587566 2.444833291350095;0.24611212383013
2.503047957071638 2.4422127709774717;0.2454812666506
2.499555243326239 2.4395629959618756;0.2448486572526
2.4960556268057466 2.436884191231117;0.24421426718072
2.4925488859487146 2.4341765808683653;0.24357806975393
2.489034801410055 2.4314403880268256;0.24294004001187
2.4855131561180914 2.4286758348442308;0.24230015466135
2.481983735331702 2.4258831423614593;0.2416583920244
2.478446326694907 2.4230625304410367;0.2410147319876
2.4749007202911595 2.4202142176922212;0.240369155952
2.471346708695153 2.41733842139412;0.2397216467858
2.4677840870231726 2.4144353574239026;0.23907218877483
2.4642126529816526 2.4115052401863264;0.23842076757847
2.4606322069150024 2.4085482825474283;0.23776737018399
2.457042551850203 2.4055646957684953;0.23711198486263
2.4534434935412754 2.402554689445028;0.23645460112724
2.449834840510467 2.3995184714475313;0.23579520969089
2.4462164040902135 2.396456247864415;0.23513380242679
2.4425879984596803 2.3933682229486326;0.23447037232911
2.4389494406828525 2.3902545990664876;0.23380491347532
2.43530055074326 2.3871155766508267;0.23313742098957
2.4316411515769563 2.3839513541541386;0.2324678910070
2.4279710691043515 2.3807621280072238;0.23179632063990
2.424290132259896 2.377548092579913;0.2311227079436
2.42059817301994 2.374309440144308;0.23044705188561
2.41689502642828 2.371046360840037;0.22976935231322
2.4131805306211085 2.3677590426456017;0.2290896099247
2.409454526849951 2.3644476713491716;0.22840782624022
2.405716859501381 2.3611124305234714;0.22772400357349
2.4019673761168 2.357753501503047;0.22703814500559
2.398205927409146 2.354371063366859;0.22635025435893
2.394432367278725 2.350965292918944;0.22566033617244
2.3906465528269725 2.347536364675985;0.22496839567777
2.3868483443680866 2.3440844508567817;0.22427443877640
2.3830376054400597 2.3406097213717856;0.22357847201759
2.379214202813193 2.337112343819;0.22288050257736
2.3753780064967516 2.3335924834798556;0.22218053823815
2.3715288897445896 2.330050303318666;0.22147858736942
2.367666729058983 2.326485963984668;0.22077465890911
2.363791404192463 2.322899623816277;0.22006876234575
2.3599027981488057 2.319291438847592;0.2193609077014
2.3560007971822494 2.315661562817404;0.21865110551566
2.352085290794595 2.3120101471807613;0.21793936682934
2.3481561717316626 2.3083373411226784;0.2172257031703
2.3442133359784885 2.3046432915735875;0.21651012653890
2.340256682751836 2.30092814322743;0.21579264939428
2.3362861144918288 2.2971920385619864;0.21507328464147
2.332301536853639 2.2934351178591963;0.2143520456189
2.3283028586962518 2.289657519231366;0.21362894608668
2.324289992069976 2.2858593786444343;0.21290400021505
2.320262852204454 2.2820408299476442;0.21217722257385
2.316221357492692 2.278202004899991;0.21144862812188
2.3121654294776532 2.274343033204311;0.2107182321974
2.3080949928325647 2.2704640425364695;0.20998605050864
2.304009975346224 2.2665651585808226;0.2092520991243
2.299910307902789 2.262646505064945;0.20851639446606
2.295795924462198 2.2587082037957047;0.20777895329924
2.291666762039768 2.254750374698847;0.2070397927258
2.2875227606836352 2.250773135854859;0.20629893017664
2.2833638634533715 2.246776603541442;0.20555638340400
2.279190016396792 2.2427608922736604;0.20481217047534
2.275001168524758 2.238726114845343;0.20406630976625
2.270797271787375 2.234672382372957;0.2033188199543
2.266578281048211 2.230599804339241;0.20256972001346
2.2623441540578972 2.2265084886370197;0.2018190292073
2.2580948514279937 2.2223985416139196;0.20106676708450
2.2538303366016526 2.2182700681184664;0.20031295347262
2.249550575828432 2.214123171546783;0.19955760847360
2.2452555381334784 2.2099579538880447;0.19880075245829
2.2409451952909345 2.2057745157724953;0.1980424060620
2.2366195217920475 2.2015729565176034;0.1972825901796
2.2322784948168737 2.1973533741761946;0.19652132596093
2.2279220942040987 2.1931158655836556;0.1957586348065
2.2235503024209615 2.188860526406258;0.19499453836350
2.2191631045314786 2.1845874511892465;0.19422905852111
2.2147604881662826 2.18029673340329;0.19346221740679
2.2103424434909997 2.1759884654935147;0.19269403738219
2.2059089631754025 2.171662738926261;0.1919245410392
2.2014600423615125 2.167319644236994;0.19115375119638
2.1969956786321743 2.162959271077704;0.1903816908948
2.192515871979198 2.1585817082629135;0.18960838339466
2.188020624771664 2.1541870438172404;0.1888338521715
2.1835099417240524 2.149775365020905;0.18805812091285
2.17898382986383 2.1453467584561485;0.18728121351401
2.174442298500859 2.1409013100522944;0.18650315407533
2.1698853591946 2.1364391051290794;0.18572396689808
2.1653130257228206 2.131960228443303;0.1849436764813
2.1607253140501053 2.127464764231096;0.18416230751825
2.1561222422950035 2.1229527962511283;0.18337988489279
2.1515038307008076 2.118424407826701;0.18259643367616
2.1468701016032656 2.113879681888123;0.18181197912346
2.142221079399214 2.1093187010126915;0.18102654667012
2.1375567905153754 2.104741547465119;0.18024016192843
2.132877263379202 2.1001483032381;0.17945285068433
2.1281825283863043 2.0955390500890867;0.1786646388936
2.1234726178722494 2.0909138695788485;0.1778755526787
2.118747566081409 2.086272843108503;0.17708561832507
2.1140074091380217 2.081616051956466;0.17629486227788
2.1092521850155768 2.0769435773113156;0.17550331113818
2.104481933508298 2.072255500308401;0.1747109916596
2.0996966962026957 2.06755190206102;0.17391793074491
2.094896516448152 2.0628328636949758;0.17312415544202
2.090081439329112 2.058098466379098;0.1723296929408
2.0852515116372294 2.053348791355977;0.17153457056969
2.0804067818432785 2.0485839199706795;0.17073881579110
2.075547300069938 2.0438039337011773;0.16994245619882
2.0706731180659412 2.03900891418477;0.16914551951390
2.0657842891774636 2.034198943244533;0.16834803358084
2.060880868323126 2.0293741029173837;0.1675500263641
2.0559629119678386 2.0245344754760124;0.1667515259444
2.0510304780964805 2.019680143454259;0.16595256051460
2.0460836261899176 2.0148111896696257;0.16515315837622
2.0411224171988014 2.009927697246619;0.16435334793570
2.0361469135195502 2.005029749635456;0.1635531577003
2.0311571789696203 2.000117430633652;0.16275261627451
2.026153278764945 1.9951908244058696;0.1619517523560
2.0211352794944215 1.990250015499769;0.1611505947319
2.0161032490984687 1.985295088866376;0.16034917227489
2.011057256844321 1.9803261298733337;0.159547513938
2.0059973733053775 1.975343224323143;0.15874564875570
2.0009236703369506 1.970346458466208;0.15794360583
1.9958362210562863 1.965335919015438;0.15714141433895
1.9907350998199498 1.9603116931589692;0.1563391035213
1.9856203822017608 1.955273868572166;0.1555367026801
1.9804921449737265 1.9502225334283445;0.15473424117583
1.975350466084126 1.9451577764115313;0.1539317484221
1.9701954246369546 1.9400796867231447;0.15312925388274
1.965027100872535 1.934988354092586;0.15232678706669
1.959845576147494 1.9298838687852147;0.15152437752478
1.9546509329153432 1.9247663216097872;0.15072205484529
1.9494432547073206 1.9196358039249815;0.14991984865000
1.9442226261125146 1.9144924076444276;0.14911778858995
1.9389891327607844 1.9093362252442292;0.14831590434169
1.933742861303134 1.9041673497653104;0.14751422560291
1.9284838993938012 1.8989858748189525;0.1467127820885
1.9232123356734843 1.8937918945892835;0.14591160352683
1.9179282597497707 1.8885855038356247;0.14511071965481
1.9126317621812823 1.883366797896002;0.14431016021474
1.907322934459428 1.878135872687136;0.14350995494975
1.9020018689921394 1.872892824706312;0.1427101335999
1.8966686590874295 1.8676377510317501;0.1419107258982
1.8913233989355942 1.8623707493216255;0.1411117615665
1.8859661835942654 1.8570919178145895;0.1403132703113
1.8805971089716158 1.851801355327189;0.1395152818199
1.8752162718102139 1.8464991612543231;0.1387178257567
1.8698237696729005 1.8411854355653912;0.1379209317587
1.8644197009249455 1.8358602788026972;0.1371246294317
1.8590041647201265 1.8305237920778283;0.13632894834639
1.853577260986209 1.825176077069128;0.13553391803450
1.8481390904083104 1.8198172360179032;0.13473956798472
1.842689754415613 1.8144473717233283;0.1339459276388
1.8372293551655656 1.8090665875402505;0.1331530263880
1.831757995530111 1.8036749873710587;0.13236089356847
1.8262757790818982 1.7982726756640828;0.13156955845827
1.8207828100788046 1.792859757405809;0.13077905027301
1.8152791934513879 1.7874363381168246;0.1299893981623
1.8097650347878171 1.7820025238437394;0.1292006312058
1.8042404403212153 1.7765584211559111;0.1284127784098
1.7987055169156139 1.7711041371366654;0.12762586870307
1.7931603720529352 1.7656397793772605;0.1268399309335
1.7876051138190128 1.7601654559705067;0.12605499386435
1.782039850891099 1.754681275502975;0.12527108617063
1.7764646925251517 1.74918734704789;0.12448823643552
1.7708797485427532 1.7436837801580838;0.12370647314683
1.7652851293176568 1.7381706848579397;0.12292582469339
1.7596809457644753 1.7326481716355997;0.12214631936167
1.75406730932555 1.7271163514352246;0.12136798533227
1.7484443319585026 1.7215753356488763;0.12059085067649
1.742812126124791 1.7160252361086712;0.11981494335300
1.7371708047768841 1.710466165077891;0.11904029120445
1.7315204813462972 1.7048982352425774;0.11826692195412
1.7258612697328217 1.6993215597047362;0.11749486320283
1.7201932842917638 1.6937362519711574;0.11672414242548
1.714516639823147 1.6881424259465039;0.11595478696804
1.7088314515593768 1.6825401959255848;0.11518682404434
1.703137835154589 1.6769296765813941;0.11442028073288
1.6974359066735487 1.671310982959748;0.11365518397390
1.6917257825805554 1.665684230468551;0.11289156056632
1.6860075797275702 1.6600495348700723;0.11212943716470
1.6802814153455108 1.6544070122721446;0.11136884027647
1.6745474070305153 1.648756779118031;0.11060979625875
1.6688056727359286 1.6430989521791273;0.10985233131578
1.6630563307608335 1.6374336485454104;0.10909647149598
1.6572994997398884 1.631760985617352;0.10834224268928
1.6515352986328815 1.6260810810962516;0.10758967062428
1.645763846714973 1.6203940529760474;0.1068387808657
1.6399852635660097 1.6147000195342505;0.10608959881173
1.634199669062339 1.6089990993246213;0.10534214969144
1.62840718336491 1.6032914111668084;0.10459645856225
1.6226079269112057 1.597577074138692;0.1038525503074
1.6168020204057632 1.5918562075683333;0.10311044963398
1.6109895848097515 1.5861289310238056;0.10237018106952
1.6051707413324467 1.5803953643065132;0.10163176896065
1.5993456114226199 1.5746556274438805;0.10089523747047
1.5935143167588157 1.5689098406771773;0.10016061057616
1.5876769792410583 1.5631581244580801;0.09942791206699
1.581833720981272 1.55740059943789;0.09869716554206
1.5759846642961775 1.551637386459303;0.09796839440823
1.5701299316978738 1.5458686065505376;0.09724162187813
1.5642696458851846 1.5400943809160348;0.09651687096805
1.5584039297370036 1.5343148309287487;0.09579416449608
1.5525329063024265 1.5285300781235565;0.09507352508014
1.5466566987939343 1.5227402441889764;0.0943549751361
1.5407754305796302 1.5169454509602596;0.09363853687621
1.5348892251755704 1.5111458204120678;0.09292423230692
1.5289982062380134 1.5053414746509843;0.09221208322752
1.5231024975559435 1.4995325359083818;0.0915021112282
1.5172022230445938 1.4937191265344427;0.09079433768893
1.5112975067370928 1.4879013689904446;0.09008878377701
1.5053884727791043 1.4820793858427264;0.08938547044643
1.4994752454212235 1.4762532997557023;0.08868441843593
1.4935579490118331 1.4704232334852403;0.08798564826759
1.4876367079917199 1.4645893098732232;0.08728918024559
1.4817116468867813 1.458751651840876;0.08659503445477
1.4757828903021297 1.452910382381102;0.08590323075924
1.4698505629155663 1.4470656245552778;0.08521378880131
1.4639147894728515 1.4412175014874586;0.08452672800027
1.4579756947802778 1.4353661363550996;0.08384206755102
1.4520334036992253 1.42951165238704;0.08315982642309
1.446088041142933 1.4236541728576209;0.08248002335972
1.4401397320680662 1.4177938210800636;0.08180267687657
1.4341886014711536 1.4119307204014848;0.08112780526079
1.4282347743823707 1.406064994199301;0.08045542657016
1.4222783758615563 1.4001967658752146;0.07978555863211
1.416319530993778 1.3943261588508624;0.07911821904297
1.410358364883066 1.3884532965624399;0.07845342516696
1.4043950026485978 1.3825783024575855;0.07779119413555
1.3984295694207183 1.3767012999899448;0.077131542846
1.3924621903359942 1.370822412615429;0.076474487964
1.3864929905334737 1.3649417637871348;0.07582004591640
1.380522095150771 1.3590594769532995;0.07516823289709
1.374549629319467 1.3531756755518636;0.07451906486326
1.3685757181622324 1.3472904830077874;0.07387255753547
1.3626004867892745 1.3414040227288637;0.07322872639711
1.356624060293473 1.33551641810223;0.07258758669388
1.3506465637486864 1.329627792491447;0.07194915343347
1.3446681222054244 1.3237382692329425;0.0713134413850
1.3386888606888938 1.3178479716339266;0.07068046507902
1.3327089041945845 1.3119570229681545;0.07005023880656
1.3267283776867653 1.3060655464740722;0.06942277661941
1.3207474060953357 1.30017366535171;0.06879809232959
1.3147661143127864 1.2942815027606056;0.06817619950917
1.3087846271928538 1.288389181816763;0.06755711149007
1.302803069547076 1.2824968255904892;0.06694084136388
1.2968215661427251 1.2766045571049713;0.06632740198174
1.2908402417021414 1.2707124993337182;0.06571680595429
1.2848592208989729 1.2648207751982614;0.0651090656515
1.2788786283578497 1.2589295075669096;0.06450419320274
1.2728985886509347 1.2530388192529838;0.06390220049661
1.2669192262981572 1.2471488330126779;0.06330309918113
1.2609406657650646 1.241259671544786;0.06270690066370
1.2549630314609912 1.2353714574879693;0.06211361611117
1.2489864477387658 1.2294843134207027;0.061523256449963
1.2430110388923161 1.2235983618593869;0.060935832366162
1.2370369291570402 1.2177137252578616;0.06035135430573
1.2310642427081715 1.2118305260060425;0.05976983247465
1.2250931036597998 1.2059488864296424;0.05919127683911
1.2191236360644433 1.2000689287885065;0.058615697125740
1.213155963912726 1.1941907752777;0.058043102821898
1.2071902111321313 1.1883145480248651;0.057473503175873
1.2012265015876766 1.1824403690923557;0.0569069071973
1.1952649590807438 1.1765683604744308;0.056343323657382
1.1893057073493796 1.1706986440987512;0.055782761089244
1.183348870067884 1.1648313418256062;0.0552252277883
1.1773945708470717 1.1589665754479062;0.05467073181277
1.1714429332339231 1.1531044666919554;0.05411928098379
1.1654940807122638 1.14724513721642;0.05357088288613
1.1595481367031832 1.1413887086137984;0.0530255448685
1.153605224564593 1.1355353024093755;0.052483274044020
1.1476654675918112 1.129685040063401;0.05194407729070
1.1417289890188365 1.1238380429700272;0.05140796125197
1.1357959120185086 1.117994432458959;0.05087493233722
1.1298663597031067 1.1121543297954237;0.05034499672225
1.1239404551251466 1.106317856181279;0.049818160349898
1.11801832127789 1.1004851327556655;0.04929442893052
1.1121000810970287 1.094656280596455;0.04877380794272
1.106185857460605 1.0888314207199659;0.048256302633758
1.1002757731909703 1.0830106740825525;0.047741918020288
1.0943699510554608 1.0771941615830094;0.04723065888899
1.0884685137673817 1.0713820040613842;0.046722529797135
1.0825715839878127 1.0655743223016994;0.04621753507329
1.0766792843260962 1.0597712370332812;0.045715678817981
1.070791737342026 1.0539728689306584;0.04521696490435
1.0649090655459426 1.0481793386170601;0.04472139697886
1.0590313914023257 1.0423907666640557;0.044228978462043
1.0531588373287168 1.0366072735936793;0.043739712549115
1.0472915256993085 1.0308289798804338;0.04325360221081
1.0414295788455032 1.025056005952017;0.04277065019408
1.03557311905742 1.0192884721908553;0.04229085902276
1.0297222685862326 1.01352649893684;0.041814230998479
1.0238771496455137 1.0077702064880025;0.04134076820131
1.0180378844128808 1.00201971510287;0.040870472490624
1.0122045950318825 0.9962751450015072;0.04040334550581
1.0063774036135924 0.9905366163675688;0.039939388667116
1.0005564322387066 0.9848042493507936;0.039478603176448
0.9947418029596145 0.9790781640680573;0.03902099001820
0.9889336378012862 0.973358480605145;0.03856654996002
0.9831320587646242 0.967645319019557;0.03811528355372
0.9773371878269275 0.9619387993410456;0.037667191136053
0.9715491469447614 0.9562390415749891;0.037222272829571
0.9657680580554171 0.95054616570297;0.03678052854348
0.9599940430793553 0.9448602916857038;0.03634195797454
0.9542272239214217 0.9391815394644655;0.035906560607859
0.9484677224738159 0.9335100289634546;0.035474335717836
0.942715660616911 0.9278458800908361;0.03504528236897
0.9369711602221825 0.922189212742278;0.03461939941683
0.931234343153388 0.9165401468008664;0.034196685508868
0.9255053312693077 0.9108988021410921;0.033777139085361
0.9197842464252104 0.9052652986293956;0.033360758380314
0.9140712104747435 0.8996397561263869;0.032947541422344
0.9083663452719628 0.8940222944891779;0.03253748603561
0.902669772673286 0.8884130335730789;0.03213058984075
0.8969816145392919 0.8828120932327457;0.03172685025576
0.8913019927369473 0.8772195933254721;0.03132626449698
0.8856310291408656 0.8716356537118873;0.030928829579992
0.8799688456354268 0.8660603942582586;0.030534542320565
0.8743155641166591 0.8604939348380174;0.03014339933561
0.8686713064936492 0.8549363953334824;0.029755397044122
0.86303619469052 0.8493878956377824;0.02937053166812
0.857410350648006 0.8438485556563105;0.028988799233646
0.8517938963252207 0.8383184953087073;0.028610195571684
0.8461869537010083 0.8327978345298053;0.028234716319149
0.8405896447754796 0.8272866932721098;0.02786235691986
0.8350020915718144 0.8217851915063279;0.02749311262552
0.829424416137169 0.816293449223093;0.02712697849668
0.8238567405446143 0.8108115864346512;0.026763949403730
0.8182991868940125 0.805339723176044;0.02640402002789
0.8127518773134569 0.7998779795060039;0.026047184862244
0.807214933960259 0.7944264755083712;0.02569343821264
0.8016884790221842 0.7889853312931046;0.02534277419878
0.7961726347187803 0.7835546669981696;0.024995186755248
0.7906675233015166 0.7781346027887744;0.024650669632398
0.7851732670551185 0.7727252588599497;0.024309216397490
0.779689988298994 0.7673267554362196;0.023970820435675
0.7742178093865522 0.7619392127727351;0.023635474950994
0.7687568527070219 0.7565627511564541;0.023303172967458
0.7633072406853129 0.7511974909053057;0.02297390733003
0.7578690957823424 0.7458435523696763;0.02264767070571
0.7524425404959242 0.7405010559324743;0.02232445558456
0.7470276973604772 0.7351701220095853;0.022004254280754
0.7416246889471177 0.7298508710493615;0.021687058933641
0.7362336378638038 0.724543423533361;0.021372861508814
0.73085466675511 0.7192478999756147;0.021061653799158
0.7254878983023014 0.7139644209230221;0.020753427425959
0.7201334552222154 0.7086931069540603;0.020448173839928
0.7147914602673705 0.7034340786796339;0.020145884322347
0.7094620362250417 0.6981874567412711;0.019846549986117
0.7041453059164897 0.6929533618108911;0.019550161776871
0.6988413921961295 0.6877319145901215;0.01925671047409
0.6935504179504142 0.6825232358086976;0.018966186692196
0.6882725060965592 0.6773274462238724;0.018678580881679
0.6830077795810118 0.6721446666187687;0.01839388333022
0.6777563613785937 0.6669750178012881;0.018112084163843
0.6725183744898255 0.6618186206017382;0.017833173348016
0.6672939419398494 0.6566755958718711;0.01755714068883
0.6620831867760057 0.6515460644824259;0.017283975834175
0.6568862320658456 0.6464301473210857;0.01701366827
0.6517032008944919 0.6413279652903835;0.016746207345714
0.6465342163623884 0.6362396393050143;0.016481582227035
0.6413794015823382 0.6311652902892166;0.016219781945481
0.6362388796765518 0.626105039173884;0.01596079537542
0.6311127737737545 0.6210590068936718;0.01570461124011
0.6260012070056004 0.6160273143836147;0.015451218112951
0.6209043025033179 0.6110100825759384;0.015200604418644
0.6158221833937391 0.6060074323959467;0.014952758434494
0.6107549727955527 0.6010194847585812;0.014707668291635
0.6057027938150686 0.5960463605641831;0.014465321976294
0.600665769541768 0.5910881806942885;0.01422570733106
0.5956440230435843 0.5861450660068861;0.013988812056183
0.590637677362396 0.5812171373320587;0.013754623710841
0.5856468555085597 0.5763045154668587;0.013523129714480
0.5806716804557858 0.5714073211699803;0.013294317348114
0.5757122751352797 0.5665256751562217;0.013068173755655
0.570768762430369 0.5616596980913208;0.012844685945278
0.565841265170132 0.5568095105854733;0.012623840790766
0.5609299061229026 0.5519752331870575;0.012405625032872
0.556034807989853 0.5471569863769477;0.012190025280730
0.5511560933981468 0.5423548905608745;0.011977028013235
0.5462938848937527 0.537569066062955;0.011766619580473
0.541448304933758 0.5327996331181429;0.011558786205131
0.5366194758790421 0.5280467118650249;0.011353513983964
0.5318075199860279 0.5233104223377398;0.011150788889246
0.5270125593983681 0.5185908844576956;0.010950596770238
0.5222347161383593 0.5138882180254654;0.010752923354689
0.5174741120980748 0.5092025427120108;0.010557754250347
0.512730869030105 0.5045339780495282;0.010365074946476
0.5080051085381596 0.49988264342234184;0.010174870815409
0.5032969520669139 0.4952486580567762;0.009987127114091
0.4986065208919956 0.4906321410118149;0.00980182898567
0.4939339361096291 0.4860332111682825;0.009618961461089
0.48927931862565716 0.4814519872186888;0.009438509460701
0.48464278914433356 0.47688858765605063;0.009260457795896
0.4800244681568009 0.4723431307625622;0.009084791170755
0.4754244759294956 0.46781573459807063;0.008911494183723
0.47084293249147585 0.4633065169881883;0.008740551329291
0.4662799576222423 0.45881559551182555;0.008571946999713
0.4617356708386585 0.4543430874886312;0.008405665486731
0.45721019138168484 0.4498891099659628;0.008241690983327
0.4527036382026944 0.4454537797054595;0.008080007585491
0.44821612994959215 0.44103721316925215;0.007920599294015
0.44374778495209943 0.43663952650610205;0.007763450016299
0.439298721207285 0.432260835536567;0.007608543568193
0.43486905636424517 0.42790125573824994;0.007455863675845
0.4304589077084976 0.4235609022307017;0.007305393977578
0.4260683921462628 0.4192398897596221;0.007157118025797
0.4216976261878605 0.4149383326809579;0.007011019288901
0.41734672593109584 0.4106563449442795;0.006867081153227
0.41301580704409846 0.4063940400760864;0.006725286925019
0.4087049847477543 0.40215153116273245;0.006585619832417
0.40441437379775286 0.3979289308326921;0.006448063027466
0.40014408846636634 0.39372635123838073;0.00631259958815
0.39589424252346567 0.3895439040382038;0.006179212520461
0.39166494921743644 0.3853817003771984;0.00604788476045
0.3874563212555624 0.3812398508681186;0.005918599176395
0.3832684707840229 0.37711846557173495;0.005791338570832
0.37910150936727854 0.3730176539767476;0.005666085682796
0.37495554796746644 0.3689375249793096;0.005542823189953
0.3708306969229206 0.36487818686210777;0.005421533710808
0.3667270659265025 0.36083974727299384;0.005302199806924
0.3626447640035186 0.3568223132034951;0.005184803985177
0.3585838994890082 0.35282599096641537;0.005069328700016
0.3545445800048805 0.34885088617332677;0.004955756355762
0.35052691243639506 0.3448971037116427;0.004844069308923
0.3465310029084044 0.34096474772111995;0.004734249870539
0.3425569567611103 0.3370539215701993;0.004626280308540
0.33860487852511145 0.3331647278314963;0.0045201428501374
0.3346748718966365 0.32929726825739536;0.004415819684232
0.33076703971174587 0.3254516437548342;0.004313292963850
0.32688148392039695 0.3216279543597162;0.004212544808595
0.32301830556027755 0.31782629921135575;0.004113557307130
0.31917760472965373 0.3140467765258458;0.00401631251967
0.315359480560493 0.3102894835693505;0.003920792480540
0.3115640311907346 0.30655451663128147;0.003826979200646
0.30779135373618194 0.30284197099642995;0.0037348546701161
0.3040415442622112 0.2991519409173928;0.003644400860848
0.3003146977549494 0.2954845195860257;0.0035555997291270
0.29661090809206 0.29183979910488456;0.0034684332182477
0.29293026801310096 0.28821787045816155;0.0033828832611650
0.2892728690896369 0.2846188234821669;0.0032989317831583
0.2856388016948928 0.2810427468357601;0.0032165607045180
0.282028154973151 0.2774897279700384;0.0031357519432479
0.27844101680849254 0.2739598530977905;0.003056487417782
0.27487747379367433 0.2704532071628611;0.0029787490497303
0.2713376111982295 0.26696987380888637;0.002902518766622
0.26782151293642037 0.2635099353476167;0.002827778504682
0.26432926153496056 0.2600734727275019;0.0027545102116128
0.26086093810021277 0.2566605655012692;0.002682695849391
0.25741662228532003 0.2532712917935242;0.0026123173970835
0.2539963922569022 0.24990572826836627;0.0025433568536654
0.25060032466154314 0.24656395009611748;0.0024757962408612
0.24722849459194496 0.24324603092032257;0.002409617605988
0.24388097555291235 0.2399520428241616;0.0023448030248154
0.2405578394271821 0.23668205629688832;0.0022813346044254
0.2372591564408336 0.2334361401998872;0.0022191944860916
0.2339849951286659 0.23021436173262252;0.00215836484815
0.23073542229923885 0.2270167863983165;0.002098827908915
0.2275105029999616 0.2238434779696072;0.0020405659295140
0.2243103004818143 0.2206944984538442;0.001983561216834
0.2211348761640797 0.21756990805853066;0.0019277961263964
0.2179842895989215 0.21446976515637317;0.0018732530652572
0.2148585984358677 0.21139412625040793;0.0018199144949056
0.2117578583861552 0.20834304593904202;0.001767762934160
0.20868212318718476 0.2053165768810598;0.0017167809620666
0.20563144456675292 0.20231476976036414;0.0016669512207810
0.20260587220742807 0.19933767325106522;0.0016182564184620
0.19960545371083077 0.19638533398242794;0.0015706793321455
0.1966302345620758 0.19345779650369505;0.0015242028106162
0.19368025809416647 0.19055510324923902;0.0014788097772681
0.19075556545249492 0.18767729450372167;0.0014344832329549
0.1878561955595303 0.18482440836721892;0.0013912062588269
0.18498218507953842 0.18199648072054633;0.001348962019153
0.18213356838358055 0.179193545190932;0.0013077337641342
0.17931037751459034 0.17641563311765657;0.0012675048326842
0.17651264215279305 0.17366277351796752;0.0012282586552108
0.17374038958127694 0.1709349930533262;0.0011899787563628
0.17099364465188904 0.1682323159958029;0.001152648757760
0.1682724297514693 0.16555476419488757;0.0011162523807003
0.1655767647683605 0.16290235704452302;0.0010807734488379
0.1629066670593279 0.16027511145063408;0.0010461958908390
0.1602621514168806 0.1576730417989242;0.0010125037430051
0.1576432300370688 0.15509615992320025;0.0009796811518684
0.15504991248760802 0.15254447507409155;0.0009477123767528
0.15248220567671325 0.15001799388830656;0.0009165817923033
0.14994011382228858 0.14751672035833585;0.0008862738909778
PointOptimal;ValeurOptimale
[0.14994011 0.14751672];0.0008862738909778782
Temps;Nb iteration
0.05939817428588867;1000