Point;Valeur
-14.116735762246543 -2.158491961915433;203.78890962060
-14.115154623416458 -2.1569108230853486;203.7391319857
-14.112975173949426 -2.154731373629788;203.67050033061
-14.110372290954185 -2.152128490687111;203.58850735607
-14.107440141631168 -2.1491963415073836;203.49610665681
-14.104240493338589 -2.145996693518274;203.3952332262
-14.100817925087126 -2.142574125818377;203.28728212745
-14.09720647457625 -2.1389626762114804;203.17331759543
-14.093433105333274 -2.135189308343142;203.05418205858
-14.089519733212917 -2.131275938197541;202.93055982625
-14.085484509564914 -2.127240717262302;202.80301738915
-14.08134268355505 -2.123098894846766;202.67203048294
-14.077107208934947 -2.118863424849115;202.53800311656
-14.072789186873838 -2.11454540858564;202.40128144832
-14.068398198859095 -2.1101544276889803;202.2621642086
-14.063942563137987 -2.1056988005478026;202.12091072246
-14.059429536326396 -2.1011857839137007;201.9777472113
-14.054865474655324 -2.096621734146143;201.83287183015
-14.050255964833772 -2.0920122380740396;201.68645875137
-14.045605931590533 -2.08736222053649;201.5386615201
-14.040919727009026 -2.0826760337167975;201.38961583886
-14.036201205433766 -2.0779575320483668;201.23944190166
-14.031453786790966 -2.0732101355349286;201.08824636616
-14.026680510496092 -2.0684368836579328;200.9361240320
-14.021884081633635 -2.0636404815563036;200.7831592781
-14.017066910733256 -2.058823339802751;200.62942730072
-14.012231148195314 -2.053987608829584;200.47499518379
-14.007378714212148 -2.049135208850385;200.31992283052
-14.002511324872163 -2.0442678559645984;200.16426377504
-13.997630515009522 -2.039387085007784;200.0080658933
-13.992737658264227 -2.034494269612331;199.85137202734
-13.987833984739387 -2.0295906398653907;199.69422053434
-13.982920596579762 -2.024677297888117;199.53664577181
-13.977998481744889 -2.0197552316095058;199.37867852612
-13.973068526208609 -2.0148253269666307;199.22034639240
-13.968131524782644 -2.009888378728934;199.06167411165
-13.963188190733629 -2.00494510011595;198.90268387031
-13.958239164339377 -1.9999961313542374;198.74339556701
-13.953285020510378 -1.9950420472995234;198.58382705015
-13.948326275585835 -1.990083364233352;198.42399432990
-13.943363393399382 -1.9851205459293795;198.26391176752
-13.938396790697567 -1.9801540090723915;198.1035922444
-13.933426841983835 -1.975184128102785;197.94304731372
-13.928453883851876 -1.9702112395503801;197.78228733530
-13.923478218864556 -1.9652356459137592;197.62132159740
-13.918500119027959 -1.9602576191347008;197.46015842520
-13.913519828904374 -1.9552774037114944;197.29880527822
-13.908537568402952 -1.950295219489906;197.13726883780
-13.903553535282423 -1.9453112641661567;196.9755550854
-13.898567907396371 -1.9403257155324332;196.81366937333
-13.893580844708204 -1.9353387334920524;196.6516164874
-13.88859249109995 -1.9303504618684335;196.48940070425
-13.883602975996414 -1.9253610300293889;196.32702584209
-13.878612415823865 -1.920370554345927;196.16449530662
-13.873620915320389 -1.915379139502701;196.00181213221
-13.86862856871322 -1.9103868796754058;195.83897901898
-13.863635460776724 -1.905393859588816;195.67599836610
-13.858641667783285 -1.9004001554677001;195.51287230174
-13.853647258358047 -1.8954058358915786;195.3496027100
-13.84865229424732 -1.8904109625631387;195.18619125535
-13.843656831009461 -1.885415590999105;195.0226394039
-13.838660918636112 -1.880419771151451;194.85894844395
-13.833664602110845 -1.8754235479660228;194.69511950248
-13.828667921911586 -1.8704269618849245;194.53115356204
-13.823670914462495 -1.865430049298353;194.36705147452
-13.818673612540413 -1.860432842951;194.20281397420
-13.813676045640475 -1.8554353723076054;194.03844168925
-13.80867824030499 -1.8504376638817888;193.87393515221
-13.803680220419317 -1.845439741531859;193.7092948093
-13.798682007478034 -1.8404416267269292;193.54452102917
-13.793683620824417 -1.8354433387863263;193.37961410989
-13.788685077865894 -1.830444895094984;193.2145742864
-13.783686394267892 -1.825446311297233;193.0494017364
-13.778687584128267 -1.8204476014711575;192.88409658596
-13.77368866013424 -1.815448778285475;192.71865891440
-13.768689633703612 -1.8104498531406896;192.55308875897
-13.763690515111838 -1.8054508362961017;192.38738611876
-13.75869131360636 -1.8004517369840887;192.22155095840
-13.753692037509504 -1.795452563512938;192.0555832113
-13.748692694311066 -1.7904533233593787;191.88948278274
-13.743693290751622 -1.7854540232518437;191.72324955226
-13.738693832897512 -1.780454669245393;191.55688337632
-13.733694326208303 -1.7754552667891346;191.39038409031
-13.728694775597507 -1.7704558207868917;191.22375151055
-13.723695185487223 -1.7654563356517965;191.0569854359
-13.718695559857306 -1.7604568153554179;190.8900856497
-13.713695902289611 -1.7554572634719683;190.72305192068
-13.708696216007827 -1.7504576832180865;190.55588400449
-13.7036965039133 -1.7454580774886364;190.38858164493
-13.69869676861729 -1.7404584488889219;190.22114457483
-13.693697012469999 -1.7354587997636772;190.05357251704
-13.68869723758668 -1.7304591322231542;189.885865185
-13.683697445871156 -1.7254594481665986;189.71802228465
-13.67869763903696 -1.720459749303376;189.55004351284
-13.673697818626385 -1.7154600371719833;189.38192856020
-13.668697986027615 -1.710460313157156;189.21367711051
-13.663698142490137 -1.7054605785052646;189.0452888414
-13.658698289138625 -1.7004608343381675;188.87676342517
-13.653698426985425 -1.6954610816656803;188.7081005283
-13.648698556941794 -1.6904613213967936;188.53929981284
-13.643698679828015 -1.6854615543497697;188.37036093596
-13.638698796382503 -1.6804617812612286;188.20128355067
-13.63369890726999 -1.6754620027943232;188.03206730588
-13.628699013088902 -1.6704622195460979;187.86271184669
-13.623699114377994 -1.6654624320541087;187.6932168145
-13.61869921162232 -1.6604626408023822;187.5235818475
-13.613699305258608 -1.6554628462267766;187.35380658048
-13.608699395680098 -1.650463048719808;187.18389064496
-13.603699483240888 -1.6454632486349905;187.01383366968
-13.598699568259859 -1.640463446290745;186.84363528045
-13.593699651024194 -1.6354636419739152;186.6732951003
-13.588699731792554 -1.6304638359429309;186.50281274961
-13.583699810797935 -1.6254640284306558;186.3321878461
-13.578699888250231 -1.6204642196469505;186.16142000515
-13.573699964338553 -1.6154644097809772;185.99050883945
-13.568700039233308 -1.6104645990032749;185.81945395946
-13.563700113088071 -1.6054647874676276;185.64825497322
-13.558700186041271 -1.6004649753127431;185.47691148651
-13.55370025821771 -1.5954651626637661;185.30542310282
-13.548700329729924 -1.5904653496336385;185.13378942344
-13.543700400679418 -1.5854655363243235;184.96201004741
-13.538700471157767 -1.5804657228279084;184.79008457165
-13.533700541247612 -1.575465909227595;184.61801259088
-13.528700611023554 -1.5704660955985932;184.4457936977
-13.523700680552967 -1.5654662820089225;184.2734274826
-13.518700749896714 -1.5604664685201355;184.10091353399
-13.513700819109808 -1.5554666551879681;183.92825143807
-13.508700888241993 -1.5504668420629246;183.75544077903
-13.503700957338278 -1.5454670291908035;183.58248113895
-13.49870102643941 -1.5404672166131723;183.40937209785
-13.493701095582303 -1.5354674043677936;183.23611323362
-13.488701164800423 -1.5304675924890088;183.06270412210
-13.483701234124137 -1.5254677810080832;182.88914433703
-13.47870130358102 -1.5204679699535175;182.71543345006
-13.473701373196146 -1.5154681593513264;182.54157103076
-13.468701442992328 -1.510468349225291;182.3675566465
-13.463701512990358 -1.5054685395971852;182.1933898629
-13.458701583209201 -1.5004687304869793;182.01907024299
-13.453701653666188 -1.4954689219130235;181.8445973479
-13.448701724377178 -1.4904691138922135;181.66997073683
-13.443701795356706 -1.4854693064401383;181.49518996648
-13.438701866618121 -1.4804694995712144;181.32025459167
-13.433701938173707 -1.475469693298806;181.14516416496
-13.428702010034787 -1.4704698876353335;180.96991823679
-13.423702082211825 -1.4654700825923705;180.79451635541
-13.418702154714516 -1.4604702781807324;180.61895806689
-13.413702227551862 -1.4554704744105542;180.44324291510
-13.408702300732244 -1.450470671291363;180.26737044169
-13.403702374263487 -1.4454708688321412;180.09134018611
-13.398702448152918 -1.4404710670413838;179.91515168556
-13.393702522407418 -1.4354712659271514;179.73880447501
-13.38870259703347 -1.4304714654971156;179.56229808715
-13.3837026720372 -1.4254716657586022;179.3856320524
-13.378702747424418 -1.4204718667186285;179.20880589891
-13.373702823200645 -1.4154720683839372;179.03181915250
-13.368702899371154 -1.4104722707610278;178.85467133669
-13.36370297594099 -1.4054724738561837;178.67736197267
-13.358703052914999 -1.4004726776754972;178.49989057926
-13.353703130297847 -1.3954728822248925;178.32225667296
-13.348703208094044 -1.3904730875101452;178.14445976784
-13.343703286307962 -1.3854732935369012;177.96649937562
-13.33870336494385 -1.3804735003106925;177.78837500558
-13.33370344400585 -1.3754737078369526;177.61008616460
-13.32870352349801 -1.3704739161210295;177.43163235711
-13.323703603424295 -1.3654741251681983;177.25301308507
-13.3187036837886 -1.3604743349836714;177.07422784798
-13.31370376459476 -1.3554745455726092;176.89527614283
-13.308703845846553 -1.3504747569401276;176.71615746414
-13.30370392754772 -1.3454749690913077;176.5368713038
-13.298704009701959 -1.3404751820312022;176.35741715140
-13.293704092312943 -1.3354753957648415;176.17779449366
-13.288704175384316 -1.3304756102972408;175.99800281490
-13.283704258919705 -1.325475825633405;175.81804159683
-13.278704342922724 -1.3204760417783326;175.6379103185
-13.273704427396975 -1.315476258737022;175.45760845639
-13.268704512346057 -1.3104764765144739;175.27713548426
-13.263704597773566 -1.3054766951156958;175.09649087325
-13.2587046836831 -1.3004769145457051;174.9156740917
-13.253704770078256 -1.2954771348095326;174.7346846055
-13.248704856962647 -1.2904773559122242;174.55352187764
-13.243704944339889 -1.2854775778588448;174.3721853682
-13.238705032213614 -1.280477800654479;174.19067453484
-13.233705120587464 -1.275478024304235;174.00898883215
-13.2287052094651 -1.2704782488132453;173.82712771206
-13.223705298850197 -1.2654784741866691;173.64509062365
-13.218705388746454 -1.2604787004296938;173.4628770131
-13.213705479157586 -1.2554789275475362;173.28048632388
-13.208705570087334 -1.2504791555454449;173.0979179963
-13.20370566153946 -1.2454793844287002;172.91517146811
-13.198705753517753 -1.2404796142026167;172.73224617378
-13.193705846026024 -1.2354798448725435;172.54914154506
-13.188705939068113 -1.2304800764438661;172.36585701064
-13.183706032647885 -1.2254803089220072;172.18239199625
-13.178706126769239 -1.220480542312427;171.99874592458
-13.173706221436097 -1.2154807766206246;171.8149182153
-13.168706316652418 -1.2104810118521394;171.63090828501
-13.163706412422187 -1.2054812480125512;171.44671554723
-13.15870650874942 -1.2004814851074814;171.26233941236
-13.15370660563817 -1.1954817231425934;171.0777792877
-13.148706703092522 -1.1904819621235936;170.89303457737
-13.14370680111659 -1.1854822020562326;170.70810468234
-13.138706899714528 -1.1804824429463048;170.52298900036
-13.133706998890522 -1.1754826847996502;170.3376869259
-13.128707098648796 -1.1704829276221542;170.15219785044
-13.123707198993607 -1.165483171419749;169.96652116181
-13.118707299929252 -1.1604834161984137;169.7806562447
-13.113707401460061 -1.1554836619641748;169.59460248078
-13.108707503590407 -1.150483908723108;169.40835924783
-13.1037076063247 -1.1454841564813372;169.22192592064
-13.098707709667387 -1.1404844052450362;169.03530187047
-13.093707813622954 -1.135484655020429;168.8484864652
-13.08870791819593 -1.1304849058137905;168.6614790692
-13.08370802339088 -1.1254851576314469;168.47427904354
-13.078708129212416 -1.1204854104797763;168.2868857455
-13.073708235665187 -1.11548566436521;168.0992985291
-13.068708342753887 -1.110485919294232;167.91151674464
-13.063708450483249 -1.1054861752733804;167.72353973890
-13.058708558858052 -1.1004864323092478;167.53536685503
-13.05370866788312 -1.095486690408482;167.34699743257
-13.048708777563315 -1.0904869495777862;167.15843080738
-13.04370888790355 -1.0854872098239208;166.96966631160
-13.038708998908781 -1.080487471153702;166.78070327367
-13.03370911058401 -1.0754877335740045;166.59154101828
-13.028709222934282 -1.0704879970917611;166.4021788663
-13.023709335964694 -1.0654882617139632;166.21261613490
-13.01870944968039 -1.060488527447662;166.02285213725
-13.013709564086557 -1.0554887942999691;165.8328861827
-13.008709679188437 -1.0504890622780563;165.6427175768
-13.003709794991314 -1.0454893313891578;165.45234562109
-12.998709911500528 -1.0404896016405694;165.26176961307
-12.993710028721464 -1.0354898730396502;165.0709888463
-12.988710146659564 -1.0304901455938227;164.8800026104
-12.983710265320314 -1.0254904193105738;164.68881019092
-12.978710384709258 -1.0204906941974556;164.49741086910
-12.97371050483199 -1.0154909702620856;164.30580392228
-12.968710625694158 -1.0104912475121477;164.1139886235
-12.963710747301462 -1.0054915259553934;163.9219642418
-12.95871086965966 -1.000491805599642;163.72973004186
-12.95371099277456 -0.9954920864527812;163.5372852840
-12.948711116652033 -0.9904923685227687;163.3446292244
-12.943711241297999 -0.985492651817632;163.1517611149
-12.938711366718438 -0.9804929363454699;162.95868020296
-12.93371149291939 -0.9754932221144527;162.76538573155
-12.92871161990695 -0.9704935091328234;162.57187693929
-12.923711747687275 -0.9654937974088987;162.37815306033
-12.918711876266578 -0.9604940869510693;162.1842133242
-12.913712005651135 -0.955494377767801;161.99005695619
-12.908712135847285 -0.9504946698676355;161.79568317658
-12.903712266861424 -0.9454949632591915;161.6010912012
-12.898712398700017 -0.940495257951165;161.40628024154
-12.893712531369586 -0.9354955539523307;161.21124950382
-12.88871266487672 -0.930495851271543;161.0159981898
-12.883712799228077 -0.9254961499177362;160.82052549675
-12.878712934430373 -0.9204964498999262;160.62483061655
-12.873713070490396 -0.9154967512272107;160.42891273660
-12.868713207415 -0.910497053908771;160.2327710393
-12.863713345211107 -0.905497357953872;160.0364047021
-12.858713483885706 -0.9004976633718639;159.83981289756
-12.853713623445861 -0.8954979701721828;159.6429947930
-12.8487137638987 -0.8904982783643518;159.4459495509
-12.843713905251427 -0.8854985879579822;159.24867632859
-12.838714047511317 -0.8804988989627742;159.05117427805
-12.833714190685718 -0.8754992113885182;158.8534425462
-12.828714334782054 -0.8704995252450954;158.65548027490
-12.82371447980782 -0.8654998405424797;158.45728660034
-12.818714625770593 -0.8605001572907379;158.25886065364
-12.813714772678019 -0.8555004755000312;158.06020156047
-12.80871492053783 -0.8505007951806164;157.86130844107
-12.80371506935783 -0.8455011163428469;157.66218041019
-12.798715219145908 -0.8405014389971738;157.46281657710
-12.793715369910032 -0.8355017631541471;157.26321604545
-12.78871552165825 -0.8305020888244171;157.06337791330
-12.783715674398696 -0.825502416018735;156.86330127304
-12.778715828139585 -0.8205027447479548;156.66298521131
-12.77371598288922 -0.8155030750230341;156.46242880903
-12.768716138655986 -0.8105034068550355;156.26163114126
-12.763716295448358 -0.8055037402551277;156.06059127720
-12.758716453274898 -0.800504075234587;155.85930828014
-12.753716612144258 -0.7955044118047986;155.65778120736
-12.748716772065178 -0.7905047499772575;155.45600911014
-12.743716933046494 -0.7855050897635706;155.25399103366
-12.738717095097131 -0.7805054311754572;155.051726016
-12.73371725822611 -0.7755057742247512;154.84921309291
-12.728717422442545 -0.7705061189234018;154.64645128809
-12.723717587755647 -0.7655064652834753;154.44343962280
-12.718717754174728 -0.7605068133171564;154.24017711096
-12.713717921709193 -0.7555071630367498;154.03666276009
-12.708718090368553 -0.7505075144546814;153.8328955712
-12.703718260162415 -0.7455078675835003;153.62887453877
-12.69871843110049 -0.7405082224358797;153.42459865070
-12.693718603192597 -0.735508579024619;153.22006688821
-12.688718776448656 -0.7305089373626451;153.01527822579
-12.683718950878697 -0.7255092974630141;152.81023163117
-12.678719126492856 -0.7205096593389126;152.604926065
-12.673719303301379 -0.71551002300366;152.39936048187
-12.668719481314621 -0.7105103884707092;152.19353382814
-12.663719660543055 -0.7055107557536496;151.98744504395
-12.658719840997264 -0.7005111248662075;151.78109306214
-12.653720022687946 -0.6955114958222486;151.57447680839
-12.648720205625917 -0.6905118686357796;151.36759520110
-12.643720389822114 -0.6855122433209503;151.16044715139
-12.638720575287591 -0.6805126198920547;150.95303156300
-12.633720762033525 -0.6755129983635336;150.74534733221
-12.628720950071216 -0.6705133787499761;150.53739334780
-12.62372113941209 -0.6655137610661215;150.32916849094
-12.6187213300677 -0.6605141453268615;150.12067163514
-12.613721522049724 -0.6555145315472419;149.91190164618
-12.608721715369976 -0.650514919742465;149.70285738202
-12.603721910040397 -0.645515309927891;149.4935376927
-12.598722106073065 -0.6405157021190405;149.28394142047
-12.593722303480194 -0.6355160963315968;149.0740673992
-12.58872250227413 -0.6305164925814074;148.86391445509
-12.583722702467366 -0.6255168908844869;148.65348140570
-12.578722904072531 -0.6205172912570186;148.44276706057
-12.573723107102401 -0.615517693715357;148.23177022083
-12.568723311569894 -0.6105180982760301;148.02048967914
-12.563723517488077 -0.6055185049557417;147.80892421968
-12.558723724870164 -0.6005189137713737;147.59707261798
-12.553723933729525 -0.5955193247399884;147.3849336408
-12.54872414407968 -0.5905197378788312;147.17250604647
-12.543724355934305 -0.5855201532053327;146.95978858394
-12.538724569307236 -0.5805205707371116;146.74677999353
-12.533724784212465 -0.5755209904919769;146.53347900644
-12.528725000664151 -0.5705214124879308;146.31988434472
-12.523725218676613 -0.5655218367431708;146.10599472120
-12.518725438264342 -0.5605222632760931;145.89180883939
-12.513725659441995 -0.5555226921052948;145.67732539336
-12.508725882224402 -0.5505231232495766;145.46254306769
-12.503726106626567 -0.5455235567279462;145.24746053733
-12.49872633266367 -0.5405239925596202;145.0320764675
-12.493726560351071 -0.5355244307640282;144.81638951373
-12.488726789704312 -0.5305248713608147;144.60039832144
-12.48372702073912 -0.5255253143698426;144.38410152620
-12.478727253471408 -0.5205257598111962;144.16749775338
-12.47372748791728 -0.5155262077051842;143.95058561816
-12.468727724093032 -0.510526658072343;143.73336372539
-12.463727962015154 -0.5055271109334396;143.51583066948
-12.458728201700339 -0.5005275663094753;143.29798503428
-12.453728443165476 -0.49552802422168857;143.07982539300
-12.448728686427662 -0.4905284846915588;142.8613503080
-12.4437289315042 -0.48552894774080946;142.64255833108
-12.438729178412602 -0.48052941339141175;142.42344800253
-12.433729427170597 -0.4755298816655881;142.20401785188
-12.428729677796127 -0.4705303525858156;141.9842663973
-12.423729930307356 -0.4655308261748302;141.76419214573
-12.418730184722671 -0.4605313024556298;141.54379359246
-12.413730441060684 -0.45553178145147827;141.32306922127
-12.40873069934024 -0.45053226318590966;141.1020175042
-12.403730959580413 -0.4455327476827317;140.88063690149
-12.398731221800519 -0.4405332349660299;140.65892586130
-12.393731486020114 -0.4355337250601719;140.43688281974
-12.388731752258993 -0.4305342179898112;140.21450620067
-12.383732020537204 -0.4255347137798916;139.991794415
-12.378732290875048 -0.4205352124556517;139.76874586335
-12.373732563293077 -0.4155357140426288;139.54535893037
-12.368732837812104 -0.4105362185666637;139.3216319901
-12.363733114453208 -0.4055367260539053;139.09756340315
-12.358733393237735 -0.4005372365308147;138.8731515169
-12.353733674187302 -0.3955377500241705;138.64839466585
-12.348733957323802 -0.3905382665610733;138.42329117067
-12.34373424266941 -0.38553878616895054;138.1978393387
-12.338734530246583 -0.3805393088755615;137.97203746390
-12.333734820078071 -0.37553983470900226;137.7458838258
-12.328735112186916 -0.3705403636977112;137.51937669050
-12.323735406596459 -0.3655408958704738;137.29251430956
-12.318735703330345 -0.36054143125642807;137.06529492042
-12.313736002412528 -0.35554196988507014;136.83771674600
-12.30873630386727 -0.35054251178625967;136.60977799458
-12.30373660771916 -0.3455430569902255;136.38147685962
-12.2987369139931 -0.3405436055275714;136.15281151960
-12.293737222714329 -0.33554415742928195;135.92378013785
-12.288737533908416 -0.3305447127267284;135.6943808623
-12.28373784760127 -0.3255452714516749;135.4646118255
-12.278738163819144 -0.3205458336362843;135.23447114426
-12.273738482588643 -0.315546399313125;135.00395691935
-12.268738803936728 -0.3105469685151771;134.7730672356
-12.26373912789072 -0.3055475412758387;134.54180016169
-12.258739454478308 -0.30054811762893313;134.31015374961
-12.253739783727557 -0.2955486976087151;134.07812603485
-12.248740115666912 -0.29054928124987817;133.8457150360
-12.243740450325205 -0.2855498685875616;133.6129187546
-12.23874078773166 -0.2805504596573575;133.37973517507
-12.233741127915899 -0.2755510544953181;133.1461622640
-12.228741470907952 -0.2705516531379635;132.91219797081
-12.223741816738263 -0.26555225562228907;132.6778402265
-12.218742165437696 -0.2605528619857733;132.44308694435
-12.213742517037542 -0.25555347226638586;132.2079360190
-12.208742871569525 -0.25055408650259536;131.97238532696
-12.203743229065813 -0.2455547047333779;131.73643272540
-12.198743589559022 -0.24055532699822543;131.50007605283
-12.193743953082228 -0.2355559533371543;131.2633131283
-12.188744319668968 -0.2305565837907139;131.0261417517
-12.183744689353256 -0.2255572183999959;130.78855970272
-12.178745062169586 -0.22055785720664306;130.55056474129
-12.17374543815294 -0.21555850025285855;130.31215460707
-12.1687458173388 -0.21055914758141575;130.07332701921
-12.163746199763157 -0.20555979923566758;129.83407967607
-12.158746585462513 -0.20056045525955646;129.594410254
-12.1537469744739 -0.19556111569762458;129.35431641201
-12.148747366834883 -0.19056178059502396;129.1137957815
-12.143747762583569 -0.18556244999752713;128.87284597633
-12.13874816175862 -0.18056312395153773;128.63146458669
-12.133748564399262 -0.17556380250410145;128.38964918073
-12.128748970545294 -0.17056448570291724;128.1473973037
-12.123749380237099 -0.16556517359634884;127.90470647804
-12.118749793515654 -0.16056586623343627;127.66157420260
-12.113750210422541 -0.1555665636639078;127.41799795278
-12.10875063099996 -0.15056726593819206;127.17397517999
-12.103751055290736 -0.1455679731074305;126.92950331137
-12.098751483338335 -0.1405686852234901;126.68457974951
-12.093751915186873 -0.13556940233897607;126.43920187204
-12.088752350881128 -0.13057012450724542;126.19336703138
-12.083752790466555 -0.12557085178242025;125.94707255434
-12.078753233989293 -0.12057158421940167;125.70031574180
-12.073753681496184 -0.1155723218738838;125.45309386835
-12.068754133034785 -0.11057306480236832;125.2054041819
-12.063754588653376 -0.10557381306217906;124.95724390346
-12.058755048400979 -0.10057456671147706;124.70861022647
-12.053755512327372 -0.09557532580927612;124.45950031674
-12.0487559804831 -0.0905760904154583;124.2099113118
-12.043756452919494 -0.08557686059079027;123.95984032100
-12.03875692968868 -0.08057763639693946;123.70928442419
-12.033757410843599 -0.07557841789649107;123.4582406722
-12.028757896438023 -0.0705792051529651;123.20670608620
-12.023758386526568 -0.0655799982308341;122.9546776568
-12.018758881164713 -0.06058079719554107;122.70215234448
-12.013759380408814 -0.055581602113517814;122.4491270782
-12.008759884316124 -0.05058241305220375;122.1955987556
-12.00376039294481 -0.04558323008006512;121.94156424268
-11.99876090635397 -0.040584053266614774;121.68702037246
-11.993761424603653 -0.035584882682432255;121.43196394547
-11.988761947754872 -0.030585718399184295;121.17639172877
-11.983762475869634 -0.02558656048964603;120.9203004555
-11.978763009010951 -0.02058740902772259;120.66368682471
-11.973763547242863 -0.01558826408847102;120.40654750022
-11.968764090630458 -0.010589125748123129;120.14887911074
-11.963764639239896 -0.005589994084108388;119.89067824900
-11.958765193138428 -0.0005908691750777907;119.63194147131
-11.953765752394416 0.00440824889907203;119.37266529698
-11.948766317077363 0.00940736005717381;119.11284620780
-11.94376688725793 0.014406464216764335;118.85248064744
-11.93876746300796 0.019405561294058245;118.59156502090
-11.933768044400509 0.02440465120392146;118.33009569389
-11.928768631509863 0.029403733859843864;118.06806899222
-11.92376922441157 0.034402809173911225;117.80548120125
-11.918769823182462 0.03940187705677653;117.54232856518
-11.913770427900683 0.04440093741763054;117.27860728646
-11.908771038645721 0.049399990164171716;117.01431352514
-11.90377165549843 0.05439903520257533;116.74944339818
-11.898772278541063 0.05939807243746181;116.4839929787
-11.893772907857302 0.06439710177186417;116.21795829573
-11.888773543532288 0.0693961231071949;115.95133533259
-11.88377418565265 0.07439513634321171;115.68412002710
-11.878774834306542 0.07939414137798269;115.41630827038
-11.873775489583673 0.0843931381078503;115.14789590618
-11.868776151575343 0.0893921264273947;114.87887873012
-11.863776820374474 0.09439110622939598;114.60925248891
-11.85877749607565 0.0993900774047953;114.3390128795
-11.853778178775153 0.1043890398426553;114.06815554850
-11.848778868570998 0.10938799343011937;113.79667609087
-11.843779565562974 0.11438693805236973;113.52457004956
-11.838780269852684 0.1193858735925844;113.25183291437
-11.833780981543585 0.12438479993189329;112.97846012116
-11.82878170074103 0.1293837169493329;112.70444705089
-11.823782427552313 0.1343826245217998;112.4297890287
-11.818783162086707 0.13938152252400302;112.15448132307
-11.813783904455518 0.14438041082841502;111.87851914463
-11.808784654772124 0.14937928930522135;111.60189764539
-11.803785413152031 0.154378157822269;111.32461191762
-11.798786179712915 0.15937701624501333;111.04665699282
-11.793786954574676 0.16437586443646346;110.76802784072
-11.78878773785949 0.16937470225712625;110.48871936813
-11.783788529691861 0.17437352956494862;110.2087264178
-11.77878933019868 0.1793723462152585;109.92804376766
-11.773790139509277 0.18437115206070379;109.64666612890
-11.76879095775548 0.18936994695118975;109.36458814558
-11.763791785071678 0.1943687307338148;109.08180439297
-11.758792621594884 0.1993675032528042;108.79830937647
-11.75379346746479 0.20436626434944205;108.51409753030
-11.74879432282384 0.20936501386200132;108.22916321619
-11.743795187817296 0.21436375162567162;107.94350072210
-11.738796062593304 0.21936247747248533;107.65710426084
-11.733796947302967 0.22436119123124112;107.36996796865
-11.72879784210042 0.22935989272742552;107.08208590384
-11.723798747142904 0.23435858178313224;106.79345204528
-11.718799662590843 0.23935725821697867;106.50406029093
-11.713800588607928 0.24435592184402047;106.21390445631
-11.70880152536119 0.24935457247566314;105.92297827294
-11.7038024730211 0.2543532099195714;105.63127538671
-11.698803431761641 0.2593518339795753;105.33878935628
-11.69380440176041 0.26435044445557393;105.04551365136
-11.688805383198705 0.2693490411434361;104.75144165098
-11.683806376261622 0.2743476238348978;104.45656664177
-11.678807381138157 0.27934619231745667;104.16088181607
-11.673808398021302 0.28434474637426305;103.86438027015
-11.668809427108158 0.28934328578400786;103.56705500224
-11.663810468600039 0.294341810320807;103.26889891060
-11.658811522702582 0.29934031975408154;102.9699047915
-11.653812589625868 0.30433881384843514;102.67006533722
-11.64881366958454 0.3093372923635267;102.36937313382
-11.64381476279792 0.31433575505393907;102.06782065906
-11.638815869490148 0.3193342016690442;101.76540028018
-11.633816989890304 0.3243326319528629;101.46210425157
-11.628818124232547 0.32933104564392096;101.15792471243
-11.623819272756254 0.33432944247510027;100.85285368441
-11.618820435706168 0.3393278221734846;100.54688306907
-11.613821613332542 0.34432618446020113;100.24000464538
-11.608822805891302 0.3493245290502559;99.93221006710
-11.603824013644202 0.3543228556523644;99.62349086010
-11.598825236858985 0.3593211639687759;99.31383841958
-11.593826475809568 0.3643194536950925;99.00324400729
-11.5888277307762 0.36931772452008144;98.6916987485
-11.583829002045665 0.3743159761254813;98.3791936293
-11.578830289911453 0.3793142081858013;98.06571949307
-11.57383159467397 0.38431242036811414;97.75126703762
-11.568832916640739 0.3893106123318411;97.43582681190
-11.563834256126599 0.39430878372852984;97.1193892126
-11.558835613453937 0.3993069342016244;96.80194448068
-11.553836988952906 0.404305063386227;96.48348269787
-11.548838382961659 0.4093031709088514;96.16399378296
-11.543839795826594 0.41430125638716725;95.8434674880
-11.538841227902603 0.41929931942973564;95.52189339480
-11.53384267955333 0.42429735963573445;95.1992609101
-11.528844151151448 0.42929537659467404;94.87555926237
-11.523845643078928 0.4342933698861025;94.55077749699
-11.51884715572734 0.43929133907929996;94.22490447212
-11.513848689498145 0.4442892837329612;93.89792885411
-11.508850244803016 0.44928720339486694;93.56983911288
-11.503851822064156 0.4542850976015422;93.24062351711
-11.49885342171464 0.45928296587790196;92.91027012929
-11.493855044198762 0.4642808077368832;92.57876680066
-11.488856689972394 0.46927862267906295;92.24610116589
-11.483858359503374 0.4742764101922613;91.91226063770
-11.478860053271895 0.47927416975112896;91.57723240119
-11.473861771770906 0.4842719008167189;91.24100340809
-11.468863515506547 0.48926960283604065;90.90356037076
-11.463865284998581 0.4942672752415972;90.56488975600
-11.458867080780866 0.49926491745090334;90.22497777866
-11.453868903401819 0.5042625288659843;89.88381039506
-11.448870753424922 0.5092601088728543;89.54137329609
-11.44387263142924 0.5142576568409735;89.1976519002
-11.438874538009959 0.5192551721226829;88.85263134622
-11.433876473778948 0.5242526540526156;88.506296485
-11.428878439365349 0.5292501019470833;88.15863187405
-11.423880435416182 0.5342475151034376;87.80962176515
-11.41888246259699 0.5392448927994029;87.45925010007
-11.413884521592498 0.5442422342923826;87.10750049982
-11.40888661310731 0.549239538818734;86.75435625611
-11.403888737866627 0.5542368055930122;86.3998003219
-11.398890896617011 0.5592340338071814;86.0438153020
-11.393893090127174 0.5642312226297908;85.68638344269
-11.388895319188792 0.5692283712051142;85.32748662140
-11.383897584617385 0.5742254786522514;84.96710633610
-11.3788998872532 0.5792225440641889;84.60522369394
-11.373902227962164 0.5842195665068179;84.241819399
-11.368904607636871 0.5892165450179072;83.87687374338
-11.363907027197609 0.5942134786060292;83.51036658829
-11.358909487593438 0.5992103662494358;83.14227735735
-11.353911989803333 0.6042072068948809;82.77258501985
-11.348914534837355 0.6092039994563885;82.40126807730
-11.343917123737905 0.614200742813961;82.02830454870
-11.338919757581015 0.6191974358122259;81.65367195531
-11.333922437477728 0.6241940772590169;81.2773473047
-11.32892516457552 0.6291906659238856;80.89930707435
-11.323927940059804 0.63418720053654;80.51952719408
-11.318930765155523 0.6391836797852047;80.13798302836
-11.313933641128795 0.6441801023149001;79.75464935746
-11.308936569288663 0.649176466725633;79.36950035789
-11.303939550988934 0.6541727715704962;78.98250958200
-11.298942587630101 0.6591690153536697;78.59364993671
-11.293945680661375 0.6641651965283173;78.20289366122
-11.288948831582827 0.6691613134943744;77.81021230385
-11.283952041947634 0.674157364596217;77.41557669770
-11.278955313364454 0.6791533481202078;77.01895693526
-11.27395864749993 0.6841492622921085;76.62032234192
-11.268962046081324 0.6891451052743524;76.21964144809
-11.263965510899308 0.6941408751631661;75.81688196014
-11.258969043810897 0.6991365699855324;75.41201072995
-11.253972646742563 0.7041321876959818;75.00499372287
-11.248976321693512 0.7091277261732037;74.59579598431
-11.24398007073916 0.7141231832164628;74.18438160455
-11.238983896034812 0.719118556541809;73.77071368186
-11.23398779981954 0.7241138437780661;73.35475428377
-11.228991784420312 0.7291090424625841;72.93646440636
-11.223995852256365 0.7341041500367383;72.515803931
-11.21900000584383 0.7390991638411577;72.09273158168
-11.214004247800645 0.7440940811106626;71.66720487297
-11.209008580851787 0.7490888989688913;71.23918006477
-11.20401300783481 0.7540836144225929;70.80861210745
-11.199017531705747 0.7590782243555602;70.37545458682
-11.194022155545387 0.7640727255221783;69.93965966572
-11.189026882565951 0.7690671145405572;69.50117802221
-11.184031716118215 0.7740613878852186;69.05995878436
-11.179036659699094 0.7790555418793009;68.6159494613
-11.17404171695975 0.7840495726862456;68.16909587036
-11.169046891714224 0.7890434763009236;67.71934205957
-11.164052187948688 0.7940372485401561;67.26663022615
-11.159057609831317 0.7990308850325819;66.81090062962
-11.154063161722865 0.8040243812078162;66.35209149978
-11.149068848187994 0.8090177322848421;65.8901389389
-11.144074674007413 0.8140109332595709;65.42497681833
-11.13908064419091 0.8190039788914983;64.95653666711
-11.134086763991341 0.8239968636893809;64.48474755531
-11.129093038919669 0.8289895818958432;64.00953596831
-11.124099474761149 0.8339821274708241;63.530825673253
-11.119106077592749 0.8389744940737544;63.04853757646
-11.11411285380194 0.8439666750443513;62.562589571088
-11.109119810106966 0.8489586633819015;62.072896374
-11.10412695357874 0.8539504517228886;61.579369352166
-11.099134291664525 0.8589420323168094;61.081916334046
-11.09414183221357 0.8639333970000005;60.580441410703
-11.089149583504897 0.8689245371672814;60.07484471956
-11.084157554277448 0.8739154437411947;59.56502221294
-11.079165753762842 0.8789061071385994;59.05086540875
-11.074174191721003 0.883896517234344;58.532261121667
-11.069182878478971 0.8888866633217133;58.00909117311
-11.06419182497323 0.8938765340693041;57.48123207780
-11.05920104279593 0.8988661174739443;56.94855470456
-11.054210544245446 0.9038554008092164;56.41092390874
-11.049220342381759 0.908844370569094;55.86819813339
-11.044230451087197 0.9138330124061317;55.32022897568
-11.03924088513319 0.918821311063576;54.76686071501
-11.034251660253721 0.9238092503006753;54.207929798458
-11.029262793226307 0.9287968128103691;53.6432642787
-11.024274301961425 0.9337839801284176;53.07268319956
-11.019286205601459 0.9387707325328976;52.49599592123
-11.014298524630371 0.9437570489328311;51.91300138089
-11.009311280995528 0.9487429067445262;51.3234872778
-11.004324498243276 0.9537282817539898;50.72722917562
-10.999338201670177 0.9587131479635135;50.12398950921
-10.99435241849206 0.9636974774202266;49.51351648612
-10.98936717803346 0.9686812400240463;48.895542865827
-10.984382511940412 0.973664403312019;48.269784601523
-10.979398454420087 0.9786469322155277;47.63593932444
-10.974415042511401 0.9836287887862148;46.99368464787
-10.969432316391444 0.988609931885712;46.342676264025
-10.96445031972353 0.9935903168333534;45.682545801833
-10.95946910005372 0.9985698950049328;45.012898408104
-10.954488709264089 1.0035486133741933;44.333310006918
-10.949509204092642 1.0085264139870578;43.643324183473
-10.94453064673187 1.0135032333565144;42.942448627457
-10.939553105520512 1.0184790017634824;42.23015105740
-10.934576655746342 1.0234536424457146;41.505854530333
-10.929601380581873 1.02842707065269;40.76893201947
-10.924627372180053 1.0333991925392207;40.01870011536
-10.919654732963693 1.0383699038638134;39.25441167064
-10.914683577150946 1.0433390884491858;38.4752471637
-10.909714032570308 1.0483066163511108;37.68030449733
-10.90474624283332 1.0532723416669878;36.86858687068
-10.899780369952595 1.0582360998959564;36.038988261106
-10.894816597518957 1.0631977047360894;35.190275912331
-10.889855134586902 1.0681569441685597;34.321069038554
-10.884896220466306 1.0731135756296988;33.42981269359
-10.879940130686148 1.078067320003654;32.51474539115
-10.874987184491955 1.083017854071914;31.573858545304
-10.870037754376519 1.087964800917373;30.604845052704
-10.865092278345257 1.092907717577741;29.605033234112
-10.860151275918923 1.09784607894017;28.57130068812
-10.855215369336696 1.1027792564062369;27.499960036993
-10.850285312143768 1.1077064891315096;26.386604456102
-10.845362028510129 1.1126268444751395;25.225894176248
-10.84044666856411 1.117539162347521;24.011253754281
-10.835540688376048 1.1224419747736805;22.73442970950
-10.830645969290925 1.1273333858916619;21.38482049484
-10.82576500287244 1.1322108859724198;19.948416376016
-10.820901191224158 1.1370710493954796;18.406028585678
-10.816059364140921 1.1419090144752402;16.730118377036
-10.811246740194841 1.1467175164423935;14.878567850927
-10.806474907625411 1.1514848931760586;12.780733270304
-10.80176456646265 1.1561903061500283;10.299213563949
-10.797159953179673 1.1607891744508925;7.077240369762
-10.79279881932358 1.1651421577907664;1.7315701982862
-10.792859929505283 1.165163078569844;1.7538495328886
PointOptimal;ValeurOptimale
[-10.79285993   1.16516308];1.7538495328886314
Temps;Nb iteration
0.03906130790710449;672