Point;Valeur
4.765492317207958 6.4402307237256835;1.9568694712674
6.194679548788288 5.0110428384452295;1.6059311077153
5.048238496049002 5.4828281189442185;1.156250675576
5.057668166671951 4.96595011151609;1.006832284278
4.7151185371726765 4.778993650378443;0.9024016698198
4.49597262141557 4.5129344574996955;0.8116759935361
4.2587878297764 4.2873285217403;0.7305646897110
4.042807279623154 4.066420090195851;0.6577350765600
3.835686912886397 3.859088298618827;0.592232561769
3.6398141060261073 3.661764687942252;0.533250985856
3.453581335714498 3.4744999130521714;0.48009249461458
3.2766059262308818 3.296443704347405;0.4321481988206
3.1082537704757183 3.127089329913054;0.3888837303704
2.948038289490735 2.965910614068165;0.34982777133550
2.7954962913872645 2.8124524854786994;0.31456277296904
2.6502137554465413 2.666295600315737;0.282717373732
2.511810512424491 2.5270586277757725;0.2539601483760
2.3799381805288182 2.3943909955611122;0.22799441178222
2.2542752911201998 2.2679695389407417;0.20455386613597
2.134524143142318 2.1474948691457136;0.18339892814922
2.020407854090758 2.03268855691529;0.1643136090845
1.9116679487071497 1.9232906628496544;0.14710284739454
1.8080622739070153 1.8190576574197426;0.13159021457692
1.7093632238640137 1.7197606324570767;0.11761593074626
1.6153562124181993 1.6251837677847643;0.1050351388440
1.5258383579772388 1.535123009073108;0.09371639609224
1.4406173468313404 1.4493849258271851;0.08354034897007
1.359510448658199 1.3677857219358591;0.07439856405832
1.2823436616775818 1.2901503766370328;0.06619249197125
1.2089509688928646 1.216311897098789;0.05883254550759
1.1391736897896478 1.1461106668409018;0.052237276319255
1.0728599141098245 1.0793938767575024;0.04633263696999
1.0098640065852078 1.016015027337139;0.04105131736493
0.9500461729412982 0.9558334925314702;0.036332146259635
0.8932720789800499 0.8987141368969005;0.03211954997752
0.8394125156302458 0.8445269789895922;0.028363061649268
0.7883431038732194 0.7931468947983423;0.02501687526079
0.7399440342337219 0.7444533559181968;0.022039439614411
0.6940998362418037 0.6983301978411137;0.019393087987976
0.6506991738403373 0.6546654143390729;0.017043699846651
0.6096346632726607 0.6133509743999759;0.014960391441634
0.5708027103619926 0.574282658694335;0.013115232534367
0.5341033645396437 0.5373599128310116;0.011482986824232
0.4994401872598912 0.5024857151041837;0.010040873948243
0.4667201327696676 0.46956645662934754;0.00876835116476
0.4358534394347198 0.4385118321009259;0.007646913043567
0.40675353005082343 0.4092347395739657;0.0066599076618270
0.3793369197836232 0.3816511879098107;0.005792367959748
0.35352313053427176 0.3556802106750264;0.005030857040507
0.3292346106947372 0.33124378546360433;0.004363326313731
0.3063966593994613 0.3082667577252748;0.0037789854804516
0.28493735448983226 0.2866767683320445;0.0032681834442228
0.264787483530574 0.26640418420305406;0.0028222993089624
0.2458804772999198 0.24738203142065915;0.0024336426912875
0.22815234527863745 0.22954593034621598;0.0020953626349347
0.21154161271809235 0.21283403232911127;0.001801364468205
0.19598925896009098 0.197186957663133;0.001546233993727
0.18143865671353024 0.18254773451287365;0.0013251684433714
0.16783551207307779 0.16886173857587425;0.0011339136711543
0.15512780508924803 0.15607663330250635;0.0009687070934918
0.1432657307536295 0.14414231053091656;0.0008262259199766
0.13220164029347592 0.1330108314309638;0.0007035402491561
0.12188998270101135 0.12263636768394025;0.0005980706329615
0.11228724645093056 0.11297514285059246;0.0005075497407024
0.103351901381662 0.10398537390251789;0.00042998777908134
0.09504434073542287 0.09562721291293419;0.00036364134870061
0.08732682336909106 0.08786268891905223;0.0003069854401294
0.08016341616198949 0.08065564998105636;0.00025868829388437
0.07351993665668255 0.07397170547634675;0.0002175888687575
0.06736389597986549 0.0677781686738247;0.00018267668185486
0.06166444209557987 0.06204399964363377;0.0001530738015585
0.0563923034506227 0.05673974855986361;0.00012801879144701
0.051519733073446934 0.051837499460606305;0.00010685241904018
0.047020453193042475 0.04731081452964097;8.900495812813364e
0.04286960044285431 0.04313467896797531;7.39849274258807e
0.03904367171796973 0.039285446521032386;6.136912140484465e
0.03552047075013939 0.03574078572952312;5.079380142313764e
0.03227905546717775 0.032479626967606465;4.1946926738588384e
0.029299686197293357 0.0294821103332294;3.456131567490089e
0.026563774781091985 0.026729534448838913;2.8408637153633242e
0.02405383464477363 0.024204306232703858;2.329414203419819e
0.02175343189248069 0.02188989169082993;1.905205225311696e
0.01964713746150328 0.01977076778442537;1.5541533653956575e
0.017720480393797106 0.017832375412098766;1.2643185683328421e
0.0159599022545673 0.016061073557419564;1.0255987827648675e
0.014352712749305833 0.014444094626612706;8.294648812332594e
0.012887046551674896 0.012969501026300293;6.687310211617392e
0.011551821398564605 0.011626142985059217;5.373561254240123e
0.010336697435044997 0.010403617677400043;4.302726289344381e
0.009232037887674236 0.009292229618160518;3.4323906273819936e
0.008228870992446003 0.008282952417821683;2.727134323461306e
0.007318853320860392 0.007367391794648145;2.1574469517873955e
0.006494234305867968 0.0065377500252500696;1.6987995605233976e
0.005747822288193944 0.005786791562037985;1.330852817815606e
0.005072951576623308 0.005107810249031664;1.0367828952676542e
0.0044634513288106074 0.0044945974328134625;8.02708896104983e
0.003913614915147256 0.003941412100328763;6.172076650145859e
0.00341817196035069 0.0034429511352736817;4.709036032105678e
0.002972259321713212 0.0029943228771464343;3.5612273147707717e
0.0025713973726885606 0.002591018478370425;2.666016211396956e
0.0022114604485322462 0.002228890590834515;1.972431259932241e
0.0018886610983754393 0.0019041224651324311;1.4391183506165326e
0.00159951279918757 0.0016132177714146888;1.0326333375875984e
0.0013408355013490559 0.0013529558026538367;7.260184132114583e
0.0011096847621897708 0.0011204144227772253;4.976220515198518e
0.0009034284811254021 0.0009128682963818425;3.3011617367850995e
0.0007195437777105284 0.0007279294820182948;2.096936838548421e
0.0005559616696110507 0.0005632194533110936;1.253883271511191e
0.00041033275660157676 0.00041696973175908453;6.855306432287767e
0.0002814587072522204 0.0002867641173904943;3.2358086286332723e
0.0001663213711487782 0.0001720638396039252;1.1532894945511066e
6.620039908286452e-05 6.89282766002309e-05;1.8445791885610996e
-2.6236946001517394e-05 -1.891979497680994e-05;3.3776487337431845e
PointOptimal;ValeurOptimale
[-2.6236946e-05 -1.8919795e-05];3.3776487337431845e-11
Temps;Nb iteration
0.006748676300048828;112