Point;Valeur
7.431456983049433 4.063742803844072;267.2072670593
6.94645698304989 3.5787428038447007;206.00822291982
6.626027093548896 3.2626313408474283;170.42634870648
6.376012942594306 3.018717370429394;145.31432609992
6.167500789138779 2.817473887741031;126.13627030393
5.987199840845076 2.6453596446280248;110.8403615799
5.827709304828567 2.4948426079830734;98.29978127844
5.684407040308486 2.3612205059744786;87.8201175342
5.554175138524882 2.2413209673415704;78.93926782554
5.434790300206061 2.1328805300011577;71.33236179289
5.324599093221442 2.0342141545341637;64.76140534958
5.222330656895939 1.9440247561603254;59.04638629892
5.126981852301939 1.8612864825016242;54.04763824732
5.037743315641146 1.7851696045709409;49.654533393064
4.953949914168249 1.7149902232487357;45.77793587855
4.875046434175932 1.6501754605274965;42.34499362434
4.800563143318161 1.5902386864187776;39.295440723912
4.730097962952215 1.5347614625691093;36.57890765428
4.663303189192824 1.4833801072216262;34.15292285554
4.599875420199902 1.4357755170623714;31.981400227488
4.539547791503036 1.3916653330857278;30.033475499467
4.482083903996459 1.3507978250526558;28.28259785905
4.427273014047132 1.312947056894928;26.70581152689
4.374926178751613 1.2779090210002402;25.283180842130
4.324873133776157 1.2454985150622226;23.997325278256
4.276959739920716 1.2155465948240887;22.83303972931
4.231045876100675 1.1878984782924995;21.776981701898
4.187003686294567 1.1624118073274632;20.817411560013
4.144716109762686 1.138955194655682;19.943975249648
4.104075639912523 1.117407000702149;19.147521344595
4.064983269183185 1.097654296846461;18.41994605445
4.027347586391465 1.079591980956815;17.754061191480
3.991083999898133 1.0631220181107732;17.143481124798
3.9561140652824145 1.0481527848425587;16.582525543318
3.922364900351314 1.0345984994936959;16.06613546356
3.889768673557119 1.0223787245596097;15.589800399311
3.8582621544523676 1.0114179295438337;15.149494988512
3.827786316851256 1.0016451049170085;14.741623674139
3.7982859869856997 0.9929934194440554;14.3629722755
3.76970953027094 0.985399914491337;14.010665480881
3.7420085713371356 0.9788052300081901;13.682129448368
3.715137742866003 0.9731533577653838;13.37505883070
3.6890544594667696 0.9683914181568388;13.087387643814
3.663718713414412 0.9644694574638433;12.81726348591
3.6390928895475154 0.9613402629695658;12.563024685615
3.6151415970292335 0.9589591937193458;12.32318001716
3.5918315159998886 0.9572840250544056;12.09639067133
3.569131257433979 0.9562748053298386;11.881454212409
3.5470112347423415 0.9558937234547479;11.677290287632
3.5254435458591837 0.9561049860965382;11.482927885696
3.504401864719246 0.956874703544658;11.297493966742
3.4838613411751203 0.9581707833743542;11.120203308585
3.4637985085162457 0.9599628311639524;10.9503494328
3.4441911978620583 0.9622220576147571;10.78729649108
3.4250184587862935 0.964921191509977;10.630472005712
3.4062604856023335 0.9680343980152673;10.47936037182
3.3878985488091287 0.9715372018855798;10.3334970382
3.3699149312496273 0.975406415191969;10.19246329423
3.352292868585021 0.979620069228022;10.055881597412
3.3350164937270717 0.9841573502884686;9.923411385188
3.3180707849124014 0.9889985390502896;9.79474531868
3.301441517129313 0.9941249533080856;9.669605913495
3.2851152166419033 0.9995188938440605;9.547742516823
3.2690791183745818 1.0051635932306142;9.428928594690
3.253321125949294 1.0110431673833897;9.31295929701
3.2378297741796396 1.0171425696954806;9.19964927168
3.222594193849634 1.0234475476021665;9.088830701760
3.207604078616647 1.0299446014323457;8.980351542922
3.1928496538913804 1.0366209454166089;8.87407394033
3.1783216475634113 1.04346447073077;8.769872806608
3.164011262446558 1.0504637104618573;8.667634544237
3.149910150333834 1.0576078063925543;8.567255897751
3.1360103875553267 1.0648864775040527;8.468642922253
3.122304451943901 1.0722899901065202;8.37171005649
3.1087852011203303 1.0798091295115837;8.276379289757
3.095445852013372 1.0874351731633505;8.182579413051
3.082279961540675 1.095159865154532;8.090245345942
3.0692814083774276 1.1029753920527277;7.999317531391
3.056444375747979 1.1108743599719701;7.909741391648
3.043763335178612 1.118849772822295;7.8214668390059
3.031233031153474 1.126895011678816;7.734447835842
3.018848466621061 1.1350038152121715;7.648641998952
3.006604889301102 1.1431702611261312;7.564010243675
2.994497778743646 1.1513887485489314;7.480516463786
2.9825228340991754 1.1596539813330835;7.398127243533
2.970675962557088 1.1679609522148409;7.316811598559
2.9589532684141844 1.176304927788808;7.236540742798
2.9473510427378735 1.1846814342583594;7.157287878705
2.9358657535900554 1.1930862439201144;7.079028008480
2.924494036779508 1.2015153623457562;7.001737764149
2.9132326871145042 1.2099650162264126;6.925395254610
2.9020786501248965 1.2184316418433232;6.849979927927
2.891029014231163 1.2269118741359;6.775472447339
2.880081003331736 1.235402536333284;6.701854579602
2.8692319697884665 1.2439006301233646;6.62910909441
2.8584793877861863 1.2524033263296706;6.557219673808
2.8478208470465947 1.2609079560709477;6.486170830546
2.83725404687755 1.269412002378783;6.41594783453
2.8267767905382337 1.2779130922490922;6.346536646528
2.81638697990271 1.286408989105065;6.2779238583570
2.8060826104085907 1.2948975856524108;6.210096639020
2.795861766270429 1.303376897102679;6.143042686069
2.785722615947803 1.311845054749828;6.076750181741
2.775663407851994 1.3203002998794302;6.01120775337
2.765682466278932 1.32874097799364;5.946404437675
2.7557781875563685 1.3371655333362202;5.882329648437
2.7459490363937817 1.3455725037020778;5.818973147397
2.736193542423228 1.3539605155154077;5.756325017885
2.726510296922499 1.3623282791643154;5.694375641008
2.716897949709303 1.3706745845773305;5.633115674103
2.7073552061979083 1.3789982970293861;5.572536031243
2.697880824610105 1.387298353166543;5.512627865584
2.688473613331113 1.3955737572363656;5.453382553381
2.6791324284041305 1.403823577515078;5.394791679487
2.669856171154051 1.4120469429189642;5.336847024213
2.660643785936458 1.4202430397938846;5.279540551395
2.6514942580020695 1.428411108869576;5.222864397557
2.6424066114731852 1.4365504423740596;5.166810862060
2.6333799074244495 1.444660381296883;5.111372398140
2.624413242062823 1.452740312794628;5.0565416047484
2.6155057450025936 1.4607896677327907;5.002311219112
2.6066565776284523 1.4688079183528917;4.948674109950
2.5978649315439997 1.476794576063434;4.895623271272
2.5891300270998236 1.4847491893443043;4.843151816712
2.58045111199717 1.4926713417600161;4.79125297433
2.571827459964294 1.50056065007755;4.739920081895
2.5632583694997875 1.5084167624804505;4.689146582437
2.5547431626814023 1.5162393568770574;4.638926020316
2.546281184035311 1.5240281392960409;4.589252037480
2.5378717994638262 1.5317828423659496;4.5401183700708
2.5295143952274173 1.5395032238729085;4.49151884527
2.5212083769792186 1.5471890653946516;4.4434473783937
2.512953168848887 1.5548401710045552;4.395897970185
2.504748212572781 1.562456366043404;4.348864704318
2.496592966668744 1.570037495955536;4.302341745053
2.488486905652892 1.5775834251850047;4.256323335076
2.4804295192960737 1.5850940361290784;4.210803793462
2.472420311918534 1.592569228147437;4.16577751377
2.4644588017193514 1.6000089166210478;4.121238962305
2.456544520140734 1.6074130320615996;4.077182676358
2.448677011264599 1.6147815192672426;4.033603262719
2.440855831238453 1.622114336520913;3.990495396145
2.4330805477315898 1.6294114548325562;3.947853817968
2.4253507394178877 1.636672857218957;3.9056733347617
2.417665995484924 1.6438985380223847;3.8639488170759
2.410025915167489 1.651088502264042;3.8226751982401
2.402430107304892 1.6582427650318188;3.781847473215
2.394878189919973 1.665361350899656;3.7414606974994
2.387369789819699 1.6724442933773374;3.7015099860855
2.379904542215433 1.6794916343892838;3.6619905124557
2.372482090361804 1.686503423779953;3.622897507619
2.3651020852143283 1.6934797188459898;3.584226259191
2.3577641851031417 1.7004205838921755;3.5459721104921
2.350468055423831 1.707326089810953;3.508130459697
2.3432133683428904 1.7141963136839289;3.470696759000
2.3359998025178186 1.721031338404289;3.433666513811
2.3288270428316222 1.7278312523190902;3.3970352819741
2.32169478013942 1.7345961488901251;3.360798673015
2.3146027110284058 1.7413261263727882;3.3249523474071
2.307550537589243 1.7480212875123429;3.289492015852
2.3005379671983603 1.7546817392550709;3.254413438592
2.293564712311162 1.7613075924754291;3.219712424726
2.286630490265534 1.7678989617175886;3.1853848315518
2.2797350230944105 1.7744559649504008;3.1514265639211
2.2728780373478883 1.7809787233356045;3.117833573608
2.266059263923675 1.7874673610080622;3.084601858694
2.259278437905451 1.7939220048674691;3.0517274629614
2.2525352984099385 1.8003427843818605;3.0192064753064
2.245829588440312 1.8067298314008555;2.9870350291581
2.239161054747154 1.8130832799791392;2.9552093019111
2.2325294476959687 1.8194032662094963;2.923725514368
2.225934521140785 1.825689928064283;2.89257993019
2.219376032304255 1.8319434052462713;2.8617688553877
2.212853741662716 1.8381638390464172;2.831288637730
2.206367412837452 1.8443513722103255;2.801135666295
2.1999168124903488 1.850506148811217;2.7713063709234
2.193501710224925 1.856628314129856;2.741797221726
2.187121878491737 1.8627180145412807;2.712604728592
2.1807770924983902 1.8687753974075307;2.6837254407029
2.1744671301234684 1.8748006109761781;2.655155946052
2.1681917718345933 1.8807938042843242;2.6268928709812
2.1619508006100876 1.88675512706816;2.5989328797114
2.1557440018644414 1.8926847296769491;2.5712726738910
2.149571163377185 1.8985827629925922;2.54390899214
2.143432075224613 1.9044493783527887;2.5168386096307
2.137326529715034 1.9102847274789811;2.4900583376055
2.1312543213266393 1.9160889624081197;2.4635650229928
2.1252152466483207 1.9218622354285557;2.437355547959
2.119209104322923 1.9276046990188311;2.411426829499
2.1132356949931648 1.9333165057905628;2.3857758190170
2.1072948212500493 1.9389978084348882;2.360399501925
2.10138628758317 1.944648759670738;2.3352948972434
2.095509900333542 1.9502695121972806;2.3104590571980
2.089665467648121 1.9558602186485317;2.2858890668366
2.083852799436574 1.9614210315505565;2.2615820436410
2.0780717073298858 1.9669521032816204;2.237535137147
2.0723220046404784 1.972453586034298;2.213745528571
2.066603506324093 1.9779256317796812;2.1902104304368
2.060916028943534 1.9833683922344176;2.1669270862136
2.055259390633437 1.9887820188288567;2.1438927699535
2.04963341106694 1.994166662677721;2.1211047859370
2.04403791142348 1.9995224745526143;2.098560468320
2.038472714357843 2.004849604855621;2.0762571807898
2.032937643970619 2.010148203595253;2.054192316219
2.0274325257798234 2.015418420363363;2.032363296331
2.0219571866936175 2.0206604043139964;2.010767571366
2.016511454983865 2.025874304143423;1.989402619748
2.0110951602610267 2.031060268071174;1.968265947765
2.005708133449908 2.0362184438227677;1.9473550892419
2.000350206766281 2.0413489786134416;1.9266676052281
1.99502121369452 2.0464520191327824;1.9062010836826
1.9897209889659537 2.0515277115308503;1.8859531391643
1.9844493685380127 2.0565762014050364;1.865921412526
1.9792061895740882 2.06159763378761;1.846103570616
1.9739912904243484 2.0665921531346862;1.8264973059766
1.9688045106069552 2.0715599033155843;1.8071003365489
1.9636456907902406 2.076501027603417;1.7879104053872
1.9585146727752376 2.0814156686660117;1.7689252803681
1.9534112994788266 2.0863039685576177;1.7501427539082
1.9483354149176721 2.0911660687117055;1.7315606426836
1.9432868641926702 2.096002109933936;1.7131767873540
1.9382654934734243 2.1008122323957323;1.6949890522884
1.9332711499841335 2.1055965756290127;1.676995325296
1.9283036819889738 2.110355278520496;1.659193517361
1.9233629387787279 2.1150884793077136;1.6415815623754
1.9184487706572109 2.119796315574262;1.6241574168817
1.9135610289286094 2.1244789242465143;1.606919059815
1.9086995658848613 2.1291364415900023;1.5898644922524
1.9038642347937618 2.1337690032069956;1.572991737154
1.8990548898868136 2.138376744033556;1.5562988391
1.8942713863483143 2.1429597983378876;1.539783864158
1.889513580303989 2.1475182997182745;1.5234448994123
1.8847813288102406 2.152052381101781;1.5072800529499
1.8800744898436281 2.1565621747429136;1.4912874535160
1.8753929222909553 2.1610478122230816;1.4754652503004
1.870736485939158 2.165509424449876;1.45981161270
1.8661050414655704 2.1699471416565657;1.4443247301276
1.8614984504288004 2.174361093402398;1.4290028117140
1.8569165752594 2.178751408572463;1.4138440861585
1.8523592792509362 2.1831182153782143;1.3988468014726
1.847826426551373 2.18746164135785;1.3840092247708
1.8433178821544567 2.191781813377242;1.3693296420549
1.8388335118916046 2.1960788576308024;1.3548063580032
1.83437318242368 2.2003528996425894;1.3404376957605
1.8299367612330917 2.2046040642675058;1.3262219967308
1.8255241166161738 2.208832475692862;1.312157620373
1.8211351176755002 2.213038257439712;1.2982429440005
1.8167696343125943 2.217221532364798;1.2844763625768
1.812427537220562 2.2213824226619505;1.27085628852
1.8081086978770946 2.225521049864253;1.257381151520
1.8038129885375922 2.2296375348460646;1.2440493983183
1.79954028222828 2.2337319978250667;1.2308594925426
1.795290452739577 2.237804558364462;1.2178099145086
1.791063374619553 2.241855335375276;1.2048991610343
1.7868589231675918 2.2458844471187733;1.1921257452566
1.7826769744278634 2.2498920112085994;1.1794881964497
1.778517405183518 2.2538781446138128;1.1669850598452
1.774380092950405 2.257842963661108;1.1546148964547
1.770264915971179 2.2617865840375684;1.1423762828942
1.7661717532093606 2.265709120793185;1.1302678112108
1.7621004843437482 2.269610688343862;1.1182880887113
1.7580509897627132 2.27349140047408;1.106435737792
1.7540231505585158 2.277351370339597;1.0947093957745
1.7500168485220862 2.2811907104706384;1.0831077147338
1.746031966137422 2.2850095327744424;1.071629361341
1.7420683865763127 2.2888079485384054;1.0602730166985
1.7381259936933777 2.292586068433139;1.0490373761809
1.7342046720206425 2.2963440025151978;1.0379211492768
1.730304306762509 2.3000818602302635;1.026923059432
1.7264247837910012 2.3037997504162426;1.0160418438984
1.722565989640636 2.3074977813061794;1.0052762535753
1.7187278115037214 2.3111760605316136;0.9946250528644
1.714910137225311 2.314834695125084;0.9840870195180
1.711112855298902 2.3184737915239158;0.9736609444920
1.707335854861463 2.3220934555729897;0.9633456318001
1.703579025688978 2.3256937925278307;0.9531398983703
1.6998422581918746 2.3292749070577967;0.9430425739021
1.6961254434107051 2.3328369032494773;0.9330525007257
1.6924284730114223 2.3363798846093133;0.9231685336632
1.6887512392813462 2.339903954067248;0.9133895398910
1.6850936351246466 2.343409213979448;0.9037143988035
1.681455554058262 2.346895766131927;0.8941420018793
1.6778368902075178 2.3503637117432006;0.8846712525478
1.674237538302101 2.353813151467707;0.8753010660580
1.6706573936718403 2.3572441853989083;0.8660303693487
1.6670963522427944 2.360656913072396;0.8568581009203
1.6635543105331603 2.3640514334690703;0.8477832107075
1.6600311656492315 2.3674278450181196;0.838804659954
1.6565268152816137 2.370786245600352;0.8299214210884
1.653041157701278 2.3741267325511957;0.8211324776019
1.649574091755644 2.37744940266366;0.8124368239265
1.6461255168648872 2.38075435219175;0.8038334653153
1.6426953330181715 2.3840416768532986;0.7953214177245
1.639283440769874 2.387311471833145;0.7868997076952
1.6358897412358864 2.3905638317861015;0.7785673722388
1.63251413608999 2.393798850840078;0.7703234587212
1.6291565275602609 2.3970166225991214;0.7621670247505
1.625816818425475 2.400217240146441;0.7540971380646
1.6224949120115626 2.4034007960474013;0.7461128764206
1.619190712188072 2.406567382352507;0.7382133274853
1.6159041233647995 2.4097170906005188;0.7303975887271
1.6126350504881612 2.4128500118211917;0.722664767308
1.6093833990379944 2.4159662365385275;0.71501397998
1.6061490750239806 2.4190658547734096;0.7074443529813
1.6029319849824233 2.422148956046819;0.6999550219242
1.5997320359728733 2.4252156293826084;0.6925451317049
1.5965491355748356 2.428265963310346;0.6852138363952
1.593383191884625 2.4313000458684177;0.6779602991443
1.5902341135118812 2.434317964606661;0.670783692079
1.5871018095765996 2.437319806589333;0.663683196209
1.5839861897059322 2.440305658398089;0.6566580013256
1.5808871640308184 2.443275606134442;0.6497073059089
1.57780464318318 2.4462297354230236;0.6428303170336
1.5747385382925576 2.449168131414022;0.6360262502744
1.5716887609832573 2.452090878786248;0.6292943296140
1.5686552233710582 2.4549980617495377;0.6226337873519
1.5656378380603968 2.4578897640478967;0.6160438640135
1.5626365181413535 2.4607660689620396;0.6095238082614
1.5596511771865598 2.4636270593120124;0.6030728768065
1.5566817292483544 2.466472817460111;0.5966903343209
1.5537280888558183 2.4693034253134436;0.5903754533516
1.5507901710118672 2.4721189643265173;0.5841275142
1.5478678911904364 2.4749195155040917;0.5779458050113
1.5449611653336042 2.477705159403706;0.5718296213436
1.5420699098486002 2.4804759761382074;0.5657782664325
1.5391940416052883 2.4832320453785517;0.5597910509359
1.536333477933128 2.48597344635628;0.553867292887
1.5334881366185051 2.488700257866015;0.5480063176181
1.5306579359020194 2.491412558268202;0.5422074576747
1.5278427944757236 2.494110425491553;0.5364700527440
1.5250426314803702 2.496793937035483;0.5307934495742
1.5222573665027679 2.4994631699727834;0.5251770018992
1.51948691957319 2.502118200952032;0.5196200703625
1.5167312111625963 2.5047591062000882;0.5141220224426
1.5139901621800873 2.5073859615244958;0.5086822323795
1.511263693970298 2.509998842315988;0.5033000811011
1.5085517283107852 2.512597823550983;0.497974956150
1.505854187409452 2.5151829797937837;0.4927062516170
1.5031709939020725 2.5177543851993005;0.48749336806104
1.5005020708496777 2.5203121135151383;0.48233571244
1.4978473417361184 2.5228562380841684;0.4772326980784
1.495206730465424 2.525386831846654;0.4721837445176
1.492580161359528 2.527903967342853;0.46718827753037
1.4899675591556358 2.530407716715166;0.46224572901284
1.4873688490039203 2.5328981517105644;0.457355536926
1.484783956464994 2.535375343682793;0.45251714523353
1.4822128075076213 2.5378393635947365;0.4477300038305
1.4796553285061373 2.5402902820204973;0.4429935684862
1.4771114462382664 2.542728169147886;0.43830730077709
1.4745810878826724 2.5451530947805314;0.4336706680251
1.4720641810166137 2.5475651283400897;0.42908314323
1.469560653613682 2.549964338868549;0.42454420503785
1.4670704340414502 2.552350795030323;0.42005333762028
1.4645934510591525 2.554724565114507;0.41561003067506
1.4621296338154306 2.557085717036915;0.41121377933660
1.4596789118461613 2.5594343183424324;0.40686408412343
1.4572412150720013 2.5617704362069342;0.4025604508801
1.4548164737964027 2.564094137439583;0.3983023907204
1.452404618703279 2.5664054884849627;0.39408941996975
1.4500055808547168 2.5687045554248886;0.38992106011003
1.447619291688956 2.5709914039808126;0.3857968377237
1.4452456830181397 2.57326609951576;0.3817162844391
1.4428846870261347 2.5755287070363595;0.37767893687606
1.4405362362664653 2.5777792911949864;0.3736843365923
1.4382002636601563 2.5800179162917463;0.3697320300307
1.435876702493516 2.582244646276337;0.36582156846635
1.4335654864162062 2.5844595447503718;0.36195250795461
1.4312665494390329 2.5866626749690442;0.3581244092802
1.4289798259319801 2.588854099843429;0.3543368379064
1.426705250622018 2.591033881942086;0.35058936392426
1.4244427585912234 2.593202083493423;0.3468815620033
1.4221922852745386 2.595358766387187;0.3432130113427
1.4199537664579907 2.5975039921768195;0.3395832956220
1.417727138276491 2.5996378220810614;0.3359920029535
1.4155123372120055 2.6017603169860823;0.3324387258345
1.4133093000913952 2.6038715374471897;0.3289230611006
1.411117964084599 2.6059715436907993;0.32544460987849
1.4089382667026673 2.6080603956163437;0.3220029775407
1.4067701457957233 2.610138152798062;0.3185977736597
1.404613539551177 2.61220487448691;0.3152286119628
1.4024683864916365 2.6142606196122165;0.31189511028802
1.400334625473148 2.6163054467837705;0.30859689053938
1.3982121956832756 2.618339414293465;0.3053335786440
1.396101036639188 2.6203625801171335;0.3021048045087
1.394001088185824 2.622375001916337;0.29891020197743
1.3919122904939911 2.624376737040165;0.29574940878887
1.3898345840585669 2.6263678425269337;0.2926220665351
1.3877679096966404 2.6283483751059715;0.28952782062022
1.3857122085457394 2.630318391199464;0.2864663202193
1.3836674220619716 2.6322779469240785;0.283437218238
1.3816334920182602 2.634227098092691;0.2804401712744
1.3796103605025136 2.6361659002160733;0.277474839575
1.3775979699158765 2.638094408504697;0.2745408870021
1.3755962629710239 2.6400126778703736;0.2716379809886
1.373605182690285 2.641920762927835;0.26876579250457
1.3716246724040442 2.643818717996641;0.26592399601724
1.3696546757488877 2.645706597102571;0.2631122694541
1.3676951366659365 2.647584453979406;0.260330294165
1.3657459993991814 2.649452342070626;0.25757775489000
1.3638072084936967 2.651310314530896;0.254854339714
1.3618787087939932 2.6531584242277644;0.25215974004063
1.3599604454423746 2.6549967237433;0.24949365055112
1.3580523638772384 2.6568252653756557;0.2468557691713
1.3561544098313745 2.658644101140591;0.24424579703639
1.354266529330426 2.660453282773205;0.24166343845678
1.3523886686911446 2.6622528617293306;0.2391084008841
1.3505207745198147 2.6640428891872436;0.23658039487791
1.3486627937106739 2.6658234160491543;0.23407913407201
1.3468146734442208 2.6675944929426976;0.23160433514210
1.3449763611856798 2.669356170222519;0.22915571777310
1.3431478046834142 2.6711084979718476;0.22673300462697
1.3413289519672755 2.6728515260038677;0.22433592131103
1.3395197513471775 2.6745853038633958;0.22196419634650
1.3377201514113821 2.676309880828197;0.21961756113735
1.3359301010250673 2.678025305910626;0.21729574993962
1.3341495493287288 2.6797316278589975;0.2149984998309
1.332378445736678 2.6814288951591494;0.21272555068030
1.330616739935467 2.6831171560357867;0.21047664511860
1.3288643818824728 2.6847964584540156;0.20825152850886
1.3271213218043163 2.6864668501207785;0.20604994891725
1.3253875101953634 2.688128378486228;0.20387165708417
1.3236628978163127 2.689781090745215;0.20171640639585
1.3219474356926635 2.691425033838676;0.1995839528560
1.3202410751132647 2.6930602544550473;0.19747405505803
1.3185437676288723 2.6946867990316834;0.19538647415735
1.3168554650506301 2.696304713756149;0.19332097384409
1.3151761194487623 2.697914044567787;0.19127732031609
1.3135056831510001 2.699514837158892;0.1892552822521
1.3118441087412593 2.7011071369762214;0.18725463078571
1.3101913490581774 2.702690989222278;0.1852751394784
1.3085473571937294 2.704266438856697;0.18331658429462
1.3069120864917796 2.705833530597515;0.18137874357540
1.3052854905467728 2.707392308922613;0.17946139801356
1.3036675232023076 2.7089428180709665;0.17756433062840
1.3020581385497483 2.7104851020439864;0.17568732674098
1.300457290926872 2.7120192046068157;0.17383017394961
1.29886493491656 2.7135451692896675;0.17199266210560
1.2972810253453555 2.715063039389036;0.17017458328926
1.2957055172822265 2.7165728579690973;0.1683757317862
1.294138366037129 2.718074667862905;0.16659590406377
1.2925795271597946 2.719568511673711;0.16483489874794
1.2910289564382693 2.721054431776151;0.16309251660023
1.2894866098977684 2.7225324703176255;0.16136856049503
1.2879524437992358 2.7240026692193995;0.1596628353971
1.286426414638152 2.7254650701780205;0.15797514833935
1.2849084791431662 2.726919714666405;0.15630530840073
1.2833985942748618 2.728366643935102;0.15465312668459
1.2818967172244706 2.7298058990135203;0.1530184162970
1.2804028054126448 2.7312375207112427;0.1514009923258
1.2789168164881304 2.732661549619039;0.14980067181881
1.2774387083265597 2.734078026110187;0.14821727376371
1.275968439029239 2.735486990341677;0.14665061906702
1.2745059669218424 2.736888482255352;0.14510053053379
1.2730512505532259 2.738282541579063;0.14356683284738
1.2716042486942207 2.7396692078279115;0.1420493525495
1.2701649203363905 2.741048520305365;0.1405479180205
1.2687332246908323 2.7424205181044243;0.1390623594596
1.2673091211869927 2.7437852401087923;0.13759250886611
1.2658925694714374 2.7451427249939684;0.13613820001937
1.2644835294066996 2.7464930112284223;0.13469926846071
1.2630819610701047 2.7478361370747835;0.133275551474
1.2616878247525503 2.7491721405908156;0.13186688806855
1.260301080957396 2.7505010596306683;0.13047311895814
1.258921690399304 2.751822931845971;0.12909408654553
1.2575496140030245 2.753137794686857;0.12772963490319
1.256184812902335 2.7544456854031747;0.1263796097558
1.2548272484388243 2.755746641045476;0.12504385846277
1.2534768821607964 2.7570406984661355;0.12372223000075
1.2521336758221735 2.7583278943205167;0.12241457494655
1.250797591381314 2.7596082650679143;0.1211207454600
1.2494685909999415 2.760881846972707;0.11984059526758
1.2481466370420278 2.762148676105367;0.11857397964490
1.246831692072683 2.763408788343527;0.11732075540116
1.245523718857103 2.7646622193731263;0.1160807808623
1.2442226803594068 2.765909004689272;0.11485391585520
1.2429285397416414 2.7671491795974483;0.11364002169145
1.2416412603626312 2.7683827792144315;0.11243896115184
1.2403608057769417 2.769609838469359;0.11125059847060
1.239087139733846 2.7708303921047936;0.11007479932003
1.2378202261762064 2.77204447467765;0.1089114307952
1.2365600292394645 2.7732521205602465;0.10776036139896
1.235306513250586 2.774453363941335;0.1066214610267
1.2340596427270119 2.7756482388270425;0.10549460095197
1.232819382375664 2.7768367790419304;0.10437965381145
1.2315856970918582 2.7780190182299105;0.10327649359078
1.2303585519583222 2.7791949898552284;0.10218499561010
1.2291379122441641 2.7803647272035037;0.10110503650989
1.2279237434038939 2.781528263382657;0.10003649423701
1.2267160110763653 2.782685631323846;0.09897924803077
1.2255146810838078 2.7838368637824535;0.09793317840928
1.2243197194308673 2.7849819933390783;0.09689816715579
1.2231310923035288 2.786121052400399;0.09587409730536
1.2219487660682151 2.7872540732001605;0.09486085313152
1.2207727072707943 2.7883810878001345;0.09385832013313
1.219602882635597 2.7895021280910113;0.09286638502140
1.2184392590644377 2.790617225793351;0.09188493570701
1.2172818036356834 2.7917264124584644;0.0909138612873
1.2161304836032623 2.7928297194693585;0.0899530520341
1.2149852663957637 2.793927178041669;0.08900239938052
1.213846119615451 2.7950188192245267;0.08806179590923
1.2127130110373672 2.796104673901486;0.08713113534012
1.2115859086083478 2.7971847727913777;0.08621031251816
1.2104647804461284 2.798259146449241;0.0852992234015
1.2093495948384225 2.799327825267193;0.08439776504976
1.2082403202419703 2.80039083947531;0.08350583561211
1.2071369252816826 2.801448219142514;0.08262333431596
1.2060393787496706 2.802499994177398;0.08175016145542
1.2049476496043965 2.803546194329146;0.08088621837999
1.2038617069697497 2.8045868491883974;0.08003140748336
1.2027815201341554 2.8056219881880304;0.07918563219237
1.2017070585496996 2.806651640604104;0.07834879695603
1.200638291831215 2.8076758355566165;0.07752080723467
1.1995751897554503 2.8086946020104353;0.07670156948927
1.198517722260164 2.8097079687760536;0.0758909911707
1.1974658594432774 2.810715964510483;0.07508898070970
1.196419571561968 2.8117186177180096;0.07429544750563
1.1953788290318845 2.812715956751118;0.0735103019170
1.194343602426245 2.813708009811245;0.07273345525098
1.1933138624749804 2.8146948049495775;0.07196481975333
1.1922895800639157 2.8156763700679;0.07120430859851
1.191270726233914 2.8166527329193736;0.07045183587979
1.1902572721800666 2.8176239211093717;0.06970731659958
1.1892491892508472 2.8185899620962536;0.06897066665971
1.1882464489472606 2.819550883192119;0.06824180285196
1.1872490229220811 2.820506711563667;0.0675206428486
1.1862568829789852 2.8214574742329486;0.06680710519309
1.1852700010717447 2.8224031980780886;0.06610110929078
1.1842883493034462 2.823343909834141;0.06540257539985
1.1833118999256838 2.824279636093838;0.06471142462222
1.182340625337751 2.825210403308345;0.06402757889465
1.1813744980858327 2.8261362377879995;0.0633509609798
1.1804134908622388 2.8270571657030996;0.06268149445781
1.1794575765046034 2.8279732130846367;0.06201910371700
1.1785067279951278 2.828884405825078;0.06136371394595
1.1775609184597802 2.829790769679074;0.06071525112468
1.176620121167532 2.8306923302642133;0.06007364201636
1.1756843095295952 2.8315891130617574;0.05943881415898
1.1747534570986342 2.8324811434173727;0.05881069585717
1.1738275375680447 2.8333684465418596;0.058189216174082
1.172906524771173 2.834251047511876;0.05757430492330
1.1719903926805837 2.8351289712706764;0.05696589266096
1.1710791154072664 2.8360022426287523;0.05636391067786
1.170172667199946 2.836870886264657;0.05576829099165
1.1692710224443403 2.837734926725651;0.055178966339172
1.168374155662393 2.8385943884284024;0.05459587016880
1.1674820415115408 2.8394492956596706;0.054018936632973
1.1665946547840524 2.8402996725770895;0.053448100580652
1.1657119704062124 2.841145543209762;0.05288329755000
1.1648339634376805 2.841986931458999;0.052324463761083
1.1639606090707209 2.842823861098995;0.05177153610860
1.1630918826295404 2.8436563557775165;0.051224452154808
1.1622277595695252 2.8444844390165382;0.05068315012238
1.1613682154766092 2.845308134213007;0.05014756888747
1.160513226066501 2.8461274646394084;0.0496176479727
1.1596627671840436 2.8469424534445014;0.04909332754066
1.1588168148025073 2.8477531236539875;0.04857454838642
1.157975345022864 2.848559498171089;0.04806125193156
1.1571383340731571 2.849361599777299;0.047553380217182
1.1563057583078042 2.8501594511329835;0.047050875897399
1.1554775942069164 2.850953074778043;0.046553682232866
1.1546538183756179 2.8517424931325674;0.046061743084344
1.1538344075433666 2.8525277284974195;0.045575002906355
1.153019338563344 2.8533088030549787;0.04509340674089
1.1522085884117288 2.85408573886968;0.04461690021120
1.1514021341870722 2.8548585578886914;0.04414542951562
1.1505999531096358 2.8556272819425295;0.04367894142150
1.149802022520735 2.856391932745671;0.043217383259195
1.1490083198821217 2.857152531897237;0.04276070291605
1.1482188227752796 2.857909100881512;0.04230884883056
1.1474335089008367 2.858661661068614;0.04186176998652
1.1466523560779254 2.8594102337151273;0.04141941590723
1.145875342243514 2.860154839964651;0.04098173664982
1.1451024454518066 2.8608955008484385;0.04054868279958
1.1443336438736007 2.861632237286007;0.04012020546434
1.1435689157956879 2.862365070085714;0.03969625626902
1.1428082396202033 2.8630940199453723;0.0392767873500
1.142051593864007 2.8638191074527803;0.03886175135006
1.1412989571581207 2.8645403530864146;0.03845110141245
1.1405503082470598 2.865257777215923;0.038044791176118
1.1398056259882505 2.865971400102739;0.03764277477021
1.1390648893514388 2.8666812419006797;0.03724500680893
1.1383280774180722 2.8673873226564917;0.03685144238644
1.1375951693807091 2.868089662310434;0.03646203707170
1.1368661445424364 2.8687882806968608;0.03607674690354
1.1361409823162407 2.8694831975447355;0.0356955283856
1.1354196622244712 2.8701744324782603;0.035318338481504
1.134702163898228 2.8708620050173996;0.03494513460987
1.133988467076781 2.871545934578435;0.034575874639638
1.13327855160701 2.8722262404745424;0.034210516885176
1.1325723974428135 2.872902941916314;0.03384902010165
1.1318699846445417 2.8735760580123393;0.03349134348033
1.1311712933784297 2.8742456077697085;0.033137446643974
1.1304763039160364 2.874911610094589;0.032787289642261
1.129784996633668 2.8755740837927304;0.0324408329472
1.1290973520118297 2.8762330475700413;0.03209803744907
1.1284133506346834 2.8768885200331016;0.0317588644511
1.1277329731894659 2.8775405196896786;0.03142327566628
1.127056200465952 2.8781890649492667;0.031091233211882
1.12638301335592 2.8788341741236287;0.030762699606012
1.1257133928525962 2.879475865427301;0.030437637762991
1.125047320050104 2.8801141569780926;0.030116010989237
1.1243847761429366 2.8807490667976405;0.029797782979116
1.1237257424254352 2.8813806128119057;0.02948291781084
1.1230702002912274 2.8820088128516654;0.029171379942418
1.1224181312327175 2.882633684653044;0.02886313420760
1.1217695168405555 2.8832552458580105;0.028558145811963
1.121124338803108 2.8838735140148746;0.02825638032890
1.1204825789059574 2.8844885065788115;0.027957803695810
1.1198442190313473 2.885100240912305;0.027662382210181
1.1192092411577048 2.8857087342857164;0.02737008252581
1.1185776273591106 2.886314003877714;0.027080871649060
1.11794935980478 2.8869160667757767;0.026794716935061
1.117324420758571 2.887514939976691;0.026511586084085
1.1167027925784754 2.8881106403870316;0.026231447137868
1.1160844577161109 2.888703184823625;0.02595426847600
1.1154693987162438 2.8892925900140836;0.0256800188123
1.1148575982162614 2.8898788725971993;0.025408667191538
1.114249038945694 2.8904620491234656;0.02514018298542
1.1136437037257347 2.8910421360555527;0.024874535889662
1.1130415754687393 2.891619149768762;0.024611695920258
1.1124426371777292 2.892193106551475;0.02435163341019
1.1118468719459387 2.892764022605658;0.024094319006074
1.1112542629562987 2.8933319140472724;0.023839723664799
1.1106647934809963 2.893896796906779;0.02358781865029
1.1100784468809615 2.894458687129564;0.023338575530257
1.109495206605432 2.895017600576404;0.023091966172943
1.108915056191452 2.8955735530239184;0.02284796274398
1.1083379792634205 2.8961265601650004;0.022606537703268
1.1077639595326276 2.896676637609281;0.022367663801780
1.1071929807967706 2.8972238008835616;0.022131314078565
1.1066250269395408 2.897768065432278;0.021897461857666
1.1060600819301007 2.8983094466178954;0.021666080745105
1.1054981298226945 2.8988479597213956;0.021437144625911
1.1049391547561476 2.8993836199426686;0.02121062766116
1.1043831409534366 2.8999164424009587;0.020986504285071
1.1038300727212362 2.9004464421353093;0.0207647492020
1.103279934449483 2.900973634104971;0.020545337384055
1.1027327106109253 2.901498033189838;0.020328244067369
1.1021883857606738 2.9020196541908514;0.02011344475018
1.1016469445357724 2.902538511830433;0.019900915189658
1.1011083716547745 2.9030546207529158;0.01969063139918
1.1005726519172794 2.9035679955249374;0.019482569645715
1.1000397702035312 2.90407865063586;0.019276706447053
1.0995097114739765 2.904586600498198;0.01907301856921
1.098982460768834 2.9050918594480084;0.01887148302380
1.098458003207667 2.9055944417452797;0.018672077065412
1.097936323988975 2.9060943615743744;0.018474778189040
1.0974174083897728 2.9065916330444233;0.01827956412757
1.0969012417651627 2.9070862701897107;0.018086412849251
1.0963878095479245 2.907578286970081;0.017895302555192
1.0958770972481056 2.908067697271339;0.017706211676919
1.0953690904525935 2.9085545149056204;0.017519118873929
1.0948637748247332 2.9090387536118203;0.01733400303128
1.0943611361039025 2.909520427055957;0.017150843257211
1.093861160105117 2.909999548831572;0.016969618880774
1.0933638327186108 2.9104761324600945;0.01679030944950
1.0928691399094663 2.9109501913912608;0.01661289472711
1.092377067717182 2.911421739003454;0.01643735469120
1.0918876022553068 2.9118907886041208;0.016263669530979
1.0914007297110289 2.9123573534301266;0.016091819645063
1.0909164363447892 2.912821446648137;0.01592178563923
1.0904347084898989 2.913283081355;0.015753548324259
1.0899555325521229 2.9137422705780773;0.015587088713720
1.0894788950093384 2.914199027275675;0.015422388021870
1.0890047824111264 2.9146533643373744;0.015259427661515
1.0885331813783823 2.915105294584387;0.015098189241907
1.0880640786029603 2.91555483076995;0.014938654566677
1.0875974608472871 2.9160019855796753;0.014780805631771
1.0871333149439637 2.916446771631875;0.014624624623421
1.0866716277954338 2.916889201477979;0.014470093916135
1.0862123863735915 2.9173292876028607;0.014317196070701
1.0857555777193955 2.9177670424251656;0.014165913832223
1.0853011889425324 2.9182024782977076;0.014016230128167
1.0848492072210385 2.9186356075077944;0.013868128066441
1.084399619800923 2.919066442277576;0.013721590933477
1.0839524139958367 2.9194949947644053;0.013576602192352
1.0835075771866898 2.9199212770611678;0.013433145480917
1.0830650968213003 2.9203453011966287;0.01329120460995
1.0826249604140425 2.920767079135775;0.013150763561328
1.0821871555454832 2.921186622780155;0.013011806486217
1.0817516698620397 2.921603943968207;0.012874317703282
1.0813184910756277 2.9220190544756006;0.012738281696922
1.080887606963309 2.9224319660155786;0.012603683115507
1.0804590053669598 2.9228426902392792;0.012470506769657
1.0800326741929047 2.9232512387360683;0.012338737630516
1.0796086014115924 2.9236576230338644;0.012208360828061
1.0791867750572386 2.9240618545994583;0.012079361649424
1.078767183227507 2.9244639448388607;0.011951725537227
1.078349814083158 2.9248639050976064;0.011825438087938
1.0779346558477183 2.925261746661076;0.011700485050248
1.0775216968071435 2.9256574807548277;0.011576852323459
1.0771109253094966 2.9260511185449047;0.011454525955895
1.0767023297646117 2.9264426711381573;0.011333492143322
1.0762958986437619 2.926832149582548;0.011213737227394
1.0758916204793285 2.927219564867458;0.011095247694108
1.0754894838645006 2.927604927924033;0.010978010172281
1.075089477452933 2.9279882496254634;0.010862011432035
1.0746915899584253 2.9283695407872945;0.010747238383310
1.074295810154601 2.9287488121677248;0.010633678074381
1.0739021268746058 2.9291260744679497;0.010521317690397
1.0735105290107667 2.9295013383324013;0.010410144551936
1.0731210055143092 2.9298746143491257;0.010300146113572
1.0727335453950115 2.9302459130500083;0.010191309962457
1.0723481377209219 2.9306152449111225;0.01008362381692
1.0719647716180247 2.9309826203530047;0.009977075525095
1.0715834362699566 2.9313480497409583;0.009871653063513
1.0712041209176764 2.9317115433853282;0.009767344535784
1.0708268148591853 2.9320731115418246;0.009664138171231
1.0704515074492054 2.932432764411785;0.009562022323571
1.070078188098877 2.932790512142462;0.00946098546959
1.069706846275484 2.933146364827345;0.009361016207861
1.0693374715021304 2.93350033250641;0.00926210325743
1.0689700533574447 2.9338524251664033;0.009164235456565
1.0686045814753096 2.93420265274116;0.009067401761487
1.0682410455445404 2.934551025111842;0.008971591245123
1.0678794353086094 2.9348975521072505;0.008876793095875
1.0675197405653476 2.935242243504076;0.008782996616396
1.0671619511666695 2.9355851090272047;0.008690191222386
1.0668060570182678 2.935926158349965;0.008598366441395
1.0664520480793402 2.9362654010944182;0.008507511911642
1.0660999143622998 2.9366028468316228;0.008417617380843
1.0657496459325027 2.9369385050819194;0.008328672705057
1.0654012329079514 2.9372723853151745;0.00824066784754
1.0650546654590296 2.9376044969510784;0.008153592877607
1.064709933808212 2.9379348493593866;0.008067437969519
1.064367028229792 2.9382634518601853;0.007982193401369
1.0640259390496214 2.9385903137241858;0.007897849553985
1.0636866566448113 2.938915444172945;0.007814396909845
1.0633491714434837 2.9392388523791615;0.007731826052003
1.0630134739244792 2.9395605474669044;0.007650127663024
1.0626795546171066 2.9398805385118973;0.007569292523935
1.06234740410087 2.9401988345417664;0.007489311513181
1.0620170130051845 2.9405154445362727;0.0074101756055995
1.061688372009142 2.9408303774276074;0.007331875871398
1.0613614718412292 2.941143642100619;0.007254403475148
1.0610363032790642 2.9414552473930624;0.0071777496747885
1.0607128571491422 2.9417652020958545;0.007101905820635
1.0603911243265722 2.94207351495333;0.0070268633544
1.0600710957348287 2.9423801946634827;0.006952613808268
1.0597527623454772 2.9426852498781995;0.006879148803850
1.0594361151779392 2.9429886892035264;0.006806460051330
1.0591211452992195 2.9432905211998976;0.0067345393484825
1.0588078438236743 2.943590754382388;0.006663378579754
1.058496201912734 2.94388939722093;0.00659296971535
1.0581862107746756 2.9441864581405777;0.006523304810333
1.057877861664369 2.944481945521746;0.0064543760037127
1.0575711458830268 2.9447758677004354;0.006386175517568
1.0572660547779555 2.945068232968468;0.006318695656170
1.0569625797423134 2.945359049573718;0.0062519288051110
1.0566607122148763 2.9456483257203607;0.006185867430442
1.056360443679781 2.9459360695690964;0.006120504077828
1.0560617656662912 2.9462222892373657;0.006055831371703
1.055764669748565 2.946506992799612;0.005991842014438
1.0554691475454046 2.9467901882874825;0.005928528785518
1.0551751907200237 2.9470718836900547;0.005865884540727
1.054882790979819 2.947352086954082;0.005803902211342
1.0545919400761323 2.9476308059842093;0.00574257480333
1.0543026298040017 2.9479080486431726;0.0056818953965797
1.0540148520019594 2.9481838227520725;0.0056218571440783
1.0537285985517781 2.9484581360905446;0.00556245327118
1.0534438613782429 2.948730996397003;0.005503677074831
1.0531606324489393 2.9490024113688613;0.0054455219227929
1.0528789037740145 2.949272388662746;0.005387981252918
1.0525986674059458 2.9495409358947007;0.005331048572400
1.0523199154393306 2.9498080606404193;0.0052747174570384
1.0520426400106575 2.950073770435461;0.005218981550515
1.05176683329807 2.9503380727754345;0.005163834563681
1.0514924875211735 2.9506009751162536;0.005109270273840
1.0512195949407925 2.9508624848743072;0.00505528252405
1.0509481478587543 2.9511226094266885;0.005001865222434
1.050678138617689 2.95138135611141;0.004949012341476
1.050409559600793 2.9516387322275937;0.004896717917357
1.0501424032316233 2.9518947450356836;0.00484497604927
1.0498766619738829 2.9521494017576626;0.00479378089878
1.0496123283312062 2.952402709577237;0.004743126689122
1.049349394846949 2.9526546756400527;0.004693007704576
1.0490878541039743 2.9529053070538893;0.004643418289826
1.0488276987244523 2.9531546108888738;0.004594352849311
1.0485689213696385 2.95340259417766;0.004545805846594
1.0483115147396735 2.953649263915646;0.004497771803743
1.0480554715733845 2.9538946270611683;0.0044502453007070
1.0478007846480584 2.954138690535676;0.0044032209747058
1.0475474467792671 2.954381461223966;0.004356693519627
1.0472954508206378 2.9546229459743443;0.0043106576854266
1.047044789663664 2.954863151598829;0.004265108277533
1.0467954562375057 2.9551020848733485;0.004220040156265
1.0465474435087885 2.955339752537932;0.004175448236252
1.046300744481406 2.9555761612968974;0.004131327485854
1.0460553521963127 2.9558113178190344;0.004087672926601
1.045811259731336 2.956045228737801;0.004044479632628
1.0455684602009816 2.9562779006515045;0.0040017427301185
1.0453269467562387 2.956509340123503;0.003959457396754
1.045086712584385 2.956739553682374;0.003917618861175
1.0448477509087883 2.9569685478220964;0.003876222402435
1.0446100549887285 2.9571963290022545;0.0038352633494721
1.0443736181191938 2.957422903648199;0.0037947370805814
1.0441384336306994 2.9576482781512397;0.003754639022893
1.0439044948890974 2.957872458868824;0.003714964651856
1.0436717952953884 2.9580954521247125;0.0036757094907300
1.0434403282855367 2.9583172642091693;0.0036368691100732
1.0432100873302832 2.9585379013791226;0.0035984391272509
1.0429810659349643 2.9587573698583562;0.003560415205936
1.0427532576393193 2.9589756758376686;0.0035227930556214
1.0425266560173265 2.9591928254750735;0.00348556843113
1.0423012546769987 2.959408824895945;0.003448737132159
1.042077047260221 2.959623680193215;0.003412295002762
1.0418540274425623 2.9598373974275245;0.0033762379309220
1.0416321889331008 2.960049982627415;0.0033405618480672
1.0414115254742378 2.960261441789473;0.0033052627286166
1.0411920308415379 2.960471780878531;0.0032703365895244
1.0409736988435343 2.960681005827806;0.003235779489831
1.0407565233215683 2.9608891225390894;0.0032015875302187
1.0405404981496096 2.961096136882904;0.0031677568525708
1.04032561723408 2.961302054698665;0.003134283639537
1.0401118745136875 2.9615068817948527;0.0031011641141029
1.0398992639592517 2.9617106239491746;0.003068394539162
1.0396877795735338 2.9619132869087252;0.0030359712170969
1.0394774153910709 2.962114876390156;0.0030038904893585
1.0392681654780065 2.9623153980798316;0.0029721487360565
1.0390600239319132 2.9625148576339853;0.0029407423755484
1.0388529848816388 2.9627132606788846;0.0029096678640371
1.0386470424871377 2.9629106128109943;0.0028789216951698
1.0384421909393027 2.963106919597127;0.002848500399642
1.0382384244598035 2.9633021865746025;0.002818400544810
1.0380357373009201 2.9634964192514053;0.0027886187342971
1.0378341237453859 2.963689623106342;0.0027591516076132
1.0376335781062171 2.9638818035891816;0.002729995839778
1.0374340947265683 2.964072966120836;0.0027011481409434
1.037235667979557 2.964263116093489;0.0026726052560217
1.0370382922681112 2.9644522588707596;0.0026443639643198
1.036841962024812 2.9646403997878497;0.002616421079175
1.0366466717117357 2.964827544151702;0.0025887734475962
1.0364524158202966 2.965013697241136;0.0025614179499063
1.0362591888710937 2.965198864307015;0.002534351499392
1.0360669854137519 2.965383050572375;0.002507571041954
1.0358758000267707 2.9655662612325813;0.002481073555766
1.035685627317374 2.965748501455485;0.0024548560509279
1.035496461921352 2.96592977638155;0.002428915569131
1.0353082985029178 2.9661100911240155;0.0024032491833288
1.035121131754547 2.966289450769025;0.0023778539973975
1.0349349563968346 2.9664678603757797;0.002352727145817
1.0347497671783425 2.9666453249766773;0.002327865793344
1.034565558875456 2.9668218495774585;0.002303267134694
1.0343823262922334 2.966997439157344;0.0022789283942222
1.0342000642602573 2.9671720986691774;0.0022548468256115
1.0340187676384873 2.967345833039557;0.0022310197115639
1.0338384313131248 2.967518647168992;0.0022074443634919
1.0336590501974594 2.9676905459320233;0.002184118121216
1.033480619231728 2.967861534177371;0.0021610383526664
1.0333031333829723 2.9680316167280676;0.0021382024535808
1.0331265876448978 2.9682007983815972;0.0021156078472162
1.0329509770377285 2.9683690839100234;0.0020932519840551
1.0327762966080691 2.968536478060134;0.0020711323415184
1.0326025414287694 2.9687029855535694;0.0020492464236811
1.0324297065987784 2.9688686110869584;0.0020275917609903
1.0322577872430059 2.9690333593320455;0.0020061659099862
1.0320867785121914 2.9691972349358258;0.0019849664530279
1.0319166755827625 2.9693602425206826;0.001963990998018
1.0317474736566994 2.969522386684506;0.00194323717813
1.0315791679614004 2.9696836720008317;0.0019227026515683
1.0314117537495449 2.969844103018964;0.0019023851012449
1.0312452262989655 2.9700036842641135;0.001882282234578
1.0310795809125062 2.970162420237512;0.0018623917832063
1.030914812917894 2.9703203154165454;0.0018427115027318
1.0307509176676113 2.97047737425489;0.0018232391724735
1.030587890538755 2.9706336011826178;0.001803972595213
1.0304257269329176 2.9707890006063407;0.001784909596951
1.030264422276045 2.9709435769093195;0.0017660480266547
1.030103972018319 2.9710973344516014;0.001747385756021
1.0299443716340226 2.971250277570133;0.0017289206792348
1.029785616621412 2.971402410578889;0.0017106507127308
1.0296277025025915 2.971553737768987;0.0016925737949588
1.0294706248233856 2.9717042634088133;0.0016746878861511
1.0293143791532169 2.971853991744146;0.001656990968092
1.0291589610849785 2.97200292699827;0.0016394810438914
1.0290043662349073 2.972151073372099;0.0016221561377565
1.0288505902424636 2.9722984350442876;0.0016050142947724
1.0286976287702074 2.9724450161713607;0.0015880535806791
1.0285454775036744 2.972590820887821;0.001571272081654
1.0283941321512602 2.972735853306273;0.0015546679040972
1.0282435884440866 2.9728801175175277;0.0015382391744146
1.0280938421358958 2.9730236175907314;0.001521984038810
1.027944889002922 2.973166357573475;0.00150590066307
1.0277967248437758 2.973308341491909;0.0014899872323782
1.0276493454793199 2.9734495733508504;0.00147424195106
1.027502746752556 2.9735900571339045;0.0014586630424627
1.027356924528509 2.973729796803574;0.0014432487486544
1.027211874694106 2.973868796301369;0.0014279973303089
1.0270675931580655 2.9740070595479255;0.0014129070664696
1.0269240758507756 2.974144590443106;0.0013979762543637
1.026781318724182 2.9742813928661134;0.00138320320921
1.026639317751679 2.974417470675607;0.0013685862640285
1.026498068927985 2.9745528277098012;0.001354123769452
1.0263575682690353 2.9746874677865756;0.001339814093542
1.026217811811875 2.9748213947035915;0.0013256556216024
1.0260787956145412 2.974954612238393;0.0013116467559962
1.0259405157559465 2.975087124148506;0.0012977859159693
1.025802968335781 2.9752189341715587;0.0012840715374688
1.0256661494743933 2.975350046025379;0.0012705020729679
1.0255300553126845 2.9754804634081005;0.001257075991290
1.0253946820119964 2.9756101899982648;0.0012437917774391
1.0252600257540048 2.975739229454927;0.001230647932423
1.0251260827406141 2.9758675854177623;0.0012176429730930
1.0249928491938485 2.975995261507165;0.0012047754319656
1.024860321355741 2.97612226132435;0.0011920438570662
1.0247284954882372 2.9762485884514596;0.0011794468117607
1.0245973678730764 2.9763742464516505;0.0011669828745948
1.0244669348117017 2.9764992388692173;0.0011546506391329
1.0243371926251439 2.9766235692296727;0.001142448713799
1.0242081376539218 2.9767472410398543;0.001130375721723
1.0240797662579424 2.9768702577880286;0.0011184303005810
1.0239520748163917 2.976992622943977;0.0011066111024418
1.0238250597276362 2.9771143399591025;0.0010949167936187
1.0236987174091234 2.9772354122665297;0.0010833460545160
1.0235730442972746 2.9773558432811913;0.0010718975794809
1.0234480368473904 2.977475636399934;0.0010605700766558
1.0233236915335477 2.9775947950016133;0.0010493622678329
1.0232000048485026 2.977713322447184;0.0010382728883098
1.0230769733035845 2.9778312220797925;0.0010273006867473
1.0229545934286066 2.9779484972248835;0.001016444425027
1.0228328617717637 2.978065151190281;0.001005702878113
1.0227117748995336 2.978181187266291;0.0009950748339141
1.0225913293965863 2.9782966087257905;0.0009845590931432
1.0224715218656781 2.978411418824315;0.000974154469186
1.0223523489275623 2.9785256208001574;0.0009638597879692
1.022233807220893 2.978639217874456;0.0009536738878192
1.0221158934021317 2.9787522132512896;0.0009435956193399
1.0219986041454483 2.9788646101177627;0.0009336238452791
1.02188193614263 2.978976411644097;0.0009237574404005
1.021765886102991 2.9790876209837225;0.0009139952913570
1.0216504507532709 2.9791982412733615;0.0009043362965653
1.021535626837555 2.9793082756331275;0.0008947793660811
1.0214214111171687 2.9794177271665974;0.0008853234214764
1.0213078003705984 2.9795265989609168;0.0008759673957181
1.0211947913933912 2.9796348940868715;0.000866710233046
1.021082380998071 2.9797426155989863;0.0008575508888588
1.020970566014045 2.9798497665356036;0.0008484883295871
1.0208593432875162 2.9799563499189734;0.0008395215325855
1.0207487096813919 2.9800623687553336;0.0008306494860130
1.0206386620751964 2.9801678260349975;0.0008218711887198
1.0205291973649853 2.980272724732442;0.0008131856501338
1.0204203124632552 2.980377067806386;0.0008045918901498
1.0203120042988578 2.980480858199878;0.0007960889390176
1.020204269816911 2.980584098840372;0.0007876758372341
1.0200971059787176 2.980686792639821;0.0007793516354336
1.0199905097616726 2.980788942494749;0.0007711153942817
1.019884478159184 2.980890551286338;0.0007629661843688
1.0197790081805866 2.9809916218805084;0.0007549030861055
1.019674096851056 2.9810921571280025;0.0007469251896185
1.0195697412115254 2.9811921598644586;0.0007390315946484
1.0194659383186024 2.9812916329104953;0.0007312214104478
1.019362685244486 2.9813905790717907;0.000723493755681
1.019259979076884 2.981489001139163;0.0007158477583240
1.0191578169189288 2.981586901888641;0.0007082825555671
1.0190561958891 2.9816842840815574;0.0007007972937165
1.0189551131211394 2.9817811504646112;0.0006933911280991
1.0188545657639718 2.9818775037699576;0.000686063222965
1.0187545509816247 2.9819733467152765;0.0006788127513985
1.0186550659531453 2.9820686820038493;0.000671638895216
PointOptimal;ValeurOptimale
[1.01865507 2.98206868];0.000671638895216299
Temps;Nb iteration
0.05673098564147949;958